0.000000	136.500000000000	
20.000000	136.499899521940	
40.000000	136.499741625027	
60.000000	136.499581110795	
80.000000	136.499420205056	
100.000000	136.499258581094	
120.000000	136.379835565885	
140.000000	136.166202357479	
160.000000	135.903826387280	
180.000000	135.613150674481	
200.000000	135.307927938923	
220.000000	134.993751747044	
240.000000	134.673315648002	
260.000000	134.348230507358	
280.000000	134.019639749503	
300.000000	133.688442481160	
320.000000	133.355384057072	
340.000000	133.023710536765	
360.000000	132.693154591972	
380.000000	132.363133857227	
400.000000	132.033633611284	
420.000000	131.704841980965	
440.000000	131.377003203120	
460.000000	131.050362396654	
480.000000	130.725146539094	
500.000000	130.401559119808	
520.000000	130.099014817141	
540.000000	129.824209367702	
560.000000	129.575727245006	
580.000000	129.351824346666	
600.000000	129.150734158773	
620.000000	128.970764711053	
640.000000	128.810325840722	
660.000000	128.667932138035	
680.000000	128.542197167300	
700.000000	128.431825470256	
720.000000	128.335605355364	
740.000000	128.252403492556	
760.000000	128.181161154475	
780.000000	128.120891478050	
800.000000	128.070677135591	
820.000000	128.029668005932	
840.000000	127.997078635235	
860.000000	127.972185414040	
880.000000	127.954323480013	
900.000000	127.942883396661	
920.000000	127.937307678020	
940.000000	127.937087233895	
960.000000	127.941757805039	
980.000000	127.950896452769	
1000.000000	127.964118158619	
1020.000000	127.981072558479	
1040.000000	128.001440869298	
1060.000000	128.024933039880	
1080.000000	128.051285064889	
1100.000000	128.080256521454	
1120.000000	128.111628317771	
1140.000000	128.145200638522	
1160.000000	128.180791086706	
1180.000000	128.218233002357	
1200.000000	128.257373944680	
1220.000000	128.298074324355	
1240.000000	128.340206172162	
1260.000000	128.383652030685	
1280.000000	128.428303956715	
1300.000000	128.474062623017	
1320.000000	128.520836509220	
1340.000000	128.568541172712	
1360.000000	128.617098591425	
1380.000000	128.666436571334	
1400.000000	128.716488212301	
1420.000000	128.767191426591	
1440.000000	128.818488504968	
1460.000000	128.870325725797	
1480.000000	128.922653002987	
1500.000000	128.975423569006	
1520.000000	129.028593689523	
1540.000000	129.082122406525	
1560.000000	129.135971307054	
1580.000000	129.190104314949	
1600.000000	129.244487503227	
1620.000000	129.299088924966	
1640.000000	129.353878460746	
1660.000000	129.408827680919	
1680.000000	129.463909721134	
1700.000000	129.519099169731	
1720.000000	129.574371965743	
1740.000000	129.629705306397	
1760.000000	129.685077563112	
1780.000000	129.740468205117	
1800.000000	129.795857729885	
1820.000000	129.851227599696	
1840.000000	129.906560183678	
1860.000000	129.961838704797	
1880.000000	130.017047191272	
1900.000000	130.072170431980	
1920.000000	130.127193935452	
1940.000000	130.182103892118	
1960.000000	130.236887139452	
1980.000000	130.291531129773	
2000.000000	130.346023900416	
2020.000000	130.400354046060	
2040.000000	130.454510693007	
2060.000000	130.508483475233	
2080.000000	130.562262512034	
2100.000000	130.615838387140	
2120.000000	130.669202129138	
2140.000000	130.722345193117	
2160.000000	130.775259443397	
2180.000000	130.827937137275	
2200.000000	130.880370909675	
2220.000000	130.932553758644	
2240.000000	130.984479031618	
2260.000000	131.036140412388	
2280.000000	131.087531908724	
2300.000000	131.138647840592	
2320.000000	131.189482828925	
2340.000000	131.240031784906	
2360.000000	131.290289899725	
2380.000000	131.340252634771	
2400.000000	131.389915712244	
2420.000000	131.439275106134	
2440.000000	131.488327033569	
2460.000000	131.537067946489	
2480.000000	131.585494523639	
2500.000000	131.633603662845	
