0.000000	3.000000000000	
20.000000	3.000000000000	
40.000000	3.000000000000	
60.000000	3.000000000000	
80.000000	3.000000000000	
100.000000	3.000000000000	
120.000000	3.000000000000	
140.000000	3.000000000000	
160.000000	3.000000000000	
180.000000	3.000000000000	
200.000000	3.000000000000	
220.000000	3.000000000000	
240.000000	3.000000000000	
260.000000	3.000000000000	
280.000000	3.000000000000	
300.000000	3.001562653466	
320.000000	3.017762954105	
340.000000	3.045760398641	
360.000000	3.080914962382	
380.000000	3.120674358513	
400.000000	3.163379608333	
420.000000	3.207949968948	
440.000000	3.253686666661	
460.000000	3.300136825310	
480.000000	3.347003571340	
500.000000	3.394088369003	
520.000000	3.438695713469	
540.000000	3.478353610612	
560.000000	3.513695422085	
580.000000	3.545429682943	
600.000000	3.574105271196	
620.000000	3.600155857782	
640.000000	3.623938187481	
660.000000	3.645753660085	
680.000000	3.665858919085	
700.000000	3.684470624476	
720.000000	3.701768129642	
740.000000	3.717896247880	
760.000000	3.732968896870	
780.000000	3.747073495538	
800.000000	3.760275642603	
820.000000	3.772623635727	
840.000000	3.784152545750	
860.000000	3.794887704981	
880.000000	3.804847572561	
900.000000	3.814045999820	
920.000000	3.822493956017	
940.000000	3.830200794203	
960.000000	3.837175140319	
980.000000	3.843425493181	
1000.000000	3.848960622569	
1020.000000	3.853789715772	
1040.000000	3.857922656288	
1060.000000	3.861370320851	
1080.000000	3.864144458684	
1100.000000	3.866257753067	
1120.000000	3.867723915177	
1140.000000	3.868557750741	
1160.000000	3.868775236238	
1180.000000	3.868393570910	
1200.000000	3.867431193626	
1220.000000	3.865907764591	
1240.000000	3.863844107673	
1260.000000	3.861262112338	
1280.000000	3.858184597179	
1300.000000	3.854635140061	
1320.000000	3.850637882413	
1340.000000	3.846217316773	
1360.000000	3.841398067374	
1380.000000	3.836204673267	
1400.000000	3.830661382465	
1420.000000	3.824791964033	
1440.000000	3.818619543189	
1460.000000	3.812166462578	
1480.000000	3.805454171068	
1500.000000	3.798503139912	
1520.000000	3.791332804871	
1540.000000	3.783961532030	
1560.000000	3.776406604510	
1580.000000	3.768684226967	
1600.000000	3.760809544774	
1620.000000	3.752796674885	
1640.000000	3.744658745597	
1660.000000	3.736407942787	
1680.000000	3.728055560460	
1700.000000	3.719612053854	
1720.000000	3.711087093612	
1740.000000	3.702489619850	
1760.000000	3.693827895221	
1780.000000	3.685109556256	
1800.000000	3.676341662515	
1820.000000	3.667530743175	
1840.000000	3.658682840859	
1860.000000	3.649803552584	
1880.000000	3.640898067802	
1900.000000	3.631971203556	
1920.000000	3.623027436834	
1940.000000	3.614070934228	
1960.000000	3.605105579025	
1980.000000	3.596134995895	
2000.000000	3.587162573308	
2020.000000	3.578191483864	
2040.000000	3.569224702682	
2060.000000	3.560265024003	
2080.000000	3.551315076168	
2100.000000	3.542377335109	
2120.000000	3.533454136484	
2140.000000	3.524547686597	
2160.000000	3.515660072203	
2180.000000	3.506793269324	
2200.000000	3.497949151169	
2220.000000	3.489129495253	
2240.000000	3.480335989792	
2260.000000	3.471570239461	
2280.000000	3.462833770580	
2300.000000	3.454128035786	
2320.000000	3.445454418256	
2340.000000	3.436814235518	
2360.000000	3.428208742917	
2380.000000	3.419639136749	
2400.000000	3.411106557125	
2420.000000	3.402612090578	
2440.000000	3.394156772455	
2460.000000	3.385741589105	
2480.000000	3.377367479904	
2500.000000	3.369035339117	
