0.000000	-90.306307519297	
20.000000	-90.306199561623	
40.000000	-90.306029665682	
60.000000	-90.305856946165	
80.000000	-90.305683807776	
100.000000	-90.305509899122	
120.000000	-90.177370051473	
140.000000	-89.948911605662	
160.000000	-89.669968750000	
180.000000	-89.363054484444	
200.000000	-89.043137617185	
220.000000	-88.716309448745	
240.000000	-88.385498818732	
260.000000	-88.052442563777	
280.000000	-87.718352292163	
300.000000	-87.384157722745	
320.000000	-87.050607109353	
340.000000	-86.720897606631	
360.000000	-86.394689141865	
380.000000	-86.071338762387	
400.000000	-85.750772538254	
420.000000	-85.433114142185	
440.000000	-85.118537712781	
460.000000	-84.807213787258	
480.000000	-84.499291607502	
500.000000	-84.194894944070	
520.000000	-83.911989946765	
540.000000	-83.656411436787	
560.000000	-83.426415748840	
580.000000	-83.220034740044	
600.000000	-83.035350949959	
620.000000	-82.870575687037	
640.000000	-82.724063483350	
660.000000	-82.594305725524	
680.000000	-82.479917838102	
700.000000	-82.379625780734	
720.000000	-82.292254359695	
740.000000	-82.216718065603	
760.000000	-82.152014122136	
780.000000	-82.097217050066	
800.000000	-82.051474097238	
820.000000	-82.014001088539	
840.000000	-81.984078443359	
860.000000	-81.961047240905	
880.000000	-81.944305295467	
900.000000	-81.933303246312	
920.000000	-81.927540689763	
940.000000	-81.926562389837	
960.000000	-81.929954603370	
980.000000	-81.937341555039	
1000.000000	-81.948382093165	
1020.000000	-81.962766532437	
1040.000000	-81.980213722243	
1060.000000	-82.000468358232	
1080.000000	-82.023298473804	
1100.000000	-82.048493157428	
1120.000000	-82.075860480620	
1140.000000	-82.105225618376	
1160.000000	-82.136429158044	
1180.000000	-82.169325576274	
1200.000000	-82.203781869683	
1220.000000	-82.239676325593	
1240.000000	-82.276897419005	
1260.000000	-82.315342822858	
1280.000000	-82.354918519629	
1300.000000	-82.395538003435	
1320.000000	-82.437121562966	
1340.000000	-82.479595636660	
1360.000000	-82.522892232575	
1380.000000	-82.566948406292	
1400.000000	-82.611705790981	
1420.000000	-82.657110174439	
1440.000000	-82.703111118452	
1460.000000	-82.749661616344	
1480.000000	-82.796717784955	
1500.000000	-82.844238587655	
1520.000000	-82.892185585307	
1540.000000	-82.940522712388	
1560.000000	-82.989216075689	
1580.000000	-83.038233773306	
1600.000000	-83.087545731801	
1620.000000	-83.137123559642	
1640.000000	-83.186940415209	
1660.000000	-83.236970887832	
1680.000000	-83.287190890471	
1700.000000	-83.337577562815	
1720.000000	-83.388109183681	
1740.000000	-83.438765091750	
1760.000000	-83.489525613738	
1780.000000	-83.540371999241	
1800.000000	-83.591286361544	
1820.000000	-83.642251623780	
1840.000000	-83.693251469886	
1860.000000	-83.744270299860	
1880.000000	-83.795293188887	
1900.000000	-83.846305849937	
1920.000000	-83.897294599481	
1940.000000	-83.948246326031	
1960.000000	-83.999148461193	
1980.000000	-84.049988953024	
2000.000000	-84.100756241426	
2020.000000	-84.151439235416	
2040.000000	-84.202027292062	
2060.000000	-84.252510196941	
2080.000000	-84.302878145972	
2100.000000	-84.353121728492	
2120.000000	-84.403231911452	
2140.000000	-84.453200024648	
2160.000000	-84.503017746871	
2180.000000	-84.552677092903	
2200.000000	-84.602170401287	
2220.000000	-84.651490322791	
2240.000000	-84.700629809516	
2260.000000	-84.749582104580	
2280.000000	-84.798340732350	
2300.000000	-84.846899489148	
2320.000000	-84.895252434421	
2340.000000	-84.943393882308	
2360.000000	-84.991318393606	
2380.000000	-85.039020768068	
2400.000000	-85.086496037042	
2420.000000	-85.133739456400	
2440.000000	-85.180746499748	
2460.000000	-85.227512851899	
2480.000000	-85.274034402583	
2500.000000	-85.320307240385	
