0.000000	0.000000000000000	
20.000000	0.000000000000000	
40.000000	0.000000000000000	
60.000000	0.000000000000000	
80.000000	0.000000000000000	
100.000000	0.000000000000000	
120.000000	0.005736887899354	
140.000000	0.011021959332579	
160.000000	0.016042847771196	
180.000000	0.020293228484509	
200.000000	0.023768718783862	
220.000000	0.026693065124282	
240.000000	0.029206379618657	
260.000000	0.031395026495586	
280.000000	0.033316640345382	
300.000000	0.035012951345982	
320.000000	0.036499040891721	
340.000000	0.037513479065684	
360.000000	0.038545253957378	
380.000000	0.039518591096405	
400.000000	0.040409398662896	
420.000000	0.041215400788502	
440.000000	0.041941916532115	
460.000000	0.042596407982008	
480.000000	0.043186534998896	
500.000000	0.043719540761004	
520.000000	0.041093532059859	
540.000000	0.038359789331238	
560.000000	0.035607358420233	
580.000000	0.032887383588411	
600.000000	0.030233792505717	
620.000000	0.027670571601104	
640.000000	0.025215386719208	
660.000000	0.022881721047043	
680.000000	0.020679958024520	
700.000000	0.018617701243296	
720.000000	0.016699732947030	
740.000000	0.014927976898974	
760.000000	0.013301643150290	
780.000000	0.011817557331014	
800.000000	0.010470595905252	
820.000000	0.009254149089525	
840.000000	0.008160559982540	
860.000000	0.007181512570678	
880.000000	0.006308358540373	
900.000000	0.005532381505323	
920.000000	0.004845002549234	
940.000000	0.004237933764405	
960.000000	0.003703287133470	
980.000000	0.003233645299436	
1000.000000	0.002822102690901	
1020.000000	0.002462284860799	
1040.000000	0.002148350350652	
1060.000000	0.001874977073136	
1080.000000	0.001637342857345	
1100.000000	0.001431099391576	
1120.000000	0.001252344236301	
1140.000000	0.001097588860653	
1160.000000	0.000963727090908	
1180.000000	0.000848004419047	
1200.000000	0.000747987738033	
1220.000000	0.000661536290561	
1240.000000	0.000586773962682	
1260.000000	0.000522063049436	
1280.000000	0.000465979555703	
1300.000000	0.000417290071343	
1320.000000	0.000374930246939	
1340.000000	0.000337984887034	
1360.000000	0.000305669667208	
1380.000000	0.000277314467479	
1400.000000	0.000252348297556	
1420.000000	0.000230285770534	
1440.000000	0.000210715062687	
1460.000000	0.000193287279737	
1480.000000	0.000177707135908	
1500.000000	0.000163724841884	
1520.000000	0.000151129091929	
1540.000000	0.000139741038516	
1560.000000	0.000129409144532	
1580.000000	0.000120004807579	
1600.000000	0.000111418657493	
1620.000000	0.000103557436116	
1640.000000	0.000096341377012	
1660.000000	0.000089702011715	
1680.000000	0.000083580337784	
1700.000000	0.000077925292229	
1720.000000	0.000072692481539	
1740.000000	0.000067843126472	
1760.000000	0.000063343186010	
1780.000000	0.000059162630311	
1800.000000	0.000055274837274	
1820.000000	0.000051656091448	
1840.000000	0.000048285167501	
1860.000000	0.000045142983480	
1880.000000	0.000042212311603	
1900.000000	0.000039477536449	
1920.000000	0.000036924452177	
1940.000000	0.000034540091897	
1960.000000	0.000032312583534	
1980.000000	0.000030231027528	
2000.000000	0.000028285392587	
2020.000000	0.000026466426355	
2040.000000	0.000024765578451	
2060.000000	0.000023174933807	
2080.000000	0.000021687154568	
2100.000000	0.000020295429188	
2120.000000	0.000018993427555	
2140.000000	0.000017775261223	
2160.000000	0.000016635447963	
2180.000000	0.000015568880027	
2200.000000	0.000014570795565	
2220.000000	0.000013636752802	
2240.000000	0.000012762606582	
2260.000000	0.000011944487005	
2280.000000	0.000011178779893	
2300.000000	0.000010462108880	
2320.000000	0.000009791318939	
2340.000000	0.000009163461211	
2360.000000	0.000008575778988	
2380.000000	0.000008025694752	
2400.000000	0.000007510798158	
2420.000000	0.000007028834899	
2440.000000	0.000006577696349	
2460.000000	0.000006155409944	
2480.000000	0.000005760130230	
2500.000000	0.000005390130523	
