0.000000	0.000000000000	
20.000000	0.000000000000	
40.000000	0.000000000000	
60.000000	0.000000000000	
80.000000	0.000000000000	
100.000000	0.000000000000	
120.000000	0.039945883206	
140.000000	0.059020022795	
160.000000	0.068924169916	
180.000000	0.074209160715	
200.000000	0.077200916736	
220.000000	0.079307159160	
240.000000	0.080972829809	
260.000000	0.082356405673	
280.000000	0.083527786728	
300.000000	0.084526526725	
320.000000	0.085339807368	
340.000000	0.085159088412	
360.000000	0.085425960717	
380.000000	0.085810421344	
400.000000	0.086192000291	
420.000000	0.086532757112	
440.000000	0.086824039373	
460.000000	0.087067105036	
480.000000	0.087266255567	
500.000000	0.087426477229	
520.000000	0.080078815687	
540.000000	0.073166909981	
560.000000	0.066735208077	
580.000000	0.060774035708	
600.000000	0.055261720815	
620.000000	0.050173760168	
640.000000	0.045485633430	
660.000000	0.041173968256	
680.000000	0.037216859188	
700.000000	0.033593637780	
720.000000	0.030284416774	
740.000000	0.027269693382	
760.000000	0.024530145847	
780.000000	0.022046618487	
800.000000	0.019800226626	
820.000000	0.017772513964	
840.000000	0.015945617166	
860.000000	0.014302412368	
880.000000	0.012826632589	
900.000000	0.011502952390	
920.000000	0.010317040692	
940.000000	0.009255585215	
960.000000	0.008306292740	
980.000000	0.007457869001	
1000.000000	0.006699983736	
1020.000000	0.006023226099	
1040.000000	0.005419052923	
1060.000000	0.004879730624	
1080.000000	0.004398277724	
1100.000000	0.003968406767	
1120.000000	0.003584468801	
1140.000000	0.003241398334	
1160.000000	0.002934661827	
1180.000000	0.002660209727	
1200.000000	0.002414431373	
1220.000000	0.002194113105	
1240.000000	0.001996399445	
1260.000000	0.001818757218	
1280.000000	0.001658942477	
1300.000000	0.001514970089	
1320.000000	0.001385085839	
1340.000000	0.001267740951	
1360.000000	0.001161568892	
1380.000000	0.001065364354	
1400.000000	0.000978064302	
1420.000000	0.000898730968	
1440.000000	0.000826536660	
1460.000000	0.000760750262	
1480.000000	0.000700725297	
1500.000000	0.000645889396	
1520.000000	0.000595735067	
1540.000000	0.000549811600	
1560.000000	0.000507718015	
1580.000000	0.000469096913	
1600.000000	0.000433629124	
1620.000000	0.000401029061	
1640.000000	0.000371040688	
1660.000000	0.000343434007	
1680.000000	0.000318002021	
1700.000000	0.000294558079	
1720.000000	0.000272933576	
1740.000000	0.000252975941	
1760.000000	0.000234546887	
1780.000000	0.000217520873	
1800.000000	0.000201783760	
1820.000000	0.000187231634	
1840.000000	0.000173769758	
1860.000000	0.000161311663	
1880.000000	0.000149778330	
1900.000000	0.000139097470	
1920.000000	0.000129202889	
1940.000000	0.000120033913	
1960.000000	0.000111534879	
1980.000000	0.000103654684	
2000.000000	0.000096346370	
2020.000000	0.000089566760	
2040.000000	0.000083276127	
2060.000000	0.000077437897	
2080.000000	0.000072018374	
2100.000000	0.000066986503	
2120.000000	0.000062313644	
2140.000000	0.000057973372	
2160.000000	0.000053941295	
2180.000000	0.000050194889	
2200.000000	0.000046713344	
2220.000000	0.000043477427	
2240.000000	0.000040469357	
2260.000000	0.000037672686	
2280.000000	0.000035072200	
2300.000000	0.000032653815	
2320.000000	0.000030404494	
2340.000000	0.000028312163	
2360.000000	0.000026365638	
2380.000000	0.000024554556	
2400.000000	0.000022869312	
2420.000000	0.000021301001	
2440.000000	0.000019841367	
2460.000000	0.000018482750	
2480.000000	0.000017218046	
2500.000000	0.000016040661	
