0.000000	-0.000000362671	
20.000000	-0.000000374056	
40.000000	-0.000000373670	
60.000000	-0.000000373453	
80.000000	-0.000000373341	
100.000000	-0.000000373282	
120.000000	-0.000000118185	
140.000000	-0.000000135879	
160.000000	-0.000000160397	
180.000000	-0.000000188958	
200.000000	-0.000000220319	
220.000000	-0.000000253655	
240.000000	-0.000000288656	
260.000000	-0.000000325191	
280.000000	-0.000000363180	
300.000000	-0.000000402554	
320.000000	-0.000000443248	
340.000000	-0.000000487128	
360.000000	-0.000000530573	
380.000000	-0.000000574437	
400.000000	-0.000000619067	
420.000000	-0.000000664582	
440.000000	-0.000000711010	
460.000000	-0.000000758347	
480.000000	-0.000000806586	
500.000000	-0.000000855719	
520.000000	-0.000000944281	
540.000000	-0.000001030042	
560.000000	-0.000001110847	
580.000000	-0.000001184815	
600.000000	-0.000001250097	
620.000000	-0.000001304965	
640.000000	-0.000001347963	
660.000000	-0.000001378085	
680.000000	-0.000001394908	
700.000000	-0.000001398637	
720.000000	-0.000001390062	
740.000000	-0.000001370430	
760.000000	-0.000001341291	
780.000000	-0.000001304352	
800.000000	-0.000001261344	
820.000000	-0.000001213927	
840.000000	-0.000001163618	
860.000000	-0.000001111755	
880.000000	-0.000001059470	
900.000000	-0.000001007697	
920.000000	-0.000000957173	
940.000000	-0.000000908463	
960.000000	-0.000000861979	
980.000000	-0.000000818003	
1000.000000	-0.000000776710	
1020.000000	-0.000000738186	
1040.000000	-0.000000702453	
1060.000000	-0.000000669476	
1080.000000	-0.000000639182	
1100.000000	-0.000000611469	
1120.000000	-0.000000586214	
1140.000000	-0.000000563281	
1160.000000	-0.000000542527	
1180.000000	-0.000000523804	
1200.000000	-0.000000506966	
1220.000000	-0.000000491866	
1240.000000	-0.000000478364	
1260.000000	-0.000000466325	
1280.000000	-0.000000455619	
1300.000000	-0.000000446125	
1320.000000	-0.000000437728	
1340.000000	-0.000000430321	
1360.000000	-0.000000423807	
1380.000000	-0.000000418092	
1400.000000	-0.000000413094	
1420.000000	-0.000000408735	
1440.000000	-0.000000404945	
1460.000000	-0.000000401659	
1480.000000	-0.000000398821	
1500.000000	-0.000000396377	
1520.000000	-0.000000394281	
1540.000000	-0.000000392490	
1560.000000	-0.000000390965	
1580.000000	-0.000000389673	
1600.000000	-0.000000388584	
1620.000000	-0.000000387670	
1640.000000	-0.000000386907	
1660.000000	-0.000000386274	
1680.000000	-0.000000385752	
1700.000000	-0.000000385325	
1720.000000	-0.000000384977	
1740.000000	-0.000000384697	
1760.000000	-0.000000384474	
1780.000000	-0.000000384296	
1800.000000	-0.000000384157	
1820.000000	-0.000000384049	
1840.000000	-0.000000383965	
1860.000000	-0.000000383900	
1880.000000	-0.000000383850	
1900.000000	-0.000000383811	
1920.000000	-0.000000383779	
1940.000000	-0.000000383753	
1960.000000	-0.000000383729	
1980.000000	-0.000000383705	
2000.000000	-0.000000383681	
2020.000000	-0.000000383655	
2040.000000	-0.000000383627	
2060.000000	-0.000000383595	
2080.000000	-0.000000383559	
2100.000000	-0.000000383518	
2120.000000	-0.000000383473	
2140.000000	-0.000000383423	
2160.000000	-0.000000383368	
2180.000000	-0.000000383309	
2200.000000	-0.000000383245	
2220.000000	-0.000000383176	
2240.000000	-0.000000383104	
2260.000000	-0.000000383027	
2280.000000	-0.000000382947	
2300.000000	-0.000000382863	
2320.000000	-0.000000382776	
2340.000000	-0.000000382686	
2360.000000	-0.000000382593	
2380.000000	-0.000000382498	
2400.000000	-0.000000382400	
2420.000000	-0.000000382301	
2440.000000	-0.000000382200	
2460.000000	-0.000000382098	
2480.000000	-0.000000381994	
2500.000000	-0.000000381890	
