0.000000	-0.000000001747	
20.000000	-0.000000001886	
40.000000	-0.000000001881	
60.000000	-0.000000001878	
80.000000	-0.000000001876	
100.000000	-0.000000001875	
120.000000	-0.000000000112	
140.000000	-0.000000000159	
160.000000	-0.000000000240	
180.000000	-0.000000000361	
200.000000	-0.000000000528	
220.000000	-0.000000000749	
240.000000	-0.000000001030	
260.000000	-0.000000001383	
280.000000	-0.000000001815	
300.000000	-0.000000002337	
320.000000	-0.000000002960	
340.000000	-0.000000003729	
360.000000	-0.000000004593	
380.000000	-0.000000005572	
400.000000	-0.000000006681	
420.000000	-0.000000007933	
440.000000	-0.000000009337	
460.000000	-0.000000010904	
480.000000	-0.000000012643	
500.000000	-0.000000014565	
520.000000	-0.000000018466	
540.000000	-0.000000022740	
560.000000	-0.000000027216	
580.000000	-0.000000031689	
600.000000	-0.000000035918	
620.000000	-0.000000039649	
640.000000	-0.000000042645	
660.000000	-0.000000044717	
680.000000	-0.000000045757	
700.000000	-0.000000045751	
720.000000	-0.000000044772	
740.000000	-0.000000042965	
760.000000	-0.000000040512	
780.000000	-0.000000037612	
800.000000	-0.000000034454	
820.000000	-0.000000031204	
840.000000	-0.000000027994	
860.000000	-0.000000024922	
880.000000	-0.000000022057	
900.000000	-0.000000019436	
920.000000	-0.000000017077	
940.000000	-0.000000014981	
960.000000	-0.000000013138	
980.000000	-0.000000011531	
1000.000000	-0.000000010138	
1020.000000	-0.000000008937	
1040.000000	-0.000000007905	
1060.000000	-0.000000007021	
1080.000000	-0.000000006265	
1100.000000	-0.000000005619	
1120.000000	-0.000000005068	
1140.000000	-0.000000004598	
1160.000000	-0.000000004196	
1180.000000	-0.000000003854	
1200.000000	-0.000000003561	
1220.000000	-0.000000003310	
1240.000000	-0.000000003096	
1260.000000	-0.000000002913	
1280.000000	-0.000000002757	
1300.000000	-0.000000002623	
1320.000000	-0.000000002508	
1340.000000	-0.000000002410	
1360.000000	-0.000000002326	
1380.000000	-0.000000002254	
1400.000000	-0.000000002193	
1420.000000	-0.000000002141	
1440.000000	-0.000000002097	
1460.000000	-0.000000002059	
1480.000000	-0.000000002028	
1500.000000	-0.000000002002	
1520.000000	-0.000000001980	
1540.000000	-0.000000001961	
1560.000000	-0.000000001946	
1580.000000	-0.000000001934	
1600.000000	-0.000000001925	
1620.000000	-0.000000001917	
1640.000000	-0.000000001911	
1660.000000	-0.000000001907	
1680.000000	-0.000000001904	
1700.000000	-0.000000001901	
1720.000000	-0.000000001900	
1740.000000	-0.000000001900	
1760.000000	-0.000000001900	
1780.000000	-0.000000001900	
1800.000000	-0.000000001901	
1820.000000	-0.000000001903	
1840.000000	-0.000000001904	
1860.000000	-0.000000001906	
1880.000000	-0.000000001908	
1900.000000	-0.000000001910	
1920.000000	-0.000000001911	
1940.000000	-0.000000001913	
1960.000000	-0.000000001915	
1980.000000	-0.000000001917	
2000.000000	-0.000000001919	
2020.000000	-0.000000001920	
2040.000000	-0.000000001922	
2060.000000	-0.000000001923	
2080.000000	-0.000000001925	
2100.000000	-0.000000001926	
2120.000000	-0.000000001927	
2140.000000	-0.000000001928	
2160.000000	-0.000000001929	
2180.000000	-0.000000001930	
2200.000000	-0.000000001931	
2220.000000	-0.000000001931	
2240.000000	-0.000000001932	
2260.000000	-0.000000001932	
2280.000000	-0.000000001933	
2300.000000	-0.000000001933	
2320.000000	-0.000000001933	
2340.000000	-0.000000001933	
2360.000000	-0.000000001933	
2380.000000	-0.000000001933	
2400.000000	-0.000000001933	
2420.000000	-0.000000001933	
2440.000000	-0.000000001933	
2460.000000	-0.000000001933	
2480.000000	-0.000000001932	
2500.000000	-0.000000001932	
