0.000000	0.000000000000	
20.000000	0.000000011655	
40.000000	0.000000023483	
60.000000	0.000000033841	
80.000000	0.000000043032	
100.000000	0.000000051252	
120.000000	-0.000000247341	
140.000000	-0.000000540166	
160.000000	-0.000000769001	
180.000000	-0.000000935672	
200.000000	-0.000001043853	
220.000000	-0.000001098455	
240.000000	-0.000001104293	
260.000000	-0.000001065719	
280.000000	-0.000000986591	
300.000000	-0.000000870322	
320.000000	-0.000000719943	
340.000000	-0.000000536551	
360.000000	-0.000000323448	
380.000000	-0.000000083978	
400.000000	0.000000179485	
420.000000	0.000000465052	
440.000000	0.000000771141	
460.000000	0.000001096372	
480.000000	0.000001439532	
500.000000	0.000001799550	
520.000000	0.000002201371	
540.000000	0.000002653423	
560.000000	0.000003146514	
580.000000	0.000003670534	
600.000000	0.000004214567	
620.000000	0.000004766987	
640.000000	0.000005315698	
660.000000	0.000005848520	
680.000000	0.000006353719	
700.000000	0.000006820585	
720.000000	0.000007239958	
740.000000	0.000007604615	
760.000000	0.000007909465	
780.000000	0.000008151574	
800.000000	0.000008330032	
820.000000	0.000008445722	
840.000000	0.000008501031	
860.000000	0.000008499526	
880.000000	0.000008445646	
900.000000	0.000008344409	
920.000000	0.000008201164	
940.000000	0.000008021372	
960.000000	0.000007810445	
980.000000	0.000007573613	
1000.000000	0.000007315828	
1020.000000	0.000007041703	
1040.000000	0.000006755474	
1060.000000	0.000006460976	
1080.000000	0.000006161642	
1100.000000	0.000005860508	
1120.000000	0.000005560227	
1140.000000	0.000005263089	
1160.000000	0.000004971045	
1180.000000	0.000004685733	
1200.000000	0.000004408502	
1220.000000	0.000004140441	
1240.000000	0.000003882401	
1260.000000	0.000003635025	
1280.000000	0.000003398767	
1300.000000	0.000003173917	
1320.000000	0.000002960620	
1340.000000	0.000002758900	
1360.000000	0.000002568671	
1380.000000	0.000002389761	
1400.000000	0.000002221920	
1420.000000	0.000002064841	
1440.000000	0.000001918165	
1460.000000	0.000001781498	
1480.000000	0.000001654415	
1500.000000	0.000001536473	
1520.000000	0.000001427218	
1540.000000	0.000001326187	
1560.000000	0.000001232918	
1580.000000	0.000001146953	
1600.000000	0.000001067842	
1620.000000	0.000000995144	
1640.000000	0.000000928433	
1660.000000	0.000000867297	
1680.000000	0.000000811341	
1700.000000	0.000000760188	
1720.000000	0.000000713478	
1740.000000	0.000000670873	
1760.000000	0.000000632049	
1780.000000	0.000000596705	
1800.000000	0.000000564557	
1820.000000	0.000000535338	
1840.000000	0.000000508801	
1860.000000	0.000000484715	
1880.000000	0.000000462864	
1900.000000	0.000000443050	
1920.000000	0.000000425089	
1940.000000	0.000000408812	
1960.000000	0.000000394061	
1980.000000	0.000000380692	
2000.000000	0.000000368574	
2020.000000	0.000000357587	
2040.000000	0.000000347618	
2060.000000	0.000000338567	
2080.000000	0.000000330343	
2100.000000	0.000000322861	
2120.000000	0.000000316045	
2140.000000	0.000000309827	
2160.000000	0.000000304143	
2180.000000	0.000000298938	
2200.000000	0.000000294160	
2220.000000	0.000000289763	
2240.000000	0.000000285706	
2260.000000	0.000000281952	
2280.000000	0.000000278467	
2300.000000	0.000000275221	
2320.000000	0.000000272188	
2340.000000	0.000000269344	
2360.000000	0.000000266667	
2380.000000	0.000000264139	
2400.000000	0.000000261742	
2420.000000	0.000000259462	
2440.000000	0.000000257285	
2460.000000	0.000000255201	
2480.000000	0.000000253198	
2500.000000	0.000000251268	
