0.000000	-0.000156296585	
20.000000	-0.000154565266	
40.000000	-0.000153816579	
60.000000	-0.000153378882	
80.000000	-0.000153120977	
100.000000	-0.000152968184	
120.000000	-0.000234767340	
140.000000	-0.000270963780	
160.000000	-0.000281471486	
180.000000	-0.000276178434	
200.000000	-0.000262162720	
220.000000	-0.000244192970	
240.000000	-0.000225121134	
260.000000	-0.000206534579	
280.000000	-0.000189234790	
300.000000	-0.000173554630	
320.000000	-0.000159559977	
340.000000	-0.000146979845	
360.000000	-0.000135950291	
380.000000	-0.000126315083	
400.000000	-0.000117875209	
420.000000	-0.000110444464	
440.000000	-0.000103863305	
460.000000	-0.000097999241	
480.000000	-0.000092743334	
500.000000	-0.000088006079	
520.000000	-0.000082495465	
540.000000	-0.000077036644	
560.000000	-0.000072051837	
580.000000	-0.000067716005	
600.000000	-0.000064074493	
620.000000	-0.000061110893	
640.000000	-0.000058783440	
660.000000	-0.000057042933	
680.000000	-0.000055840581	
700.000000	-0.000055130943	
720.000000	-0.000054872844	
740.000000	-0.000055029552	
760.000000	-0.000055568649	
780.000000	-0.000056461692	
800.000000	-0.000057683699	
820.000000	-0.000059212515	
840.000000	-0.000061028130	
860.000000	-0.000063112007	
880.000000	-0.000065446444	
900.000000	-0.000068014010	
920.000000	-0.000070797050	
940.000000	-0.000073777272	
960.000000	-0.000076935414	
980.000000	-0.000080251005	
1000.000000	-0.000083702232	
1020.000000	-0.000087265896	
1040.000000	-0.000090917465	
1060.000000	-0.000094631256	
1080.000000	-0.000098380722	
1100.000000	-0.000102138831	
1120.000000	-0.000105878506	
1140.000000	-0.000109573129	
1160.000000	-0.000113197093	
1180.000000	-0.000116726339	
1200.000000	-0.000120138861	
1220.000000	-0.000123415148	
1240.000000	-0.000126538537	
1260.000000	-0.000129495459	
1280.000000	-0.000132275576	
1300.000000	-0.000134871790	
1320.000000	-0.000137280152	
1340.000000	-0.000139499667	
1360.000000	-0.000141532026	
1380.000000	-0.000143381282	
1400.000000	-0.000145053487	
1420.000000	-0.000146556319	
1440.000000	-0.000147898715	
1460.000000	-0.000149090518	
1480.000000	-0.000150142157	
1500.000000	-0.000151064359	
1520.000000	-0.000151867910	
1540.000000	-0.000152563445	
1560.000000	-0.000153161291	
1580.000000	-0.000153671335	
1600.000000	-0.000154102938	
1620.000000	-0.000154464868	
1640.000000	-0.000154765267	
1660.000000	-0.000155011629	
1680.000000	-0.000155210804	
1700.000000	-0.000155369009	
1720.000000	-0.000155491854	
1740.000000	-0.000155584368	
1760.000000	-0.000155651038	
1780.000000	-0.000155695844	
1800.000000	-0.000155722297	
1820.000000	-0.000155733484	
1840.000000	-0.000155732100	
1860.000000	-0.000155720491	
1880.000000	-0.000155700685	
1900.000000	-0.000155674428	
1920.000000	-0.000155643214	
1940.000000	-0.000155608315	
1960.000000	-0.000155570804	
1980.000000	-0.000155531584	
2000.000000	-0.000155491406	
2020.000000	-0.000155450887	
2040.000000	-0.000155410532	
2060.000000	-0.000155370747	
2080.000000	-0.000155331853	
2100.000000	-0.000155294096	
2120.000000	-0.000155257664	
2140.000000	-0.000155222690	
2160.000000	-0.000155189264	
2180.000000	-0.000155157438	
2200.000000	-0.000155127233	
2220.000000	-0.000155098648	
2240.000000	-0.000155071659	
2260.000000	-0.000155046226	
2280.000000	-0.000155022298	
2300.000000	-0.000154999811	
2320.000000	-0.000154978696	
2340.000000	-0.000154958880	
2360.000000	-0.000154940283	
2380.000000	-0.000154922826	
2400.000000	-0.000154906430	
2420.000000	-0.000154891013	
2440.000000	-0.000154876497	
2460.000000	-0.000154862806	
2480.000000	-0.000154849865	
2500.000000	-0.000154837602	
