0.000000	0.000000001735	
20.000000	0.000000001822	
40.000000	0.000000001814	
60.000000	0.000000001811	
80.000000	0.000000001810	
100.000000	0.000000001809	
120.000000	0.000000000280	
140.000000	0.000000000382	
160.000000	0.000000000514	
180.000000	0.000000000669	
200.000000	0.000000000846	
220.000000	0.000000001041	
240.000000	0.000000001253	
260.000000	0.000000001481	
280.000000	0.000000001724	
300.000000	0.000000001983	
320.000000	0.000000002255	
340.000000	0.000000002556	
360.000000	0.000000002856	
380.000000	0.000000003161	
400.000000	0.000000003475	
420.000000	0.000000003799	
440.000000	0.000000004132	
460.000000	0.000000004473	
480.000000	0.000000004823	
500.000000	0.000000005181	
520.000000	0.000000005915	
540.000000	0.000000006597	
560.000000	0.000000007221	
580.000000	0.000000007778	
600.000000	0.000000008256	
620.000000	0.000000008642	
640.000000	0.000000008925	
660.000000	0.000000009099	
680.000000	0.000000009163	
700.000000	0.000000009122	
720.000000	0.000000008984	
740.000000	0.000000008764	
760.000000	0.000000008476	
780.000000	0.000000008135	
800.000000	0.000000007756	
820.000000	0.000000007353	
840.000000	0.000000006938	
860.000000	0.000000006521	
880.000000	0.000000006110	
900.000000	0.000000005711	
920.000000	0.000000005329	
940.000000	0.000000004968	
960.000000	0.000000004629	
980.000000	0.000000004314	
1000.000000	0.000000004023	
1020.000000	0.000000003756	
1040.000000	0.000000003512	
1060.000000	0.000000003290	
1080.000000	0.000000003090	
1100.000000	0.000000002909	
1120.000000	0.000000002746	
1140.000000	0.000000002601	
1160.000000	0.000000002471	
1180.000000	0.000000002355	
1200.000000	0.000000002252	
1220.000000	0.000000002161	
1240.000000	0.000000002081	
1260.000000	0.000000002010	
1280.000000	0.000000001947	
1300.000000	0.000000001893	
1320.000000	0.000000001845	
1340.000000	0.000000001803	
1360.000000	0.000000001767	
1380.000000	0.000000001736	
1400.000000	0.000000001709	
1420.000000	0.000000001686	
1440.000000	0.000000001666	
1460.000000	0.000000001649	
1480.000000	0.000000001635	
1500.000000	0.000000001623	
1520.000000	0.000000001613	
1540.000000	0.000000001605	
1560.000000	0.000000001599	
1580.000000	0.000000001593	
1600.000000	0.000000001589	
1620.000000	0.000000001586	
1640.000000	0.000000001584	
1660.000000	0.000000001583	
1680.000000	0.000000001582	
1700.000000	0.000000001582	
1720.000000	0.000000001582	
1740.000000	0.000000001583	
1760.000000	0.000000001584	
1780.000000	0.000000001585	
1800.000000	0.000000001587	
1820.000000	0.000000001588	
1840.000000	0.000000001590	
1860.000000	0.000000001592	
1880.000000	0.000000001594	
1900.000000	0.000000001596	
1920.000000	0.000000001598	
1940.000000	0.000000001600	
1960.000000	0.000000001602	
1980.000000	0.000000001604	
2000.000000	0.000000001607	
2020.000000	0.000000001609	
2040.000000	0.000000001611	
2060.000000	0.000000001613	
2080.000000	0.000000001615	
2100.000000	0.000000001617	
2120.000000	0.000000001618	
2140.000000	0.000000001620	
2160.000000	0.000000001622	
2180.000000	0.000000001624	
2200.000000	0.000000001626	
2220.000000	0.000000001627	
2240.000000	0.000000001629	
2260.000000	0.000000001631	
2280.000000	0.000000001632	
2300.000000	0.000000001634	
2320.000000	0.000000001636	
2340.000000	0.000000001637	
2360.000000	0.000000001639	
2380.000000	0.000000001640	
2400.000000	0.000000001642	
2420.000000	0.000000001643	
2440.000000	0.000000001644	
2460.000000	0.000000001646	
2480.000000	0.000000001647	
2500.000000	0.000000001649	
