0.000000	0.000060782219	
20.000000	0.000062342333	
40.000000	0.000062550690	
60.000000	0.000062557425	
80.000000	0.000062541726	
100.000000	0.000062529701	
120.000000	0.000025338882	
140.000000	0.000022518430	
160.000000	0.000025064509	
180.000000	0.000029127508	
200.000000	0.000033801830	
220.000000	0.000038773754	
240.000000	0.000043932631	
260.000000	0.000049235127	
280.000000	0.000054659873	
300.000000	0.000060192383	
320.000000	0.000065820407	
340.000000	0.000071761642	
360.000000	0.000077648906	
380.000000	0.000083483215	
400.000000	0.000089313276	
420.000000	0.000095165235	
440.000000	0.000101048785	
460.000000	0.000106966335	
480.000000	0.000112917940	
500.000000	0.000118903503	
520.000000	0.000128852343	
540.000000	0.000139659051	
560.000000	0.000150058380	
580.000000	0.000159628308	
600.000000	0.000168113767	
620.000000	0.000175302454	
640.000000	0.000181015091	
660.000000	0.000185120284	
680.000000	0.000187551290	
700.000000	0.000188315215	
720.000000	0.000187490954	
740.000000	0.000185217408	
760.000000	0.000181676350	
780.000000	0.000177074331	
800.000000	0.000171626448	
820.000000	0.000165543306	
840.000000	0.000159021481	
860.000000	0.000152237315	
880.000000	0.000145343549	
900.000000	0.000138468233	
920.000000	0.000131715315	
940.000000	0.000125166345	
960.000000	0.000118882861	
980.000000	0.000112909044	
1000.000000	0.000107274397	
1020.000000	0.000101996318	
1040.000000	0.000097082478	
1060.000000	0.000092532806	
1080.000000	0.000088341242	
1100.000000	0.000084497199	
1120.000000	0.000080986811	
1140.000000	0.000077793922	
1160.000000	0.000074900843	
1180.000000	0.000072289002	
1200.000000	0.000069939445	
1220.000000	0.000067833226	
1240.000000	0.000065951706	
1260.000000	0.000064276779	
1280.000000	0.000062791044	
1300.000000	0.000061477919	
1320.000000	0.000060321727	
1340.000000	0.000059307745	
1360.000000	0.000058422222	
1380.000000	0.000057652392	
1400.000000	0.000056986451	
1420.000000	0.000056413539	
1440.000000	0.000055923699	
1460.000000	0.000055507837	
1480.000000	0.000055157675	
1500.000000	0.000054865701	
1520.000000	0.000054625118	
1540.000000	0.000054429792	
1560.000000	0.000054274204	
1580.000000	0.000054153396	
1600.000000	0.000054062931	
1620.000000	0.000053998845	
1640.000000	0.000053957605	
1660.000000	0.000053936071	
1680.000000	0.000053931457	
1700.000000	0.000053941301	
1720.000000	0.000053963430	
1740.000000	0.000053995934	
1760.000000	0.000054037135	
1780.000000	0.000054085568	
1800.000000	0.000054139956	
1820.000000	0.000054199189	
1840.000000	0.000054262305	
1860.000000	0.000054328479	
1880.000000	0.000054396997	
1900.000000	0.000054467255	
1920.000000	0.000054538735	
1940.000000	0.000054611002	
1960.000000	0.000054683691	
1980.000000	0.000054756496	
2000.000000	0.000054829168	
2020.000000	0.000054901500	
2040.000000	0.000054973327	
2060.000000	0.000055044519	
2080.000000	0.000055114974	
2100.000000	0.000055184614	
2120.000000	0.000055253385	
2140.000000	0.000055321249	
2160.000000	0.000055388182	
2180.000000	0.000055454176	
2200.000000	0.000055519229	
2220.000000	0.000055583349	
2240.000000	0.000055646552	
2260.000000	0.000055708858	
2280.000000	0.000055770290	
2300.000000	0.000055830875	
2320.000000	0.000055890642	
2340.000000	0.000055949623	
2360.000000	0.000056007847	
2380.000000	0.000056065348	
2400.000000	0.000056122155	
2420.000000	0.000056178300	
2440.000000	0.000056233814	
2460.000000	0.000056288724	
2480.000000	0.000056343061	
2500.000000	0.000056396849	
