0.000000	0.046067062821	
20.000000	0.046076658960	
40.000000	0.046075604543	
60.000000	0.046075812893	
80.000000	0.046076124466	
100.000000	0.046076460719	
120.000000	0.045969170974	
140.000000	0.046941628156	
160.000000	0.047626645253	
180.000000	0.048318567274	
200.000000	0.049016106367	
220.000000	0.049719619595	
240.000000	0.050427633173	
260.000000	0.051138338001	
280.000000	0.051850085352	
300.000000	0.052561453878	
320.000000	0.053271235409	
340.000000	0.053969059697	
360.000000	0.054660985016	
380.000000	0.055348814390	
400.000000	0.056031958749	
420.000000	0.056709893357	
440.000000	0.057382203143	
460.000000	0.058048553697	
480.000000	0.058708681105	
500.000000	0.059362364827	
520.000000	0.059948472300	
540.000000	0.060467100477	
560.000000	0.060933606108	
580.000000	0.061352457393	
600.000000	0.061727220618	
620.000000	0.062061146284	
640.000000	0.062357243126	
660.000000	0.062618332118	
680.000000	0.062847089548	
700.000000	0.063046068777	
720.000000	0.063217702403	
740.000000	0.063364294506	
760.000000	0.063488011715	
780.000000	0.063590877324	
800.000000	0.063674769133	
820.000000	0.063741420514	
840.000000	0.063792424111	
860.000000	0.063829237504	
880.000000	0.063853190391	
900.000000	0.063865492724	
920.000000	0.063867243368	
940.000000	0.063859438949	
960.000000	0.063842982520	
980.000000	0.063818691652	
1000.000000	0.063787306625	
1020.000000	0.063749499481	
1040.000000	0.063705869174	
1060.000000	0.063656963066	
1080.000000	0.063603273511	
1100.000000	0.063545243542	
1120.000000	0.063483271685	
1140.000000	0.063417715233	
1160.000000	0.063348893956	
1180.000000	0.063277093504	
1200.000000	0.063202568539	
1220.000000	0.063125545759	
1240.000000	0.063046226781	
1260.000000	0.062964790898	
1280.000000	0.062881397682	
1300.000000	0.062796189434	
1320.000000	0.062709293444	
1340.000000	0.062620824071	
1360.000000	0.062530884597	
1380.000000	0.062439568890	
1400.000000	0.062346962848	
1420.000000	0.062253145651	
1440.000000	0.062158190824	
1460.000000	0.062062167129	
1480.000000	0.061965139313	
1500.000000	0.061867168713	
1520.000000	0.061768313758	
1540.000000	0.061668630366	
1560.000000	0.061568172267	
1580.000000	0.061466991252	
1600.000000	0.061365137377	
1620.000000	0.061262659115	
1640.000000	0.061159603480	
1660.000000	0.061056016118	
1680.000000	0.060951941380	
1700.000000	0.060847422378	
1720.000000	0.060742501028	
1740.000000	0.060637218082	
1760.000000	0.060531613160	
1780.000000	0.060425724767	
1800.000000	0.060319590314	
1820.000000	0.060213246135	
1840.000000	0.060106727503	
1860.000000	0.060000068646	
1880.000000	0.059893302756	
1900.000000	0.059786462011	
1920.000000	0.059679577588	
1940.000000	0.059572679675	
1960.000000	0.059465797493	
1980.000000	0.059358959309	
2000.000000	0.059252192453	
2020.000000	0.059145523339	
2040.000000	0.059038977481	
2060.000000	0.058932579513	
2080.000000	0.058826353205	
2100.000000	0.058720321485	
2120.000000	0.058614506459	
2140.000000	0.058508929425	
2160.000000	0.058403610901	
2180.000000	0.058298570635	
2200.000000	0.058193827631	
2220.000000	0.058089400166	
2240.000000	0.057985305805	
2260.000000	0.057881561428	
2280.000000	0.057778183240	
2300.000000	0.057675186794	
2320.000000	0.057572587006	
2340.000000	0.057470398176	
2360.000000	0.057368634000	
2380.000000	0.057267307593	
2400.000000	0.057166431498	
2420.000000	0.057066017709	
2440.000000	0.056966077684	
2460.000000	0.056866622356	
2480.000000	0.056767662157	
2500.000000	0.056669207024	
