0.000000	-0.010171909279	
20.000000	-0.010157620469	
40.000000	-0.010158087246	
60.000000	-0.010158342424	
80.000000	-0.010158474529	
100.000000	-0.010158544694	
120.000000	-0.010685251860	
140.000000	-0.010619549782	
160.000000	-0.010542930327	
180.000000	-0.010467427300	
200.000000	-0.010396708939	
220.000000	-0.010331788054	
240.000000	-0.010272190403	
260.000000	-0.010217213382	
280.000000	-0.010166223386	
300.000000	-0.010118701099	
320.000000	-0.010074224803	
340.000000	-0.010030650733	
360.000000	-0.009991189330	
380.000000	-0.009954479402	
400.000000	-0.009919886624	
420.000000	-0.009887078172	
440.000000	-0.009855842369	
460.000000	-0.009826020691	
480.000000	-0.009797481622	
500.000000	-0.009770109796	
520.000000	-0.009724768110	
540.000000	-0.009684834463	
560.000000	-0.009650177792	
580.000000	-0.009620641330	
600.000000	-0.009596123539	
620.000000	-0.009576557639	
640.000000	-0.009561876216	
660.000000	-0.009551974820	
680.000000	-0.009546685787	
700.000000	-0.009545769703	
720.000000	-0.009548923586	
740.000000	-0.009555798360	
760.000000	-0.009566017820	
780.000000	-0.009579194667	
800.000000	-0.009594942574	
820.000000	-0.009612884777	
840.000000	-0.009632659972	
860.000000	-0.009653926188	
880.000000	-0.009676363120	
900.000000	-0.009699673285	
920.000000	-0.009723582339	
940.000000	-0.009747838775	
960.000000	-0.009772213219	
980.000000	-0.009796497719	
1000.000000	-0.009820505023	
1020.000000	-0.009844067718	
1040.000000	-0.009867037420	
1060.000000	-0.009889284691	
1080.000000	-0.009910698550	
1100.000000	-0.009931186228	
1120.000000	-0.009950672499	
1140.000000	-0.009969099521	
1160.000000	-0.009986426382	
1180.000000	-0.010002628277	
1200.000000	-0.010017695581	
1220.000000	-0.010031632703	
1240.000000	-0.010044456730	
1260.000000	-0.010056195903	
1280.000000	-0.010066887976	
1300.000000	-0.010076578510	
1320.000000	-0.010085319168	
1340.000000	-0.010093166070	
1360.000000	-0.010100178245	
1380.000000	-0.010106416245	
1400.000000	-0.010111940916	
1420.000000	-0.010116812360	
1440.000000	-0.010121089088	
1460.000000	-0.010124827345	
1480.000000	-0.010128080613	
1500.000000	-0.010130899250	
1520.000000	-0.010133330278	
1540.000000	-0.010135417260	
1560.000000	-0.010137200279	
1580.000000	-0.010138715987	
1600.000000	-0.010139997705	
1620.000000	-0.010141075565	
1640.000000	-0.010141976676	
1660.000000	-0.010142725322	
1680.000000	-0.010143343149	
1700.000000	-0.010143849376	
1720.000000	-0.010144260993	
1740.000000	-0.010144592955	
1760.000000	-0.010144858373	
1780.000000	-0.010145068696	
1800.000000	-0.010145233871	
1820.000000	-0.010145362511	
1840.000000	-0.010145462029	
1860.000000	-0.010145538780	
1880.000000	-0.010145598181	
1900.000000	-0.010145644819	
1920.000000	-0.010145682556	
1940.000000	-0.010145714615	
1960.000000	-0.010145743666	
1980.000000	-0.010145771895	
2000.000000	-0.010145801072	
2020.000000	-0.010145832607	
2040.000000	-0.010145867598	
2060.000000	-0.010145906885	
2080.000000	-0.010145951080	
2100.000000	-0.010146000605	
2120.000000	-0.010146055728	
2140.000000	-0.010146116580	
2160.000000	-0.010146183185	
2180.000000	-0.010146255478	
2200.000000	-0.010146333321	
2220.000000	-0.010146416520	
2240.000000	-0.010146504836	
2260.000000	-0.010146597997	
2280.000000	-0.010146695705	
2300.000000	-0.010146797649	
2320.000000	-0.010146903503	
2340.000000	-0.010147012941	
2360.000000	-0.010147125633	
2380.000000	-0.010147241254	
2400.000000	-0.010147359486	
2420.000000	-0.010147480020	
2440.000000	-0.010147602554	
2460.000000	-0.010147726803	
2480.000000	-0.010147852490	
2500.000000	-0.010147979357	
