0.000000	0.000373730553	
20.000000	0.000226395012	
40.000000	0.000217600276	
60.000000	0.000217142356	
80.000000	0.000216983846	
100.000000	0.000216901642	
120.000000	0.000020090229	
140.000000	0.000024484493	
160.000000	0.000034728216	
180.000000	0.000049169661	
200.000000	0.000068130085	
220.000000	0.000091813372	
240.000000	0.000120581787	
260.000000	0.000154866852	
280.000000	0.000195119541	
300.000000	0.000241784548	
320.000000	0.000295288756	
340.000000	0.000358783139	
360.000000	0.000428227083	
380.000000	0.000504341940	
400.000000	0.000588001826	
420.000000	0.000679778030	
440.000000	0.000780090995	
460.000000	0.000889296304	
480.000000	0.001007727572	
500.000000	0.001135719820	
520.000000	0.001368511225	
540.000000	0.001634695879	
560.000000	0.001909449029	
580.000000	0.002181641615	
600.000000	0.002439664089	
620.000000	0.002671366777	
640.000000	0.002865119942	
660.000000	0.003011168738	
680.000000	0.003102924804	
700.000000	0.003137802569	
720.000000	0.003117351861	
740.000000	0.003046711295	
760.000000	0.002933617746	
780.000000	0.002787262750	
800.000000	0.002617226097	
820.000000	0.002432622802	
840.000000	0.002241516758	
860.000000	0.002050595206	
880.000000	0.001865062090	
900.000000	0.001688692760	
920.000000	0.001523991078	
940.000000	0.001372398374	
960.000000	0.001234516296	
980.000000	0.001110317249	
1000.000000	0.000999328403	
1020.000000	0.000900784492	
1040.000000	0.000813748659	
1060.000000	0.000737201195	
1080.000000	0.000670104582	
1100.000000	0.000611447863	
1120.000000	0.000560275542	
1140.000000	0.000515704067	
1160.000000	0.000476929055	
1180.000000	0.000443227563	
1200.000000	0.000413956041	
1220.000000	0.000388545834	
1240.000000	0.000366497286	
1260.000000	0.000347373223	
1280.000000	0.000330792328	
1300.000000	0.000316422718	
1320.000000	0.000303975940	
1340.000000	0.000293201475	
1360.000000	0.000283881794	
1380.000000	0.000275827980	
1400.000000	0.000268875873	
1420.000000	0.000262882712	
1440.000000	0.000257724227	
1460.000000	0.000253292126	
1480.000000	0.000249491936	
1500.000000	0.000246241149	
1520.000000	0.000243467633	
1540.000000	0.000241108269	
1560.000000	0.000239107787	
1580.000000	0.000237417762	
1600.000000	0.000235995754	
1620.000000	0.000234804567	
1640.000000	0.000233811609	
1660.000000	0.000232988335	
1680.000000	0.000232309768	
1700.000000	0.000231754074	
1720.000000	0.000231302195	
1740.000000	0.000230937527	
1760.000000	0.000230645630	
1780.000000	0.000230413981	
1800.000000	0.000230231745	
1820.000000	0.000230089582	
1840.000000	0.000229979464	
1860.000000	0.000229894524	
1880.000000	0.000229828912	
1900.000000	0.000229777673	
1920.000000	0.000229736633	
1940.000000	0.000229702302	
1960.000000	0.000229671784	
1980.000000	0.000229642702	
2000.000000	0.000229613126	
2020.000000	0.000229581511	
2040.000000	0.000229546644	
2060.000000	0.000229507597	
2080.000000	0.000229463682	
2100.000000	0.000229414416	
2120.000000	0.000229359488	
2140.000000	0.000229298730	
2160.000000	0.000229232093	
2180.000000	0.000229159625	
2200.000000	0.000229081453	
2220.000000	0.000228997767	
2240.000000	0.000228908804	
2260.000000	0.000228814842	
2280.000000	0.000228716182	
2300.000000	0.000228613148	
2320.000000	0.000228506073	
2340.000000	0.000228395296	
2360.000000	0.000228281159	
2380.000000	0.000228163998	
2400.000000	0.000228044147	
2420.000000	0.000227921926	
2440.000000	0.000227797649	
2460.000000	0.000227671614	
2480.000000	0.000227544107	
2500.000000	0.000227415400	
