0.000000	0.641218282554	
20.000000	0.637535371860	
40.000000	0.637628133960	
60.000000	0.637689374786	
80.000000	0.637714141984	
100.000000	0.637720335940	
120.000000	0.756499392907	
140.000000	0.748672309810	
160.000000	0.733142557596	
180.000000	0.716763184027	
200.000000	0.700626841075	
220.000000	0.685232950357	
240.000000	0.670646243782	
260.000000	0.656819721213	
280.000000	0.643686815169	
300.000000	0.631182815660	
320.000000	0.619246980732	
340.000000	0.607322076273	
360.000000	0.596297800988	
380.000000	0.585848400686	
400.000000	0.575801401352	
420.000000	0.566067889681	
440.000000	0.556593629576	
460.000000	0.547340404439	
480.000000	0.538278455401	
500.000000	0.529382874846	
520.000000	0.515058445556	
540.000000	0.501890522816	
560.000000	0.489961449171	
580.000000	0.479255778011	
600.000000	0.469784464770	
620.000000	0.461573886075	
640.000000	0.454653549813	
660.000000	0.449044511908	
680.000000	0.444750243692	
700.000000	0.441751950139	
720.000000	0.440008575415	
740.000000	0.439459857830	
760.000000	0.440030463464	
780.000000	0.441633967188	
800.000000	0.444176304631	
820.000000	0.447558708334	
840.000000	0.451680214183	
860.000000	0.456439799846	
880.000000	0.461738176935	
900.000000	0.467479252344	
920.000000	0.473571280200	
940.000000	0.479927728358	
960.000000	0.486467890071	
980.000000	0.493117326639	
1000.000000	0.499808166335	
1020.000000	0.506479225484	
1040.000000	0.513075988026	
1060.000000	0.519550681160	
1080.000000	0.525862151439	
1100.000000	0.531975720775	
1120.000000	0.537862906087	
1140.000000	0.543501171505	
1160.000000	0.548873649507	
1180.000000	0.553968726715	
1200.000000	0.558779617126	
1220.000000	0.563303889736	
1240.000000	0.567542965787	
1260.000000	0.571501596428	
1280.000000	0.575187334381	
1300.000000	0.578610013652	
1320.000000	0.581781250539	
1340.000000	0.584713977478	
1360.000000	0.587422018830	
1380.000000	0.589919714897	
1400.000000	0.592221597562	
1420.000000	0.594342118306	
1440.000000	0.596295427042	
1460.000000	0.598095198531	
1480.000000	0.599754501864	
1500.000000	0.601285707852	
1520.000000	0.602700428884	
1540.000000	0.604009485876	
1560.000000	0.605222897260	
1580.000000	0.606349885449	
1600.000000	0.607398896707	
1620.000000	0.608377630992	
1640.000000	0.609293078846	
1660.000000	0.610151562940	
1680.000000	0.610958782360	
1700.000000	0.611719858084	
1720.000000	0.612439378482	
1740.000000	0.613121443947	
1760.000000	0.613769709987	
1780.000000	0.614387428315	
1800.000000	0.614977485642	
1820.000000	0.615542439967	
1840.000000	0.616084554279	
1860.000000	0.616605827669	
1880.000000	0.617108023860	
1900.000000	0.617592697266	
1920.000000	0.618061216666	
1940.000000	0.618514786633	
1960.000000	0.618954466851	
1980.000000	0.619381189473	
2000.000000	0.619795774666	
2020.000000	0.620198944483	
2040.000000	0.620591335215	
2060.000000	0.620973508360	
2080.000000	0.621345960324	
2100.000000	0.621709130997	
2120.000000	0.622063411300	
2140.000000	0.622409149817	
2160.000000	0.622746658614	
2180.000000	0.623076218315	
2200.000000	0.623398082540	
2220.000000	0.623712481758	
2240.000000	0.624019626634	
2260.000000	0.624319710925	
2280.000000	0.624612913978	
2300.000000	0.624899402879	
2320.000000	0.625179334300	
2340.000000	0.625452856072	
2360.000000	0.625720108536	
2380.000000	0.625981225673	
2400.000000	0.626236336077	
2420.000000	0.626485563764	
2440.000000	0.626729028848	
2460.000000	0.626966848109	
2480.000000	0.627199135463	
2500.000000	0.627426002338	
