0.000000	0.019015515686	
20.000000	0.019016363101	
40.000000	0.019016427113	
60.000000	0.019016452417	
80.000000	0.019016484656	
100.000000	0.019016522482	
120.000000	0.019021614761	
140.000000	0.019065206476	
160.000000	0.019138588710	
180.000000	0.019220803239	
200.000000	0.019306463605	
220.000000	0.019393400124	
240.000000	0.019480723898	
260.000000	0.019567983418	
280.000000	0.019654891992	
300.000000	0.019741239162	
320.000000	0.019826859296	
340.000000	0.019911292031	
360.000000	0.019994149104	
380.000000	0.020075686005	
400.000000	0.020156009120	
420.000000	0.020235132527	
440.000000	0.020313039892	
460.000000	0.020389709237	
480.000000	0.020465121591	
500.000000	0.020539263607	
520.000000	0.020610438994	
540.000000	0.020674917026	
560.000000	0.020732680643	
580.000000	0.020784236632	
600.000000	0.020830100652	
620.000000	0.020870748321	
640.000000	0.020906612144	
660.000000	0.020938086459	
680.000000	0.020965533787	
700.000000	0.020989290305	
720.000000	0.021009669598	
740.000000	0.021026964748	
760.000000	0.021041449345	
780.000000	0.021053377982	
800.000000	0.021062986636	
820.000000	0.021070493114	
840.000000	0.021076097629	
860.000000	0.021079983523	
880.000000	0.021082318109	
900.000000	0.021083253616	
920.000000	0.021082928202	
940.000000	0.021081466995	
960.000000	0.021078983136	
980.000000	0.021075578796	
1000.000000	0.021071346146	
1020.000000	0.021066368401	
1040.000000	0.021060720264	
1060.000000	0.021054469008	
1080.000000	0.021047675162	
1100.000000	0.021040393086	
1120.000000	0.021032671538	
1140.000000	0.021024554190	
1160.000000	0.021016080082	
1180.000000	0.021007284052	
1200.000000	0.020998197130	
1220.000000	0.020988846910	
1240.000000	0.020979257891	
1260.000000	0.020969451798	
1280.000000	0.020959447893	
1300.000000	0.020949263252	
1320.000000	0.020938913031	
1340.000000	0.020928410710	
1360.000000	0.020917768317	
1380.000000	0.020906996622	
1400.000000	0.020896105323	
1420.000000	0.020885103199	
1440.000000	0.020873998250	
1460.000000	0.020862797810	
1480.000000	0.020851508655	
1500.000000	0.020840137084	
1520.000000	0.020828688991	
1540.000000	0.020817169923	
1560.000000	0.020805585133	
1580.000000	0.020793939614	
1600.000000	0.020782238140	
1620.000000	0.020770485283	
1640.000000	0.020758685442	
1660.000000	0.020746842856	
1680.000000	0.020734961621	
1700.000000	0.020723045699	
1720.000000	0.020711098927	
1740.000000	0.020699125026	
1760.000000	0.020687127606	
1780.000000	0.020675110169	
1800.000000	0.020663076118	
1820.000000	0.020651028756	
1840.000000	0.020638971289	
1860.000000	0.020626906832	
1880.000000	0.020614838408	
1900.000000	0.020602768951	
1920.000000	0.020590701309	
1940.000000	0.020578638244	
1960.000000	0.020566582435	
1980.000000	0.020554536479	
2000.000000	0.020542502894	
2020.000000	0.020530484119	
2040.000000	0.020518482516	
2060.000000	0.020506500373	
2080.000000	0.020494539901	
2100.000000	0.020482603244	
2120.000000	0.020470692472	
2140.000000	0.020458809586	
2160.000000	0.020446956522	
2180.000000	0.020435135149	
2200.000000	0.020423347270	
2220.000000	0.020411594627	
2240.000000	0.020399878902	
2260.000000	0.020388201713	
2280.000000	0.020376564623	
2300.000000	0.020364969137	
2320.000000	0.020353416704	
2340.000000	0.020341908718	
2360.000000	0.020330446522	
2380.000000	0.020319031406	
2400.000000	0.020307664609	
2420.000000	0.020296347322	
2440.000000	0.020285080688	
2460.000000	0.020273865803	
2480.000000	0.020262703717	
2500.000000	0.020251595436	
