0.000000	0.041737565455	
20.000000	0.041741156067	
40.000000	0.041741373096	
60.000000	0.041741423506	
80.000000	0.041741503455	
100.000000	0.041741607057	
120.000000	0.041720365874	
140.000000	0.041829978300	
160.000000	0.042050789624	
180.000000	0.042301219733	
200.000000	0.042563392383	
220.000000	0.042830063417	
240.000000	0.043098373838	
260.000000	0.043366925890	
280.000000	0.043634843601	
300.000000	0.043901476256	
320.000000	0.044166298789	
340.000000	0.044428380413	
360.000000	0.044685702837	
380.000000	0.044939110195	
400.000000	0.045188994629	
420.000000	0.045435401458	
440.000000	0.045678255230	
460.000000	0.045917453309	
480.000000	0.046152899646	
500.000000	0.046384515875	
520.000000	0.046611945833	
540.000000	0.046819122635	
560.000000	0.047004928567	
580.000000	0.047170799656	
600.000000	0.047318283444	
620.000000	0.047448821435	
640.000000	0.047563733284	
660.000000	0.047664233396	
680.000000	0.047751452916	
700.000000	0.047826457866	
720.000000	0.047890259869	
740.000000	0.047943819961	
760.000000	0.047988048123	
780.000000	0.048023801207	
800.000000	0.048051880924	
820.000000	0.048073032643	
840.000000	0.048087945209	
860.000000	0.048097251762	
880.000000	0.048101531418	
900.000000	0.048101311652	
920.000000	0.048097071195	
940.000000	0.048089243251	
960.000000	0.048078218895	
980.000000	0.048064350462	
1000.000000	0.048047954831	
1020.000000	0.048029317288	
1040.000000	0.048008692312	
1060.000000	0.047986307927	
1080.000000	0.047962368028	
1100.000000	0.047937054289	
1120.000000	0.047910528130	
1140.000000	0.047882932517	
1160.000000	0.047854393527	
1180.000000	0.047825021889	
1200.000000	0.047794914419	
1220.000000	0.047764155367	
1240.000000	0.047732817710	
1260.000000	0.047700964390	
1280.000000	0.047668649483	
1300.000000	0.047635919325	
1320.000000	0.047602813550	
1340.000000	0.047569366068	
1360.000000	0.047535605950	
1380.000000	0.047501558225	
1400.000000	0.047467244593	
1420.000000	0.047432684037	
1440.000000	0.047397893360	
1460.000000	0.047362887627	
1480.000000	0.047327680547	
1500.000000	0.047292284770	
1520.000000	0.047256712142	
1540.000000	0.047220973896	
1560.000000	0.047185080805	
1580.000000	0.047149043301	
1600.000000	0.047112871559	
1620.000000	0.047076575564	
1640.000000	0.047040165149	
1660.000000	0.047003650029	
1680.000000	0.046967039817	
1700.000000	0.046930344031	
1720.000000	0.046893572097	
1740.000000	0.046856733347	
1760.000000	0.046819837014	
1780.000000	0.046782892221	
1800.000000	0.046745907975	
1820.000000	0.046708893156	
1840.000000	0.046671856509	
1860.000000	0.046634806633	
1880.000000	0.046597751973	
1900.000000	0.046560700813	
1920.000000	0.046523661267	
1940.000000	0.046486641277	
1960.000000	0.046449648604	
1980.000000	0.046412690822	
2000.000000	0.046375775323	
2020.000000	0.046338909305	
2040.000000	0.046302099777	
2060.000000	0.046265353554	
2080.000000	0.046228677258	
2100.000000	0.046192077319	
2120.000000	0.046155559976	
2140.000000	0.046119131275	
2160.000000	0.046082797075	
2180.000000	0.046046563045	
2200.000000	0.046010434672	
2220.000000	0.045974417259	
2240.000000	0.045938515930	
2260.000000	0.045902735630	
2280.000000	0.045867081134	
2300.000000	0.045831557042	
2320.000000	0.045796167790	
2340.000000	0.045760917648	
2360.000000	0.045725810726	
2380.000000	0.045690850976	
2400.000000	0.045656042197	
2420.000000	0.045621388035	
2440.000000	0.045586891993	
2460.000000	0.045552557426	
2480.000000	0.045518387551	
2500.000000	0.045484385447	
