0.000000	-65.999999999999772626	
20.000000	-65.713455151442403235	
40.000000	-65.705737314621401879	
60.000000	-65.719213952566661874	
80.000000	-65.729821051002403465	
100.000000	-65.735226135916533963	
120.000000	-73.457245698116665267	
140.000000	-72.325378641803823143	
160.000000	-71.123919550164558245	
180.000000	-69.969304863922786808	
200.000000	-68.891011431901787887	
220.000000	-67.895366289871759591	
240.000000	-66.972976836938215683	
260.000000	-66.112881262329281640	
280.000000	-65.305698623413746873	
300.000000	-64.543835345202666076	
320.000000	-63.820919729364653961	
340.000000	-63.100760169100205133	
360.000000	-62.436204180720309864	
380.000000	-61.805598292955231443	
400.000000	-61.197573722065932600	
420.000000	-60.604392249813166416	
440.000000	-60.017937238723284565	
460.000000	-59.424776064967900879	
480.000000	-58.784835190109774317	
495.760000	-56.892856712724857005	
495.960000	-50.520640815803780299	
496.160000	-44.684750175825854512	
496.360000	-34.510490586012622316	
496.560000	7.148166254469712655	
496.760000	11.623618676041717279	
496.960000	6.652151548429984018	
497.160000	-2.061895279278664450	
497.360000	-8.900158273935199205	
497.560000	-13.749016598480892526	
497.760000	-18.752753056623625127	
497.960000	-24.741967558641285052	
498.160000	-32.625225680015624619	
498.360000	-44.320890380149712939	
498.560000	-51.643270612643995321	
498.760000	-55.391723840057082384	
518.760000	-58.209843088158400803	
527.800000	-56.996352777158669767	
528.000000	-56.929893171075242719	
528.200000	-56.848139649455887934	
528.400000	-56.739663946648420279	
528.600000	-56.574209664190462377	
528.800000	-56.214586464776608921	
529.000000	-52.380049927843565172	
529.200000	-45.678009814808547162	
529.400000	-35.441489304600516164	
529.600000	7.189096832339476606	
529.800000	13.506633462574583859	
530.000000	8.871899440346163956	
530.200000	0.053771331301591230	
530.400000	-7.803499650415693267	
530.600000	-12.924954810468554101	
530.800000	-17.656582047177554529	
531.000000	-23.106631578506661384	
531.200000	-30.088095181380680287	
531.400000	-40.392176121145752177	
531.600000	-48.961816550591329644	
531.800000	-53.155421647762764792	
532.000000	-55.689282662089595988	
550.500000	-56.998124792611250200	
550.700000	-56.969140682548506049	
550.900000	-56.939804019139700131	
551.100000	-56.910077042728794083	
551.300000	-56.879916714664176425	
551.500000	-56.849273708150271034	
551.700000	-56.818091142944837202	
551.900000	-56.786302982077636159	
552.100000	-56.753831977463043756	
552.300000	-56.720587003931939307	
552.500000	-56.686459551367022414	
552.700000	-56.651319036986180322	
552.900000	-56.615006431228543704	
553.100000	-56.577325419126395900	
553.300000	-56.538029868708797210	
553.500000	-56.496805603774838289	
553.700000	-56.453243096900656894	
553.900000	-56.406795114457501938	
554.100000	-56.356708249098581121	
554.300000	-56.301906550825904674	
554.500000	-56.240781050836332611	
554.700000	-56.170777582060487987	
554.900000	-56.087499635743789383	
555.100000	-55.982442483063046268	
555.300000	-55.835795621166795399	
555.500000	-55.581620062296948959	
555.700000	-54.503638761907943433	
555.900000	-47.468429207147686100	
556.100000	-39.031707622945468472	
556.300000	-1.171995956539900519	
556.500000	13.857887997489330090	
556.700000	11.322848869358541180	
556.900000	3.189706600858204677	
557.100000	-5.670172119254228704	
557.300000	-11.409755471362728940	
557.500000	-16.065646547413017231	
557.700000	-20.969702927843293594	
557.900000	-27.027529167129468846	
558.100000	-35.503559136040124145	
558.300000	-45.405721616428792231	
558.500000	-50.758718874347628969	
558.700000	-53.809781492569619843	
558.900000	-55.686354925970498186	
559.100000	-56.710453810061835611	
570.940000	-56.999363202975224851	
571.140000	-56.970354022984899700	
571.340000	-56.941192978936726377	
571.540000	-56.911877435211103204	
571.740000	-56.882403684362920160	
571.940000	-56.852766914709945922	
572.140000	-56.822961165769015679	
572.340000	-56.792979270241680467	
572.540000	-56.762812781308092269	
572.740000	-56.732451882882763528	
572.940000	-56.701885280778057563	
573.140000	-56.671100071582223734	
573.340000	-56.640081585372350048	
573.540000	-56.608813197671295825	
573.740000	-56.577276104748321472	
573.940000	-56.545449054619943752	
574.140000	-56.513308024346663672	
574.340000	-56.480825831584354546	
574.540000	-56.447971664941675840	
574.740000	-56.414710512753096339	
574.940000	-56.381002464363533022	
575.140000	-56.346801849380952376	
575.340000	-56.312056168055249827	
575.540000	-56.276704751120533388	
575.740000	-56.240677063224580934	
575.940000	-56.203890531573065914	
576.140000	-56.166247732424260164	
576.340000	-56.127632695464548362	
576.540000	-56.087905974512999308	
576.740000	-56.046897959130781430	
576.940000	-56.004399621247728192	
577.140000	-55.960149427707449377	
577.340000	-55.913814355212451801	
577.540000	-55.864961528961934789	
577.740000	-55.813014368911410656	
577.940000	-55.757181939404958371	
578.140000	-55.696339320077619561	
578.340000	-55.628812145791471266	
578.540000	-55.551956722678070832	
578.740000	-55.461251463877864865	
578.940000	-55.348019337992681699	
579.140000	-55.192270637568711322	
579.340000	-54.928753142795983422	
579.540000	-53.905588940330318337	
579.740000	-46.922382832105647310	
579.940000	-37.744512726222566812	
580.140000	2.413779798920430153	
580.340000	14.232835115429127271	
580.540000	11.259260638646825470	
580.740000	3.007116458645532120	
580.940000	-5.831300584096014816	
581.140000	-11.570448942544349080	
581.340000	-16.192901283538677859	
581.540000	-20.970024489516415400	
581.740000	-26.820283541647498282	
581.940000	-34.920140322716896719	
582.140000	-44.482953046467684999	
582.340000	-49.912393944392064782	
582.540000	-53.007992162967674687	
582.740000	-54.958591691043359617	
582.940000	-56.050157278589409771	
583.140000	-56.642330536496224624	
583.340000	-56.961498121845167475	
590.500000	-56.998418736139370822	
590.700000	-56.971826557071970853	
590.900000	-56.944755377888263581	
591.100000	-56.917238253596735831	
591.300000	-56.889304914782591993	
591.500000	-56.860981997695766665	
591.700000	-56.832293258423419502	
591.900000	-56.803259770678103280	
592.100000	-56.773900106186005132	
592.300000	-56.744230496937490216	
592.500000	-56.714264979477725603	
592.700000	-56.684015521566585960	
592.900000	-56.653492131416399502	
593.100000	-56.622702949636270375	
593.300000	-56.591654324614921734	
593.500000	-56.560350871150369301	
593.700000	-56.528795512461300632	
593.900000	-56.496989505749326099	
594.100000	-56.464932450568966260	
594.300000	-56.432622279401655874	
594.500000	-56.400055230081122204	
594.700000	-56.367225797730064585	
594.900000	-56.334126665183099192	
595.100000	-56.300748609364241304	
595.300000	-56.267080380307810117	
595.500000	-56.233108549018936628	
595.700000	-56.198817319281872074	
595.900000	-56.164188296952097801	
596.100000	-56.129200208612637368	
596.300000	-56.093828559424167679	
596.500000	-56.058045216798554122	
596.700000	-56.021817903006621009	
596.900000	-55.985109574369595009	
597.100000	-55.947877658269263179	
597.300000	-55.910073109506946309	
597.500000	-55.871639234691841125	
597.700000	-55.832510215410444232	
597.900000	-55.792609234656382000	
598.100000	-55.751846074969272138	
598.300000	-55.710114000188376338	
598.500000	-55.667285652736204327	
598.700000	-55.623207570800232702	
598.900000	-55.577692733136565550	
599.100000	-55.530510220261504628	
599.300000	-55.481370550030916888	
599.500000	-55.429904332577443427	
599.700000	-55.375630250688558931	
599.900000	-55.317905294324290821	
600.100000	-55.255844065805689524	
600.300000	-55.188181005279346891	
600.500000	-55.113019533831817398	
600.700000	-55.027335932549618747	
600.900000	-54.925883195133948789	
601.100000	-54.798355184403014562	
601.300000	-54.619984481455659875	
601.500000	-54.301403902617082053	
601.700000	-52.434946348204590549	
601.900000	-44.967603334871739662	
602.100000	-32.533844232826837128	
602.300000	8.933331074733311894	
602.500000	14.573488770297357675	
602.700000	9.843612852441149030	
602.900000	1.006113799485607974	
603.100000	-7.310806351398285052	
603.300000	-12.688130275344876807	
603.500000	-17.246259391297847685	
603.700000	-22.071152181457517116	
603.900000	-28.079748399832649142	
604.100000	-36.446838437172452529	
604.300000	-45.208542176022888270	
604.500000	-49.991344509681617581	
604.700000	-52.873111531224488147	
604.900000	-54.672700030139168348	
605.100000	-55.686220084232175509	
605.300000	-56.245338621230672516	
605.500000	-56.552424231601847282	
605.700000	-56.720051451546538601	
605.900000	-56.810676924389213127	
606.100000	-56.859225333618894638	
606.300000	-56.885276882481157656	
606.500000	-56.899715429892658847	
606.700000	-56.908444095565286602	
606.900000	-56.914510768620424130	
607.100000	-56.919344842540432694	
607.300000	-56.923483128064077619	
607.500000	-56.926995692350480738	
607.700000	-56.929732856349232861	
607.900000	-56.931464881659827881	
608.100000	-56.931957355269467769	
608.300000	-56.931008437147461620	
608.500000	-56.928463973923001618	
608.700000	-56.924220246001304702	
608.900000	-56.918220261148071870	
609.100000	-56.910447104066655299	
609.300000	-56.900916368760434239	
609.500000	-56.889668780613867227	
609.700000	-56.876763561861530150	
609.900000	-56.862272764846970574	
610.100000	-56.846276610037200783	
610.300000	-56.828859766144766752	
610.500000	-56.810108463351525643	
610.700000	-56.790108314394267097	
610.900000	-56.768942718724900942	
611.100000	-56.746691737859272564	
611.300000	-56.723431341839663844	
611.500000	-56.699232943189521450	
611.700000	-56.674163149528283157	
611.900000	-56.648283678245029193	
612.100000	-56.621651388732686883	
612.300000	-56.594318397133683618	
612.500000	-56.566332246168485653	
612.700000	-56.537736108982279859	
612.900000	-56.508569011159018203	
613.100000	-56.478866059742188099	
613.300000	-56.448658669517719488	
613.500000	-56.417974781107822935	
613.700000	-56.386839066235260987	
613.900000	-56.355273117043914510	
614.100000	-56.323295617059478957	
614.300000	-56.290922493081978928	
614.500000	-56.258167046308862780	
614.700000	-56.225040062761394211	
614.900000	-56.191549901824821234	
615.100000	-56.157702562536840674	
615.300000	-56.123501727396742922	
615.500000	-56.088948782096188950	
615.700000	-56.054042810355568349	
615.900000	-56.018780562142588053	
616.100000	-55.983156393133263862	
616.300000	-55.947162172208891207	
616.500000	-55.910787153797706139	
616.700000	-55.874017809431428816	
616.900000	-55.836837612911487838	
617.100000	-55.799226770603752357	
617.300000	-55.761161886879847316	
617.500000	-55.722615551107438137	
617.700000	-55.683555829386669700	
617.900000	-55.643945638324638026	
618.100000	-55.603741972045597208	
618.300000	-55.562894943524817393	
618.500000	-55.521346588613504025	
618.700000	-55.479029363456255908	
618.900000	-55.435864239479720084	
619.100000	-55.391758264217664021	
619.300000	-55.346601401596380754	
619.500000	-55.300262384377496971	
619.700000	-55.252583188665759906	
619.900000	-55.203371546888391208	
620.100000	-55.152390606510280691	
620.300000	-55.099344329118032704	
620.500000	-55.043856347540959462	
620.700000	-54.985438436905099024	
620.900000	-54.923441844227880893	
621.100000	-54.856978994028033014	
621.300000	-54.784791067955097787	
621.500000	-54.705009653682616033	
621.700000	-54.614692136344793028	
621.900000	-54.508814642892431834	
622.100000	-54.377736598441977378	
622.300000	-54.199154057748280877	
622.500000	-53.898951577980923844	
622.700000	-52.660417255305304707	
622.900000	-45.398829325893956366	
623.100000	-33.795750105817589315	
623.300000	7.683131105193261590	
623.500000	14.817910962442786271	
623.700000	10.691017649396282962	
623.900000	1.986003324807126713	
624.100000	-6.695747373327631813	
624.300000	-12.324131505922840901	
624.500000	-16.918355326374477698	
624.700000	-21.621672884411680116	
624.900000	-27.327153972220092015	
625.100000	-35.128609140896237761	
625.300000	-43.907326392163575690	
625.500000	-49.037727739515638348	
625.700000	-52.079196716303691517	
625.900000	-54.031948124332053851	
626.100000	-55.158303344344986385	
626.300000	-55.791575337449259564	
626.500000	-56.146658244516061131	
626.700000	-56.345192166303839088	
626.900000	-56.455567991873081723	
627.100000	-56.516578432532284637	
627.300000	-56.550344619088456000	
627.500000	-56.569428454721382593	
627.700000	-56.580841475777553740	
627.900000	-56.588359969249133030	
628.100000	-56.593886932293337111	
628.300000	-56.598261960486986766	
628.500000	-56.601743930981783137	
628.700000	-56.604296640227943271	
628.900000	-56.605754758239520186	
629.100000	-56.605916996254904916	
629.300000	-56.604595302220459985	
629.500000	-56.601637903569823607	
629.700000	-56.596937230197134738	
629.900000	-56.590429504404333727	
630.100000	-56.582090119772786352	
630.300000	-56.571927257815346479	
630.500000	-56.559975141300711243	
630.700000	-56.546287678731502524	
630.900000	-56.530932858504662875	
631.100000	-56.513988021533528183	
631.300000	-56.495536008099016101	
631.500000	-56.475662108189133903	
631.700000	-56.454451713231598831	
631.900000	-56.431988558808917844	
632.100000	-56.408353452602376876	
632.300000	-56.383623391541405567	
632.500000	-56.357870985138227127	
632.700000	-56.331164114650228214	
632.900000	-56.303565769919543982	
633.100000	-56.275134018616199683	
633.300000	-56.245922068476104982	
633.500000	-56.215978394488551828	
633.700000	-56.185346907679580397	
633.900000	-56.154067148130557996	
634.100000	-56.122174488261208580	
634.300000	-56.089700337050331314	
634.500000	-56.056672336993209171	
634.700000	-56.023114548747180663	
634.900000	-55.989047618862912259	
635.100000	-55.954488927866584902	
635.300000	-55.919452716241274004	
635.500000	-55.883950186237335345	
635.700000	-55.847989578008096601	
635.900000	-55.811576217956762491	
636.100000	-55.774712538093524472	
636.300000	-55.737398063580762653	
636.500000	-55.699629365650118018	
636.700000	-55.661399977222913549	
636.900000	-55.622700265640780515	
637.100000	-55.583517257855774574	
637.300000	-55.543834409939954355	
637.500000	-55.503631312308378654	
637.700000	-55.462883318006674926	
637.900000	-55.421561078724316474	
638.100000	-55.379629968424517017	
638.300000	-55.337049367963864199	
638.500000	-55.293771776322891753	
638.700000	-55.249741701861410093	
638.900000	-55.204894272030166746	
639.100000	-55.159153477455582504	
639.300000	-55.112429934448471158	
639.500000	-55.064618004816452412	
639.700000	-55.015592043554029544	
639.900000	-54.965201443207760690	
640.100000	-54.913263986634810010	
640.300000	-54.859556770555990113	
640.500000	-54.803803559072719054	
640.700000	-54.745656746617008537	
640.900000	-54.684670929761111324	
641.100000	-54.620262941875125762	
641.300000	-54.551649115081893626	
641.500000	-54.477742260719232092	
641.700000	-54.396972899857594541	
641.900000	-54.306956702396959713	
642.100000	-54.203817171339295555	
642.300000	-54.080624593820104451	
642.500000	-53.923083738236655904	
642.700000	-53.693463320275476747	
642.900000	-53.215890902092574777	
643.100000	-48.915626860226680606	
643.300000	-40.576531464435767305	
643.500000	-11.132916707600278627	
643.700000	13.812608161924561756	
643.900000	13.852621626965083479	
644.100000	6.640147215464408781	
644.300000	-2.857225232951503102	
644.500000	-9.928284111502286180	
644.700000	-14.887383111158785098	
644.900000	-19.429101949236386560	
645.100000	-24.471039799881072696	
645.300000	-30.943450209812109364	
645.500000	-39.560393511024010138	
645.700000	-46.447681580715723726	
645.900000	-50.231572256913352703	
646.100000	-52.717271174490193175	
646.300000	-54.254807736493425807	
646.500000	-55.141147867770648361	
646.700000	-55.648353685844959671	
646.900000	-55.938945311210019895	
647.100000	-56.105462667248119146	
647.300000	-56.200848665021538864	
647.500000	-56.255676049413587236	
647.700000	-56.287656227631110539	
647.900000	-56.306981889152069698	
648.100000	-56.319406616972131019	
648.300000	-56.328060342536062421	
648.500000	-56.334536501067859149	
648.700000	-56.339548234087970968	
648.900000	-56.343324385005509214	
649.100000	-56.345846299698820303	
649.300000	-56.346986629633612154	
649.500000	-56.346587852723374112	
649.700000	-56.344504008979313880	
649.900000	-56.340620363861980024	
650.100000	-56.334860201872935193	
650.300000	-56.327184468128372430	
650.500000	-56.317587762460341594	
650.700000	-56.306092784436657439	
650.900000	-56.292744441941792388	
651.100000	-56.277604282372891475	
651.300000	-56.260745566607162971	
651.500000	-56.242249103911049701	
651.700000	-56.222199849952914974	
651.900000	-56.200684210109145056	
652.100000	-56.177787960937926925	
652.300000	-56.153594695256643377	
652.500000	-56.128184697745858500	
652.700000	-56.101634167750937365	
652.900000	-56.074014715167201928	
653.100000	-56.045393066929690917	
653.300000	-56.015830933253738522	
653.500000	-55.985384990329265520	
653.700000	-55.954106947031633013	
653.900000	-55.922043667550177304	
654.100000	-55.889237329753356676	
654.300000	-55.855725602730473156	
654.500000	-55.821541830974069853	
654.700000	-55.786715215492399977	
654.900000	-55.751270984539651465	
655.100000	-55.715230548173494185	
655.300000	-55.678611632502978068	
655.500000	-55.641428389660433140	
655.700000	-55.603691480465421648	
655.900000	-55.565408126861505878	
656.100000	-55.526582131381481133	
656.300000	-55.487213860082654548	
656.500000	-55.447300185099805958	
656.700000	-55.406834382343930656	
656.900000	-55.365805978719777158	
657.100000	-55.324200540878393895	
657.300000	-55.281999396727627527	
657.500000	-55.239179277559081527	
657.700000	-55.195711865278262565	
657.900000	-55.151563224977763866	
658.100000	-55.106693096240555008	
658.300000	-55.061054009701400958	
658.500000	-55.014590182803473795	
658.700000	-54.967236134338158138	
658.900000	-54.918914935452455950	
659.100000	-54.869535984330020995	
659.300000	-54.818992147536370396	
659.500000	-54.767156046544918979	
659.700000	-54.713875170495519740	
659.900000	-54.658965347231678322	
660.100000	-54.602201870790239013	
660.300000	-54.543307205994153719	
660.500000	-54.481933560538060135	
660.700000	-54.417637530921822986	
660.900000	-54.349842075410840891	
661.100000	-54.277777389758313120	
661.300000	-54.200384922369522656	
661.500000	-54.116153095415114649	
661.700000	-54.022816905339048787	
661.900000	-53.916759537252318069	
662.100000	-53.791674322888049176	
662.300000	-53.635030440539459562	
662.500000	-53.415878926670856686	
662.700000	-53.012966440620949982	
662.900000	-50.118698378508049984	
663.100000	-41.960508857612758504	
663.300000	-19.078520155741710340	
663.500000	12.957947401476024751	
663.700000	14.756278062575924892	
663.900000	8.248873813369257846	
664.100000	-1.291204230747700743	
664.300000	-9.065430443066917476	
664.500000	-14.284289050924273923	
664.700000	-18.847480283418573066	
664.900000	-23.721399054041690135	
665.100000	-29.781555901114906248	
665.300000	-37.895722372016450663	
665.500000	-45.212225338765563265	
665.700000	-49.316298736768729327	
665.900000	-51.983920629949771808	
666.100000	-53.695223928159947491	
666.300000	-54.702009434367575125	
666.500000	-55.288256227196498571	
666.700000	-55.630927454289349043	
666.900000	-55.832087237791817813	
667.100000	-55.950698987406696006	
667.300000	-56.021197419441975285	
667.500000	-56.063820370722574182	
667.700000	-56.090436832271414858	
667.900000	-56.107920832810272316	
668.100000	-56.120152205733923267	
668.300000	-56.129224375922568413	
668.500000	-56.136181043358639897	
668.700000	-56.141466751719413253	
668.900000	-56.145201045513587701	
669.100000	-56.147342942650801945	
669.300000	-56.147787085065026247	
669.500000	-56.146417529957581394	
669.700000	-56.143135591568480436	
669.900000	-56.137872117643119907	
670.100000	-56.130590749558415098	
670.300000	-56.121286249943274527	
670.500000	-56.109980407331569552	
670.700000	-56.096717016903809849	
670.900000	-56.081556794844374281	
671.100000	-56.064572684911610168	
671.300000	-56.045845768361409966	
671.500000	-56.025461844447889348	
671.700000	-56.003508663942255907	
671.900000	-55.980073756482262581	
672.100000	-55.955242773877323259	
672.300000	-55.929098267492548757	
672.500000	-55.901718819789785186	
672.700000	-55.873178460663844191	
672.900000	-55.843546305291688725	
673.100000	-55.812886363107224952	
673.300000	-55.781257473466204999	
673.500000	-55.748713333418933757	
673.700000	-55.715302589448242543	
673.900000	-55.681068969792590906	
674.100000	-55.646051441252929237	
674.300000	-55.610284374980018640	
674.500000	-55.573797711389524068	
674.700000	-55.536617115320545679	
674.900000	-55.498764115117140250	
675.100000	-55.460256219749545892	
675.300000	-55.421107009691539247	
675.500000	-55.381326197385767784	
675.700000	-55.340919653388766619	
675.900000	-55.299889393694108719	
676.100000	-55.258233524334130493	
676.300000	-55.215946137273604677	
676.500000	-55.173017151128426860	
676.700000	-55.129432088659797273	
676.900000	-55.085171780789224272	
677.100000	-55.040211983473781743	
677.300000	-54.994522891142764820	
677.500000	-54.948068524304972016	
677.700000	-54.900805962985415931	
677.900000	-54.852684388287684669	
678.100000	-54.803643882362955253	
678.300000	-54.753613919996368509	
678.500000	-54.702511461129596171	
678.700000	-54.650238520051324542	
678.900000	-54.596679037950096358	
679.100000	-54.541694813188222213	
679.300000	-54.485120135517590256	
679.500000	-54.426754603232936347	
679.700000	-54.366353339437154091	
679.900000	-54.303613396582250061	
680.100000	-54.238154424543722598	
680.300000	-54.169490437929475490	
680.500000	-54.096987273822904285	
680.700000	-54.019796064829598947	
680.900000	-53.936744452662701121	
681.100000	-53.846148664658464611	
681.300000	-53.745465654703849623	
681.500000	-53.630588525030987057	
681.700000	-53.494232793122598935	
681.900000	-53.321511704941691789	
682.100000	-53.073608677302239300	
682.300000	-52.573357704009971769	
682.500000	-48.288742479228460525	
682.700000	-39.310609402611319751	
682.900000	-4.908172218779987439	
683.100000	14.778030482055202199	
683.300000	14.148809405168801590	
683.500000	6.471493830285297122	
683.700000	-3.290857044816782651	
683.900000	-10.424839801169502707	
684.100000	-15.463015581340565419	
684.300000	-20.043803843984189683	
684.500000	-25.073810734867048922	
684.700000	-31.439299448055407993	
684.900000	-39.623457970557176111	
685.100000	-46.009644623731020374	
685.300000	-49.655362553137564419	
685.500000	-52.115015808189625091	
685.700000	-53.668972243214717821	
685.900000	-54.591098722984952474	
686.100000	-55.137282204173814648	
686.300000	-55.463180226744576373	
686.500000	-55.659210747885502713	
686.700000	-55.778256758443369279	
686.900000	-55.851613027447740478	
687.100000	-55.897918076210402205	
687.300000	-55.928253282797278700	
687.500000	-55.949133429148481866	
687.700000	-55.964302693896534890	
687.900000	-55.975831820188112431	
688.100000	-55.984794942028592857	
688.300000	-55.991688148544177750	
688.500000	-55.996687070754617821	
688.700000	-55.999803336033565415	
688.900000	-56.000977375499559230	
689.100000	-56.000131350559257726	
689.300000	-55.997197363799983805	
689.500000	-55.992130645050266935	
689.700000	-55.984913882523855477	
689.900000	-55.975556593638465586	
690.100000	-55.964091953480959774	
690.300000	-55.950572550479193978	
690.500000	-55.935065927487286785	
690.700000	-55.917650379227588076	
690.900000	-55.898411239184589760	
691.100000	-55.877437743452162522	
691.300000	-55.854820472587853430	
691.500000	-55.830649329769464373	
691.700000	-55.805011991245962122	
691.900000	-55.777992757147536906	
692.100000	-55.749671733030730536	
692.300000	-55.720124277670457502	
692.500000	-55.689420660822989362	
692.700000	-55.657625882119553751	
692.900000	-55.624799610946453754	
693.100000	-55.590996213777046364	
693.300000	-55.556264842064905451	
693.500000	-55.520649559072438706	
693.700000	-55.484189488469091600	
693.900000	-55.446918970868871668	
694.100000	-55.408867717525104979	
694.300000	-55.370060953007481430	
694.500000	-55.330519539550927277	
694.700000	-55.290260076956762703	
694.900000	-55.249294973958690491	
695.100000	-55.207632485584333892	
695.300000	-55.165276711941402255	
695.500000	-55.122227553633194930	
695.700000	-55.078480618069491470	
695.900000	-55.034027069632998064	
696.100000	-54.988853415820479142	
696.300000	-54.942941218704270057	
696.500000	-54.896266718615805758	
696.700000	-54.848800353543971653	
696.900000	-54.800506152421277761	
697.100000	-54.751340974283699836	
697.300000	-54.701253556792266863	
697.500000	-54.650183325091170161	
697.700000	-54.598058896334734413	
697.900000	-54.544796192392468015	
698.100000	-54.490296040148571421	
698.300000	-54.434441093614189811	
698.500000	-54.377091842674765587	
698.700000	-54.318081372066039592	
698.900000	-54.257208378324676801	
699.100000	-54.194227707864499166	
699.300000	-54.128837287873651007	
699.500000	-54.060659668815851830	
699.700000	-53.989215278596638825	
699.900000	-53.913882483232541176	
700.100000	-53.833835786386941891	
700.300000	-53.747946033484105044	
700.500000	-53.654610626969024167	
700.700000	-53.551445164654964515	
700.900000	-53.434674056359170891	
701.100000	-53.297780965787339369	
701.300000	-53.127988295018482745	
701.500000	-52.894330527543417020	
701.700000	-52.479847947374643979	
701.900000	-49.795013208486700762	
702.100000	-41.304018801195503841	
702.300000	-15.229302333089593802	
702.500000	13.900228018502106764	
702.700000	15.338910697061448829	
702.900000	8.504730184229890355	
703.100000	-1.347539371720187340	
703.300000	-9.337636256595772011	
703.500000	-14.696699845133116114	
703.700000	-19.322147336812093954	
703.900000	-24.198103245423826735	
704.100000	-30.169969263495747924	
704.300000	-37.966386872250261320	
704.500000	-44.837328685518649252	
704.700000	-48.811637008156289141	
704.900000	-51.462196395820420491	
705.100000	-53.187769476918710154	
705.300000	-54.228017933482412616	
705.500000	-54.852622506552016546	
705.700000	-55.231337636116961676	
705.900000	-55.463602631022951073	
706.100000	-55.607926910665078424	
706.300000	-55.699199028085359942	
706.500000	-55.758415281188241863	
706.700000	-55.798235159684722362	
706.900000	-55.826242771012985600	
707.100000	-55.846911105921996921	
707.300000	-55.862808038612513428	
707.500000	-55.875345745558540500	
707.700000	-55.885248737603276936	
707.900000	-55.892845617371015976	
708.100000	-55.898249309078380520	
708.300000	-55.901466449839318784	
708.500000	-55.902461865524983864	
708.700000	-55.901194786808545700	
708.900000	-55.897637537564982324	
709.100000	-55.891783607005820045	
709.300000	-55.883649523595828157	
709.500000	-55.873273325960845170	
709.700000	-55.860711365975639353	
709.900000	-55.846034491922168286	
710.100000	-55.829324217230585248	
710.300000	-55.810669199963705012	
710.500000	-55.790162186168210212	
710.700000	-55.767897461847248053	
710.900000	-55.743968802594572765	
711.100000	-55.718467875122328792	
711.300000	-55.691483031593897124	
711.500000	-55.663098435905475014	
711.700000	-55.633393459812651827	
711.900000	-55.602442296391338061	
712.100000	-55.570313742084401554	
712.300000	-55.537071107372440792	
712.500000	-55.502772221738766234	
712.700000	-55.467469505856470846	
712.900000	-55.431210087546205045	
713.100000	-55.394035944264537363	
713.300000	-55.355984056971877294	
713.500000	-55.317086564271583882	
713.700000	-55.277370907588334603	
713.900000	-55.236859959098133288	
714.100000	-55.195572127633219850	
714.300000	-55.153521435664686123	
714.500000	-55.110717563563241583	
714.700000	-55.067165855312779854	
714.900000	-55.022867281171862430	
715.100000	-54.977818351736772229	
715.300000	-54.932010975731792257	
715.500000	-54.885432254443976774	
715.700000	-54.838064202214042098	
715.900000	-54.789883380124301482	
716.100000	-54.740860427371401897	
716.300000	-54.690959468745404592	
716.500000	-54.640137372232153723	
716.700000	-54.588342821234910218	
716.900000	-54.535515155328567971	
717.100000	-54.481582918560839346	
717.300000	-54.426462032674876923	
717.500000	-54.370053483055663435	
717.700000	-54.312240362944450567	
717.900000	-54.252884059035636710	
718.100000	-54.191819270122188357	
718.300000	-54.128847410220622294	
718.500000	-54.063727732451894781	
718.700000	-53.996165164631285904	
718.900000	-53.925793282851429922	
719.100000	-53.852149890806288113	
719.300000	-53.774640982487639462	
719.500000	-53.692485748658505429	
719.700000	-53.604629227373202127	
719.900000	-53.509596643306963415	
720.100000	-53.405235378258929302	
720.300000	-53.288221180768616136	
720.500000	-53.153011079988345955	
720.700000	-52.989278857165118097	
720.900000	-52.774081616835026409	
721.100000	-52.436197852788801299	
721.300000	-51.355255961094783856	
721.500000	-43.968248964408168433	
721.700000	-27.986062032053087734	
721.900000	11.238952743194619899	
722.100000	16.455351399516981559	
722.300000	11.368270969012906235	
722.500000	1.816339501366505571	
722.700000	-7.375885720282616020	
722.900000	-13.363386635502424227	
723.100000	-18.137201701293754752	
723.300000	-22.870091191680216980	
723.500000	-28.401081524775793952	
723.700000	-35.599710820101073239	
723.900000	-43.059581234966529451	
724.100000	-47.640580453687149998	
724.300000	-50.580610216023231374	
724.500000	-52.567963589439983707	
724.700000	-53.790116095791837836	
724.900000	-54.532212851089028050	
725.100000	-54.987841260008096356	
725.300000	-55.271638893526635172	
725.500000	-55.451271685429126990	
725.700000	-55.567254268950762253	
725.900000	-55.644143665520715558	
726.100000	-55.696909991496490022	
726.300000	-55.734663277207182830	
726.500000	-55.762894928957692287	
726.700000	-55.784855844145752712	
726.900000	-55.802416448459766229	
727.100000	-55.816607699476328719	
727.300000	-55.827961867150591502	
727.500000	-55.836726084511880686	
727.700000	-55.842994531064675812	
727.900000	-55.846788525991115648	
728.100000	-55.848103424620397561	
728.300000	-55.846934570082183313	
728.500000	-55.843290259618477478	
728.700000	-55.837196872951963655	
728.900000	-55.828699467546400115	
729.100000	-55.817859933384561089	
729.300000	-55.804754005301582254	
729.500000	-55.789467913162205548	
729.700000	-55.772095114984999498	
729.900000	-55.752733349829703968	
730.100000	-55.731482112256841788	
730.300000	-55.708440573439268917	
730.500000	-55.683705929110686839	
730.700000	-55.657372131777350432	
730.900000	-55.629528953089561583	
731.100000	-55.600261323366119370	
731.300000	-55.569648896068059685	
731.500000	-55.537765790366158569	
731.700000	-55.504680471897891891	
731.900000	-55.470455736864977325	
732.100000	-55.435148771332784179	
732.300000	-55.398811261312722820	
732.500000	-55.361489535539604390	
732.700000	-55.323224724866143731	
732.900000	-55.284052926040921250	
733.100000	-55.244005360632421286	
733.300000	-55.203108519953495659	
733.500000	-55.161384290896492644	
733.700000	-55.118850056035810780	
733.900000	-55.075518763373807474	
734.100000	-55.031398961772474365	
734.300000	-54.986494796201718316	
734.500000	-54.940805959056142171	
734.700000	-54.894327590615702661	
734.900000	-54.847050123111387165	
735.100000	-54.798959058915663434	
735.300000	-54.750034673503449767	
735.500000	-54.700251629406004383	
735.700000	-54.649578485442233955	
735.900000	-54.597977079498157593	
736.100000	-54.545401757566530421	
736.300000	-54.491798413570435855	
736.500000	-54.437103293151380967	
736.700000	-54.381241498801806245	
736.900000	-54.324125113303530554	
737.100000	-54.265650827937456313	
737.300000	-54.205696919292812197	
737.500000	-54.144119356902415063	
737.700000	-54.080746731234945912	
737.900000	-54.015373553993484279	
738.100000	-53.947751266703839690	
738.300000	-53.877575953648424445	
738.500000	-53.804471197364321711	
738.700000	-53.727963573762906435	
738.900000	-53.647446630370403398	
739.100000	-53.562126157580713937	
739.300000	-53.470933697190979217	
739.500000	-53.372383161829731080	
739.700000	-53.264318631729864251	
739.900000	-53.143435898948325757	
740.100000	-53.004279201911046471	
740.300000	-52.836821496963331413	
740.500000	-52.619244686390530319	
740.700000	-52.286503723925832787	
740.900000	-51.352885016410432684	
741.100000	-44.262695821706955712	
741.300000	-28.644203108222050957	
741.500000	11.248352690048603719	
741.700000	16.973890349704863212	
741.900000	12.071452667604308573	
742.100000	2.449110468194760859	
742.300000	-7.069884256927878141	
742.500000	-13.279561340037336237	
742.700000	-18.134020347091574621	
742.900000	-22.874791714123549724	
743.100000	-28.352011205154678208	
743.300000	-35.411306174073580166	
743.500000	-42.756641533273054279	
743.700000	-47.328457863064144817	
743.900000	-50.276399402963889429	
744.100000	-52.305506346844573784	
744.300000	-53.571178418681938638	
744.500000	-54.349597188684626303	
744.700000	-54.834782245034872972	
744.900000	-55.142575053635049187	
745.100000	-55.341728277552746817	
745.300000	-55.473656485225980362	
745.500000	-55.563649510996775405	
745.700000	-55.627268425005894414	
745.900000	-55.674095156058790224	
746.100000	-55.709994266903429150	
746.300000	-55.738509043092001605	
746.500000	-55.761737155075543626	
746.700000	-55.780884957871961660	
746.900000	-55.796619357895544056	
747.100000	-55.809290441550729156	
747.300000	-55.819070971758662836	
747.500000	-55.826042289645869232	
747.700000	-55.830245761315886455	
747.900000	-55.831712254086028224	
748.100000	-55.830477798159357405	
748.300000	-55.826590755255395493	
748.500000	-55.820113940585819989	
748.700000	-55.811123908536899307	
748.900000	-55.799708793148752761	
749.100000	-55.785965557276483651	
749.300000	-55.769997156849385078	
749.500000	-55.751909897716721787	
749.700000	-55.731811124090114618	
749.900000	-55.709807288345572829	
750.100000	-55.686002401854530319	
750.300000	-55.660496837355580624	
750.500000	-55.633386441054497595	
750.700000	-55.604761907031459600	
750.900000	-55.574708367182310553	
751.100000	-55.543305154819663016	
751.300000	-55.510625702561071648	
751.500000	-55.476737543038666445	
751.700000	-55.441702383653570507	
751.900000	-55.405576233551698806	
752.100000	-55.368409563554237707	
752.300000	-55.330247484046537920	
752.500000	-55.291129928886498135	
752.700000	-55.251091835711022782	
752.900000	-55.210163314381233590	
753.100000	-55.168369798109132773	
753.300000	-55.125732171299169693	
753.500000	-55.082266870258138169	
753.700000	-55.037985952094935271	
753.900000	-54.992897128526095685	
754.100000	-54.947003760200857414	
754.300000	-54.900304806709549155	
754.500000	-54.852794728106630373	
754.700000	-54.804463330284775680	
754.900000	-54.755295547782353083	
755.100000	-54.705271153399280593	
755.300000	-54.654364383512046288	
755.500000	-54.602543462763371451	
755.700000	-54.549770009141965943	
755.900000	-54.495998294125016059	
756.100000	-54.441174324698259568	
756.300000	-54.385234704616976842	
756.500000	-54.328105218563123913	
756.700000	-54.269699062961393565	
756.900000	-54.209914622616878432	
757.100000	-54.148632653016342431	
757.300000	-54.085712676118326669	
757.500000	-54.020988317706937210	
757.700000	-53.954261197007149065	
757.900000	-53.885292798970198191	
758.100000	-53.813793477948465238	
758.300000	-53.739407287086187637	
758.500000	-53.661690572954157119	
758.700000	-53.580080975790060904	
758.900000	-53.493851143359734124	
759.100000	-53.402037074974799680	
759.300000	-53.303322252604090181	
759.500000	-53.195839994858722832	
759.700000	-53.076812870290638102	
759.900000	-52.941834742905008682	
760.100000	-52.783260719038771924	
760.300000	-52.585913898816471601	
760.500000	-52.311898822090043382	
760.700000	-51.803535889217414478	
760.900000	-47.916633088146504349	
761.100000	-37.803907375315432660	
761.300000	1.550210759270156391	
761.500000	16.825652076896556508	
761.700000	15.484924139959467482	
761.900000	7.165099797120322300	
762.100000	-3.299117000220211704	
762.300000	-10.966361122425801966	
762.500000	-16.290260802070402946	
762.700000	-21.005278015327572660	
762.900000	-26.084963697306527308	
763.100000	-32.379234042754298173	
763.300000	-39.971835502480686841	
763.500000	-45.600191824171339761	
763.700000	-48.999061388166310849	
763.900000	-51.397712231793533988	
764.100000	-52.960420178999015661	
764.300000	-53.931340895750579989	
764.500000	-54.540578027826974505	
764.700000	-54.930424977679315646	
764.900000	-55.185467672210215540	
765.100000	-55.356567714335128017	
765.300000	-55.474807988301904516	
765.500000	-55.559406252068995968	
765.700000	-55.622307048524056938	
765.900000	-55.670927143322778363	
766.100000	-55.709840823443705915	
766.300000	-55.741834994382941204	
766.500000	-55.768578204261473275	
766.700000	-55.791047557372372978	
766.900000	-55.809801245999651087	
767.100000	-55.825151595269097982	
767.300000	-55.837273661318533868	
767.500000	-55.846272072516221385	
767.700000	-55.852220935077852459	
767.900000	-55.855186532586664327	
768.100000	-55.855239206788979800	
768.300000	-55.852458600110644227	
768.500000	-55.846934974911818017	
768.700000	-55.838768351108967636	
768.900000	-55.828066557764095990	
769.100000	-55.814942871340598174	
769.300000	-55.799513634165819553	
769.500000	-55.781896069432100660	
769.700000	-55.762206395589380747	
769.900000	-55.740558274547325368	
770.100000	-55.717061588307387865	
770.300000	-55.691821515443784563	
770.500000	-55.664937869232431922	
770.700000	-55.636504656867494134	
770.900000	-55.606609818702075643	
771.100000	-55.575335111180358183	
771.300000	-55.542756099764893918	
771.500000	-55.508942235888831362	
771.700000	-55.473956991432054053	
771.900000	-55.437858034410098185	
772.100000	-55.400697427502713310	
772.300000	-55.362521838192463974	
772.500000	-55.323372749779871071	
772.700000	-55.283286665074527377	
772.900000	-55.242295296904920576	
773.100000	-55.200425739498534483	
773.300000	-55.157700617534189291	
773.500000	-55.114138208070784231	
773.700000	-55.069752533566969532	
773.900000	-55.024553422061813990	
774.100000	-54.978546531573030620	
774.300000	-54.931733335873971669	
774.500000	-54.884111067115227911	
774.700000	-54.835672611042937774	
774.900000	-54.786406348866734106	
775.100000	-54.736295939052951098	
775.300000	-54.685320029866794300	
775.500000	-54.633451891467714745	
775.700000	-54.580658953615866835	
775.900000	-54.526902230644928693	
776.100000	-54.472135610558765961	
776.300000	-54.416304978319899988	
776.500000	-54.359347134326249318	
776.700000	-54.301188456516037206	
776.900000	-54.241743238841614527	
777.100000	-54.180911615094693445	
777.300000	-54.118576944274636276	
777.500000	-54.054602489058417802	
777.700000	-53.988827150190779491	
777.900000	-53.921059921878715215	
778.100000	-53.851072582480988160	
778.300000	-53.778589904792546861	
778.500000	-53.703276301340096666	
778.700000	-53.624717222727987576	
778.900000	-53.542392612306535682	
779.100000	-53.455637944225429692	
779.300000	-53.363585109591788580	
779.500000	-53.265069106151472056	
779.700000	-53.158473492931463511	
779.900000	-53.041458664038046322	
780.100000	-52.910446176984656574	
780.300000	-52.759535632253729887	
780.500000	-52.577881498590969045	
780.700000	-52.341792743708118962	
780.900000	-51.979499149010926828	
781.100000	-50.898109535465252407	
781.300000	-43.171232701201645909	
781.500000	-22.908276820583697742	
781.700000	13.881543263895151696	
781.900000	17.881763158789652834	
782.100000	12.020931407066191454	
782.300000	1.817598294297845252	
782.500000	-7.827993347030378857	
782.700000	-14.075492340485023846	
782.900000	-18.990476076823103568	
783.100000	-23.833216639273299364	
783.300000	-29.474049043236853151	
783.500000	-36.643911071072629682	
783.700000	-43.426934031843664741	
783.900000	-47.553453791624235691	
784.100000	-50.341069693781172134	
784.300000	-52.256085761729551109	
784.500000	-53.462761870001017428	
784.700000	-54.222540762882040610	
784.900000	-54.710749521293010389	
785.100000	-55.032149545410561586	
785.300000	-55.249473973111598468	
785.500000	-55.400949025880109389	
785.700000	-55.510223679868396118	
785.900000	-55.592064720186478155	
786.100000	-55.655722251047272664	
786.300000	-55.706977839885261972	
786.500000	-55.749420392395443002	
786.700000	-55.785253993547762263	
786.900000	-55.815814356845613986	
787.100000	-55.841900196683482704	
787.300000	-55.863985444081720289	
787.500000	-55.882354132933819812	
787.700000	-55.897184954867043416	
787.900000	-55.908603105922125565	
788.100000	-55.916711013665796770	
788.300000	-55.921605581909936689	
788.500000	-55.923386983460524391	
788.700000	-55.922162297000610920	
788.900000	-55.918046127843247461	
789.100000	-55.911159585655887838	
789.300000	-55.901628476987994532	
789.500000	-55.889581237687110615	
789.700000	-55.875146908394540901	
789.900000	-55.858453315154498853	
790.100000	-55.839625529280837668	
790.300000	-55.818784626784889724	
790.500000	-55.796046734845575088	
790.700000	-55.771522338403059393	
790.900000	-55.745315810821459479	
791.100000	-55.717525131599813903	
791.300000	-55.688241756172601526	
791.500000	-55.657550604425509277	
791.700000	-55.625530140445079041	
791.900000	-55.592252518724720289	
792.100000	-55.557783776934925868	
792.300000	-55.522184058314437038	
792.500000	-55.485507850635215732	
792.700000	-55.447804230436034345	
792.900000	-55.409117104494562511	
793.100000	-55.369485441853370844	
793.300000	-55.328943490591385057	
793.500000	-55.287520976249652449	
793.700000	-55.245243277790095249	
793.900000	-55.202131579047474474	
794.100000	-55.158202993378793622	
794.300000	-55.113470659172115518	
794.500000	-55.067943804826775533	
794.700000	-55.021627780503600036	
794.900000	-54.974524054378768767	
795.100000	-54.926630171132089231	
795.300000	-54.877939667844650273	
795.500000	-54.828441944247373385	
795.700000	-54.778122081152972100	
795.900000	-54.726960600099495480	
796.100000	-54.674933155848847832	
796.300000	-54.622010150548156560	
796.500000	-54.568156255705808633	
796.700000	-54.513329824204625140	
796.900000	-54.457482169753539836	
797.100000	-54.400556684650425154	
797.300000	-54.342487758054637936	
797.500000	-54.283199445322836141	
797.700000	-54.222603823333258788	
797.900000	-54.160598944823739487	
798.100000	-54.097066274548510023	
798.300000	-54.031867446331538929	
798.500000	-53.964840118899026322	
798.700000	-53.895792615243344414	
798.900000	-53.824496894416604675	
799.100000	-53.750679192525439021	
799.300000	-53.674007338598592298	
799.500000	-53.594073213638090181	
799.700000	-53.510367923557943470	
799.900000	-53.422245699168058763	
800.100000	-53.328869718015972978	
800.300000	-53.229127677435620569	
800.500000	-53.121494107415287544	
800.700000	-53.003792851808832154	
800.900000	-52.872757090366725663	
801.100000	-52.723134388324133681	
801.300000	-52.545615212307815511	
801.500000	-52.321020261873570689	
801.700000	-51.997654339091440079	
801.900000	-51.299474580721302175	
802.100000	-45.336704460837289332	
802.300000	-30.877806680059567412	
802.500000	11.283764380110184788	
802.700000	18.702401290154718083	
802.900000	14.433469775690243253	
803.100000	4.675379083313882411	
803.300000	-5.870843650883565523	
803.500000	-12.898166451775720631	
803.700000	-18.062880403846197197	
803.900000	-22.881400489577551127	
804.100000	-28.295147884141769623	
804.300000	-35.117443350206308139	
804.500000	-42.218829830172992956	
804.700000	-46.744853328645753265	
804.900000	-49.704169638356262340	
805.100000	-51.803813655731211441	
805.300000	-53.150684484443537769	
805.500000	-54.004714354010936006	
805.700000	-54.557789946924799551	
805.900000	-54.925686197867037208	
806.100000	-55.177675018746022317	
806.300000	-55.355922094355783258	
806.500000	-55.486536215969493924	
806.700000	-55.585874454208216378	
806.900000	-55.664244855413322455	
807.100000	-55.728148689877357924	
807.300000	-55.781673143819332950	
807.500000	-55.827372309153489027	
807.700000	-55.866830940610874734	
807.900000	-55.901027202668565508	
808.100000	-55.930566086909834667	
808.300000	-55.955828824609106675	
808.500000	-55.977067490291517515	
808.700000	-55.994463845099978982	
808.900000	-56.008164954657942758	
809.100000	-56.018303859681310541	
809.300000	-56.025010768077706302	
809.500000	-56.028418371653550878	
809.700000	-56.028663641155006303	
809.900000	-56.025887621574050002	
810.100000	-56.020234194232493508	
810.300000	-56.011848405100678860	
810.500000	-56.000874714854226966	
810.700000	-55.987455371897972611	
810.900000	-55.971729008892260993	
811.100000	-55.953829499598349173	
811.300000	-55.933885079029174392	
811.500000	-55.912017707159222368	
811.700000	-55.888342646601806507	
811.900000	-55.862968222169122612	
812.100000	-55.835995728013458006	
812.300000	-55.807519453203497051	
812.500000	-55.777626796904961282	
812.700000	-55.746398451129870466	
812.900000	-55.713908629968742048	
813.100000	-55.680225329649999821	
813.300000	-55.645410605938558035	
813.500000	-55.609520857518297987	
813.700000	-55.572607108780182728	
813.900000	-55.534715283053124324	
814.100000	-55.495886463557276613	
814.300000	-55.456157136992665357	
814.500000	-55.415559417146631915	
814.700000	-55.374121246916807593	
814.900000	-55.331866576640912569	
815.100000	-55.288815517535439881	
815.300000	-55.244984469728642296	
815.500000	-55.200386222934447744	
815.700000	-55.155030029721089591	
815.900000	-55.108921649877530058	
816.100000	-55.062063363739000010	
816.300000	-55.014453953946421905	
816.500000	-54.966088652158553884	
816.700000	-54.916959048499542462	
816.900000	-54.867052959657016231	
817.100000	-54.816354251137155984	
817.300000	-54.764842607460288093	
817.500000	-54.712493243228998097	
817.700000	-54.659276545280121695	
817.900000	-54.605157634297526670	
818.100000	-54.550095830837008748	
818.300000	-54.494044006598393537	
818.500000	-54.436947796938810029	
818.700000	-54.378744643019928162	
818.900000	-54.319362623692597936	
819.100000	-54.258719023562711925	
819.300000	-54.196718568338319244	
819.500000	-54.133251234044671207	
819.700000	-54.068189504742242946	
819.900000	-54.001384907034776006	
820.100000	-53.932663582835424165	
820.300000	-53.861820563387979632	
820.500000	-53.788612259810832938	
820.700000	-53.712746457950842682	
820.900000	-53.633868747619715123	
821.100000	-53.551543734063990598	
821.300000	-53.465228405905584452	
821.500000	-53.374233336716720544	
821.700000	-53.277664315138679285	
821.900000	-53.174331100013745299	
822.100000	-53.062598003965959492	
822.300000	-52.940124735114139298	
822.500000	-52.803382751943189533	
822.700000	-52.646661048236246927	
822.900000	-52.459728064371816458	
823.100000	-52.221096387326738864	
823.300000	-51.870373769197257730	
823.500000	-51.028062011442905543	
823.700000	-44.009627723307630731	
823.900000	-25.132647769707922691	
824.100000	14.223619680976147706	
824.300000	19.235912777737311785	
824.500000	13.742114068631103407	
824.700000	3.371859219521345263	
824.900000	-7.058923045580263178	
825.100000	-13.833718841960271462	
825.300000	-18.946136592879138760	
825.500000	-23.845177396923695312	
825.700000	-29.463179203524219929	
825.900000	-36.511520392320029771	
826.100000	-43.165460820841332179	
826.300000	-47.235724045294105622	
826.500000	-50.012402753838856029	
826.700000	-51.976118961329220269	
826.900000	-53.237635029991466240	
827.100000	-54.047649534283053185	
827.300000	-54.581165942659644941	
827.500000	-54.943376069408600415	
827.700000	-55.197446697666151749	
827.900000	-55.382015752010822496	
828.100000	-55.521127132926146430	
828.300000	-55.629920227610469396	
828.500000	-55.717987967922319115	
828.700000	-55.791420274220321573	
828.900000	-55.854078545457859661	
829.100000	-55.908404607303246792	
829.300000	-55.955939789351411662	
829.500000	-55.997659677052318727	
829.700000	-56.034189937449852437	
829.900000	-56.065944725446804853	
830.100000	-56.093214489442146942	
830.300000	-56.116220712839272267	
830.500000	-56.135149155953961042	
830.700000	-56.150169242971387007	
830.900000	-56.161444655596326925	
831.100000	-56.169138465953864170	
831.300000	-56.173414992210943808	
831.500000	-56.174439786377952544	
831.700000	-56.172378653804898363	
831.900000	-56.167396258129990372	
832.100000	-56.159654646028826619	
832.300000	-56.149311876359774942	
832.500000	-56.136520848361833202	
832.700000	-56.121428365285680684	
832.900000	-56.104174434946820327	
833.100000	-56.084891790066450312	
833.300000	-56.063705601764894482	
833.500000	-56.040733355427391871	
833.700000	-56.016084859227731840	
833.900000	-55.989862357196052756	
834.100000	-55.962160721018356924	
834.300000	-55.933067699951358520	
834.500000	-55.902664210213679041	
834.700000	-55.871024648560300818	
834.900000	-55.838217218860215496	
835.100000	-55.804304261357486894	
835.300000	-55.769342577311455500	
835.500000	-55.733383743824923329	
835.700000	-55.696474413541245951	
835.900000	-55.658656597550752565	
836.100000	-55.619967927876508895	
836.300000	-55.580441899036962639	
836.500000	-55.540108087312226814	
836.700000	-55.498992347242015910	
836.900000	-55.457116984753540123	
837.100000	-55.414500907257810525	
837.300000	-55.371159749945498163	
837.500000	-55.327105978563572819	
837.700000	-55.282348968142208889	
837.900000	-55.236895057629602945	
838.100000	-55.190747579372654741	
838.300000	-55.143906862788341527	
838.500000	-55.096370211039420894	
838.700000	-55.048131848772122510	
838.900000	-54.999182838991536926	
839.100000	-54.949510966033741965	
839.300000	-54.899100581339133953	
839.500000	-54.847932407111137820	
839.700000	-54.795983292446564406	
839.900000	-54.743225914907682750	
840.100000	-54.689628418508718255	
840.300000	-54.635153977133057879	
840.500000	-54.579760269336304646	
840.700000	-54.523398847030357217	
840.900000	-54.466014375722416219	
841.100000	-54.407543717808358963	
841.300000	-54.347914822265856571	
841.500000	-54.287045372959063627	
841.700000	-54.224841133596839882	
841.900000	-54.161193906215984839	
842.100000	-54.095978993161956794	
842.300000	-54.029052011516476739	
842.500000	-53.960244854204901799	
842.700000	-53.889360507546925305	
842.900000	-53.816166314277552374	
843.100000	-53.740385084449307840	
843.300000	-53.661683168161268043	
843.500000	-53.579654143426843405	
843.700000	-53.493796014167855901	
843.900000	-53.403478521488700892	
844.100000	-53.307894879303333369	
844.300000	-53.205987986456491967	
844.500000	-53.096332796387564201	
844.700000	-52.976938939833090103	
844.900000	-52.844897562490274368	
845.100000	-52.695694630527228242	
845.300000	-52.521716883732416647	
845.500000	-52.308430050282908041	
845.700000	-52.021713727142390837	
845.900000	-51.537614879419372471	
846.100000	-48.594078088047929498	
846.300000	-37.839418656901429472	
846.500000	4.092484242991162091	
846.700000	19.323525357693224436	
846.900000	17.956353191548515724	
847.100000	9.273677034807315422	
847.300000	-2.122819277243745972	
847.500000	-10.875104817262171153	
847.700000	-16.679511346291207019	
847.900000	-21.605296033528055943	
848.100000	-26.817560638209748447	
848.300000	-33.189381446808518206	
848.500000	-40.471321266143817752	
848.700000	-45.596000417292479767	
848.900000	-48.794709286215741884	
849.100000	-51.132707771081335579	
849.300000	-52.687699515513401138	
849.500000	-53.686700110466013314	
849.700000	-54.342890425034127588	
849.900000	-54.787887366437558967	
850.100000	-55.100285478143931073	
850.300000	-55.327738747464977109	
850.500000	-55.499709761552381337	
850.700000	-55.634690390929058879	
850.900000	-55.744397329625961390	
851.100000	-55.836289954187463991	
851.300000	-55.915124367905754355	
851.500000	-55.983932912482060829	
851.700000	-56.044650214915840536	
851.900000	-56.098516402138486114	
852.100000	-56.146337362093291290	
852.300000	-56.188652244359040822	
852.500000	-56.225840395978899267	
852.700000	-56.258188693282328074	
852.900000	-56.285933042332160881	
853.100000	-56.309283154906310642	
853.300000	-56.328436621962119091	
853.500000	-56.343586266241835858	
853.700000	-56.354923388547085494	
853.900000	-56.362638606067406499	
854.100000	-56.366921376057128157	
854.300000	-56.367958887762213749	
854.500000	-56.365934740084476573	
854.700000	-56.361027646263075042	
854.900000	-56.353410295226730398	
855.100000	-56.343248427233405096	
855.300000	-56.330700139171156593	
855.500000	-56.315915411035881277	
855.700000	-56.299035828804171899	
855.900000	-56.280194477249011697	
856.100000	-56.259515971174479887	
856.300000	-56.237116597938701545	
856.500000	-56.213104543736463370	
856.700000	-56.187580183433908587	
856.900000	-56.160636412088820180	
857.100000	-56.132359004943104708	
857.300000	-56.102826991132147327	
857.500000	-56.072113031959645468	
857.700000	-56.040283795557883195	
857.900000	-56.007400321425940604	
858.100000	-55.973518371294446183	
858.300000	-55.938688762117699582	
858.500000	-55.902957679491144916	
858.700000	-55.866366970314601303	
858.900000	-55.828954413428007797	
859.100000	-55.790753967871474117	
859.300000	-55.751795999404208715	
859.500000	-55.712107484928885981	
859.700000	-55.671712195095587106	
859.900000	-55.630630856373727511	
860.100000	-55.588881292130729150	
860.300000	-55.546478543629021374	
860.500000	-55.503434971439396861	
860.700000	-55.459760337066924762	
860.900000	-55.415461865751012738	
861.100000	-55.370544289263008864	
861.300000	-55.325009869753280611	
861.500000	-55.278858403307665981	
861.700000	-55.232087202942793169	
861.900000	-55.184691059877501118	
862.100000	-55.136662181692400964	
862.300000	-55.087990105792648876	
862.500000	-55.038661585572398849	
862.700000	-54.988660446762253287	
862.900000	-54.937967410029813209	
863.100000	-54.886559875557274779	
863.300000	-54.834411664099484085	
863.500000	-54.781492707512050799	
863.700000	-54.727768680364448528	
863.900000	-54.673200562325050100	
864.100000	-54.617744117707495377	
864.300000	-54.561349276116601459	
864.500000	-54.503959393357867214	
864.700000	-54.445510366007503933	
864.900000	-54.385929566295402537	
865.100000	-54.325134553579992769	
865.300000	-54.263031505668053001	
865.500000	-54.199513295767658860	
865.700000	-54.134457115527325755	
865.900000	-54.067721510725228029	
866.100000	-53.999142646856597594	
866.300000	-53.928529551761918981	
866.500000	-53.855657977936559178	
866.700000	-53.780262372406575366	
866.900000	-53.702025202403049775	
867.100000	-53.620562509692305753	
867.300000	-53.535403956984268348	
867.500000	-53.445964611106163034	
867.700000	-53.351503937269143307	
867.900000	-53.251064267139810227	
868.100000	-53.143374871048649766	
868.300000	-53.026695317950938602	
868.500000	-52.898544588116287457	
868.700000	-52.755197064584706368	
868.900000	-52.590649554607189486	
869.100000	-52.394198673369572816	
869.300000	-52.143475027840409552	
869.500000	-51.775812369255177714	
869.700000	-50.890758809607596902	
869.900000	-43.436330420179977807	
870.100000	-20.477850057119599825	
870.300000	16.594187204141256586	
870.500000	20.482561250952535659	
870.700000	14.265313557635343145	
870.900000	3.302326082223500325	
871.100000	-7.491423420520107790	
871.300000	-14.421531067731681475	
871.500000	-19.632159353205466346	
871.700000	-24.662153687453557183	
871.900000	-30.484905594689891473	
872.100000	-37.656748351981342182	
872.300000	-43.840853039320933249	
872.500000	-47.567779968541017865	
872.700000	-50.212361410015141416	
872.900000	-52.079122169627758865	
873.100000	-53.288557424324409340	
873.300000	-54.080883515005524487	
873.500000	-54.617144154882637963	
873.700000	-54.993671249244414412	
873.900000	-55.268372377478364399	
874.100000	-55.476760657366718021	
874.300000	-55.641005740236529675	
874.500000	-55.775119245561427306	
874.700000	-55.888022115501357234	
874.900000	-55.985415780610964021	
875.100000	-56.070951596069832590	
875.300000	-56.146974131633697880	
875.500000	-56.214998420599798123	
875.700000	-56.276017708465190026	
875.900000	-56.330701712375940815	
876.100000	-56.379523576130893048	
876.300000	-56.422840235952655519	
876.500000	-56.460942380612088698	
876.700000	-56.494084676958600255	
876.900000	-56.522503316792921169	
877.100000	-56.546425548804997163	
877.300000	-56.566074263683347567	
877.500000	-56.581669633652900586	
877.700000	-56.593429096509588305	
877.900000	-56.601566500524334913	
878.100000	-56.606290911002176358	
878.300000	-56.607805374843358948	
878.500000	-56.606305806475631925	
878.700000	-56.601980074236088569	
878.900000	-56.595007313658349801	
879.100000	-56.585557465968605584	
879.300000	-56.573791020280538078	
879.500000	-56.559858933009408588	
879.700000	-56.543902693836379569	
879.900000	-56.526054508783623476	
880.100000	-56.506437573169250754	
880.300000	-56.485166410929480207	
880.500000	-56.462347260040374408	
880.700000	-56.438078486744245765	
880.900000	-56.412451015228263884	
881.100000	-56.385548761972948739	
881.300000	-56.357449065751062278	
881.500000	-56.328223107429060690	
881.700000	-56.297936314398320690	
881.900000	-56.266648746397947889	
882.100000	-56.234415460619658234	
882.300000	-56.201286854380150260	
882.500000	-56.167308985169007940	
882.700000	-56.132523867224350056	
882.900000	-56.096969745489289494	
883.100000	-56.060681347151948728	
883.300000	-56.023690111327020702	
883.500000	-55.986024398156594373	
883.700000	-55.947709677462945876	
883.900000	-55.908768698764056637	
884.100000	-55.869221642699478991	
884.300000	-55.829086255235900182	
884.500000	-55.788377965294159821	
884.700000	-55.747109986446304219	
884.900000	-55.705293403293801191	
885.100000	-55.662937243305684376	
885.300000	-55.620048534118609496	
885.500000	-55.576632346826592368	
885.700000	-55.532691825367756167	
885.900000	-55.488228201943371687	
886.100000	-55.443240798387542156	
886.300000	-55.397727012967109772	
886.500000	-55.351682292256867868	
886.700000	-55.305100087166906064	
886.900000	-55.257971792341436412	
887.100000	-55.210286666960875834	
887.300000	-55.162031736286202488	
887.500000	-55.113191670876830131	
887.700000	-55.063748641594834510	
887.900000	-55.013682146954991481	
888.100000	-54.962968809070027021	
888.300000	-54.911582133538402672	
888.500000	-54.859492227545977983	
888.700000	-54.806665469365327681	
888.900000	-54.753064120311961460	
889.100000	-54.698645868794820046	
889.300000	-54.643363293412001269	
889.500000	-54.587163228400712001	
889.700000	-54.529986011035653348	
889.900000	-54.471764584745201887	
890.100000	-54.412423424914301506	
890.300000	-54.351877244377334364	
890.500000	-54.290029423181380253	
890.700000	-54.226770089914964501	
890.900000	-54.161973757714626743	
891.100000	-54.095496385568985431	
891.300000	-54.027171688032389341	
891.500000	-53.956806449667439551	
891.700000	-53.884174501782368338	
891.900000	-53.809008871800955376	
892.100000	-53.730991391478539754	
892.300000	-53.649738698489379374	
892.500000	-53.564783000887665310	
892.700000	-53.475545035300733332	
892.900000	-53.381295032760156971	
893.100000	-53.281094601997743609	
893.300000	-53.173706958117733734	
893.500000	-53.057451949243663591	
893.700000	-52.929958730302438141	
893.900000	-52.787713434912880928	
894.100000	-52.625152872501899992	
894.300000	-52.432605212557568564	
894.500000	-52.190650117957687826	
894.700000	-51.848937452178617491	
894.900000	-51.160938507975735945	
895.100000	-45.199802467710227916	
895.300000	-27.666433154237655145	
895.500000	15.188247870801300010	
895.700000	21.505791129314765442	
895.900000	16.384980487182865261	
896.100000	5.699490668544648031	
896.300000	-5.870269269570045800	
896.500000	-13.521803538297094249	
896.700000	-18.977143813389837135	
896.900000	-24.025935937802891829	
897.100000	-29.734750366571994107	
897.300000	-36.799034690001995784	
897.500000	-43.275628955255200481	
897.700000	-47.213324547022423872	
897.900000	-49.957723685046794060	
898.100000	-51.916750710350527243	
898.300000	-53.191432657646942062	
898.500000	-54.029256830357923036	
898.700000	-54.599628211106320919	
898.900000	-55.003623896384411296	
899.100000	-55.301720777241136773	
899.300000	-55.530852882422337302	
899.500000	-55.713999776197319136	
899.700000	-55.865646745919555372	
899.900000	-55.994997298191009349	
900.100000	-56.107924474756465827	
900.300000	-56.208186314420856888	
900.500000	-56.298196310185261382	
900.700000	-56.379516923360320391	
900.900000	-56.453177080414178590	
901.100000	-56.519876198721597405	
901.300000	-56.580114450777230672	
901.500000	-56.634274923002266178	
901.700000	-56.682674445475299763	
901.900000	-56.725594137307737697	
902.100000	-56.763296963844418030	
902.300000	-56.796037117089170465	
902.500000	-56.824064378584061785	
902.700000	-56.847625523076473542	
902.900000	-56.866964082079938692	
903.100000	-56.882319299301954629	
903.300000	-56.893924785531048371	
903.500000	-56.902007169428173938	
903.700000	-56.906784905435920052	
903.900000	-56.908467312180938791	
904.100000	-56.907253865855274455	
904.300000	-56.903333738595108571	
904.500000	-56.896885559216762829	
904.700000	-56.888077363397293595	
904.900000	-56.877066701072358512	
905.100000	-56.864000867179022691	
905.300000	-56.849017227704841559	
905.500000	-56.832243614733037873	
905.700000	-56.813798768698823949	
905.900000	-56.793792810315601116	
906.100000	-56.772327726911420598	
906.300000	-56.749497862475436705	
906.500000	-56.725390401984746802	
906.700000	-56.700085843115431317	
906.900000	-56.673658451106895484	
907.100000	-56.646176692936677455	
907.300000	-56.617703648132469141	
907.500000	-56.588297395968261583	
907.700000	-56.558011377419838084	
907.900000	-56.526894732486724138	
908.100000	-56.494992613156185257	
908.300000	-56.462346472241243589	
908.500000	-56.428994329940337593	
908.700000	-56.394971018134590679	
908.900000	-56.360308404171341579	
909.100000	-56.325035595209897110	
909.300000	-56.289179123843318564	
909.500000	-56.252763116912454677	
909.700000	-56.215809447914899977	
909.900000	-56.178337874281744746	
910.100000	-56.140366160697482201	
910.300000	-56.101910189004563279	
910.500000	-56.062984055677802075	
910.700000	-56.023600157828035151	
910.900000	-55.983769267971361216	
911.100000	-55.943500598406572522	
911.300000	-55.902801855802863429	
911.500000	-55.861679285962885899	
911.700000	-55.820137709703899986	
911.900000	-55.778180549552999423	
912.100000	-55.735809847785390048	
912.300000	-55.693026275458670682	
912.500000	-55.649829133047802543	
912.700000	-55.606216341779429513	
912.900000	-55.562184426027080519	
913.100000	-55.517728486065934135	
913.300000	-55.472842160770568398	
913.500000	-55.427517579695852135	
913.700000	-55.381745303456135332	
913.900000	-55.335514251913586747	
914.100000	-55.288811618162569061	
914.300000	-55.241622767696540564	
914.500000	-55.193931120187563977	
914.700000	-55.145718012232421756	
914.900000	-55.096962538228602568	
915.100000	-55.047641366355968273	
915.300000	-54.997728525784097542	
915.500000	-54.947195160710805339	
915.700000	-54.896009245742462213	
915.900000	-54.844135255830771314	
916.100000	-54.791533782751123738	
916.300000	-54.738161088130475207	
916.500000	-54.683968580655680114	
916.700000	-54.628902202250600340	
916.900000	-54.572901704177198212	
917.100000	-54.515899788936287962	
917.300000	-54.457821087634194157	
917.500000	-54.398580933660696246	
917.700000	-54.338083882750410680	
917.900000	-54.276221913217810311	
918.100000	-54.212872220565799353	
918.300000	-54.147894490537787249	
918.500000	-54.081127495128690441	
918.700000	-54.012384797786282320	
918.900000	-53.941449270709739494	
919.100000	-53.868066003323598068	
919.300000	-53.791932994771975984	
919.500000	-53.712688735236582716	
919.700000	-53.629895324404714074	
919.900000	-53.543015029685371076	
920.100000	-53.451376927011459372	
920.300000	-53.354128052379664382	
920.500000	-53.250159419878620781	
920.700000	-53.137989354239138606	
920.900000	-53.015570202574494374	
921.100000	-52.879947720792806365	
921.300000	-52.726611132928482562	
921.500000	-52.548112993210594368	
921.700000	-52.330655361762808297	
921.900000	-52.043354991346731708	
922.100000	-51.584844161435114529	
922.300000	-49.528394906897567296	
922.500000	-38.792123221530459887	
922.700000	4.369465933822365145	
922.900000	21.324096377247943934	
923.100000	20.346797928312195580	
923.300000	11.491598697858949052	
923.500000	-0.653370073706280641	
923.700000	-10.493563557268290154	
923.900000	-16.780158886427546605	
924.100000	-21.923500038540421286	
924.300000	-27.301547409179544701	
924.500000	-33.838415298526705044	
924.700000	-41.029987959066296810	
924.900000	-45.872617797059660916	
925.100000	-48.968573978360261378	
925.300000	-51.257095940721107752	
925.500000	-52.777177657108161668	
925.700000	-53.771017183884339374	
925.900000	-54.443097170250524641	
926.100000	-54.917026008082984845	
926.300000	-55.266070231226159137	
926.500000	-55.534473315315707964	
926.700000	-55.749504756400490635	
926.900000	-55.928229987101438780	
927.100000	-56.081431061006043137	
927.300000	-56.215956080255004679	
927.500000	-56.336167557461187982	
927.700000	-56.444853651759139268	
927.900000	-56.543808803124257167	
928.100000	-56.634205931150916058	
928.300000	-56.716835030052990874	
928.500000	-56.792255256338769698	
928.700000	-56.860890748085431312	
928.900000	-56.923089858140571096	
929.100000	-56.979160725040848945	
935.080000	-56.998628123749590202	
935.280000	-56.971237766841710481	
935.480000	-56.943056244859540982	
935.680000	-56.914129575562924401	
935.880000	-56.884500263114631480	
936.080000	-56.854207562426118727	
936.280000	-56.823287722078937634	
936.480000	-56.791774206931123103	
936.680000	-56.759697902366703204	
936.880000	-56.727087300413167270	
937.080000	-56.693968670564927947	
937.280000	-56.660366214571780574	
937.480000	-56.626302208041622066	
937.680000	-56.591797129022928914	
937.880000	-56.556869774331332223	
938.080000	-56.521537365532623198	
938.280000	-56.485815644170507710	
938.480000	-56.449718958020440596	
938.680000	-56.413260338528822047	
938.880000	-56.376451570221057352	
939.080000	-56.339303252597446203	
939.280000	-56.301824855192855068	
939.480000	-56.264024765917035609	
939.680000	-56.225910333592544532	
939.880000	-56.187487904414602724	
940.080000	-56.148762853240341997	
940.280000	-56.109739609490908663	
940.480000	-56.070421678142423616	
940.680000	-56.030811655843898222	
940.880000	-55.990911242380647650	
941.080000	-55.950721247462361418	
941.280000	-55.910241592852223391	
941.480000	-55.869471309988348651	
941.680000	-55.828408532776535367	
941.880000	-55.787050485602748040	
942.080000	-55.745393466389337789	
942.280000	-55.703432824381813759	
942.480000	-55.661162932518017499	
942.680000	-55.618577153801787460	
942.880000	-55.575667801435599813	
943.080000	-55.532426092094979708	
943.280000	-55.488842091672161416	
943.480000	-55.444904652880104834	
943.680000	-55.400601343643089081	
943.880000	-55.355918365367827505	
944.080000	-55.310840459880822095	
944.280000	-55.265350803380783873	
944.480000	-55.219430886068813891	
944.680000	-55.173060375033529112	
944.880000	-55.126216958306784477	
945.080000	-55.078876167150880860	
945.280000	-55.031011173221507704	
945.480000	-54.982592556503192327	
945.680000	-54.933588039380673251	
945.880000	-54.883962180790092589	
946.080000	-54.833676023512076370	
946.280000	-54.782686685970503504	
946.480000	-54.730946888004801565	
946.680000	-54.678404397612119681	
946.880000	-54.625001382408498785	
947.080000	-54.570673645960475540	
947.280000	-54.515349723261344650	
947.480000	-54.458949803403520207	
947.680000	-54.401384438213561623	
947.880000	-54.342552983543932044	
948.080000	-54.282341703921872522	
948.280000	-54.220621448800528697	
948.480000	-54.157244778135797958	
948.680000	-54.092042371801206002	
948.880000	-54.024818495763568649	
949.080000	-53.955345208649411859	
949.280000	-53.883354859832770956	
949.480000	-53.808530230349333578	
949.680000	-53.730491358121874157	
949.880000	-53.648777596583713034	
950.080000	-53.562822649109619988	
950.280000	-53.471918952819862625	
950.480000	-53.375165369682939343	
950.680000	-53.271387675013990304	
950.880000	-53.159012602649781343	
951.080000	-53.035857968862302414	
951.280000	-52.898760042335538856	
951.480000	-52.742855240520313487	
951.680000	-52.560032534840814833	
951.880000	-52.335019094630879977	
952.080000	-52.032581592766270262	
952.280000	-51.527718177839908265	
952.480000	-48.448801311820012927	
952.680000	-36.023214938411349806	
952.880000	10.550729123469038129	
953.080000	22.714928003106106047	
953.280000	20.047973359357307288	
953.480000	10.197825471962003618	
953.680000	-2.313425772022744464	
953.880000	-11.683616418512363211	
954.080000	-17.776845230816586962	
954.280000	-22.957569879291241932	
954.480000	-28.545124363536423573	
954.680000	-35.402211121076334166	
954.880000	-42.284124565219045166	
955.080000	-46.580496628759611610	
955.280000	-49.463608070255219218	
955.480000	-51.600316500843320000	
955.680000	-53.012222936121439432	
955.880000	-53.945938317667526007	
956.080000	-54.588208783528060053	
956.280000	-55.050583761842844410	
956.480000	-55.399170019307675261	
956.680000	-55.673928886025542795	
956.880000	-55.899492138791615048	
957.080000	-56.091252941649884178	
957.280000	-56.258909449317144436	
957.480000	-56.408597136773686032	
957.680000	-56.544206981818526003	
957.880000	-56.668215685633008150	
958.080000	-56.782214284509194613	
958.280000	-56.887246089142820438	
958.480000	-56.984022260522479542	
969.020000	-56.997447311161707262	
969.220000	-56.965104020020675080	
969.420000	-56.932476520859246705	
969.620000	-56.899578038945051617	
969.820000	-56.866420847980066355	
970.020000	-56.833016324458505153	
970.220000	-56.799374997303253565	
970.420000	-56.765506592739207292	
970.620000	-56.731420075183997653	
970.820000	-56.697123684140130706	
971.020000	-56.662624967584697799	
971.220000	-56.627930812068122179	
971.420000	-56.593047469683789075	
971.620000	-56.557980582255744650	
971.820000	-56.522735202714194713	
972.020000	-56.487315814101158651	
972.220000	-56.451726346052389260	
972.420000	-56.415970189123790135	
972.620000	-56.380050206926661360	
972.820000	-56.343968746192494734	
973.020000	-56.307727644801133238	
973.220000	-56.271328237959380658	
973.420000	-56.234771362380435278	
973.620000	-56.198057358667050210	
973.820000	-56.161186071731087566	
974.020000	-56.124156849402744740	
974.220000	-56.086968539141849988	
974.420000	-56.049619482762501832	
974.620000	-56.012107509220697921	
974.820000	-55.974429925246660389	
975.020000	-55.936583503950927820	
975.220000	-55.898564471032003098	
975.420000	-55.860368488645661955	
975.620000	-55.821990636692483179	
975.820000	-55.783425391403966387	
976.020000	-55.744666600827301295	
976.220000	-55.705707457288049511	
976.420000	-55.666540466198945580	
976.620000	-55.627157411082862382	
976.820000	-55.587549314397676881	
977.020000	-55.547706393682602766	
977.220000	-55.507618012542550900	
977.420000	-55.467272625902815264	
977.620000	-55.426657718866046309	
977.820000	-55.385759738384287232	
978.020000	-55.344564016808313056	
978.220000	-55.303054686428744446	
978.420000	-55.261214583648865073	
978.620000	-55.219025141445719385	
978.820000	-55.176466268502700530	
979.020000	-55.133516213139373008	
979.220000	-55.090151409616652245	
979.420000	-55.046346304375674663	
979.620000	-55.002073158859673185	
979.820000	-54.957301825298621623	
980.020000	-54.911999490879836117	
980.220000	-54.866130384960264621	
980.420000	-54.819655442738287832	
980.620000	-54.772531917555511427	
980.820000	-54.724712932091854611	
981.020000	-54.676146956655465203	
981.220000	-54.626777199887492031	
981.420000	-54.576540893645841379	
981.620000	-54.525368449231741863	
981.820000	-54.473182456091528536	
982.020000	-54.419896486248326539	
982.220000	-54.365413657174059381	
982.420000	-54.309624891890337040	
982.620000	-54.252406795793000072	
982.820000	-54.193619043742842223	
983.020000	-54.133101134118312814	
983.220000	-54.070668315063628029	
983.420000	-54.006106413678253375	
983.620000	-53.939165190044278120	
983.820000	-53.869549675358292973	
984.020000	-53.796908704857919759	
984.220000	-53.720819466980138657	
984.420000	-53.640766262836265810	
984.620000	-53.556110626386399076	
984.820000	-53.466048153716222657	
985.020000	-53.369544142921306218	
985.220000	-53.265233993341553287	
985.420000	-53.151261930972161451	
985.620000	-53.025004813479640120	
985.820000	-52.882564132452962724	
986.020000	-52.717739325179728382	
986.220000	-52.519662305101824984	
986.420000	-52.266159774762350310	
986.620000	-51.897525765826017619	
986.820000	-51.070835108151314330	
987.020000	-43.607990055343506697	
987.220000	-16.779011591189057384	
987.420000	19.900403606397834011	
987.620000	23.331612119351145651	
987.820000	16.413429233249257067	
988.020000	4.417707059296491323	
988.220000	-7.494255725873165019	
988.420000	-15.027243946525423723	
988.620000	-20.545533680492784612	
988.820000	-25.897584188345689427	
989.020000	-32.168541257268032041	
989.220000	-39.543598437260314427	
989.420000	-45.039243206680325216	
989.620000	-48.403162603368869554	
989.820000	-50.902139030929824060	
990.020000	-52.596541940197262477	
990.220000	-53.706577203915706775	
990.420000	-54.460837803634362331	
990.620000	-54.998567501300591687	
990.820000	-55.401371549983956299	
991.020000	-55.717891416944198113	
991.220000	-55.977736955788351736	
991.420000	-56.199214196674240895	
991.620000	-56.393741302541457117	
991.820000	-56.568465379595302522	
992.020000	-56.727861454667248609	
992.220000	-56.874731149985571221	
1008.500000	-56.997950675464402082	
1008.700000	-56.967154077683574087	
1008.900000	-56.936311927773033403	
1009.100000	-56.905427724994922301	
1009.300000	-56.874504698069650033	
1009.500000	-56.843545813517046383	
1009.700000	-56.812553783278644914	
1009.900000	-56.781531071700932500	
1010.100000	-56.750479901879316458	
1010.300000	-56.719402261386214548	
1010.500000	-56.688299907411916934	
1010.700000	-56.657174371432219573	
1010.900000	-56.626026963209675102	
1011.100000	-56.594858774446727523	
1011.300000	-56.563670681774453897	
1011.500000	-56.532463349364292071	
1011.700000	-56.501237231013639928	
1011.900000	-56.469992571757295252	
1012.100000	-56.438729409019273930	
1012.300000	-56.407447573305297794	
1012.500000	-56.376146688411168384	
1012.700000	-56.344826171142379678	
1012.900000	-56.313485230587566832	
1013.100000	-56.282122866847821285	
1013.300000	-56.250737869366219002	
1013.500000	-56.219328814590859622	
1013.700000	-56.187894063241287768	
1013.900000	-56.156431756959833024	
1014.100000	-56.124939814379125380	
1014.300000	-56.093415926606290611	
1014.500000	-56.061857552040869734	
1014.700000	-56.030261910554045812	
1014.900000	-55.998625976914759406	
1015.100000	-55.966946473495909231	
1015.300000	-55.935219862143469527	
1015.500000	-55.903442335169621913	
1015.700000	-55.871609805430416884	
1015.900000	-55.839717895413087945	
1016.100000	-55.807761925207955755	
1016.300000	-55.775736899339079855	
1016.500000	-55.743637492308089065	
1016.700000	-55.711458032774842764	
1016.900000	-55.679192486224636127	
1017.100000	-55.646834435998499657	
1017.300000	-55.614377062492458492	
1017.500000	-55.581813120450100030	
1017.700000	-55.549134914021543352	
1017.900000	-55.516334269481035335	
1018.100000	-55.483402505281723904	
1018.300000	-55.450330399229486034	
1018.500000	-55.417108152373508290	
1018.700000	-55.383725349354385514	
1018.900000	-55.350170914726426474	
1019.100000	-55.316433064831663557	
1019.300000	-55.282499254663193256	
1019.500000	-55.248356119126746933	
1019.700000	-55.213989408034727546	
1019.900000	-55.179383913956449703	
1020.100000	-55.144523392090619041	
1020.300000	-55.109390471045294646	
1020.500000	-55.073966553279589675	
1020.700000	-55.038231703793243810	
1020.900000	-55.002164525384934279	
1021.100000	-54.965742018480831632	
1021.300000	-54.928939423234133699	
1021.500000	-54.891730041173936172	
1021.700000	-54.854085033109207359	
1021.900000	-54.815973189484324735	
1022.100000	-54.777360668514425868	
1022.300000	-54.738210696559157498	
1022.500000	-54.698483224035634009	
1022.700000	-54.658134528675347497	
1022.900000	-54.617116756221996354	
1023.100000	-54.575377386252391432	
1023.300000	-54.532858607989773247	
1023.500000	-54.489496587278750894	
1023.700000	-54.445220600973165404	
1023.900000	-54.399952008850952723	
1024.100000	-54.353603024827883416	
1024.300000	-54.306075238341790623	
1024.500000	-54.257257822008149617	
1024.700000	-54.207025341668419571	
1024.900000	-54.155235057343801941	
1025.100000	-54.101723565121687898	
1025.300000	-54.046302575406926394	
1025.500000	-53.988753544274366902	
1025.700000	-53.928820759064720392	
1025.900000	-53.866202306280385415	
1026.100000	-53.800538084286266383	
1026.300000	-53.731393606030096066	
1026.500000	-53.658237661551709152	
1026.700000	-53.580410780787140368	
1026.900000	-53.497079476764248795	
1027.100000	-53.407167693507844319	
1027.300000	-53.309250092799345566	
1027.500000	-53.201378020510524891	
1027.700000	-53.080778775724098750	
1027.900000	-52.943296026695691125	
1028.100000	-52.782240948620390952	
1028.300000	-52.585684472919204779	
1028.500000	-52.328577197882346184	
1028.700000	-51.939287747815143348	
1028.900000	-50.887103313449721043	
1029.100000	-41.916923165460111989	
1029.300000	-5.328867827186276607	
1029.500000	22.134321838256163062	
1029.700000	23.487724131704968755	
1029.900000	15.358293641868783652	
1030.100000	2.703948854043658923	
1030.300000	-8.897168094585678588	
1030.500000	-16.095139726710065986	
1030.700000	-21.583148840857433015	
1030.900000	-27.122227984385190780	
1031.100000	-33.760117553280643676	
1031.300000	-41.083993440456275437	
1031.500000	-45.980933302483556702	
1031.700000	-49.126673692896829948	
1031.900000	-51.465168427862629130	
1032.100000	-53.013174539761401149	
1032.300000	-54.036375035259965216	
1032.500000	-54.744160142629915811	
1032.700000	-55.260181018646093776	
1032.900000	-55.656647323566105001	
1033.100000	-55.976594147593374373	
1033.300000	-56.246176486021440155	
1033.500000	-56.481490605657270976	
1033.700000	-56.692494647285926135	
1033.900000	-56.885346103065359102	
1053.900000	-57.652943261599034486	
1059.460000	-56.999785140456147303	
1059.660000	-56.977670878852904934	
1059.860000	-56.955662576023662780	
1060.060000	-56.933760793006172207	
1060.260000	-56.911966043959090200	
1060.460000	-56.890278797699316726	
1060.660000	-56.868699479165982780	
1060.860000	-56.847228470866326688	
1061.060000	-56.825866114230649373	
1061.260000	-56.804612710957066213	
1061.460000	-56.783468524301227376	
1061.660000	-56.762433780308981568	
1061.860000	-56.741508669019474098	
1062.060000	-56.720693345634394689	
1062.260000	-56.699987931623169857	
1062.460000	-56.679392515808125097	
1062.660000	-56.658907155399823807	
1062.860000	-56.638531877008119864	
1063.060000	-56.618266677611281068	
1063.260000	-56.598111525496832996	
1063.460000	-56.578066361165916476	
1063.660000	-56.558131098211639198	
1063.860000	-56.538305624164848950	
1064.060000	-56.518589801315826548	
1064.260000	-56.498983467496714184	
1064.460000	-56.479486436850599773	
1064.660000	-56.460098500565031543	
1064.860000	-56.440819427580485979	
1065.060000	-56.421648965278137666	
1065.260000	-56.402586840143115410	
1065.460000	-56.383632758398064766	
1065.660000	-56.364786406623089476	
1065.860000	-56.346047452346098794	
1066.060000	-56.327415544618631316	
1066.260000	-56.308890314560485990	
1066.460000	-56.290471375888692762	
1066.660000	-56.272158325423085046	
1066.860000	-56.253950743574797855	
1067.060000	-56.235848194819091361	
1067.260000	-56.217850228138090074	
1067.460000	-56.199956377463564650	
1067.660000	-56.182166162075453997	
1067.860000	-56.164479087013184255	
1068.060000	-56.146894643444156259	
1068.260000	-56.129412309035622286	
1068.460000	-56.112031548289657223	
1068.660000	-56.094751812879671604	
1068.860000	-56.077572541964833874	
1069.060000	-56.060493162484640095	
1069.260000	-56.043513089447557718	
1069.460000	-56.026631726185797788	
1069.660000	-56.009848464625704878	
1069.860000	-55.993162685509737742	
1070.060000	-55.976573758626116728	
1070.260000	-55.960081043017311231	
1070.460000	-55.943683887162336532	
1070.660000	-55.927381629160919374	
1070.860000	-55.911173596888794179	
1071.060000	-55.895059108155720651	
1071.260000	-55.879037470828549772	
1071.460000	-55.863107982967662224	
1071.660000	-55.847269932916660196	
1071.860000	-55.831522599409936447	
1072.060000	-55.815865251642698297	
1072.260000	-55.800297149340487124	
1072.460000	-55.784817542801569346	
1072.660000	-55.769425672943413019	
1072.860000	-55.754120771312820182	
1073.060000	-55.738902060100542712	
1073.260000	-55.723768752132848192	
1073.460000	-55.708720050848441474	
1073.660000	-55.693755150257395314	
1073.860000	-55.678873234892812150	
1074.060000	-55.664073479740061146	
1074.260000	-55.649355050148166413	
1074.460000	-55.634717101731865796	
1074.660000	-55.620158780257966669	
1074.860000	-55.605679221502434473	
1075.060000	-55.591277551106429655	
1075.260000	-55.576952884407518241	
1075.460000	-55.562704326250084819	
1075.660000	-55.548530970783531302	
1075.860000	-55.534431901231968709	
1076.060000	-55.520406189662672602	
1076.260000	-55.506452896706093725	
1076.460000	-55.492571071278135264	
1076.660000	-55.478759750273688667	
1076.860000	-55.465017958234874129	
1077.060000	-55.451344707003386247	
1077.260000	-55.437738995337660697	
1077.460000	-55.424199808519759358	
1077.660000	-55.410726117924980372	
1077.860000	-55.397316880566705777	
1078.060000	-55.383971038616643057	
1078.260000	-55.370687518894769141	
1078.460000	-55.357465232320457460	
1078.660000	-55.344303073344583765	
1078.860000	-55.331199919343092120	
1079.060000	-55.318154629972610792	
1079.260000	-55.305166046494434795	
1079.460000	-55.292232991062704173	
1079.660000	-55.279354265959270265	
1079.860000	-55.266528652797717314	
1080.060000	-55.253754911675727612	
1080.260000	-55.241031780282973784	
1080.460000	-55.228357972961553912	
1080.660000	-55.215732179712155414	
1080.860000	-55.203153065141208344	
1081.060000	-55.190619267362762912	
1081.260000	-55.178129396827138464	
1081.460000	-55.165682035092451940	
1081.660000	-55.153275733524090185	
1081.860000	-55.140909011925565153	
1082.060000	-55.128580357087543007	
1082.260000	-55.116288221264078118	
1082.460000	-55.104031020555488851	
1082.660000	-55.091807133203630542	
1082.860000	-55.079614897790250438	
1083.060000	-55.067452611330224954	
1083.260000	-55.055318527256368100	
1083.460000	-55.043210853289053830	
1083.660000	-55.031127749178089914	
1083.860000	-55.019067324317632028	
1084.060000	-55.007027635214775785	
1084.260000	-54.995006682809275844	
1084.460000	-54.983002409632156571	
1084.660000	-54.971012696792648455	
1084.860000	-54.959035360779743939	
1085.060000	-54.947068150069824810	
1085.260000	-54.935108741519279363	
1085.460000	-54.923154736528708497	
1085.660000	-54.911203656965618336	
1085.860000	-54.899252940821263280	
1086.060000	-54.887299937589631327	
1086.260000	-54.875341903340491001	
1086.460000	-54.863375995465780477	
1086.660000	-54.851399267075223065	
1086.860000	-54.839408661010075718	
1087.060000	-54.827401003444279581	
1087.260000	-54.815372997041777126	
1087.460000	-54.803321213635634024	
1087.660000	-54.791242086374616349	
1087.860000	-54.779131901315913922	
1088.060000	-54.766986788393353436	
1088.260000	-54.754802711716436647	
1088.460000	-54.742575459145825789	
1088.660000	-54.730300631067571260	
1088.860000	-54.717973628306566525	
1089.060000	-54.705589639082795372	
1089.260000	-54.693143624944539738	
1089.460000	-54.680630305550046444	
1089.660000	-54.668044142212437464	
1089.860000	-54.655379320066799664	
1090.060000	-54.642629728739386508	
1090.260000	-54.629788941339796793	
1090.460000	-54.616850191631229450	
1090.660000	-54.603806349164536016	
1090.860000	-54.590649892169466284	
1091.060000	-54.577372877954161368	
1091.260000	-54.563966910527376797	
1091.460000	-54.550423105144965064	
1091.660000	-54.536732049413146228	
1091.860000	-54.522883760539649245	
1092.060000	-54.508867638282310963	
1092.260000	-54.494672413055042171	
1092.460000	-54.480286088592549731	
1092.660000	-54.465695878472800473	
1092.860000	-54.450888135703529258	
1093.060000	-54.435848274436359873	
1093.260000	-54.420560682739093750	
1093.460000	-54.405008625184244409	
1093.660000	-54.389174133782546505	
1093.860000	-54.373037885572614414	
1094.060000	-54.356579064846364702	
1094.260000	-54.339775207662022183	
1094.460000	-54.322602025832999573	
1094.660000	-54.305033207068099443	
1094.860000	-54.287040187290088511	
1095.060000	-54.268591890339990869	
1095.260000	-54.249654429335123496	
1095.460000	-54.230190762668144089	
1095.660000	-54.210160296155699200	
1095.860000	-54.189518420871145565	
1096.060000	-54.168215973777364525	
1096.260000	-54.146198605145841043	
1096.460000	-54.123406032697261026	
1096.660000	-54.099771157205701400	
1096.860000	-54.075219007419967454	
1097.060000	-54.049665473095274137	
1097.260000	-54.023015772787736921	
1097.460000	-53.995162586646799241	
1097.660000	-53.965983761937891927	
1097.860000	-53.935339467850496931	
1098.060000	-53.903068632152503881	
1098.260000	-53.868984429423605320	
1098.460000	-53.832868499044899124	
1098.660000	-53.794463435255565287	
1098.860000	-53.753462885589563314	
1099.060000	-53.709498274040626598	
1099.260000	-53.662120654822984989	
1099.460000	-53.610775362865993543	
1099.660000	-53.554765696872856040	
1099.860000	-53.493199334012452084	
1100.060000	-53.424906459120990121	
1100.260000	-53.348309317381499284	
1100.460000	-53.261203386113407987	
1100.660000	-53.160365715948003640	
1100.860000	-53.040792346055468443	
1101.060000	-52.894033392739757460	
1101.260000	-52.703900483768279628	
1101.460000	-52.431970146393950927	
1101.660000	-51.932092914652329796	
1101.860000	-48.031478329919970349	
1102.060000	-34.353257643724141701	
1102.260000	14.007232505178784265	
1102.460000	24.769833458007560978	
1102.660000	21.338931991935186971	
1102.860000	10.616237759462219259	
1103.060000	-2.689961353140280842	
1103.260000	-12.426109889281615750	
1103.460000	-18.739735765854288019	
1103.660000	-24.237442227258831906	
1103.860000	-30.373533023999115699	
1104.060000	-37.891103972881104767	
1104.260000	-44.322829180225724599	
1104.460000	-48.269048314171200786	
1104.660000	-51.072178542717061589	
1104.860000	-52.904233343468867190	
1105.060000	-54.093675230531438558	
1105.260000	-54.905184417277716591	
1105.460000	-55.492097538607985996	
1105.660000	-55.942127391105600509	
1105.860000	-56.306602345799362297	
1106.060000	-56.616210245535285139	
1106.260000	-56.889528801482065035	
1126.260000	-59.666480171237374464	
1146.260000	-58.365270627840679651	
1166.260000	-58.248426786181148884	
1186.260000	-58.680210110585726113	
1206.260000	-59.214124745572590314	
1226.260000	-59.724483056542780446	
1246.260000	-60.196632213621626306	
1266.260000	-60.634367919685338677	
1286.260000	-61.041646826841009954	
1306.260000	-61.421046197915238452	
1326.260000	-61.774274872226605737	
1346.260000	-62.102590203346238695	
1366.260000	-62.407050318873743322	
1386.260000	-62.688645571473998075	
1406.260000	-62.948362675124663213	
1426.260000	-63.187216646660417041	
1446.260000	-63.406261755950723114	
1466.260000	-63.606589793265193578	
1486.260000	-63.789320987580602207	
1506.260000	-63.955591057761083107	
1526.260000	-64.106536834417923387	
1546.260000	-64.243282119018687126	
1566.260000	-64.366924860550909671	
1586.260000	-64.478526275183369876	
1606.260000	-64.579102187001765856	
1626.260000	-64.669616615303866070	
1646.260000	-64.750977464061179489	
1666.260000	-64.824034068267209818	
1686.260000	-64.889576304752665692	
1706.260000	-64.948334966589996498	
1726.260000	-65.000983117023935165	
1746.260000	-65.048138170026660987	
1766.260000	-65.090364482033919558	
1786.260000	-65.128176277667037652	
1806.260000	-65.162040767981309841	
1826.260000	-65.192381351317209237	
1846.260000	-65.219580813490424021	
1866.260000	-65.243984465979664833	
1886.260000	-65.265903178351038605	
1906.260000	-65.285616274972397832	
1926.260000	-65.303374276804049714	
1946.260000	-65.319401477211613383	
1966.260000	-65.333898346903453103	
1986.260000	-65.347043767663748781	
2006.260000	-65.358997097853389846	
2026.260000	-65.369900075004437667	
2046.260000	-65.379878562459964542	
2066.260000	-65.389044148047887006	
2086.260000	-65.397495603398738240	
2106.260000	-65.405320212824321402	
2126.260000	-65.412594980726666449	
2146.260000	-65.419387726385096471	
2166.260000	-65.425758074731831471	
2186.260000	-65.431758351397832030	
2206.260000	-65.437434389891336650	
2226.260000	-65.442826258376058490	
2246.260000	-65.447968913030791782	
2266.260000	-65.452892784538718729	
2286.260000	-65.457624303780818309	
2306.260000	-65.462186372366900855	
2326.260000	-65.466598783201192191	
2346.260000	-65.470878595882439299	
2366.260000	-65.475040471306172662	
2386.260000	-65.479096969509313908	
2406.260000	-65.483058814422520300	
2426.260000	-65.486935128871493816	
2446.260000	-65.490733642872228870	
2466.260000	-65.494460877990135828	
2486.260000	-65.498122310259788037	