0.000000	-65.999999999999772626	
20.000000	-65.815125993409992589	
40.000000	-65.820912560325226082	
60.000000	-65.823740336831235709	
80.000000	-65.825155363696254085	
100.000000	-65.825861673675447605	
120.000000	-72.763600562282277906	
140.000000	-71.855623223455594939	
160.000000	-70.790711612134913366	
180.000000	-69.733444814871447193	
200.000000	-68.734659586160020694	
220.000000	-67.809354065626862962	
240.000000	-66.951799471953080456	
260.000000	-66.152927664782211536	
280.000000	-65.404486109212228939	
300.000000	-64.699696455862323319	
320.000000	-64.032897204597645668	
340.000000	-63.371394368186841461	
360.000000	-62.764423249346464218	
380.000000	-62.192423215436704709	
400.000000	-61.646141859279829589	
420.000000	-61.120585310698331227	
440.000000	-60.612374498254396826	
460.000000	-60.118670935426109736	
480.000000	-59.636653458256297711	
500.000000	-59.163068572075651730	
520.000000	-58.335021190931762192	
540.000000	-57.501984618426263296	
550.520000	-56.999450335365715148	
550.720000	-56.988127881856037504	
550.920000	-56.976664695686416451	
551.120000	-56.965051333708807135	
551.320000	-56.953277408066547594	
551.520000	-56.941331457989392106	
551.720000	-56.929200799433296254	
551.920000	-56.916871347868706721	
552.120000	-56.904327408335078076	
552.320000	-56.891551425315661561	
552.520000	-56.878523682981381171	
552.720000	-56.865221943661040882	
552.920000	-56.851621008833305382	
553.120000	-56.837692182119617712	
553.320000	-56.823402607200705461	
553.520000	-56.808714444532107279	
553.720000	-56.793583838093091742	
553.920000	-56.777959605483118821	
554.120000	-56.761781558898256606	
554.320000	-56.744978326794267787	
554.520000	-56.727464489771172396	
554.720000	-56.709136758666332412	
554.920000	-56.689868789650383007	
555.120000	-56.669504018616443375	
555.320000	-56.647845548209524225	
555.520000	-56.624641529201738877	
555.720000	-56.599563437090608886	
555.920000	-56.572172734033465247	
556.120000	-56.541867718906502205	
556.320000	-56.507794817218560013	
556.520000	-56.468691944939600091	
556.720000	-56.422591588679104291	
556.920000	-56.366203307684159540	
557.120000	-56.293455605384174589	
557.320000	-56.191343265337863500	
557.520000	-56.023734931111370372	
557.720000	-55.602305977986787866	
557.920000	-50.680146878020579493	
558.120000	-43.404765939247418771	
558.320000	-24.697646582311904240	
558.520000	12.909884474104760699	
558.720000	14.281487604600400232	
558.920000	7.275019904338307697	
559.120000	-2.281876215784039097	
559.320000	-9.422472232680460635	
559.520000	-14.389872862356915206	
559.720000	-19.235806458074339531	
559.920000	-25.071004482510488742	
560.120000	-33.096572512772169716	
560.320000	-44.014897509946514731	
560.520000	-50.731098224931862717	
560.720000	-54.380657557203790020	
560.920000	-56.481468505499123012	
580.920000	-57.102480339633132189	
581.980000	-56.998082425863017875	
582.180000	-56.978581424039525416	
582.380000	-56.959137297700124236	
582.580000	-56.939747575863137286	
582.780000	-56.920409694542797752	
582.980000	-56.901120992603267723	
583.180000	-56.881878707091821923	
583.380000	-56.862679968021495824	
583.580000	-56.843521792507871737	
583.780000	-56.824401078276892463	
583.980000	-56.805314596446990549	
584.180000	-56.786258983498811403	
584.380000	-56.767230732367195856	
584.580000	-56.748226182559172059	
584.780000	-56.729241509248687692	
584.980000	-56.710272711089409370	
585.180000	-56.691315596794261467	
585.380000	-56.672365770121309936	
585.580000	-56.653418613315416508	
585.780000	-56.634469268544755494	
585.980000	-56.615512617315751243	
586.180000	-56.596543257450647957	
586.380000	-56.577555477344439794	
586.580000	-56.558543227142358489	
586.780000	-56.539500086370068743	
586.980000	-56.520419227513635008	
587.180000	-56.501293374939571379	
587.380000	-56.482114758467986348	
587.580000	-56.462875060710999264	
587.780000	-56.443565357155009110	
587.980000	-56.424176047894476937	
588.180000	-56.404696779430629761	
588.380000	-56.385116354879215805	
588.580000	-56.365422630490101596	
588.780000	-56.345602395856232647	
588.980000	-56.325641234738682783	
589.180000	-56.305523362609783078	
589.380000	-56.285231436116781367	
589.580000	-56.264746328522477370	
589.780000	-56.244046863621456112	
589.980000	-56.223109498609794343	
590.180000	-56.201907943874303442	
590.380000	-56.180412704065588514	
590.580000	-56.158590520322299255	
590.780000	-56.136403687148025199	
590.980000	-56.113809208888540070	
591.180000	-56.090757748850613496	
591.380000	-56.067192307348889813	
591.580000	-56.043046541123906934	
591.780000	-56.018242601926345969	
591.980000	-55.992688321104338911	
592.180000	-55.966273490118503275	
592.380000	-55.938864868933599439	
592.580000	-55.910299368379760665	
592.780000	-55.880374551753021706	
592.980000	-55.848835099635813606	
593.180000	-55.815353015996784336	
593.380000	-55.779497797850417840	
593.580000	-55.740689861576072417	
593.780000	-55.698124692582936746	
593.980000	-55.650642802661671737	
594.180000	-55.596492036798530023	
594.380000	-55.532855859764097772	
594.580000	-55.454808093853131368	
594.780000	-55.352602818603756418	
594.980000	-55.202678388914073082	
595.180000	-54.919654032131774102	
595.380000	-53.050836097043294615	
595.580000	-45.214896887656259139	
595.780000	-31.406956516691629133	
595.980000	11.667945809752104935	
596.180000	16.069737294674325767	
596.380000	10.244787982431407869	
596.580000	0.666588900275460028	
596.780000	-7.816838660268966343	
596.980000	-13.216476126178694273	
597.180000	-17.925298791463958992	
597.380000	-23.128915936649285356	
597.580000	-29.858903410569926251	
597.780000	-39.479194944145689306	
597.980000	-47.727204785487501226	
598.180000	-51.975703163603853341	
598.380000	-54.636552702810845972	
598.580000	-56.153751462721153587	
598.780000	-56.969973815306765630	
611.680000	-56.998136939456827577	
611.880000	-56.972925531515812736	
612.080000	-56.947767006592492578	
612.280000	-56.922663552674308107	
612.480000	-56.897616999570438168	
612.680000	-56.872628840150433405	
612.880000	-56.847700249391564853	
613.080000	-56.822832101297159113	
613.280000	-56.798024983931462373	
613.480000	-56.773279212763256396	
613.680000	-56.748594842325523757	
613.880000	-56.723971676318647894	
614.080000	-56.699409276496716359	
614.280000	-56.674906969919845778	
614.480000	-56.650463855054738360	
614.680000	-56.626078806729708504	
614.880000	-56.601750479734853627	
615.080000	-56.577477311358848056	
615.280000	-56.553257522712506500	
615.480000	-56.529089118962751570	
615.680000	-56.504969888374724007	
615.880000	-56.480897400143184939	
616.080000	-56.456869001119095230	
616.280000	-56.432881811133199790	
616.480000	-56.408932717191390793	
616.680000	-56.385018366123603073	
616.880000	-56.361135155793292029	
617.080000	-56.337279224795054233	
617.280000	-56.313446440291080819	
617.480000	-56.289632384062485926	
617.680000	-56.265832336483157405	
617.880000	-56.242041258205112797	
618.080000	-56.218253769274504350	
618.280000	-56.194464125465607651	
618.480000	-56.170666191462167660	
618.680000	-56.146853410360712644	
618.880000	-56.123018769259395810	
619.080000	-56.099154760077873050	
619.280000	-56.075253335259446885	
619.480000	-56.051305857315185222	
619.680000	-56.027303041440418951	
619.880000	-56.003234890073535723	
620.080000	-55.979090618047557371	
620.280000	-55.954858566845068424	
620.480000	-55.930526105958549010	
620.680000	-55.906079519211807849	
620.880000	-55.881503873035057950	
621.080000	-55.856782863588001931	
621.280000	-55.831898638280350156	
621.480000	-55.806831586647049903	
621.680000	-55.781560094132103700	
621.880000	-55.756060250609337459	
622.080000	-55.730305503525656263	
622.280000	-55.704266242558269084	
622.480000	-55.677909299238045548	
622.680000	-55.651197339689140620	
622.880000	-55.624088122428766212	
623.080000	-55.596533583607104845	
623.280000	-55.568478699806000520	
623.480000	-55.539860060604986813	
623.680000	-55.510604058056053134	
623.880000	-55.480624563756599343	
624.080000	-55.449819910603096673	
624.280000	-55.418068915786996342	
624.480000	-55.385225558197603846	
624.680000	-55.351111729529030470	
624.880000	-55.315507165425906067	
625.080000	-55.278135142845250982	
625.280000	-55.238641633811333520	
625.480000	-55.196564000878183265	
625.680000	-55.151282307838322083	
625.880000	-55.101940349804415575	
626.080000	-55.047310870370310454	
626.280000	-54.985550434368249739	
626.480000	-54.913715725932881639	
626.680000	-54.826698908598693549	
626.880000	-54.714490445823784626	
627.080000	-54.553199658791847071	
627.280000	-54.258158794649283152	
627.480000	-52.504588534598170213	
627.680000	-44.452545937483641580	
627.880000	-27.799921534196503359	
628.080000	13.185596198423679581	
628.280000	16.483858721103015199	
628.480000	10.112361415046599689	
628.680000	0.249182550241469708	
628.880000	-8.229439342132263135	
629.080000	-13.650351355257349439	
629.280000	-18.349319917521146550	
629.480000	-23.467645685041020442	
629.680000	-29.991028577219317697	
629.880000	-39.125747077075693880	
630.080000	-47.004005690555516139	
630.280000	-51.187487053105883206	
630.480000	-53.868513044458076422	
630.680000	-55.451551006300618951	
630.880000	-56.329809121391136273	
631.080000	-56.814904129547677769	
639.940000	-56.998891148820291619	
640.140000	-56.971969838634834105	
640.340000	-56.944894375344695447	
640.540000	-56.917685226466964821	
640.740000	-56.890360981669353180	
640.940000	-56.862938514284500968	
641.140000	-56.835433128299591488	
641.340000	-56.807858691459912848	
641.540000	-56.780227755762844311	
641.740000	-56.752551666367985206	
641.940000	-56.724840660139236093	
642.140000	-56.697103954345024590	
642.340000	-56.669349826728726782	
642.540000	-56.641585687635725321	
642.740000	-56.613818144917985364	
642.940000	-56.586053062138695680	
643.140000	-56.558295611018799320	
643.340000	-56.530550318302410062	
643.540000	-56.502821107685342383	
643.740000	-56.475111337266241662	
643.940000	-56.447423832829684898	
644.140000	-56.419760917335189276	
644.340000	-56.392124437014729210	
644.540000	-56.364515783956882444	
644.740000	-56.336935916046371631	
644.940000	-56.309385373760029836	
645.140000	-56.281864294553137995	
645.340000	-56.254372424545117326	
645.540000	-56.226909127885591033	
645.740000	-56.199473393880303718	
645.940000	-56.172063841577760002	
646.140000	-56.144678722379829594	
646.340000	-56.117315920331250823	
646.540000	-56.089972949979539862	
646.740000	-56.062646952244556076	
646.940000	-56.035334687612490256	
647.140000	-56.008032526992018063	
647.340000	-55.980736439844484664	
647.540000	-55.953441979589428001	
647.740000	-55.926144265891714724	
647.940000	-55.898837963590587208	
648.140000	-55.871517258147370910	
648.340000	-55.844175826924114858	
648.540000	-55.816806806023407717	
648.740000	-55.789402752121603157	
648.940000	-55.761955598576307125	
649.140000	-55.734456605100689330	
649.340000	-55.706896300015039003	
649.540000	-55.679264414104693515	
649.740000	-55.651549804624799833	
649.940000	-55.623740367947505092	
650.140000	-55.595822938973384453	
650.340000	-55.567783175037398280	
650.540000	-55.539605421458766443	
650.740000	-55.511272555454205246	
650.940000	-55.482765804101603635	
651.140000	-55.454064531519449588	
651.340000	-55.425145988551641096	
651.540000	-55.395985017312931120	
651.740000	-55.366553700448257302	
651.940000	-55.336820942445825722	
652.140000	-55.306751966980847612	
652.340000	-55.276307709151033976	
652.540000	-55.245444075661481520	
652.740000	-55.214111037119081971	
652.940000	-55.182251505060420982	
653.140000	-55.149799929769613982	
653.340000	-55.116680531880440697	
653.540000	-55.082805047601205217	
653.740000	-55.048069818747542570	
653.940000	-55.012351986717270336	
654.140000	-54.975504440008656104	
654.340000	-54.937348994727706497	
654.540000	-54.897667016463451262	
654.740000	-54.856186247168174930	
654.940000	-54.812561846988536729	
655.140000	-54.766348334659440411	
655.340000	-54.716956672012891261	
655.540000	-54.663586021828791672	
655.740000	-54.605110009824720407	
655.940000	-54.539875840175149335	
656.140000	-54.465322410782455620	
656.340000	-54.377180570069810983	
656.540000	-54.267557928824572855	
656.740000	-54.119329893516187724	
656.940000	-53.882854057956521387	
657.140000	-53.243221183966674914	
657.340000	-46.906926170356477712	
657.540000	-35.596118178399102305	
657.740000	8.621274257199505797	
657.940000	17.370434918792764023	
658.140000	13.153104743554461464	
658.340000	3.708822428013929695	
658.540000	-6.018667971055235100	
658.740000	-12.238987832801734967	
658.940000	-17.063084001938438661	
659.140000	-21.903872339404514946	
659.340000	-27.688992053129055648	
659.540000	-35.589606986680998091	
659.740000	-44.305916944788087619	
659.940000	-49.332226583434781730	
660.140000	-52.427702428823160119	
660.340000	-54.415843345526418773	
660.540000	-55.561124350341820843	
660.740000	-56.211844227607919322	
660.940000	-56.583671261209474324	
661.140000	-56.797941495726007588	
661.340000	-56.922992247757079554	
661.540000	-56.997738523170475844	
667.260000	-56.998994156332969396	
667.460000	-56.975580380254307045	
667.660000	-56.951459708988657837	
667.860000	-56.926698529413251038	
668.060000	-56.901357863088172451	
668.260000	-56.875493687645857221	
668.460000	-56.849157269886227084	
668.660000	-56.822395498985017070	
668.860000	-56.795251212882341463	
669.060000	-56.767763511928627906	
669.260000	-56.739968056790694106	
669.460000	-56.711897348483446990	
669.660000	-56.683580989562130981	
669.860000	-56.655045926043349880	
670.060000	-56.626316670416969146	
670.260000	-56.597415506348276892	
670.460000	-56.568362675880464963	
670.660000	-56.539176550290783041	
670.860000	-56.509873785260531065	
671.060000	-56.480469461835689060	
671.260000	-56.450977214241994773	
671.460000	-56.421409345358298992	
671.660000	-56.391776930995909822	
671.860000	-56.362089913939477981	
672.060000	-56.332357188784563107	
672.260000	-56.302586677810019467	
672.460000	-56.272785399424705588	
672.660000	-56.242959529185412748	
672.860000	-56.213114454356613692	
673.060000	-56.183254822452830979	
673.260000	-56.153384584230529697	
673.460000	-56.123507031692724922	
673.660000	-56.093624831206035708	
673.860000	-56.063740052472276432	
674.060000	-56.033854193096821916	
674.260000	-56.003968199655695059	
674.460000	-55.974082484862286435	
674.660000	-55.944196941254290323	
674.860000	-55.914310951738954714	
675.060000	-55.884423396547980190	
675.260000	-55.854532657017450958	
675.460000	-55.824636616419873292	
675.660000	-55.794732656990156272	
675.860000	-55.764817654105897304	
676.060000	-55.734887966610315857	
676.260000	-55.704939423783876862	
676.460000	-55.674967308193615168	
676.660000	-55.644966334580033163	
676.860000	-55.614930624100253453	
677.060000	-55.584853673660560958	
677.260000	-55.554728319858689645	
677.460000	-55.524546696719561112	
677.660000	-55.494300186725823210	
677.860000	-55.463979364026201324	
678.060000	-55.433573928836388234	
678.260000	-55.403072631836820960	
678.460000	-55.372463186830074733	
678.660000	-55.341732169977625233	
678.860000	-55.310864903317643382	
679.060000	-55.279845319820772431	
679.260000	-55.248655806607942509	
679.460000	-55.217277022533885145	
679.660000	-55.185687684866465474	
679.860000	-55.153864319162323682	
680.060000	-55.121780964375844292	
680.260000	-55.089408823979454155	
680.460000	-55.056715850657163003	
680.660000	-55.023666249251462546	
680.860000	-54.990219878287206257	
681.060000	-54.956331524238862585	
681.260000	-54.921950015301888470	
681.460000	-54.887017130190130842	
681.660000	-54.851466243065843287	
681.860000	-54.815220624382938297	
682.060000	-54.778191288230850375	
682.260000	-54.740274233384894842	
682.460000	-54.701346862240207258	
682.660000	-54.661263266665876870	
682.860000	-54.619847924199802947	
683.060000	-54.576887118281980804	
683.260000	-54.532117025767597340	
683.460000	-54.485206796891326064	
683.660000	-54.435733885523497122	
683.860000	-54.383146968503282892	
684.060000	-54.326708172786219109	
684.260000	-54.265399107517723110	
684.460000	-54.197759777666476566	
684.660000	-54.121593655708764459	
684.860000	-54.033379743312167420	
685.060000	-53.926957665986172685	
685.260000	-53.790056345452079256	
685.460000	-53.592330578805452035	
685.660000	-53.214717730868343892	
685.860000	-50.131836521255891626	
686.060000	-41.013876665609515726	
686.260000	-7.316561880102539384	
686.460000	16.749906260332128483	
686.660000	16.206104151907901212	
686.860000	7.974424120080803924	
687.060000	-2.500538730288313083	
687.260000	-10.224071237963231695	
687.460000	-15.454254077773050824	
687.660000	-20.186381503119239511	
687.860000	-25.432756069757264328	
688.060000	-32.179946300481994115	
688.260000	-40.910315523449575892	
688.460000	-47.219410676131211346	
688.660000	-50.815944371737124641	
688.860000	-53.261747264179653882	
689.060000	-54.749878640091317550	
689.260000	-55.615843333795723424	
689.460000	-56.122463488394721765	
689.660000	-56.422598853192965862	
689.860000	-56.603300664595501246	
690.060000	-56.714696976731630684	
690.260000	-56.785965231173740619	
690.460000	-56.834135810381162912	
690.660000	-56.869073619522424679	
690.860000	-56.896379399954128075	
691.060000	-56.919118610833535854	
691.260000	-56.938866808782272244	
691.460000	-56.956345542381129121	
691.660000	-56.971808146173181342	
691.860000	-56.985271027991863946	
692.060000	-56.996649122251419328	
693.780000	-56.999849934269320784	
693.980000	-56.989697545520577648	
694.180000	-56.977682040805937902	
694.380000	-56.963924845672373465	
694.580000	-56.948547320216377443	
694.780000	-56.931668555611189220	
694.980000	-56.913403763832505433	
695.180000	-56.893863155820255884	
695.380000	-56.873151211789341630	
695.580000	-56.851366258310065405	
695.780000	-56.828600282377855990	
695.980000	-56.804938922354445197	
696.180000	-56.780461587970052051	
696.380000	-56.755241671581217133	
696.580000	-56.729346820519168659	
696.780000	-56.702839247581025006	
696.980000	-56.675776062191339122	
697.180000	-56.648209608834790174	
697.380000	-56.620187803809983507	
697.580000	-56.591754462665356584	
697.780000	-56.562949614736197645	
697.980000	-56.533809801006441376	
698.180000	-56.504368353680128223	
698.380000	-56.474655656964095840	
698.580000	-56.444699388591182299	
698.780000	-56.414524742315236949	
698.980000	-56.384154632631691584	
699.180000	-56.353609881345853694	
699.380000	-56.322909388433146205	
699.580000	-56.292070287168314735	
699.780000	-56.261108085019642999	
699.980000	-56.230036791308236843	
700.180000	-56.198869032627044362	
700.380000	-56.167616156940347594	
700.580000	-56.136288327688717459	
700.780000	-56.104894607877511703	
700.980000	-56.073443035870049300	
701.180000	-56.041940693089792092	
701.380000	-56.010393764473946021	
701.580000	-55.978807591840876512	
701.780000	-55.947186721538443521	
701.980000	-55.915534945976169467	
702.180000	-55.883855339944702223	
702.380000	-55.852150291927536330	
702.580000	-55.820421530652112097	
702.780000	-55.788670147288073053	
702.980000	-55.756896613345091396	
703.180000	-55.725100794447307351	
703.380000	-55.693281960263000485	
703.580000	-55.661438790351269290	
703.780000	-55.629569376350701759	
703.980000	-55.597671219910324680	
704.180000	-55.565741226945284836	
704.380000	-55.533775697609080169	
704.580000	-55.501770311871240438	
704.780000	-55.469720110663445212	
704.980000	-55.437619472059154191	
705.180000	-55.405462082046113892	
705.380000	-55.373240899613378474	
705.580000	-55.340948115330128587	
705.780000	-55.308575102755952457	
705.980000	-55.276112361822107744	
706.180000	-55.243549453122653858	
706.380000	-55.210874921737136845	
706.580000	-55.178076209330612301	
706.780000	-55.145139552273846562	
706.980000	-55.112049864016078971	
707.180000	-55.078790598668284417	
707.380000	-55.045343592785904718	
707.580000	-55.011688881232956305	
707.780000	-54.977804482309309719	
707.980000	-54.943666146055655020	
708.180000	-54.909247058429265564	
708.380000	-54.874517491804610358	
708.580000	-54.839444390213294866	
708.780000	-54.803990874410892786	
708.980000	-54.768115647780803101	
709.180000	-54.731772278626863226	
709.380000	-54.694908326863647119	
709.580000	-54.657464273537165411	
709.780000	-54.619372197178861938	
709.980000	-54.580554122660778660	
710.180000	-54.540919940190164539	
710.380000	-54.500364754167442527	
710.580000	-54.458765463853772815	
710.780000	-54.415976294179905892	
710.980000	-54.371822865718399953	
711.180000	-54.326094193566234480	
711.380000	-54.278531685596107081	
711.580000	-54.228813685924023957	
711.780000	-54.176533218013439352	
711.980000	-54.121165006422458532	
712.180000	-54.062014947264685816	
712.380000	-53.998139533670652668	
712.580000	-53.928211001780134382	
712.780000	-53.850277676070653854	
712.980000	-53.761304176507167085	
713.180000	-53.656194944864438412	
713.380000	-53.525402934941702426	
713.580000	-53.347646808204999047	
713.780000	-53.057045983725693361	
713.980000	-52.083988134746640242	
714.180000	-44.345231167988607979	
714.380000	-26.039587532907695788	
714.580000	14.328773184666262708	
714.780000	18.114870073796996763	
714.980000	11.723095187779682291	
715.180000	1.339650230279968657	
715.380000	-8.013650413968690600	
715.580000	-13.927692993690133250	
715.780000	-18.747905673732812915	
715.980000	-23.714244363763480550	
716.180000	-29.738526867956217359	
716.380000	-37.812059029726206916	
716.580000	-45.204275425347091755	
716.780000	-49.409398849480730576	
716.980000	-52.222342837135030891	
717.180000	-54.026508042495827056	
717.380000	-55.097895667049016311	
717.580000	-55.735521341454123956	
717.780000	-56.120904135586656025	
717.980000	-56.358330350938118158	
718.180000	-56.508259234342268940	
718.380000	-56.606247808912847574	
718.580000	-56.673380525086258785	
718.780000	-56.722151289821894693	
718.980000	-56.759885435398508946	
719.180000	-56.790784413488545113	
719.380000	-56.817170690599880345	
719.580000	-56.840253563640089851	
719.780000	-56.860601300364706390	
719.980000	-56.878430511607966480	
720.180000	-56.893780892996936416	
720.380000	-56.906617997260589448	
720.580000	-56.916891077531502674	
720.780000	-56.924563243095477105	
720.980000	-56.929624922510711826	
721.180000	-56.932097617004181700	
721.380000	-56.932032324519724398	
721.580000	-56.929505338559380334	
721.780000	-56.924613042729667711	
721.980000	-56.917466633230930029	
722.180000	-56.908187265907955066	
722.380000	-56.896901858784083572	
722.580000	-56.883739620704929507	
722.780000	-56.868829287512760118	
722.980000	-56.852296999397367472	
723.180000	-56.834264733292208405	
723.380000	-56.814849199958310066	
723.580000	-56.794161119392562398	
723.780000	-56.772304796511306790	
723.980000	-56.749377930722687324	
724.180000	-56.725471602436172702	
724.380000	-56.700670390090330386	
724.580000	-56.675052581047253852	
724.780000	-56.648690445394052517	
724.980000	-56.621650550730315388	
725.180000	-56.593994099521964358	
725.380000	-56.565777275289669035	
725.580000	-56.537051588823374004	
725.780000	-56.507864215902074534	
725.980000	-56.478258323048656564	
726.180000	-56.448273376369201060	
726.380000	-56.417945433200969774	
726.580000	-56.387307414263631244	
726.780000	-56.356389356482814890	
726.980000	-56.325218646705039305	
727.180000	-56.293820236814148927	
727.380000	-56.262216840752493852	
727.580000	-56.230429114805062341	
727.780000	-56.198475821859574353	
727.980000	-56.166373980802568155	
728.180000	-56.134139002178407907	
728.380000	-56.101784811066309544	
728.580000	-56.069323958036846989	
728.780000	-56.036767719480153005	
728.980000	-56.004126187762167888	
729.180000	-55.971408352371163630	
729.380000	-55.938622172648912567	
729.580000	-55.905774642577860334	
729.780000	-55.872871848685385032	
729.980000	-55.839919021157804480	
730.180000	-55.806920579133326044	
730.380000	-55.773880169961735476	
730.580000	-55.740800703516249825	
730.780000	-55.707684381340676794	
730.980000	-55.674532721197714125	
731.180000	-55.641346577052786415	
731.380000	-55.608126154842949518	
731.580000	-55.574871024034898426	
731.780000	-55.541580125097191001	
731.980000	-55.508251772896365139	
732.180000	-55.474883656125520304	
732.380000	-55.441472832359529832	
732.580000	-55.408015719099203977	
732.780000	-55.374508080221261253	
732.980000	-55.340945007873244776	
733.180000	-55.307320899206303011	
733.380000	-55.273629427913476775	
733.580000	-55.239863509722120227	
733.780000	-55.206015261588540000	
733.980000	-55.172075953692754524	
734.180000	-55.138035953314890492	
734.380000	-55.103884659885963515	
734.580000	-55.069610429575263311	
734.780000	-55.035200488329316215	
734.980000	-55.000640831337840098	
735.180000	-54.965916106958971454	
735.380000	-54.931009482519556286	
735.580000	-54.895902488862503787	
735.780000	-54.860574839937214620	
735.980000	-54.825004222834046175	
736.180000	-54.789166052578629262	
736.380000	-54.753033184760113272	
736.580000	-54.716575577308290690	
736.780000	-54.679759890581649984	
736.980000	-54.642549012164224109	
737.180000	-54.604901488828673450	
737.380000	-54.566770843638330746	
737.580000	-54.528104749305498444	
737.780000	-54.488844020359088915	
737.980000	-54.448921374650048222	
738.180000	-54.408259898158902956	
738.380000	-54.366771124103763668	
738.580000	-54.324352604341605399	
738.780000	-54.280884803736149991	
738.980000	-54.236227078511404898	
739.180000	-54.190212394795793216	
739.380000	-54.142640283959750036	
739.580000	-54.093267279566902062	
739.780000	-54.041793675426937682	
739.980000	-53.987844769697709069	
740.180000	-53.930943596689381536	
740.380000	-53.870470060197881423	
740.580000	-53.805597449914301933	
740.780000	-53.735189487652888829	
740.980000	-53.657624337715297713	
741.180000	-53.570473232403180930	
741.380000	-53.469861182552364198	
741.580000	-53.349038941491862431	
741.780000	-53.194610105404464662	
741.980000	-52.973455367260342541	
742.180000	-52.553684425474330055	
742.380000	-49.081645151326888765	
742.580000	-38.939692666121821674	
742.780000	2.489177723624406813	
742.980000	18.462617334698698812	
743.180000	16.525628614322027232	
743.380000	7.551861998264395304	
743.580000	-3.343375990436534995	
743.780000	-11.076699437524760938	
743.980000	-16.384067817632292474	
744.180000	-21.188244521747588323	
744.380000	-26.513261266832245155	
744.580000	-33.350153510038957450	
744.780000	-41.596294122629544177	
744.980000	-47.172734953260253121	
745.180000	-50.549301651270248215	
745.380000	-52.894359143678002511	
745.580000	-54.344168731040099374	
745.780000	-55.218212862517709993	
745.980000	-55.753058713795880408	
746.180000	-56.087463415675891554	
746.380000	-56.301969890803121643	
746.580000	-56.444060140593705910	
746.780000	-56.542123394028557470	
746.980000	-56.613248916172800307	
747.180000	-56.667706772599210296	
747.380000	-56.711605561744143245	
747.580000	-56.748507920289554818	
747.780000	-56.780428526706181458	
747.980000	-56.808455632336979590	
748.180000	-56.833138320156230350	
748.380000	-56.854726100012690893	
748.580000	-56.873314870732322390	
748.780000	-56.888933525639622246	
748.980000	-56.901593174630335170	
749.180000	-56.911313131450185665	
749.380000	-56.918132773054004758	
749.580000	-56.922115101480002863	
749.780000	-56.923345700435454830	
749.980000	-56.921929382378372964	
750.180000	-56.917985918037310000	
750.380000	-56.911645656460486009	
750.580000	-56.903045474673291437	
750.780000	-56.892325265857266459	
750.980000	-56.879625035965389657	
751.180000	-56.865082599361556959	
751.380000	-56.848831822672330816	
751.580000	-56.831001344305057899	
751.780000	-56.811713695001863300	
751.980000	-56.791084745339141193	
752.180000	-56.769223413000979406	
752.380000	-56.746231572893591988	
752.580000	-56.722204120095980784	
752.780000	-56.697229145101928793	
752.980000	-56.671388189045408978	
753.180000	-56.644756551873761907	
753.380000	-56.617403633556392606	
753.580000	-56.589393292242299083	
753.780000	-56.560784207620109498	
753.980000	-56.531630240516946628	
754.180000	-56.501980782434849004	
754.380000	-56.471881090719278973	
754.580000	-56.441372606811576418	
754.780000	-56.410493255130710111	
754.980000	-56.379277722423744024	
755.180000	-56.347757717254019383	
755.380000	-56.315962209882762579	
755.580000	-56.283917652955018696	
755.780000	-56.251648184083201443	
755.980000	-56.219175811256960174	
756.180000	-56.186520582030432536	
756.380000	-56.153700737765582574	
756.580000	-56.120732853620246772	
756.780000	-56.087631965810764711	
756.980000	-56.054411686849292096	
757.180000	-56.021084309644919585	
757.380000	-55.987660901776770572	
757.580000	-55.954151390190709492	
757.780000	-55.920564637504284633	
757.980000	-55.886908510507865344	
758.180000	-55.853189941392791695	
758.380000	-55.819414982349243814	
758.580000	-55.785588854110173429	
758.780000	-55.751715988709818816	
758.980000	-55.717800067112385420	
759.180000	-55.683844051690201127	
759.380000	-55.649850214360398581	
759.580000	-55.615820160150150286	
759.780000	-55.581754846725779373	
759.980000	-55.547654599765692751	
760.180000	-55.513519124653633696	
760.380000	-55.479347514244217621	
760.580000	-55.445138252971297277	
760.780000	-55.410889217217317082	
760.980000	-55.376597671789618005	
761.180000	-55.342260262648757418	
761.380000	-55.307873005516462683	
761.580000	-55.273431270177304953	
761.780000	-55.238929760695690163	
761.980000	-55.204362490299118349	
762.180000	-55.169722751524311377	
762.380000	-55.135003080376364437	
762.580000	-55.100195214481502148	
762.780000	-55.065290044100514422	
762.980000	-55.030277555498926745	
763.180000	-54.995146765524140164	
763.380000	-54.959885646178499030	
763.580000	-54.924481037979035136	
763.780000	-54.888918550132039798	
763.980000	-54.853182445786501376	
764.180000	-54.817255509751269926	
764.380000	-54.781118895924720391	
764.580000	-54.744751950704909405	
764.780000	-54.708132008283854475	
764.980000	-54.671234152380513649	
765.180000	-54.634030938036588054	
765.380000	-54.596492065522689074	
765.580000	-54.558583996162120400	
765.780000	-54.520269497848651952	
765.980000	-54.481507104213342529	
766.180000	-54.442250467502184108	
766.380000	-54.402447579272489975	
766.580000	-54.362039825316465169	
766.780000	-54.320960831217590226	
766.980000	-54.279135040434510984	
767.180000	-54.236475947207956949	
767.380000	-54.192883879180136830	
767.580000	-54.148243184981922127	
767.780000	-54.102418624712740325	
767.980000	-54.055250676641954044	
768.180000	-54.006549345356958725	
768.380000	-53.956085858880591388	
768.580000	-53.903581329192483906	
768.780000	-53.848690940241638714	
768.980000	-53.790981367500599220	
769.180000	-53.729897630696264343	
769.380000	-53.664712838550620688	
769.580000	-53.594449016641185324	
769.780000	-53.517746462031929866	
769.980000	-53.432635455689570847	
770.180000	-53.336107277002227534	
770.380000	-53.223227075239606165	
770.580000	-53.085038765384936710	
770.780000	-52.902524915612524126	
770.980000	-52.621998674646803806	
771.180000	-51.915838714912617036	
771.380000	-45.167446107313807602	
771.580000	-28.446497061536820894	
771.780000	14.297452426049671814	
771.980000	19.554419849150104227	
772.180000	13.748752254170449660	
772.380000	3.192785561530652405	
772.580000	-7.113720632223989426	
772.780000	-13.636273005595185737	
772.980000	-18.646060406707917423	
773.180000	-23.597338400016344195	
773.380000	-29.438297697476368597	
773.580000	-37.106955338797504851	
773.780000	-44.370805978953754334	
773.980000	-48.629008307458718718	
774.180000	-51.516407341260787689	
774.380000	-53.442037369177683104	
774.580000	-54.621519079966859067	
774.780000	-55.348270887179154442	
774.980000	-55.806478984371565844	
775.180000	-56.103369423779184899	
775.380000	-56.301959549527516913	
775.580000	-56.439957145597119847	
775.780000	-56.540221306161406289	
775.980000	-56.616684462879781847	
776.180000	-56.677819096645777108	
776.380000	-56.728728502188246807	
776.580000	-56.772435660786399581	
776.780000	-56.810688660189825328	
776.980000	-56.844466995442488155	
777.180000	-56.874299468552919734	
777.380000	-56.900462152113234993	
777.580000	-56.923099675624023064	
777.780000	-56.942297565906258683	
777.980000	-56.958123572684264957	
778.180000	-56.970649612971634212	
778.380000	-56.979961871259774853	
778.580000	-56.986163909219328616	
778.780000	-56.989375874316088755	
778.980000	-56.989731741541469034	
779.180000	-56.987375764384474053	
779.380000	-56.982458825119984169	
779.580000	-56.975135059954986616	
779.780000	-56.965558939740553512	
779.980000	-56.953882870239745273	
780.180000	-56.940255304615781995	
780.380000	-56.924819326142618081	
780.580000	-56.907711640191536162	
780.780000	-56.889061910886255191	
780.980000	-56.868992379170634877	
781.180000	-56.847617704392057192	
781.380000	-56.825044979186941418	
781.580000	-56.801373874713846135	
781.780000	-56.776696880876130535	
781.980000	-56.751099612150277096	
782.180000	-56.724661156803755091	
782.380000	-56.697454450641750157	
782.580000	-56.669546662085217292	
782.780000	-56.640999577365974460	
782.980000	-56.611869979025222221	
783.180000	-56.582210011396611549	
783.380000	-56.552067529884993746	
783.580000	-56.521486431313981313	
783.780000	-56.490506964258919709	
783.980000	-56.459166018517905172	
784.180000	-56.427497393806731907	
784.380000	-56.395532048378733236	
784.580000	-56.363298327923402553	
784.780000	-56.330822175668131990	
784.980000	-56.298127325167484969	
785.180000	-56.265235476304290785	
785.380000	-56.232166455887394818	
785.580000	-56.198938364145170965	
785.780000	-56.165567707783004892	
785.980000	-56.132069520897864834	
786.180000	-56.098457474927108990	
786.380000	-56.064743977882734782	
786.580000	-56.030940264572201670	
786.780000	-55.997056477920750694	
786.980000	-55.963101742442582065	
787.180000	-55.929084230549243273	
787.380000	-55.895011221957041414	
787.580000	-55.860889157282507256	
787.780000	-55.826723685738414815	
787.980000	-55.792519707815891650	
788.180000	-55.758281413092277035	
788.380000	-55.724012313638318972	
788.580000	-55.689715273146944696	
788.780000	-55.655392532285574703	
788.980000	-55.621045730322592249	
789.180000	-55.586675923307772962	
789.380000	-55.552283598894646843	
789.580000	-55.517868687896623214	
789.780000	-55.483430572828687843	
789.980000	-55.448968093362836385	
790.180000	-55.414479548620718674	
790.380000	-55.379962696572953007	
790.580000	-55.345414750203985932	
790.780000	-55.310832370645123035	
790.980000	-55.276211656880327894	
791.180000	-55.241548132103510227	
791.380000	-55.206836726377389368	
791.580000	-55.172071755374219038	
791.780000	-55.137246894983945822	
791.980000	-55.102355151270316469	
792.180000	-55.067388825447160627	
792.380000	-55.032339473297639643	
792.580000	-54.997197858422218530	
792.780000	-54.961953898616776826	
792.980000	-54.926596604375667710	
793.180000	-54.891114008705507388	
793.380000	-54.855493086853982732	
793.580000	-54.819719664566576967	
793.780000	-54.783778313095837120	
793.980000	-54.747652229019870163	
794.180000	-54.711323096237627794	
794.380000	-54.674770927318263603	
794.580000	-54.637973880518487135	
794.780000	-54.600908048132190231	
794.980000	-54.563547210948485144	
795.180000	-54.525862552091446389	
795.380000	-54.487822322400283781	
795.580000	-54.449391447231739960	
795.780000	-54.410531062141487268	
795.980000	-54.371197961764011097	
796.180000	-54.331343941775415374	
796.380000	-54.290915008328134661	
796.580000	-54.249850421850354110	
796.780000	-54.208081531801838082	
796.980000	-54.165530345500222609	
797.180000	-54.122107754776003219	
797.380000	-54.077711317730184248	
797.580000	-54.032222454669494027	
797.780000	-53.985502862707448912	
797.980000	-53.937389872455575812	
798.180000	-53.887690349051688088	
798.380000	-53.836172553738840918	
798.580000	-53.782555088907649576	
798.780000	-53.726491575958370106	
798.980000	-53.667548923620522316	
799.180000	-53.605175674404762276	
799.380000	-53.538654443660554705	
799.580000	-53.467027776486581558	
799.780000	-53.388977324776796252	
799.980000	-53.302615921359141282	
800.180000	-53.205104267536860618	
800.380000	-53.091877830970936714	
800.580000	-52.954883174113767552	
800.780000	-52.777754188738647656	
800.980000	-52.517955237807314006	
801.180000	-51.976866354828196393	
801.380000	-46.805018383946467964	
801.580000	-33.398969865457566186	
801.780000	11.932480561117960960	
801.980000	20.263711373103674873	
802.180000	15.817896161490493157	
802.380000	5.621871537608074121	
802.580000	-5.461313267495341073	
802.780000	-12.737971424597901660	
802.980000	-17.979946131530461173	
803.180000	-22.914618376234770381	
803.380000	-28.563503592294260613	
803.580000	-35.897288124651439034	
803.780000	-43.407637976673505875	
803.980000	-47.962910521261918007	
804.180000	-50.994770001062228459	
804.380000	-53.070410396874954984	
804.580000	-54.359568537296411250	
804.780000	-55.163426831694309271	
804.980000	-55.677899189915613931	
805.180000	-56.017442074304788946	
805.380000	-56.249403723132935795	
805.580000	-56.414204605518371238	
805.780000	-56.536488783044681838	
805.980000	-56.631409754832631620	
806.180000	-56.708298469470250325	
806.380000	-56.772873091581757876	
806.580000	-56.828602720865490028	
806.780000	-56.877562277736295471	
806.980000	-56.920972698767265285	
807.180000	-56.959542644128305255	
807.380000	-56.993683454951828082	
811.340000	-56.999852854993022788	
811.540000	-56.977955567844574603	
811.740000	-56.954911922870046226	
811.940000	-56.930818066745459305	
812.140000	-56.905762958706759491	
812.340000	-56.879828772375141455	
812.540000	-56.853091311272081043	
812.740000	-56.825620426526285200	
812.940000	-56.797480427893660249	
813.140000	-56.768730482725239028	
813.340000	-56.739424998067853778	
813.540000	-56.709613983333774456	
813.740000	-56.679343392058783024	
813.940000	-56.648655441505617603	
814.140000	-56.617588910276012371	
814.340000	-56.586179414307324009	
814.540000	-56.554459661778665236	
814.740000	-56.522459687726168909	
814.940000	-56.490207069665373751	
815.140000	-56.457727125365508414	
815.340000	-56.425043093581166431	
815.540000	-56.392176299369310755	
815.740000	-56.359146304819937257	
815.940000	-56.325971046591618574	
816.140000	-56.292666961068114517	
816.340000	-56.259249098170634795	
816.540000	-56.225731225082398623	
816.740000	-56.192125920328720667	
816.940000	-56.158444659265555288	
817.140000	-56.124697891639712566	
817.340000	-56.090895111966972308	
817.540000	-56.057044923284131244	
817.740000	-56.023155094964657508	
817.940000	-55.989232614789258946	
818.140000	-55.955283736179993070	
818.340000	-55.921314020691028190	
818.540000	-55.887328376272705555	
818.740000	-55.853331091578944267	
818.940000	-55.819325866593629826	
819.140000	-55.785315840108317786	
819.340000	-55.751303613722335228	
819.540000	-55.717291273246630112	
819.740000	-55.683280407202651929	
819.940000	-55.649272122746559432	
820.140000	-55.615267059135142347	
820.340000	-55.581265398793775034	
820.540000	-55.547266876235134703	
820.740000	-55.513270784605154518	
820.940000	-55.479275980204853624	
821.140000	-55.445280884728902038	
821.340000	-55.411283485502458745	
821.540000	-55.377281333399245966	
821.740000	-55.343271538643023177	
821.940000	-55.309250764343119044	
822.140000	-55.275215217676318957	
822.340000	-55.241160638460250709	
822.540000	-55.207082285272534250	
822.740000	-55.172974918679003054	
822.940000	-55.138832781448890330	
823.140000	-55.104649575587423271	
823.340000	-55.070418435701810722	
823.540000	-55.036131898524921269	
823.740000	-55.001781868088336580	
823.940000	-54.967359576171674007	
824.140000	-54.932855537277347935	
824.340000	-54.898259497717475597	
824.540000	-54.863560377880617125	
824.740000	-54.828746206800843765	
824.940000	-54.793804048077937807	
825.140000	-54.758719915762313235	
825.340000	-54.723478678856309898	
825.540000	-54.688063952672173684	
825.740000	-54.652457974825942699	
825.940000	-54.616641463684032942	
826.140000	-54.580593455998318575	
826.340000	-54.544291120400629325	
826.540000	-54.507709542230706745	
826.740000	-54.470821474610353619	
826.940000	-54.433597049168596982	
827.140000	-54.396003438642210881	
827.340000	-54.358004461343099933	
827.540000	-54.319560115430746805	
827.740000	-54.280626027391697619	
827.940000	-54.241152795393432484	
828.140000	-54.201085202552370390	
828.340000	-54.160361268073621943	
828.540000	-54.118911094624209568	
828.740000	-54.076655457163020913	
828.940000	-54.033504060598374963	
829.140000	-53.989353368490505147	
829.340000	-53.944083869638554063	
829.540000	-53.897556598530997007	
829.740000	-53.849608651174840190	
829.940000	-53.800047326882442178	
830.140000	-53.748642357610570741	
830.340000	-53.695115422904180491	
830.540000	-53.639125726076031242	
830.740000	-53.580249709845773509	
830.940000	-53.517951796901030548	
831.140000	-53.451540918372288047	
831.340000	-53.380103635765514980	
831.540000	-53.302396863357252244	
831.740000	-53.216666772691851861	
831.940000	-53.120322904999788705	
832.140000	-53.009301223510632894	
832.340000	-52.876672403913346443	
832.540000	-52.709072544750362965	
832.740000	-52.474882570631663725	
832.940000	-52.059266220268106906	
833.140000	-49.268112574665934744	
833.340000	-38.442289648081214182	
833.540000	5.391862934641513228	
833.740000	20.459512651423057861	
833.940000	18.415661294940669279	
834.140000	9.129298555252598035	
834.340000	-2.563302534192134718	
834.540000	-11.164324309940408142	
834.740000	-16.851847703070585993	
834.940000	-21.813788178986538213	
835.140000	-27.234537439900243783	
835.340000	-34.104558627592602704	
835.540000	-41.895983856420080826	
835.740000	-47.001973186739157029	
835.940000	-50.253955367641275132	
836.140000	-52.560771356576807989	
836.340000	-54.021175920256744973	
836.540000	-54.939350167405599734	
836.740000	-55.532961944375450969	
836.940000	-55.930005614968010264	
837.140000	-56.205613729333620654	
837.340000	-56.404809530728385880	
837.540000	-56.555079874650374450	
837.740000	-56.673404730306209842	
837.940000	-56.770325835519543034	
838.140000	-56.852383590481579745	
838.340000	-56.923616297906889372	
838.540000	-56.986499486914780732	
845.180000	-56.997311792797965779	
845.380000	-56.968601858632631263	
845.580000	-56.939385198859497450	
845.780000	-56.909708330930946829	
845.980000	-56.879614073554840559	
846.180000	-56.849141844145911762	
846.380000	-56.818327933241896233	
846.580000	-56.787205757619652502	
846.780000	-56.755806092956582631	
846.980000	-56.724157287344418421	
847.180000	-56.692285456695422852	
847.380000	-56.660214663965895454	
847.580000	-56.627967082540308752	
847.780000	-56.595563145836671026	
847.980000	-56.563021683605526846	
848.180000	-56.530360046337939650	
848.380000	-56.497594218704001889	
848.580000	-56.464738922972337321	
848.780000	-56.431807713351439304	
848.980000	-56.398813061841771344	
849.180000	-56.365766436474423529	
849.380000	-56.332678372686224577	
849.580000	-56.299558538266275320	
849.780000	-56.266415792631143233	
849.980000	-56.233258240671602834	
850.180000	-56.200093281918512389	
850.380000	-56.166927655263485519	
850.580000	-56.133767479773965192	
850.780000	-56.100618291646384250	
850.980000	-56.067485077941405791	
851.180000	-56.034372307308771610	
851.380000	-56.001283957672377767	
851.580000	-55.968223541511612495	
851.780000	-55.935194128635323807	
851.980000	-55.902198366791104434	
852.180000	-55.869238500143183046	
852.380000	-55.836316385873239199	
852.580000	-55.803433509032799975	
852.780000	-55.770590995599597761	
852.980000	-55.737789624062415328	
853.180000	-55.705029835407245287	
853.380000	-55.672311741723014222	
853.580000	-55.639635133432868486	
853.780000	-55.606999485147696305	
853.980000	-55.574403960274764813	
854.180000	-55.541847414299979846	
854.380000	-55.509328396900976088	
854.580000	-55.476845152681185880	
854.780000	-55.444395620807014780	
854.980000	-55.411977433241005997	
855.180000	-55.379587911765064234	
855.380000	-55.347224063615776402	
855.580000	-55.314882575764741546	
855.780000	-55.282559807760911497	
855.980000	-55.250251782985003501	
856.180000	-55.217954178405200594	
856.380000	-55.185662312474924818	
856.580000	-55.153371131270091610	
856.780000	-55.121075192640866192	
856.980000	-55.088768648081305912	
857.180000	-55.056445222351833024	
857.380000	-55.024098190444917122	
857.580000	-54.991720351710227987	
857.780000	-54.959304000814839242	
857.980000	-54.926840895141204157	
858.180000	-54.894322218401271130	
858.380000	-54.861738539711979001	
858.580000	-54.829079767873054152	
858.780000	-54.796335100033303434	
858.980000	-54.763492964128403173	
859.180000	-54.730540954224821348	
859.380000	-54.697465757706481781	
859.580000	-54.664253073278224804	
859.780000	-54.630887518296638916	
859.980000	-54.597352523942802804	
860.180000	-54.563630216216878921	
860.380000	-54.529701280617175030	
860.580000	-54.495544807727981151	
860.780000	-54.461138116510312557	
860.980000	-54.426456551403894935	
861.180000	-54.391473248485617376	
861.380000	-54.356158864986959145	
861.580000	-54.320481265093754075	
861.780000	-54.284405153340330230	
861.980000	-54.247891644923249999	
862.180000	-54.210897759383151140	
862.380000	-54.173375820877524234	
862.580000	-54.135272743550594043	
862.780000	-54.096529174724928168	
862.980000	-54.057078460535151976	
863.180000	-54.016845388130441563	
863.380000	-53.975744643923256660	
863.580000	-53.933678907514014611	
863.780000	-53.890536472774400067	
863.980000	-53.846188248100112617	
864.180000	-53.800483930752172057	
864.380000	-53.753247066226869322	
864.580000	-53.704268578452015959	
864.780000	-53.653298164704345652	
864.980000	-53.600032648692533144	
865.180000	-53.544099901045065337	
865.380000	-53.485036131852311314	
865.580000	-53.422252973878237015	
865.780000	-53.354988286979676104	
865.980000	-53.282229927109440837	
866.180000	-53.202592369309364528	
866.380000	-53.114106063245799305	
866.580000	-53.013832728265676053	
866.780000	-52.897098238939690873	
866.980000	-52.755767873793963929	
867.180000	-52.573622552189327450	
867.380000	-52.309782334509478119	
867.580000	-51.787040254355204638	
867.780000	-46.975703486270980136	
867.980000	-32.862839468236757057	
868.180000	13.299451189801795081	
868.380000	21.641701261351844465	
868.580000	17.131165750205536114	
868.780000	6.630960490395551687	
868.980000	-5.083067195710701647	
869.180000	-12.872796297366837948	
869.380000	-18.331212835599259847	
869.580000	-23.383116487582817911	
869.780000	-29.147108515693918918	
869.980000	-36.535671816907196785	
870.180000	-43.682172166663910673	
870.380000	-47.968844543414292048	
870.580000	-50.921917701426785641	
870.780000	-52.971384141698244719	
870.980000	-54.268499353472229529	
871.180000	-55.100750599390821094	
871.380000	-55.653557191399649184	
871.580000	-56.035286295544125323	
871.780000	-56.309936831384419520	
871.980000	-56.516151818658258321	
872.180000	-56.677687930772350455	
872.380000	-56.809314103137772634	
872.580000	-56.920258680416239372	
882.180000	-56.998634877673595156	
882.380000	-56.967536890750054113	
882.580000	-56.936286987581581798	
882.780000	-56.904905211109841900	
882.980000	-56.873410119291861520	
883.180000	-56.841818899531659781	
883.380000	-56.810147473322963663	
883.580000	-56.778410591718262879	
883.780000	-56.746621922678293970	
883.980000	-56.714794130637166347	
884.180000	-56.682938949564196207	
884.380000	-56.651067249507534029	
884.580000	-56.619189097598955129	
884.780000	-56.587313813844438926	
884.980000	-56.555450022156968259	
885.180000	-56.523605697263121783	
885.380000	-56.491788207549141987	
885.580000	-56.460004354280485472	
885.780000	-56.428260407886874361	
885.980000	-56.396562140966111087	
886.180000	-56.364914858641675721	
886.380000	-56.333323426631608299	
886.580000	-56.301792296874516808	
886.780000	-56.270325531113243755	
886.980000	-56.238926822615340484	
887.180000	-56.207599516123231354	
887.380000	-56.176346626245965865	
887.580000	-56.145170854286831741	
887.780000	-56.114074603765232041	
887.980000	-56.083059994757171296	
888.180000	-56.052128876864280471	
888.380000	-56.021282841319624879	
888.580000	-55.990523231911232926	
888.780000	-55.959851155154147762	
888.980000	-55.929267489356185195	
889.180000	-55.898772893055550526	
889.380000	-55.868367812568678232	
889.580000	-55.838052488942651053	
889.780000	-55.807826963952308574	
889.980000	-55.777691085735142451	
890.180000	-55.747644513554782009	
890.380000	-55.717686722116852138	
890.580000	-55.687817005190439090	
890.780000	-55.658034478707321568	
890.980000	-55.628338083304441852	
891.180000	-55.598726586310661446	
891.380000	-55.569198583181929507	
891.580000	-55.539752498404425296	
891.780000	-55.510386585866029918	
891.980000	-55.481098928673645787	
892.180000	-55.451887438436195055	
892.380000	-55.422749853974714540	
892.580000	-55.393683739477275196	
892.780000	-55.364686482020808000	
892.980000	-55.335755288520729778	
893.180000	-55.306887182039048412	
893.380000	-55.278078997384774596	
893.580000	-55.249327376040866966	
893.780000	-55.220628760324345308	
893.980000	-55.191979386761694570	
894.180000	-55.163375278633942855	
894.380000	-55.134812237526652723	
894.580000	-55.106285834023282177	
894.780000	-55.077791397232793713	
894.980000	-55.049324003232499081	
895.180000	-55.020878462212600368	
895.380000	-54.992449304296506796	
895.580000	-54.964030763857898876	
895.780000	-54.935616762163789417	
895.980000	-54.907200888281714413	
896.180000	-54.878776377930982733	
896.380000	-54.850336090183695603	
896.580000	-54.821872481654501996	
896.780000	-54.793377578066618128	
896.980000	-54.764842942689583083	
897.180000	-54.736259641457380098	
897.380000	-54.707618204232005610	
897.580000	-54.678908581821637824	
897.780000	-54.650120098154062021	
897.980000	-54.621241397013420737	
898.180000	-54.592260382581869749	
898.380000	-54.563164152959409137	
898.580000	-54.533938925705271572	
898.780000	-54.504569954154071354	
898.980000	-54.475041433250218859	
899.180000	-54.445336393265407082	
899.380000	-54.415436579510377157	
899.580000	-54.385322315802035575	
899.780000	-54.354972349030617806	
899.980000	-54.324363671612573512	
900.180000	-54.293471318022319849	
900.380000	-54.262268130723995796	
900.580000	-54.230724489854495118	
900.780000	-54.198807999787618428	
900.980000	-54.166483124033362628	
901.180000	-54.133710758025621601	
901.380000	-54.100447726669351312	
901.580000	-54.066646190238984104	
901.780000	-54.032252937876322108	
901.980000	-53.997208542213869009	
902.180000	-53.961446341104085889	
902.380000	-53.924891202271638235	
902.580000	-53.887458012964920329	
902.780000	-53.849049817788490202	
902.980000	-53.809555501653790088	
903.180000	-53.768846877627908043	
903.380000	-53.726774986427528802	
903.580000	-53.683165336605135565	
903.780000	-53.637811699276511490	
903.980000	-53.590467895881104710	
904.180000	-53.540836745122497575	
904.380000	-53.488554899770058171	
904.580000	-53.433171587601542285	
904.780000	-53.374118049760987503	
904.980000	-53.310662305829829677	
905.180000	-53.241839857137570391	
905.380000	-53.166343060732991432	
905.580000	-53.082335400986629281	
905.780000	-52.987119381564497189	
905.980000	-52.876492295569086366	
906.180000	-52.743351586424623179	
906.380000	-52.574160951991075308	
906.580000	-52.337450743366730421	
906.780000	-51.922710104786048646	
906.980000	-49.356982325946653134	
907.180000	-38.159554561705469666	
907.380000	7.168521438526619605	
907.580000	21.783329513714658532	
907.780000	19.662186125182341101	
907.980000	10.125895930504526632	
908.180000	-2.098467188130586525	
908.380000	-11.268125922060102440	
908.580000	-17.222303936174032657	
908.780000	-22.338073461479400095	
908.980000	-27.933778848029913178	
909.180000	-35.016565975762972585	
909.380000	-42.579021731495608094	
909.580000	-47.356633087433095852	
909.780000	-50.542888862799223659	
909.980000	-52.752414171717290969	
910.180000	-54.153288159721924444	
910.380000	-55.056031293192631892	
910.580000	-55.660774750147261614	
910.780000	-56.083570335600121837	
910.980000	-56.392500735537900880	
911.180000	-56.628483314684494587	
911.380000	-56.816600018404948003	
911.580000	-56.972420289269805949	
924.780000	-56.999465337525798247	
924.980000	-56.969374105731553470	
925.180000	-56.939342374034524141	
925.380000	-56.909377178116457685	
925.580000	-56.879485075949375528	
925.780000	-56.849672178117984345	
925.980000	-56.819944175928569052	
926.180000	-56.790306367398464715	
926.380000	-56.760763681225583355	
926.580000	-56.731320699070764135	
926.780000	-56.701981676173197400	
926.980000	-56.672750560488225346	
927.180000	-56.643631010513715296	
927.380000	-56.614626411745106793	
927.580000	-56.585739892101322823	
927.780000	-56.556974336228229561	
927.980000	-56.528332398849769902	
928.180000	-56.499816517217716694	
928.380000	-56.471428922710799725	
928.580000	-56.443171651717570114	
928.780000	-56.415046555757655256	
928.980000	-56.387055311010371383	
929.180000	-56.359199427165897589	
929.380000	-56.331480255768340726	
929.580000	-56.303898997982685160	
929.780000	-56.276456711929689902	
929.980000	-56.249154319576909700	
930.180000	-56.221992613101711811	
930.380000	-56.194972261031111316	
930.580000	-56.168093813879742981	
930.780000	-56.141357709451519042	
930.980000	-56.114764277920059499	
931.180000	-56.088313746493327017	
931.380000	-56.062006243869880961	
931.580000	-56.035841804381156805	
931.780000	-56.009820371922685922	
931.980000	-55.983941803595875797	
932.180000	-55.958205873193065827	
932.380000	-55.932612274410743680	
932.580000	-55.907160623884841755	
932.780000	-55.881850464076713081	
932.980000	-55.856681265883402432	
933.180000	-55.831652431140469162	
933.380000	-55.806763294937368869	
933.580000	-55.782013127766809646	
933.780000	-55.757401137544128744	
933.980000	-55.732926471462377549	
934.180000	-55.708588217707912804	
934.380000	-55.684385407041233407	
934.580000	-55.660317014267896241	
934.780000	-55.636381959550490706	
934.980000	-55.612579109603338168	
935.180000	-55.588907278762491160	
935.380000	-55.565365229955808957	
935.580000	-55.541951675551395340	
935.780000	-55.518665278057582668	
935.980000	-55.495504650735242080	
936.180000	-55.472468358116294951	
936.380000	-55.449554916349597988	
936.580000	-55.426762793502710736	
936.780000	-55.404090409702142495	
936.980000	-55.381536137186117230	
937.180000	-55.359098300215983102	
937.380000	-55.336775174886568607	
937.580000	-55.314564988844857396	
937.780000	-55.292465920826387560	
937.980000	-55.270476100133585362	
938.180000	-55.248593605940399698	
938.380000	-55.226816466482389956	
938.580000	-55.205142658141326706	
938.780000	-55.183570104336752138	
938.980000	-55.162096674313559674	
939.180000	-55.140720181747219897	
939.380000	-55.119438383221435629	
939.580000	-55.098248976512614661	
939.780000	-55.077149598720716028	
939.980000	-55.056137824205087838	
940.180000	-55.035211162332196011	
940.380000	-55.014367055008619900	
940.580000	-54.993602874016573878	
940.780000	-54.972915918092873255	
940.980000	-54.952303409786132704	
941.180000	-54.931762492021768196	
941.380000	-54.911290224419673223	
941.580000	-54.890883579293827665	
941.780000	-54.870539437314633346	
941.980000	-54.850254582841429851	
942.180000	-54.830025698858790406	
942.380000	-54.809849361526232769	
942.580000	-54.789722034268500295	
942.780000	-54.769640061399385900	
942.980000	-54.749599661244012339	
943.180000	-54.729596918676421069	
943.380000	-54.709627777071979438	
943.580000	-54.689688029572877781	
943.780000	-54.669773309651752413	
943.980000	-54.649879080874946169	
944.180000	-54.630000625794558289	
944.380000	-54.610133033885482234	
944.580000	-54.590271188464086549	
944.780000	-54.570409752413695514	
944.980000	-54.550543152684426218	
945.180000	-54.530665563367612947	
945.380000	-54.510770887243950256	
945.580000	-54.490852735587296252	
945.780000	-54.470904406099570849	
945.980000	-54.450918858698315717	
946.180000	-54.430888688958930288	
946.380000	-54.410806098909823447	
946.580000	-54.390662864889556261	
946.780000	-54.370450302091029471	
946.980000	-54.350159225383599448	
947.180000	-54.329779905951752994	
947.380000	-54.309302023207060017	
947.580000	-54.288714611330789239	
947.780000	-54.268005999753661683	
947.980000	-54.247163746702327103	
948.180000	-54.226174564859185523	
948.380000	-54.205024237981128010	
948.580000	-54.183697527129488947	
948.780000	-54.162178064955895707	
948.980000	-54.140448236158420059	
949.180000	-54.118489041917193560	
949.380000	-54.096279945660725730	
949.580000	-54.073798697019235249	
949.780000	-54.051021130192204112	
949.980000	-54.027920932124395392	
950.180000	-54.004469374978192775	
950.380000	-53.980635006084732197	
950.580000	-53.956383287050080355	
950.780000	-53.931676171747149340	
950.980000	-53.906471610341213818	
951.180000	-53.880722963329702679	
951.380000	-53.854378305340951272	
951.580000	-53.827379592873853653	
951.780000	-53.799661662933594641	
951.980000	-53.771151019646474367	
952.180000	-53.741764352779419767	
952.380000	-53.711406713909461530	
952.580000	-53.679969250930845703	
952.780000	-53.647326366167050082	
952.980000	-53.613332112869827029	
953.180000	-53.577815571491711921	
953.380000	-53.540574838344596742	
953.580000	-53.501369094935981252	
953.780000	-53.459907971878465105	
953.980000	-53.415837017398445141	
954.180000	-53.368717419910261412	
954.380000	-53.317997017242916513	
954.580000	-53.262967662445127814	
954.780000	-53.202700408940913235	
954.980000	-53.135942988465927783	
955.180000	-53.060949623492220439	
955.380000	-52.975181004011446362	
955.580000	-52.874732947018806328	
955.780000	-52.753130252804226075	
955.980000	-52.598380636749084260	
956.180000	-52.383951994190574908	
956.380000	-52.026741181174315898	
956.580000	-50.644898933280103392	
956.780000	-40.864865999168564770	
956.980000	-1.045535719018924947	
957.180000	21.453119919237316537	
957.380000	21.427326158472730810	
957.580000	12.789422349864000950	
957.780000	0.445904376510532219	
957.980000	-9.922981900882730244	
958.180000	-16.415215976006678034	
958.380000	-21.667146482471309810	
958.580000	-27.221647335458790451	
958.780000	-34.154897528690007391	
958.980000	-41.918303581983252570	
959.180000	-47.036700488646360441	
959.380000	-50.407198527807899779	
959.580000	-52.716607068280488591	
959.780000	-54.179221500093127872	
959.980000	-55.127547920384870395	
960.180000	-55.770235482682551265	
960.380000	-56.226971723582622076	
960.580000	-56.567478538912958186	
960.780000	-56.833435710489915493	
980.180000	-56.999144726520299287	
980.380000	-56.975028844939025419	
980.580000	-56.951091428002960981	
980.780000	-56.927333569306540539	
980.980000	-56.903756259280918073	
981.180000	-56.880360390454818287	
981.380000	-56.857146762461120204	
981.580000	-56.834116086730453787	
981.780000	-56.811268991040527965	
981.980000	-56.788606023712610238	
982.180000	-56.766127657715301780	
982.380000	-56.743834294495101744	
982.580000	-56.721726267579640535	
982.780000	-56.699803846067169388	
982.980000	-56.678067237921617050	
983.180000	-56.656516593086536204	
983.380000	-56.635152006514374534	
983.580000	-56.613973520976969667	
983.780000	-56.592981129793301420	
983.980000	-56.572174779420386415	
984.180000	-56.551554371898305362	
984.380000	-56.531119767220623373	
984.580000	-56.510870785552171469	
984.780000	-56.490807209388052001	
984.980000	-56.470928785563295094	
985.180000	-56.451235227241966186	
985.380000	-56.431726215728645002	
985.580000	-56.412401402271846962	
985.780000	-56.393260409755399110	
985.980000	-56.374302834311443178	
986.180000	-56.355528246864615483	
986.380000	-56.336936194624342988	
986.580000	-56.318526202471602460	
986.780000	-56.300297774344940649	
986.980000	-56.282250394502142399	
987.180000	-56.264383528741241491	
987.380000	-56.246696625604265307	
987.580000	-56.229189117469609016	
987.780000	-56.211860421639727292	
987.980000	-56.194709941379819895	
988.180000	-56.177737066875202743	
988.380000	-56.160941176180251944	
988.580000	-56.144321636104265849	
988.780000	-56.127877803086043684	
988.980000	-56.111609023986602551	
989.180000	-56.095514636885923210	
989.380000	-56.079593971827925714	
989.580000	-56.063846351519813993	
989.780000	-56.048271092024741336	
989.980000	-56.032867503384551355	
990.180000	-56.017634890254846880	
990.380000	-56.002572552464584987	
990.580000	-55.987679785586550452	
990.780000	-55.972955881452030269	
990.980000	-55.958400128661892836	
991.180000	-55.944011813062260785	
991.380000	-55.929790218194568752	
991.580000	-55.915734625734692997	
991.780000	-55.901844315893889359	
991.980000	-55.888118567804440318	
992.180000	-55.874556659898949817	
992.380000	-55.861157870234805500	
992.580000	-55.847921476829981202	
992.780000	-55.834846757969813780	
992.980000	-55.821932992491376524	
993.180000	-55.809179460054366473	
993.380000	-55.796585441399663807	
993.580000	-55.784150218580016656	
993.780000	-55.771873075176074508	
993.980000	-55.759753296509721565	
994.180000	-55.747790169830430784	
994.380000	-55.735982984490306080	
994.580000	-55.724331032099151173	
994.780000	-55.712833606680497667	
994.980000	-55.701490004795559230	
995.180000	-55.690299525664691771	
995.380000	-55.679261471281257911	
995.580000	-55.668375146499158745	
995.780000	-55.657639859117892911	
995.980000	-55.647054919954491936	
996.180000	-55.636619642900797089	
996.380000	-55.626333344974042916	
996.580000	-55.616195346355503659	
996.780000	-55.606204970417053346	
996.980000	-55.596361543736598776	
997.180000	-55.586664396108261599	
997.380000	-55.577112860535685002	
997.580000	-55.567706273229212854	
997.780000	-55.558443973574846098	
997.980000	-55.549325304111086155	
998.180000	-55.540349610491752230	
998.380000	-55.531516241434260905	
998.580000	-55.522824548666314115	
998.780000	-55.514273886867762542	
998.980000	-55.505863613597213657	
999.180000	-55.497593089217453155	
999.380000	-55.489461676806214996	
999.580000	-55.481468742065821687	
999.780000	-55.473613653231865328	
999.980000	-55.465895780958803130	
1000.180000	-55.458314498216303434	
1000.380000	-55.450869180165433647	
1000.580000	-55.443559204044646549	
1000.780000	-55.436383949035423768	
1000.980000	-55.429342796132324622	
1001.180000	-55.422435127998994631	
1001.380000	-55.415660328830838921	
1001.580000	-55.409017784202390544	
1001.780000	-55.402506880919681009	
1001.980000	-55.396127006861796360	
1002.180000	-55.389877550816116525	
1002.380000	-55.383757902318997424	
1002.580000	-55.377767451490967687	
1002.780000	-55.371905588858581382	
1002.980000	-55.366171705187127827	
1003.180000	-55.360565191299635046	
1003.380000	-55.355085437906531354	
1003.580000	-55.349731835413678027	
1003.780000	-55.344503773753906728	
1003.980000	-55.339400642189659152	
1004.180000	-55.334421829138058513	
1004.380000	-55.329566721981180422	
1004.580000	-55.324834706875734014	
1004.780000	-55.320225168574069130	
1004.980000	-55.315737490228300999	
1005.180000	-55.311371053208986837	
1005.380000	-55.307125236913108779	
1005.580000	-55.302999418586168190	
1005.780000	-55.298992973127162998	
1005.980000	-55.295105272914888417	
1006.180000	-55.291335687620957628	
1006.380000	-55.287683584028286532	
1006.580000	-55.284148325855923645	
1006.780000	-55.280729273581670213	
1006.980000	-55.277425784271308373	
1007.180000	-55.274237211405761627	
1007.380000	-55.271162904723937004	
1007.580000	-55.268202210047135736	
1007.780000	-55.265354469134663873	
1007.980000	-55.262619019516357355	
1008.180000	-55.259995194348448422	
1008.380000	-55.257482322270448094	
1008.580000	-55.255079727259285960	
1008.780000	-55.252786728499245328	
1008.980000	-55.250602640250313868	
1009.180000	-55.248526771726204743	
1009.380000	-55.246558426978900513	
1009.580000	-55.244696904785236313	
1009.780000	-55.242941498547772028	
1009.980000	-55.241291496191195165	
1010.180000	-55.239746180079251303	
1010.380000	-55.238304826931312164	
1010.580000	-55.236966707740336346	
1010.780000	-55.235731087716942511	
1010.980000	-55.234597226219960930	
1011.180000	-55.233564376710397426	
1011.380000	-55.232631786708672905	
1011.580000	-55.231798697754982186	
1011.780000	-55.231064345388602987	
1011.980000	-55.230427959127595727	
1012.180000	-55.229888762458685392	
1012.380000	-55.229445972838057344	
1012.580000	-55.229098801699365140	
1012.780000	-55.228846454474030736	
1012.980000	-55.228688130614571605	
1013.180000	-55.228623023628273359	
1013.380000	-55.228650321126472988	
1013.580000	-55.228769204876314802	
1013.780000	-55.228978850860762861	
1013.980000	-55.229278429351978730	
1014.180000	-55.229667104993026783	
1014.380000	-55.230144036884688319	
1014.580000	-55.230708378686188098	
1014.780000	-55.231359278716993799	
1014.980000	-55.232095880079114636	
1015.180000	-55.232917320774483017	
1015.380000	-55.233822733844021968	
1015.580000	-55.234811247497553666	
1015.780000	-55.235881985273934447	
1015.980000	-55.237034066190432213	
1016.180000	-55.238266604905703616	
1016.380000	-55.239578711896520247	
1016.580000	-55.240969493632547938	
1016.780000	-55.242438052760945766	
1016.980000	-55.243983488301786622	
1017.180000	-55.245604895844500959	
1017.380000	-55.247301367751262546	
1017.580000	-55.249071993374386125	
1017.780000	-55.250915859264381425	
1017.980000	-55.252832049400005587	
1018.180000	-55.254819645406143991	
1018.380000	-55.256877726793881322	
1018.580000	-55.259005371190838218	
1018.780000	-55.261201654586734833	
1018.980000	-55.263465651571017645	
1019.180000	-55.265796435586175051	
1019.380000	-55.268193079173009608	
1019.580000	-55.270654654227058700	
1019.780000	-55.273180232254709665	
1019.980000	-55.275768884628561750	
1020.180000	-55.278419682847982131	
1020.380000	-55.281131698799434560	
1020.580000	-55.283904005017532768	
1020.780000	-55.286735674951742681	
1020.980000	-55.289625783222561495	
1021.180000	-55.292573405888198579	
1021.380000	-55.295577620708023403	
1021.580000	-55.298637507401167568	
1021.780000	-55.301752147910320900	
1021.980000	-55.304920626655913907	
1022.180000	-55.308142030802819988	
1022.380000	-55.311415450506295599	
1022.580000	-55.314739979172074413	
1022.780000	-55.318114713705135443	
1022.980000	-55.321538754758307732	
1023.180000	-55.325011206976213884	
1023.380000	-55.328531179237657511	
1023.580000	-55.332097784894394010	
1023.780000	-55.335710142005595458	
1023.980000	-55.339367373562531327	
1024.180000	-55.343068607722990748	
1024.380000	-55.346812978025411667	
1024.580000	-55.350599623605980071	
1024.780000	-55.354427689414755775	
1024.980000	-55.358296326414304644	
1025.180000	-55.362204691786502053	
1025.380000	-55.366151949124464693	
1025.580000	-55.370137268623849991	
1025.780000	-55.374159827265245326	
1025.980000	-55.378218808990865796	
1026.180000	-55.382313404881145402	
1026.380000	-55.386442813313443878	
1026.580000	-55.390606240128306581	
1026.780000	-55.394802898776795530	
1026.980000	-55.399032010470406817	
1027.180000	-55.403292804322632037	
1027.380000	-55.407584517478568387	
1027.580000	-55.411906395249459933	
1027.780000	-55.416257691223933080	
1027.980000	-55.420637667389293313	
1028.180000	-55.425045594231967527	
1028.380000	-55.429480750845428361	
1028.580000	-55.433942425018223332	
1028.780000	-55.438429913324220877	
1028.980000	-55.442942521203050887	
1029.180000	-55.447479563035955152	
1029.380000	-55.452040362215527125	
1029.580000	-55.456624251202015330	
1029.780000	-55.461230571587279314	
1029.980000	-55.465858674140022799	
1030.180000	-55.470507918850799456	
1030.380000	-55.475177674968243480	
1030.580000	-55.479867321028635274	
1030.780000	-55.484576244882809704	
1030.980000	-55.489303843716008657	
1031.180000	-55.494049524061118461	
1031.380000	-55.498812701803522884	
1031.580000	-55.503592802189210431	
1031.780000	-55.508389259817761285	
1031.980000	-55.513201518638652487	
1032.180000	-55.518029031934027273	
1032.380000	-55.522871262306288997	
1032.580000	-55.527727681648293867	
1032.780000	-55.532597771124784458	
1032.980000	-55.537481021134034620	
1033.180000	-55.542376931275875052	
1033.380000	-55.547285010308826259	
1033.580000	-55.552204776108276008	
1033.780000	-55.557135755615604467	
1033.980000	-55.562077484786847492	
1034.180000	-55.567029508538205107	
1034.380000	-55.571991380684615081	
1034.580000	-55.576962663876940951	
1034.780000	-55.581942929539209786	
1034.980000	-55.586931757794346254	
1035.180000	-55.591928737396735016	
1035.380000	-55.596933465654615247	
1035.580000	-55.601945548353228332	
1035.780000	-55.606964599675208660	
1035.980000	-55.611990242116398520	
1036.180000	-55.617022106402309589	
1036.380000	-55.622059831401962526	
1036.580000	-55.627103064034791657	
1036.780000	-55.632151459187078046	
1036.980000	-55.637204679612473512	
1037.180000	-55.642262395840511147	
1037.380000	-55.647324286081300215	
1037.580000	-55.652390036126789141	
1037.780000	-55.657459339255112241	
1037.980000	-55.662531896128733422	
1038.180000	-55.667607414692369616	
1038.380000	-55.672685610076669604	
1038.580000	-55.677766204491561552	
1038.780000	-55.682848927124673821	
1038.980000	-55.687933514037240457	
1039.180000	-55.693019708061790141	
1039.380000	-55.698107258693966060	
1039.580000	-55.703195921990364070	
1039.780000	-55.708285460463727645	
1039.980000	-55.713375642975357493	
1040.180000	-55.718466244632537610	
1040.380000	-55.723557046680859628	
1040.580000	-55.728647836398778281	
1040.780000	-55.733738406993950321	
1040.980000	-55.738828557499722649	
1041.180000	-55.743918092666461916	
1041.380000	-55.749006822861794319	
1041.580000	-55.754094563961174913	
1041.780000	-55.759181137251886184	
1041.980000	-55.764266369324815287	
1042.180000	-55.769350091972668793	
1042.380000	-55.774432142091754372	
1042.580000	-55.779512361577680224	
1042.780000	-55.784590597227662556	
1042.980000	-55.789666700640225372	
1043.180000	-55.794740528117266365	
1043.380000	-55.799811940564246981	
1043.580000	-55.804880803398418720	
1043.780000	-55.809946986448451867	
1043.980000	-55.815010363863535758	
1044.180000	-55.820070814015103622	
1044.380000	-55.825128219408519215	
1044.580000	-55.830182466590052570	
1044.780000	-55.835233446053180728	
1044.980000	-55.840281052155795294	
1045.180000	-55.845325183026574223	
1045.380000	-55.850365740478963517	
1045.580000	-55.855402629927382918	
1045.780000	-55.860435760300823915	
1045.980000	-55.865465043956817226	
1046.180000	-55.870490396605859473	
1046.380000	-55.875511737220911357	
1046.580000	-55.880528987968169474	
1046.780000	-55.885542074119832989	
1046.980000	-55.890550923979624542	
1047.180000	-55.895555468806549015	
1047.380000	-55.900555642742141060	
1047.580000	-55.905551382731282217	
1047.780000	-55.910542628456099123	
1047.980000	-55.915529322260319134	
1048.180000	-55.920511409080113197	
1048.380000	-55.925488836379159352	
1048.580000	-55.930461554074469177	
1048.780000	-55.935429514475835333	
1048.980000	-55.940392672218145265	
1049.180000	-55.945350984198199740	
1049.380000	-55.950304409511829817	
1049.580000	-55.955252909395049699	
1049.780000	-55.960196447158779165	
1049.980000	-55.965134988136505001	
1050.180000	-55.970068499619522129	
1050.380000	-55.974996950806477969	
1050.580000	-55.979920312744560817	
1050.780000	-55.984838558274859110	
1050.980000	-55.989751661980257325	
1051.180000	-55.994659600135562982	
1051.380000	-55.999562350652816178	
1051.580000	-56.004459893035352991	
1051.780000	-56.009352208325331901	
1051.980000	-56.014239279059047760	
1052.180000	-56.019121089220085707	
1052.380000	-56.023997624192389821	
1052.580000	-56.028868870716920014	
1052.780000	-56.033734816848522087	
1052.980000	-56.038595451914808621	
1053.180000	-56.043450766470236601	
1053.380000	-56.048300752261582147	
1053.580000	-56.053145402184590296	
1053.780000	-56.057984710246529403	
1053.980000	-56.062818671529633718	
1054.180000	-56.067647282152613286	
1054.380000	-56.072470539237656340	
1054.580000	-56.077288440874141884	
1054.780000	-56.082100986082956240	
1054.980000	-56.086908174787183157	
1055.180000	-56.091710007776100610	
1055.380000	-56.096506486678521242	
1055.580000	-56.101297613925922292	
1055.780000	-56.106083392728677950	
1055.980000	-56.110863827044219931	
1056.180000	-56.115638921548544715	
1056.380000	-56.120408681610676638	
1056.580000	-56.125173113263400637	
1056.780000	-56.129932223180560413	
1056.980000	-56.134686018648295658	
1057.180000	-56.139434507545303177	
1057.380000	-56.144177698315331781	
1057.580000	-56.148915599945915744	
1057.780000	-56.153648221944180818	
1057.980000	-56.158375574317425105	
1058.180000	-56.163097667550580638	
1058.380000	-56.167814512584484987	
1058.580000	-56.172526120794302074	
1058.780000	-56.177232503971787025	
1058.980000	-56.181933674307572346	
1059.180000	-56.186629644369169512	
1059.380000	-56.191320427085344136	
1059.580000	-56.196006035730384554	
1059.780000	-56.200686483905506918	
1059.980000	-56.205361785521589013	
1060.180000	-56.210031954785982578	
1060.380000	-56.214697006186440831	
1060.580000	-56.219356954475465216	
1060.780000	-56.224011814654907937	
1060.980000	-56.228661601965285399	
1061.180000	-56.233306331869115979	
1061.380000	-56.237946020039409234	
1061.580000	-56.242580682347359300	
1061.780000	-56.247210334849391700	
1061.980000	-56.251834993775275962	
1062.180000	-56.256454675519144359	
1062.380000	-56.261069396625934758	
1062.580000	-56.265679173780249300	
1062.780000	-56.270284023801615092	
1062.980000	-56.274883963629108052	
1063.180000	-56.279479010313515630	
1063.380000	-56.284069181010238481	
1063.580000	-56.288654492963487996	
1063.780000	-56.293234963507195801	
1063.980000	-56.297810610047619662	
1064.180000	-56.302381450060778434	
1064.380000	-56.306947501083762120	
1064.580000	-56.311508780705239019	
1064.780000	-56.316065306561014836	
1064.980000	-56.320617096327104889	
1065.180000	-56.325164167708720697	
1065.380000	-56.329706538439936025	
1065.580000	-56.334244226274293510	
1065.780000	-56.338777248977834233	
1065.980000	-56.343305624327264525	
1066.180000	-56.347829370100086521	
1066.380000	-56.352348504072701019	
1066.580000	-56.356863044014367858	
1066.780000	-56.361373007680853675	
1066.980000	-56.365878412814232945	
1067.180000	-56.370379277132016682	
1067.380000	-56.374875618327330073	
1067.580000	-56.379367454065274501	
1067.780000	-56.383854801976291071	
1067.980000	-56.388337679653197654	
1068.180000	-56.392816104649050146	
1068.380000	-56.397290094472339206	
1068.580000	-56.401759666584354136	
1068.780000	-56.406224838396788357	
1068.980000	-56.410685627265749531	
1069.180000	-56.415142050493471970	
1069.380000	-56.419594125320934097	
1069.580000	-56.424041868929393218	
1069.780000	-56.428485298436406481	
1069.980000	-56.432924430890182066	
1070.180000	-56.437359283273785593	
1070.380000	-56.441789872498432601	
1070.580000	-56.446216215402372995	
1070.780000	-56.450638328750081030	
1070.980000	-56.455056229229789722	
1071.180000	-56.459469933451870816	
1071.380000	-56.463879457946219986	
1071.580000	-56.468284819163692134	
1071.780000	-56.472686033471234168	
1071.980000	-56.477083117152943714	
1072.180000	-56.481476086406914305	
1072.380000	-56.485864957348098869	
1072.580000	-56.490249746001325093	
1072.780000	-56.494630468304158910	
1072.980000	-56.499007140106670022	
1073.180000	-56.503379777168085241	
1073.380000	-56.507748395156347954	
1073.580000	-56.512113009648800244	
1073.780000	-56.516473636131678404	
1073.980000	-56.520830289997945783	
1074.180000	-56.525182986547129360	
1074.380000	-56.529531740984793942	
1074.580000	-56.533876568423856668	
1074.780000	-56.538217483882419856	
1074.980000	-56.542554502283529416	
1075.180000	-56.546887638455800129	
1075.380000	-56.551216907134872258	
1075.580000	-56.555542322959617252	
1075.780000	-56.559863900479044219	
1075.980000	-56.564181654143439459	
1076.180000	-56.568495598308572880	
1076.380000	-56.572805747235506146	
1076.580000	-56.577112115090223199	
1076.780000	-56.581414715943992633	
1076.980000	-56.585713563773190060	
1077.180000	-56.590008672459504169	
1077.380000	-56.594300055789496184	
1077.580000	-56.598587727453057994	
1077.780000	-56.602871701046645114	
1077.980000	-56.607151990067052338	
1078.180000	-56.611428607919933143	
1078.380000	-56.615701567911855818	
1078.580000	-56.619970883256520722	
1078.780000	-56.624236567071754678	
1078.980000	-56.628498632380164679	
1079.180000	-56.632757092111781105	
1079.380000	-56.637011959101755565	
1079.580000	-56.641263246092584893	
1079.780000	-56.645510965734672482	
1079.980000	-56.649755130583834273	
1080.180000	-56.653995753105917288	
1080.380000	-56.658232845676010925	
1080.580000	-56.662466420575817949	
1080.780000	-56.666696490000170172	
1080.980000	-56.670923066051500427	
1081.180000	-56.675146160742912116	
1081.380000	-56.679365786001220329	
1081.580000	-56.683581953662120156	
1081.780000	-56.687794675475458916	
1081.980000	-56.692003963102777675	
1082.180000	-56.696209828121510554	
1082.380000	-56.700412282018227472	
1082.580000	-56.704611336199107541	
1082.780000	-56.708807001982236784	
1082.980000	-56.712999290603065106	
1083.180000	-56.717188213212295977	
1083.380000	-56.721373780877513582	
1083.580000	-56.725556004583083336	
1083.780000	-56.729734895232887482	
1083.980000	-56.733910463647632128	
1084.180000	-56.738082720567781791	
1084.380000	-56.742251676653090442	
1084.580000	-56.746417342484932078	
1084.780000	-56.750579728563515403	
1084.980000	-56.754738845310846784	
1085.180000	-56.758894703072044763	
1085.380000	-56.763047312113030785	
1085.580000	-56.767196682624536663	
1085.780000	-56.771342824719134512	
1085.980000	-56.775485748436182121	
1086.180000	-56.779625463736351776	
1086.380000	-56.783761980509915190	
1086.580000	-56.787895308569531494	
1086.780000	-56.792025457657544507	
1086.980000	-56.796152437440021288	
1087.180000	-56.800276257513495182	
1087.380000	-56.804396927402244444	
1087.580000	-56.808514456558761196	
1087.780000	-56.812628854364902509	
1087.980000	-56.816740130134583353	
1088.180000	-56.820848293109605720	
1088.380000	-56.824953352464874001	
1088.580000	-56.829055317305865458	
1088.780000	-56.833154196670712111	
1088.980000	-56.837249999531209710	
1089.180000	-56.841342734791368230	
1089.380000	-56.845432411289621655	
1089.580000	-56.849519037800135379	
1089.780000	-56.853602623029651397	
1089.980000	-56.857683175622561578	
1090.180000	-56.861760704158619717	
1090.380000	-56.865835217155058956	
1090.580000	-56.869906723064303833	
1090.780000	-56.873975230279633308	
1090.980000	-56.878040747129873012	
1091.180000	-56.882103281884973001	
1091.380000	-56.886162842751367918	
1091.580000	-56.890219437878215558	
1091.780000	-56.894273075354078628	
1091.980000	-56.898323763207415027	
1092.180000	-56.902371509409469752	
1092.380000	-56.906416321872882236	
1092.580000	-56.910458208452439521	
1092.780000	-56.914497176946234447	
1092.980000	-56.918533235096070655	
1093.180000	-56.922566390586432306	
1093.380000	-56.926596651047248088	
1093.580000	-56.930624024053351206	
1093.780000	-56.934648517124330169	
1093.980000	-56.938670137727960707	
1094.180000	-56.942688893275061446	
1094.380000	-56.946704791126208534	
1094.580000	-56.950717838587209485	
1094.780000	-56.954728042913835395	
1094.980000	-56.958735411307820584	
1095.180000	-56.962739950921061904	
1095.380000	-56.966741668853522640	
1095.580000	-56.970740572155250447	
1095.780000	-56.974736667825460756	
1095.980000	-56.978729962813190468	
1096.180000	-56.982720464020239604	
1096.380000	-56.986708178297604377	
1096.580000	-56.990693112448418844	
1096.780000	-56.994675273229283619	
1096.980000	-56.998654667348262137	
1116.980000	-57.383596784839674854	
1136.980000	-57.745607476023529614	
1156.980000	-58.087442565908858683	
1176.980000	-58.410766941173747568	
1196.980000	-58.716699359207439102	
1216.980000	-59.006080536497002242	
1236.980000	-59.279613530645150377	
1256.980000	-59.537939655205342149	
1276.980000	-59.781679211802355667	
1296.980000	-60.011453144201084342	
1316.980000	-60.227893099655055664	
1336.980000	-60.431642505505109852	
1356.980000	-60.623357175795305807	
1376.980000	-60.803700464917426416	
1396.980000	-60.973338609438478386	
1416.980000	-61.132934346249989233	
1436.980000	-61.283140857277693669	
1456.980000	-61.424596210685358244	
1476.980000	-61.557916378277653280	
1496.980000	-61.683693381757045415	
1516.980000	-61.802491148267165499	
1536.980000	-61.914842679490654120	
1556.980000	-62.021249626751284723	
1576.980000	-62.122180678338359883	
1596.980000	-62.218071197869143418	
1616.980000	-62.309323756241333570	
1636.980000	-62.396308874201132255	
1656.980000	-62.479366200533860365	
1676.980000	-62.558805966773881835	
1696.980000	-62.634910634239204796	
1716.980000	-62.707936663577932279	
1736.980000	-62.778116348076110853	
1756.980000	-62.845659662606848883	
1776.980000	-62.910756089921214596	
1796.980000	-62.973576394731793471	
1816.980000	-63.034274323737058410	
1836.980000	-63.092988216141584701	
1856.980000	-63.149842514677381189	
1876.980000	-63.204949171471199065	
1896.980000	-63.258408946594265387	
1916.980000	-63.310312599857553550	
1936.980000	-63.360741978426979415	
1956.980000	-63.409771004359527069	
1976.980000	-63.457466567175359273	
1996.980000	-63.503889327255365060	
2016.980000	-63.549094436254691232	
2036.980000	-63.593132180840058254	
2056.980000	-63.636048556078456784	
2076.980000	-63.677885774618076198	
2096.980000	-63.718682717598667864	
2116.980000	-63.758475332889439358	
2136.980000	-63.797296985935631142	
2156.980000	-63.835178768111418890	
2176.980000	-63.872149767105433682	
2196.980000	-63.908237303497877235	
2216.980000	-63.943467137309454529	
2236.980000	-63.977863647970139027	
2256.980000	-64.011449990814909938	
2276.980000	-64.044248232897132311	
2296.980000	-64.076279470639633473	
2316.980000	-64.107563931565010762	
2336.980000	-64.138121062097297909	
2356.980000	-64.167969603225657238	
2376.980000	-64.197127655595039641	
2396.980000	-64.225612735423950994	
2416.980000	-64.253441822476759171	
2436.980000	-64.280631401167553918	
2456.980000	-64.307197495757478123	
2476.980000	-64.333155700462626214	
2496.980000	-64.358521205213307326	
