0.000000	-65.999999999999772626	
20.000000	-65.556819386810062156	
40.000000	-65.360959504671555464	
60.000000	-65.254874651171775213	
80.000000	-65.225031168872575904	
100.000000	-65.244506812314554622	
120.000000	-74.074304365405552630	
140.000000	-72.809301727267140336	
160.000000	-71.507555948758252384	
180.000000	-70.293299661717099980	
200.000000	-69.167131459899337642	
220.000000	-68.125102101379027886	
240.000000	-67.159111722767022457	
260.000000	-66.258271113745848879	
280.000000	-65.411700769585280568	
300.000000	-64.610583791840838330	
320.000000	-63.847400766790364912	
340.000000	-63.086137678940545470	
360.000000	-62.374437714676595590	
380.000000	-61.687520041961626305	
400.000000	-61.004641900851950709	
420.000000	-60.286447080146203348	
438.800000	-56.660795849473892360	
439.000000	-50.087083521094527327	
439.200000	-44.745276039284156866	
439.400000	-36.246794303800761838	
439.600000	4.641944952296614524	
439.800000	11.471997453161764113	
440.000000	7.578103399294031206	
440.200000	-0.909948368491755644	
440.400000	-8.436643266382398920	
440.600000	-13.710592539989482574	
440.800000	-19.199037732519006028	
441.000000	-25.689369978089377611	
441.200000	-34.374885035839149339	
441.400000	-46.440974473790966215	
441.600000	-53.012313014292949731	
441.800000	-56.517449925639191122	
461.800000	-59.728415600644112260	
472.080000	-56.672736862214613041	
472.280000	-50.060918444881600919	
472.480000	-44.718631322590987054	
472.680000	-36.029059036613652722	
472.880000	4.488736829637172576	
473.080000	10.776936062322647558	
473.280000	6.651692811255600191	
473.480000	-1.591851473275688100	
473.680000	-8.483056189340926423	
473.880000	-13.328409551916927001	
474.080000	-18.318891076189967038	
474.280000	-24.143925368198122072	
474.480000	-31.462995341574213626	
474.680000	-42.755288560053550384	
474.880000	-50.810259529921296462	
475.080000	-54.723955823703924750	
495.080000	-58.590049092275116038	
498.580000	-56.855443520129099966	
498.780000	-50.733632954258354175	
498.980000	-45.277423990847154300	
499.180000	-36.996589937269263260	
499.380000	2.148030065565137203	
499.580000	10.761414838470477306	
499.780000	7.075230952143647833	
499.980000	-0.975047298373523663	
500.180000	-8.038561256995063076	
500.380000	-12.837966280977196831	
500.580000	-17.574458390881563474	
500.780000	-23.048530997935586129	
500.980000	-29.717091339343941314	
501.180000	-39.908806377982955382	
501.380000	-49.008676111824051702	
501.580000	-53.331954902530043228	
501.780000	-55.897653093844787975	
520.280000	-56.992213499224405382	
520.480000	-56.728165047683170030	
520.680000	-55.359502687349092298	
520.880000	-48.827743841256904034	
521.080000	-42.903470372651206333	
521.280000	-28.733204122628297483	
521.480000	8.820537361538502097	
521.680000	10.647350412659474017	
521.880000	4.940055356562224276	
522.080000	-3.509927314543173082	
522.280000	-9.614439246597715538	
522.480000	-14.218385586262442644	
522.680000	-18.947845764963194171	
522.880000	-24.504835264617373269	
523.080000	-31.649714689920266153	
523.280000	-42.029110573738343248	
523.480000	-49.484799755048612724	
523.680000	-53.218960247221922089	
523.880000	-55.500395477091295504	
524.080000	-56.775638035863885023	
538.480000	-56.998130175244050122	
538.680000	-56.947379658596638308	
538.880000	-56.892443085148059367	
539.080000	-56.832038568423776326	
539.280000	-56.764199428760797161	
539.480000	-56.685693907545676495	
539.680000	-56.590678462509686142	
539.880000	-56.466956943617795162	
540.080000	-56.282028919612130835	
540.280000	-55.885787985523457166	
540.480000	-52.200830249106978442	
540.680000	-46.185098260730562458	
540.880000	-38.694152092124717512	
541.080000	-5.847139421124690095	
541.280000	10.932997443355716882	
541.480000	8.959593147059498719	
541.680000	1.562802385606022915	
541.880000	-6.339612528191640450	
542.080000	-11.512519620191547176	
542.280000	-15.980512817947017723	
542.480000	-20.808721771971224968	
542.680000	-26.651446598321914649	
542.880000	-34.652598351661815457	
543.080000	-44.606311071627843035	
543.280000	-50.318404756423461777	
543.480000	-53.470046367457676695	
543.680000	-55.386466935121639210	
543.880000	-56.443186322096607910	
554.360000	-56.999498594573687171	
554.560000	-56.965655224703979798	
554.760000	-56.930998122341030410	
554.960000	-56.895461977862822778	
555.160000	-56.858967835927657575	
555.360000	-56.821420055679951133	
555.560000	-56.782702272096436502	
555.760000	-56.742671951840883082	
555.960000	-56.701152928230179384	
556.160000	-56.657924961742182290	
556.360000	-56.612708801831885808	
556.560000	-56.565144233751105673	
556.760000	-56.514756790677139975	
556.960000	-56.460905370937155112	
557.160000	-56.402696048223091907	
557.360000	-56.338832293443985577	
557.560000	-56.267336225476022094	
557.760000	-56.184981627976938512	
557.960000	-56.085993063844711060	
558.160000	-55.958491896533757881	
558.360000	-55.771611641025998551	
558.560000	-55.391813385217638199	
558.760000	-52.185452030108926635	
558.960000	-45.986856662856695266	
559.160000	-38.252215687973531999	
559.360000	-4.810143227265559318	
559.560000	10.980413677929769634	
559.760000	9.090706808284172880	
559.960000	1.768502553752900219	
560.160000	-6.161509771756747078	
560.360000	-11.392302225277747496	
560.560000	-15.821101623272594949	
560.760000	-20.496700008632117829	
560.960000	-26.132679615177973886	
561.160000	-33.723759162721862026	
561.360000	-43.404256597077264246	
561.560000	-49.386779522453863933	
561.760000	-52.661248453219030807	
561.960000	-54.695765327271487877	
562.160000	-55.845216168541575996	
562.360000	-56.473221140467003920	
562.560000	-56.814818111715716498	
569.100000	-56.998560934392777710	
569.300000	-56.973728783503922557	
569.500000	-56.948058632436023174	
569.700000	-56.921577241195684849	
569.900000	-56.894306386472564441	
570.100000	-56.866262826779141903	
570.300000	-56.837458233852480305	
570.500000	-56.807899074801831318	
570.700000	-56.777586430707863485	
570.900000	-56.746515734776259876	
571.100000	-56.714676410237849780	
571.300000	-56.682051384458262078	
571.500000	-56.648616448310214366	
571.700000	-56.614339421064393321	
571.900000	-56.579179067803366365	
572.100000	-56.543083696852448838	
572.300000	-56.505989339118499970	
572.500000	-56.467817370324681292	
572.700000	-56.428471380288691250	
572.900000	-56.387833004717556662	
573.100000	-56.345756299394949451	
573.300000	-56.302060023147504353	
573.500000	-56.256516845643140812	
573.700000	-56.208837912295983585	
573.900000	-56.158650177570869744	
574.100000	-56.105462069130652480	
574.300000	-56.048609520153867436	
574.500000	-55.987167290237380257	
574.700000	-55.919795089012431788	
574.900000	-55.844451663008150888	
575.100000	-55.757814275145165084	
575.300000	-55.653949417148389500	
575.500000	-55.520689804350375596	
575.700000	-55.326541509424963294	
575.900000	-54.936239335253056026	
576.100000	-51.782548427760154652	
576.300000	-45.536098957150436206	
576.500000	-37.320657462320113495	
576.700000	-2.143493493848858122	
576.900000	11.111134786911527783	
577.100000	8.985494993134883757	
577.300000	1.623460389280571459	
577.500000	-6.248728167245497289	
577.700000	-11.472379878294292510	
577.900000	-15.874324486482985108	
578.100000	-20.459849162641294384	
578.300000	-25.965990646554647725	
578.500000	-33.343516441158932651	
578.700000	-42.731172105922709648	
578.900000	-48.767503028187448422	
579.100000	-52.092942805009720075	
579.300000	-54.180115690972542097	
579.500000	-55.378651377256659316	
579.700000	-56.042897931540615275	
579.900000	-56.409267898853016732	
580.100000	-56.610748463214015658	
580.300000	-56.720950341021286079	
580.500000	-56.780887399505338919	
580.700000	-56.813542937000093502	
580.900000	-56.831763317140008951	
581.100000	-56.842619949651741251	
581.300000	-56.849875530568255044	
581.500000	-56.855405381272973386	
581.700000	-56.860026850268724274	
581.900000	-56.863985404545729807	
582.100000	-56.867238094827676775	
582.300000	-56.869616157311178029	
582.500000	-56.870915292718073886	
582.700000	-56.870942878539814558	
582.900000	-56.869539901140051086	
583.100000	-56.866588447239820425	
583.300000	-56.862011328824124234	
583.500000	-56.855767781892204482	
583.700000	-56.847847546599410862	
583.900000	-56.838264632109151364	
584.100000	-56.827051456218846681	
584.300000	-56.814253680649137834	
584.500000	-56.799925852250559899	
584.700000	-56.784127837217937440	
584.900000	-56.766921980133410841	
585.100000	-56.748370888703981052	
585.300000	-56.728535742600826097	
585.500000	-56.707475026863100709	
585.700000	-56.685243602165492405	
585.900000	-56.661892034024504028	
586.100000	-56.637466116364748814	
586.300000	-56.612006534142651049	
586.500000	-56.585548619679336468	
586.700000	-56.558122165237676882	
586.900000	-56.529751258808154546	
587.100000	-56.500454116259007264	
587.300000	-56.470242883375895815	
587.500000	-56.439123385058941551	
587.700000	-56.407094795181876634	
587.900000	-56.374149200795727666	
588.100000	-56.340271028452661994	
588.300000	-56.305436292648749941	
588.500000	-56.269611616974657409	
588.700000	-56.232752960281707999	
588.900000	-56.194803959141033545	
589.100000	-56.155693761800577590	
589.300000	-56.115334180188561675	
589.500000	-56.073615910763543013	
589.700000	-56.030403460448511055	
589.900000	-55.985528233640529550	
590.100000	-55.938778949167001997	
590.300000	-55.889888078369224900	
590.500000	-55.838512180053172074	
590.700000	-55.784202557429814817	
590.900000	-55.726359961091986861	
591.100000	-55.664161755648535745	
591.300000	-55.596438861480201865	
591.500000	-55.521454630471666292	
591.700000	-55.436474989332893415	
591.900000	-55.336840882555641485	
592.100000	-55.213651361048675881	
592.300000	-55.046524992312001245	
592.500000	-54.769778875976577126	
592.700000	-53.799285174564388967	
592.900000	-47.757428847012619144	
593.100000	-41.166939045409719711	
593.300000	-21.635960329929776691	
593.500000	9.413294583030538121	
593.700000	10.924034664985063259	
593.900000	5.118693060400818062	
594.100000	-3.196648012401126060	
594.300000	-9.454038750988956963	
594.500000	-14.050081252908887208	
594.700000	-18.424004307211809817	
594.900000	-23.344658731203711710	
595.100000	-29.608992481403820562	
595.300000	-38.243058406741774036	
595.500000	-46.100375638579244253	
595.700000	-50.331875396182311988	
595.900000	-52.942564835028022685	
596.100000	-54.526647376397924916	
596.300000	-55.423389636792826707	
596.500000	-55.925185708813074825	
596.700000	-56.205379149708797115	
596.900000	-56.361210882912757825	
597.100000	-56.447316587212107208	
597.300000	-56.494640864157048554	
597.500000	-56.520758480356398934	
597.700000	-56.535579976478722131	
597.900000	-56.544578461017785287	
598.100000	-56.550653969004635258	
598.300000	-56.555227822287577055	
598.500000	-56.558890566032928859	
598.700000	-56.561785784449895687	
598.900000	-56.563835466046441525	
599.100000	-56.564869636715542356	
599.300000	-56.564698152866675684	
599.500000	-56.563147820743360228	
599.700000	-56.560079088324165753	
599.900000	-56.555391064384764377	
600.100000	-56.549020212098099591	
600.300000	-56.540935935149875036	
600.500000	-56.531134943878434740	
600.700000	-56.519635468337810380	
600.900000	-56.506471876771520613	
601.100000	-56.491689956030420205	
601.300000	-56.475342932865622458	
601.500000	-56.457488216891697164	
601.700000	-56.438184795533651084	
601.900000	-56.417491191370217507	
602.100000	-56.395463886198072601	
602.300000	-56.372156122121914734	
602.500000	-56.347616997357384605	
602.700000	-56.321890785655902789	
602.900000	-56.295016417182907276	
603.100000	-56.267027068680889101	
603.300000	-56.237949817228418681	
603.500000	-56.207805317285824742	
603.700000	-56.176607466533624802	
603.900000	-56.144363024477506485	
604.100000	-56.111071150585445366	
604.300000	-56.076722823891493874	
604.500000	-56.041300101000935285	
604.700000	-56.004775159976077248	
604.900000	-55.967109062932216546	
605.100000	-55.928250148954838039	
605.300000	-55.888131937140911987	
605.500000	-55.846670372392665627	
605.700000	-55.803760177543786369	
605.900000	-55.759269967218003217	
606.100000	-55.713035613553159919	
606.300000	-55.664851088689012215	
606.500000	-55.614455573212737249	
606.700000	-55.561514881837965163	
606.900000	-55.505593957912431335	
607.100000	-55.446114795452267288	
607.300000	-55.382289512595455960	
607.500000	-55.313008753693395647	
607.700000	-55.236644405038227035	
607.900000	-55.150673991287135323	
608.100000	-55.050892359508694085	
608.300000	-54.929518534074503577	
608.500000	-54.769636001123068070	
608.700000	-54.522141767104351118	
608.900000	-53.888497712832645448	
609.100000	-48.797971217090100993	
609.300000	-42.343313728217793823	
609.500000	-27.298272241902949986	
609.700000	8.046644428859774933	
609.900000	11.564575039307722903	
610.100000	6.668630666459280931	
610.300000	-1.532884618033785840	
610.500000	-8.446076979750470670	
610.700000	-13.247021176658737573	
610.900000	-17.589213942787967682	
611.100000	-22.276682713966142302	
611.300000	-28.091525355429766364	
611.500000	-36.031202510318735222	
611.700000	-44.411160930519827161	
611.900000	-49.204075273964086534	
612.100000	-52.081972835272111411	
612.300000	-53.891919865879742702	
612.500000	-54.938862885181890761	
612.700000	-55.533122180551821145	
612.900000	-55.869898235543729470	
613.100000	-56.060402915727934214	
613.300000	-56.167711292317214600	
613.500000	-56.227900466465797535	
613.700000	-56.261714828073017713	
613.900000	-56.281045923249614304	
614.100000	-56.292612090967836025	
614.300000	-56.300095194761922812	
614.500000	-56.305403265076513719	
614.700000	-56.309424678608401393	
614.900000	-56.312480097471912188	
615.100000	-56.314591943345504887	
615.300000	-56.315642714934917024	
615.500000	-56.315465420487470283	
615.700000	-56.313892741819401522	
615.900000	-56.310781417824784967	
616.100000	-56.306022087833952128	
616.300000	-56.299540925526819990	
616.500000	-56.291296938390644300	
616.700000	-56.281277259547422886	
616.900000	-56.269491790132242670	
617.100000	-56.255967943961451283	
617.300000	-56.240745876070839415	
617.500000	-56.223874355700253602	
617.700000	-56.205407315571605409	
617.900000	-56.185401037347418196	
618.100000	-56.163911902914165353	
618.300000	-56.140994623623988957	
618.500000	-56.116700861800431710	
618.700000	-56.091078162293484866	
618.900000	-56.064169120016529746	
619.100000	-56.036010719218467102	
619.300000	-56.006633786239980566	
619.500000	-55.976062505369689859	
619.700000	-55.944313952636072429	
619.900000	-55.911397603249241683	
620.100000	-55.877314771330176768	
620.300000	-55.842057935987909900	
620.500000	-55.805609903616513634	
620.700000	-55.767942746085729766	
620.900000	-55.729016437787834093	
621.100000	-55.688777093533644802	
621.300000	-55.647154671636961609	
621.500000	-55.604059955873744059	
621.700000	-55.559380551826819783	
621.900000	-55.512975511274731844	
622.100000	-55.464668011500670275	
622.300000	-55.414235213838992422	
622.500000	-55.361393925940170391	
622.700000	-55.305779841509888684	
622.900000	-55.246916615321438826	
623.100000	-55.184168217832770154	
623.300000	-55.116662497553129185	
623.500000	-55.043162348296327480	
623.700000	-54.961834826992472358	
623.900000	-54.869803626502218208	
624.100000	-54.762186425116290422	
624.300000	-54.629698655368272853	
624.500000	-54.451197001599226155	
624.700000	-54.159028619644594471	
624.900000	-53.164302024804044322	
625.100000	-47.092877079212001945	
625.300000	-39.937640218015289406	
625.500000	-15.420386250460801136	
625.700000	10.386319619036417095	
625.900000	11.143684006877387915	
626.100000	4.995074575387281612	
626.300000	-3.423167338624957257	
626.500000	-9.714867180045887451	
626.700000	-14.355678763416602095	
626.900000	-18.706634092096745547	
627.100000	-23.532682582558482665	
627.300000	-29.658682739618058122	
627.500000	-37.942912812417354473	
627.700000	-45.463900859621496409	
627.900000	-49.643837559549453431	
628.100000	-52.266598923840895452	
628.300000	-53.892851134093611165	
628.500000	-54.835907547259544970	
628.700000	-55.377445883379245117	
628.900000	-55.688575878536518360	
629.100000	-55.867239545097611142	
629.300000	-55.969617743168818436	
629.500000	-56.028238077097711312	
629.700000	-56.062021778598904120	
629.900000	-56.081932787780743865	
630.100000	-56.094229696081356451	
630.300000	-56.102379256691982334	
630.500000	-56.108200920830739733	
630.700000	-56.112558000761119104	
630.900000	-56.115776003903178548	
631.100000	-56.117894420450554094	
631.300000	-56.118816030619733226	
631.500000	-56.118393042929476167	
631.700000	-56.116474487218745537	
631.900000	-56.112930132924951465	
632.100000	-56.107660499467144177	
632.300000	-56.100598918612881505	
632.500000	-56.091709333340354249	
632.700000	-56.080982064180545876	
632.900000	-56.068428858875535070	
633.100000	-56.054077965422052898	
633.300000	-56.037969613317720530	
633.500000	-56.020152071354502255	
633.700000	-56.000678324278709397	
633.900000	-55.979603341701313468	
634.100000	-55.956981873334910915	
634.300000	-55.932866694972112498	
634.500000	-55.907307221572196454	
634.700000	-55.880348411678077980	
634.900000	-55.852029889939849738	
635.100000	-55.822385224669865522	
635.300000	-55.791441302084997744	
635.500000	-55.759217744678323925	
635.700000	-55.725726324534761602	
635.900000	-55.690970323085679183	
636.100000	-55.654943787352472384	
636.300000	-55.617630626772658786	
636.500000	-55.579003485764140180	
636.700000	-55.539022310457468734	
636.900000	-55.497632504986704305	
637.100000	-55.454762536163109132	
637.300000	-55.410320791429015230	
637.500000	-55.364191414160366378	
637.700000	-55.316228714771916941	
637.900000	-55.266249560850077671	
638.100000	-55.214022836320523879	
638.300000	-55.159254538513273758	
638.500000	-55.101566197800906366	
638.700000	-55.040462725001333411	
638.900000	-54.975282859394354773	
639.100000	-54.905119631640957323	
639.300000	-54.828686202423540408	
639.500000	-54.744075140018402692	
639.700000	-54.648290951275583893	
639.900000	-54.536241593853617360	
640.100000	-54.398216073523329328	
640.300000	-54.211967331207794984	
640.500000	-53.905214736317184077	
640.700000	-52.806362382660850585	
640.900000	-46.579598440833841266	
641.100000	-38.966197057897844047	
641.300000	-10.428962875315335168	
641.500000	11.109389016805884864	
641.700000	11.184950289280809699	
641.900000	4.701994158921945832	
642.100000	-3.806403798706648800	
642.300000	-10.048496384535130943	
642.500000	-14.701308867333082731	
642.700000	-19.065975515107442817	
642.900000	-23.910107612348813433	
643.100000	-30.070370842717753845	
643.300000	-38.294238246676918891	
643.500000	-45.493734272301615817	
643.700000	-49.537190793550735179	
643.900000	-52.109630472639658194	
644.100000	-53.707850430342475079	
644.300000	-54.643132244295124167	
644.500000	-55.186900970306496106	
644.700000	-55.503863114967835202	
644.900000	-55.688980196586541638	
645.100000	-55.797232475576478805	
645.300000	-55.860776911574482995	
645.500000	-55.898521938630786110	
645.700000	-55.921553720980931246	
645.900000	-55.936287283632147194	
646.100000	-55.946337521993918074	
646.300000	-55.953648553950081634	
646.500000	-55.959182042152576742	
646.700000	-55.963337841134482176	
646.900000	-55.966209848656681913	
647.100000	-55.967739575789678952	
647.300000	-55.967806101716995215	
647.500000	-55.966276624320272504	
647.700000	-55.963032867598769826	
647.900000	-55.957982985593964997	
648.100000	-55.951065025811274722	
648.300000	-55.942245737403609951	
648.500000	-55.931517045426438983	
648.700000	-55.918891582638025284	
648.900000	-55.904398079139149047	
649.100000	-55.888077041124404332	
649.300000	-55.869976922185706769	
649.500000	-55.850150856095915231	
649.700000	-55.828653942305138003	
649.900000	-55.805541033383121885	
650.100000	-55.780864955725689924	
650.300000	-55.754675088248340842	
650.500000	-55.727016224999168514	
650.700000	-55.697927652035893686	
650.900000	-55.667442375400661092	
651.100000	-55.635586441736471386	
651.300000	-55.602378298063328543	
651.500000	-55.567828139385206043	
651.700000	-55.531937192981551732	
651.900000	-55.494696885309778622	
652.100000	-55.456087831603596783	
652.300000	-55.416078574941039392	
652.500000	-55.374623985454014985	
652.700000	-55.331663201253221018	
652.900000	-55.287116951430284928	
653.100000	-55.240884039692062402	
653.300000	-55.192836672925679409	
653.500000	-55.142814172287906160	
653.700000	-55.090614376952714792	
653.900000	-55.035981677725487771	
654.100000	-54.978589999371259012	
654.300000	-54.918017982240904473	
654.500000	-54.853711688152550607	
654.700000	-54.784926527167037591	
654.900000	-54.710632851987277547	
655.100000	-54.629354170214256214	
655.300000	-54.538870895851914611	
655.500000	-54.435629370031342944	
655.700000	-54.313418430035611095	
655.900000	-54.159869895986446409	
656.100000	-53.944396203008004420	
656.300000	-53.548061152737744806	
656.500000	-51.037997178984028324	
656.700000	-44.312135800411368791	
656.900000	-33.763238824428100315	
657.100000	3.936902897552504221	
657.300000	12.613678683424918603	
657.500000	9.797332733662512894	
657.700000	2.070256173908394004	
657.900000	-6.182367001436055887	
658.100000	-11.767820204879523516	
658.300000	-16.279033070413618134	
658.500000	-20.729494047618626240	
658.700000	-25.887671152547554243	
658.900000	-32.638735126206405823	
659.100000	-40.970906614043251182	
659.300000	-46.861943352725710099	
659.500000	-50.273569145280610826	
659.700000	-52.503097219069552182	
659.900000	-53.861231555821376560	
660.100000	-54.661320310077343265	
660.300000	-55.133185283043069091	
660.500000	-55.412956568642186994	
660.700000	-55.579667413754627603	
660.900000	-55.679630866699284297	
661.100000	-55.740261557760604205	
661.300000	-55.777852701942258307	
661.500000	-55.802046331748208274	
661.700000	-55.818467900106824686	
661.900000	-55.830312018912373162	
662.100000	-55.839311080528553077	
662.300000	-55.846331681653907708	
662.500000	-55.851742312541730939	
662.700000	-55.855638691776256621	
662.900000	-55.857979917127032365	
663.100000	-55.858668690797628642	
663.300000	-55.857596650653164261	
663.500000	-55.854668180719905024	
663.700000	-55.849811209519174326	
663.900000	-55.842980391484204006	
664.100000	-55.834156055560896448	
664.300000	-55.823341015759986306	
664.500000	-55.810556502976169213	
664.700000	-55.795837950384566284	
664.900000	-55.779231029745290016	
665.100000	-55.760788128169544109	
665.300000	-55.740565333048088803	
665.500000	-55.718619918998491869	
665.700000	-55.695008292536293482	
665.900000	-55.669784332872950472	
666.100000	-55.642998059129475052	
666.300000	-55.614694556102676870	
666.500000	-55.584913094136894074	
666.700000	-55.553686382529463117	
666.900000	-55.521039901939502670	
667.100000	-55.486991263859707146	
667.300000	-55.451549546669774315	
667.500000	-55.414714558433814773	
667.700000	-55.376475971436313728	
667.900000	-55.336812267410230959	
668.100000	-55.295689418734141896	
668.300000	-55.253059212666016720	
668.500000	-55.208857095293268458	
668.700000	-55.162999369704806440	
668.900000	-55.115379516088673029	
669.100000	-55.065863303186496580	
669.300000	-55.014282208547271580	
669.500000	-54.960424422063837824	
669.700000	-54.904022318942146796	
669.900000	-54.844734635663535016	
670.100000	-54.782120454445859536	
670.300000	-54.715600070141363176	
670.500000	-54.644393966097716486	
670.700000	-54.567423423630820878	
670.900000	-54.483139756660342812	
671.100000	-54.389210527521314020	
671.300000	-54.281890484179562861	
671.500000	-54.154602510525684522	
671.700000	-53.994141396414555345	
671.900000	-53.767309727872493852	
672.100000	-53.339065479738358988	
672.300000	-50.397939667531730379	
672.500000	-43.511162845474231631	
672.700000	-30.945906183304607850	
672.900000	6.683800245892984826	
673.100000	13.193578015766062705	
673.300000	9.519468251946944903	
673.500000	1.356184632066887108	
673.700000	-6.852859110922967290	
673.900000	-12.371697043041047337	
674.100000	-16.896595227211971491	
674.300000	-21.407632945544403213	
674.500000	-26.681663135710255830	
674.700000	-33.595944218819767002	
674.900000	-41.705715399578203062	
675.100000	-47.125659724325032585	
675.300000	-50.356743295603202171	
675.500000	-52.484167931977083299	
675.700000	-53.783061125352539023	
675.900000	-54.556911225998106829	
676.100000	-55.020083229656563617	
676.300000	-55.299622653918568460	
676.500000	-55.469853307790629060	
676.700000	-55.574733319926359343	
676.900000	-55.640537940097118508	
677.100000	-55.683042313840026338	
677.300000	-55.711684658974370166	
677.500000	-55.732041484371762863	
677.700000	-55.747330389696337249	
677.900000	-55.759335860380112138	
678.100000	-55.768984145457025647	
678.300000	-55.776700726104870398	
678.500000	-55.782631408696680353	
678.700000	-55.786777306030536749	
678.900000	-55.789075383767432470	
679.100000	-55.789444751774446729	
679.300000	-55.787811623910840808	
679.500000	-55.784121234235861664	
679.700000	-55.778342004520204966	
679.900000	-55.770465316360855468	
680.100000	-55.760502983342540517	
680.300000	-55.748483701147137026	
680.500000	-55.734449229779016832	
680.700000	-55.718450728988457854	
680.900000	-55.700545458798053744	
681.100000	-55.680793929206465975	
681.300000	-55.659257509276898190	
681.500000	-55.635996462845376698	
681.700000	-55.611068358566519976	
681.900000	-55.584526792448755828	
682.100000	-55.556420360740723652	
682.300000	-55.526791822332825177	
682.500000	-55.495677396058212594	
682.700000	-55.463106139325780930	
682.900000	-55.429099361941446489	
683.100000	-55.393670026356751634	
683.300000	-55.356822090238310352	
683.500000	-55.318549740485536859	
683.700000	-55.278836466198470134	
683.900000	-55.237653904621076606	
684.100000	-55.194960381668614957	
684.300000	-55.150699043560912571	
684.500000	-55.104795442774992864	
684.700000	-55.057154389490584379	
684.900000	-55.007655803771264402	
685.100000	-54.956149187014148083	
685.300000	-54.902446149827298427	
685.500000	-54.846310147067562468	
685.700000	-54.787442100281950275	
685.900000	-54.725459796437753823	
686.100000	-54.659867563798968604	
686.300000	-54.590010187873744485	
686.500000	-54.515000147383702256	
686.700000	-54.433597262704545017	
686.900000	-54.343997864827962019	
687.100000	-54.243437532792199818	
687.300000	-54.127367309857334021	
687.500000	-53.987504047303517041	
687.700000	-53.806212395065017517	
687.900000	-53.533873405829702108	
688.100000	-52.889791184675800650	
688.300000	-47.845944339445175331	
688.500000	-40.296778552462392042	
688.700000	-15.905285037550948246	
688.900000	11.476003511092294218	
689.100000	13.155490741562628543	
689.300000	7.096774368189960214	
689.500000	-1.877216454217706332	
689.700000	-9.185046463824411589	
689.900000	-14.272804290484771172	
690.100000	-18.752647419649392191	
690.300000	-23.483718820293617568	
690.500000	-29.262259739878150100	
690.700000	-36.847403818858154523	
690.900000	-44.084672174734393479	
691.100000	-48.370396170638549904	
691.300000	-51.123148209799438746	
691.500000	-52.902233512643164204	
691.700000	-53.980705811955061790	
691.900000	-54.631742760841014217	
692.100000	-55.028661358296190542	
692.300000	-55.273557744416130788	
692.500000	-55.426771345114715928	
692.700000	-55.524432190608152382	
692.900000	-55.588382570606718502	
693.100000	-55.631864763453791056	
693.300000	-55.662868461744494653	
693.500000	-55.686150296825971395	
693.700000	-55.704475755458368269	
693.900000	-55.719392559501926598	
694.100000	-55.731715222767611806	
694.300000	-55.741828593670483372	
694.500000	-55.749876741373419975	
694.700000	-55.755878844840680131	
694.900000	-55.759798617534571008	
695.100000	-55.761584316108567805	
695.300000	-55.761190339075632494	
695.500000	-55.758587519238318464	
695.700000	-55.753766673159567802	
695.900000	-55.746738317743563584	
696.100000	-55.737530374948541123	
696.300000	-55.726184985316685072	
696.500000	-55.712755091786966943	
696.700000	-55.697301166193639688	
696.900000	-55.679888264528131003	
697.100000	-55.660583487311818374	
697.300000	-55.639453853808191752	
697.500000	-55.616564561106613951	
697.700000	-55.591977580810990389	
697.900000	-55.565750539079964199	
698.100000	-55.537935823533629787	
698.300000	-55.508579863314899683	
698.500000	-55.477722532201056538	
698.700000	-55.445396628846992826	
698.900000	-55.411627391158425837	
699.100000	-55.376432004780838270	
699.300000	-55.339819064438280805	
699.500000	-55.301787948704252074	
699.700000	-55.262328061493882103	
699.900000	-55.221417888643124172	
700.100000	-55.179023806420978815	
700.300000	-55.135098561671313178	
700.500000	-55.089579317878367704	
700.700000	-55.042385125966688975	
700.900000	-54.993413623365256626	
701.100000	-54.942536684482028875	
701.300000	-54.889594622936485280	
701.500000	-54.834388354824142198	
701.700000	-54.776668629577592640	
701.900000	-54.716120938274656282	
702.100000	-54.652343870640322621	
702.300000	-54.584817220152743289	
702.500000	-54.512853435451006590	
702.700000	-54.435520802875188906	
702.900000	-54.351516035110371661	
703.100000	-54.258940238364054665	
703.300000	-54.154874616118270581	
703.500000	-54.034494241399237069	
703.700000	-53.888947734755504371	
703.900000	-53.699137255610082775	
704.100000	-53.409759696584522715	
704.300000	-52.673371020583999780	
704.500000	-47.120102410507222146	
704.700000	-38.928903602943982776	
704.900000	-8.197841654925062116	
705.100000	12.899497120887936319	
705.300000	13.280856670908010031	
705.500000	6.455457707726114158	
705.700000	-2.809203486584007425	
705.900000	-9.938034388837172273	
706.100000	-14.997005758761618566	
706.300000	-19.522452114827121505	
706.500000	-24.371181588720716604	
706.700000	-30.343841090556075812	
706.900000	-38.034131387598684171	
707.100000	-44.729124034195855586	
707.300000	-48.675803995486049303	
707.500000	-51.278725903715987045	
707.700000	-52.950185394127721850	
707.900000	-53.970422530465313571	
708.100000	-54.594844574103817081	
708.300000	-54.982171074351462892	
708.500000	-55.226214463995127346	
708.700000	-55.382853437870252833	
708.900000	-55.485842292544262477	
709.100000	-55.555772111119601675	
709.300000	-55.605244113047191945	
709.500000	-55.641939344575106929	
709.700000	-55.670485866756216353	
709.900000	-55.693616048727619727	
710.100000	-55.712892695839776991	
710.300000	-55.729167364763362968	
710.500000	-55.742869615476173806	
710.700000	-55.754188434251126694	
710.900000	-55.763184535202405812	
711.100000	-55.769858359389075986	
711.300000	-55.774189821029615644	
711.500000	-55.776160226090425454	
711.700000	-55.775763139746956654	
711.900000	-55.773008584045122404	
712.100000	-55.767923379599984912	
712.300000	-55.760549411125332142	
712.500000	-55.750940920933381051	
712.700000	-55.739161492932659314	
712.900000	-55.725281105502702417	
713.100000	-55.709373452451153241	
713.300000	-55.691513618804094676	
713.500000	-55.671776130250798076	
713.700000	-55.650233358431734132	
713.900000	-55.626954242476173818	
714.100000	-55.602003279967675553	
714.300000	-55.575439736643538424	
714.500000	-55.547317027588839267	
714.700000	-55.517682224220202158	
714.900000	-55.486575646896241665	
715.100000	-55.454030505041366439	
715.300000	-55.420072550474358763	
715.500000	-55.384719711999025549	
715.700000	-55.347981677457980254	
715.900000	-55.309859391614118351	
716.100000	-55.270344432028984727	
716.300000	-55.229418220819425756	
716.500000	-55.187051021706835741	
716.700000	-55.143200656712849650	
716.900000	-55.097810859292252417	
717.100000	-55.050809150999505448	
717.300000	-55.002104088606216692	
717.500000	-54.951581668040951456	
717.700000	-54.899100580790197057	
717.900000	-54.844485881714156505	
718.100000	-54.787520412719729279	
718.300000	-54.727932985427230506	
718.500000	-54.665381762960635115	
718.700000	-54.599430324585490837	
718.900000	-54.529512201765435009	
719.100000	-54.454876538444466405	
719.300000	-54.374501400794905237	
719.500000	-54.286948500774343529	
719.700000	-54.190104354593643166	
719.900000	-54.080681445523310913	
720.100000	-53.953151004028065074	
720.300000	-53.797098176147706283	
720.500000	-53.589005352932133519	
720.700000	-53.253770135374836059	
720.900000	-52.099008808821885452	
721.100000	-45.359274456573743350	
721.300000	-34.934784354214805546	
721.500000	3.991619238836625172	
721.700000	14.757405324346846598	
721.900000	12.538275304726440140	
722.100000	4.403862393059726266	
722.300000	-4.983898461169094851	
722.500000	-11.519926892461539225	
722.700000	-16.428865852080186016	
722.900000	-21.022153783603737764	
723.100000	-26.126843810414658975	
723.300000	-32.560901063471860084	
723.500000	-40.313884436324471494	
723.700000	-45.984359602891409224	
723.900000	-49.404180473944258267	
724.100000	-51.717579757498775450	
724.300000	-53.181972006087839588	
724.500000	-54.083974127045969738	
724.700000	-54.645539701658577769	
724.900000	-55.001305101354418525	
725.100000	-55.231240730681903983	
725.300000	-55.383447014026423005	
725.500000	-55.487271660141594509	
725.700000	-55.560785279107854251	
725.900000	-55.615144134976013390	
726.100000	-55.657208546220566348	
726.300000	-55.691152284994210220	
726.500000	-55.719469235247821359	
726.700000	-55.743610016145964892	
726.900000	-55.764386586967951587	
727.100000	-55.782229187500362855	
727.300000	-55.797348421106541139	
727.500000	-55.809836149178167375	
727.700000	-55.819726939769950036	
727.900000	-55.827034225157774472	
728.100000	-55.831770416894592302	
728.300000	-55.833957021565559842	
728.500000	-55.833628687077300867	
728.700000	-55.830833714100677412	
728.900000	-55.825632647769289463	
729.100000	-55.818095953548429122	
729.300000	-55.808301386588567539	
729.500000	-55.796331405674948201	
729.700000	-55.782270816869200303	
729.900000	-55.766204732047306436	
730.100000	-55.748216863476393712	
730.300000	-55.728388139690011371	
730.500000	-55.706795610703245814	
730.700000	-55.683511600642297878	
730.900000	-55.658603063931479937	
731.100000	-55.632131102300121483	
731.300000	-55.604150604244175327	
731.500000	-55.574709970542656379	
731.700000	-55.543850894010020625	
731.900000	-55.511608165539662707	
732.100000	-55.478009479847521845	
732.300000	-55.443075216830699503	
732.500000	-55.406818174579079539	
732.700000	-55.369243229858177813	
732.900000	-55.330346899290098861	
733.100000	-55.290116771563582176	
733.300000	-55.248530773701197916	
733.500000	-55.205556227477785569	
733.700000	-55.161148637804316763	
733.900000	-55.115250137983885281	
734.100000	-55.067787490581949328	
734.300000	-55.018669506273766956	
734.500000	-54.967783689026340710	
734.700000	-54.914991836627876864	
734.900000	-54.860124206107244049	
735.100000	-54.802971668677379569	
735.300000	-54.743274987291428602	
735.500000	-54.680709875910892492	
735.700000	-54.614865702982513085	
735.900000	-54.545214315031103069	
736.100000	-54.471062934018895874	
736.300000	-54.391480259460294633	
736.500000	-54.305175117891188563	
736.700000	-54.210285632996651373	
736.900000	-54.103985834026637747	
737.100000	-53.981679620803497244	
737.300000	-53.835122341276104407	
737.500000	-53.647123459551778524	
737.700000	-53.370943721454857211	
737.900000	-52.763756114025028410	
738.100000	-47.829948573043836291	
738.300000	-39.342827464017197769	
738.500000	-7.735202925747887370	
738.700000	14.229606578209155643	
738.900000	14.825093452384978221	
739.100000	7.751293115657619914	
739.300000	-2.054936449395137643	
739.500000	-9.825810960057163257	
739.700000	-15.178086394254327374	
739.900000	-19.841461477826186410	
740.100000	-24.756662333795294018	
740.300000	-30.719012558828080017	
740.500000	-38.243498307669753444	
740.700000	-44.635240397744986751	
740.900000	-48.458688154338524612	
741.100000	-51.041958077355403134	
741.300000	-52.732198359589155245	
741.500000	-53.785222325667270127	
741.700000	-54.446293342032070939	
741.900000	-54.869465231828755236	
742.100000	-55.146581536904541565	
742.300000	-55.332889275540750873	
742.500000	-55.462150770599805583	
742.700000	-55.555246161239686842	
742.900000	-55.625164552265687234	
743.100000	-55.679984106713547476	
743.300000	-55.724698277849491035	
743.500000	-55.762357479787226566	
743.700000	-55.794792443543869354	
743.900000	-55.823075898110559478	
744.100000	-55.847817733932174633	
744.300000	-55.869352992888806853	
744.500000	-55.887860452553510981	
744.700000	-55.903436197599511104	
744.900000	-55.916138087749693852	
745.100000	-55.926011558230655396	
745.300000	-55.933103603695435879	
745.500000	-55.937469437595289889	
745.700000	-55.939174752725350004	
745.900000	-55.938295466075942386	
746.100000	-55.934916146707934104	
746.300000	-55.929127864460170372	
746.500000	-55.921025904248061522	
746.700000	-55.910707595166954320	
746.900000	-55.898270381844241683	
747.100000	-55.883810189753560849	
747.300000	-55.867420090027962942	
747.500000	-55.849189244896045636	
747.700000	-55.829202100102186535	
747.900000	-55.807537787805692631	
748.100000	-55.784269700346328591	
748.300000	-55.759465199446054839	
748.500000	-55.733185428002457229	
748.700000	-55.705485194564509754	
748.900000	-55.676412905285189936	
749.100000	-55.646010521087525547	
749.300000	-55.614313520174917471	
749.500000	-55.581350848375180362	
749.700000	-55.547144841010613447	
749.900000	-55.511711100808973640	
750.100000	-55.475058315438957379	
750.300000	-55.437187998205608608	
750.500000	-55.398094132579508653	
750.700000	-55.357762697156324805	
750.900000	-55.316171044571042614	
751.100000	-55.273287097587889605	
751.300000	-55.229068319025174105	
751.500000	-55.183460395049088731	
751.700000	-55.136395553683399839	
751.900000	-55.087790412014612684	
752.100000	-55.037543204875078118	
752.300000	-54.985530191711688985	
752.500000	-54.931600950680802953	
752.700000	-54.875572140899201656	
752.900000	-54.817219113442149592	
753.100000	-54.756264434068761204	
753.300000	-54.692361864142299055	
753.500000	-54.625073472808281849	
753.700000	-54.553836026987610808	
753.900000	-54.477910010139851238	
754.100000	-54.396299238600597903	
754.300000	-54.307618019903443951	
754.500000	-54.209858464281410306	
754.700000	-54.099951582864576949	
754.900000	-53.972854508446786781	
755.100000	-53.819376521801736146	
755.300000	-53.619830073068470710	
755.500000	-53.317612564037005995	
755.700000	-52.554527689773131272	
755.900000	-46.588378262440180322	
756.100000	-36.692836984709920500	
756.300000	2.578928911024735982	
756.500000	16.131411213544296857	
756.700000	14.661406909851951497	
756.900000	6.474756003972348850	
757.100000	-3.649841824499176379	
757.300000	-11.035270672789231128	
757.500000	-16.284928010305861790	
757.700000	-21.005398849256927463	
757.900000	-26.114883442672294223	
758.100000	-32.428491129310380359	
758.300000	-40.004077867249350220	
758.500000	-45.641913684920957905	
758.700000	-49.083714472578698462	
758.900000	-51.451093311555297305	
759.100000	-52.975929798551469219	
759.300000	-53.933308084996234300	
759.500000	-54.544014164761840391	
759.700000	-54.942926507161864436	
759.900000	-55.210588180806851710	
760.100000	-55.395780576013038399	
760.300000	-55.528537962266163674	
760.500000	-55.627567328037578420	
760.700000	-55.704585338534855055	
760.900000	-55.766929642278988410	
761.100000	-55.819171620798350375	
761.300000	-55.864131441701189829	
761.500000	-55.903524901043681439	
761.700000	-55.938378300014775846	
761.900000	-55.969294813746977013	
762.100000	-55.996624787749716745	
762.300000	-56.020573539764335180	
762.500000	-56.041268474847115044	
762.700000	-56.058799801584292766	
762.900000	-56.073244261297574553	
763.100000	-56.084678070639071734	
763.300000	-56.093183159634108392	
763.500000	-56.098849367241228947	
763.700000	-56.101774319455003592	
763.900000	-56.102062086330072077	
764.100000	-56.099821298277547044	
764.300000	-56.095163131350290087	
764.500000	-56.088199394432827205	
764.700000	-56.079040835465939097	
764.900000	-56.067795718031021579	
765.100000	-56.054568672995252143	
765.300000	-56.039459810109924831	
765.500000	-56.022564058663334663	
765.700000	-56.003970704401126568	
765.900000	-55.983763087108755485	
766.100000	-55.962018426709988717	
766.300000	-55.938807748220483518	
766.500000	-55.914195879305914616	
766.700000	-55.888241498330899049	
766.900000	-55.860997214246246756	
767.100000	-55.832509661257823552	
767.300000	-55.802819595728287538	
767.500000	-55.771961983210829317	
767.700000	-55.739966065162938946	
767.900000	-55.706855396482282572	
768.100000	-55.672647845178801163	
768.300000	-55.637355544800797702	
768.500000	-55.600984791119152817	
768.700000	-55.563535872275444660	
768.900000	-55.525002820313574148	
769.100000	-55.485373069689330805	
769.300000	-55.444627004740873133	
769.500000	-55.402737372730797460	
769.700000	-55.359668534179341748	
769.900000	-55.315375511390186603	
770.100000	-55.269802786117459448	
770.300000	-55.222882779294771183	
770.500000	-55.174533923814088610	
770.700000	-55.124658208272890647	
770.900000	-55.073138023231003046	
771.100000	-55.019832073538097461	
771.300000	-54.964570018468471346	
771.500000	-54.907145347491898235	
771.700000	-54.847305758136847942	
771.900000	-54.784739918691904847	
772.100000	-54.719058861593111942	
772.300000	-54.649769168875643288	
772.500000	-54.576233181438411179	
772.700000	-54.497607871684195402	
772.900000	-54.412746952336000561	
773.100000	-54.320035946055583054	
773.300000	-54.217096100528578972	
773.500000	-54.100207589530789676	
773.700000	-53.963055572589119890	
773.900000	-53.793542660275861067	
774.100000	-53.563427705162396819	
774.300000	-53.174472643440601871	
774.500000	-51.247253685145622626	
774.700000	-43.343953277219476661	
774.900000	-25.479845906319635418	
775.100000	12.689699799323086893	
775.300000	17.681743140765590283	
775.500000	12.459118393992127949	
775.700000	2.590711025775548126	
775.900000	-7.154650264449570862	
776.100000	-13.552780368123283239	
776.300000	-18.540265512824785077	
776.500000	-23.402129085360023453	
776.700000	-28.988034365817213711	
776.900000	-36.066049470775290331	
777.100000	-43.056129180138682955	
777.300000	-47.405792806447770715	
777.500000	-50.285033521764717079	
777.700000	-52.233065679344328203	
777.900000	-53.468366141726754392	
778.100000	-54.256039900026991063	
778.300000	-54.770670441734374378	
778.500000	-55.116692838337037585	
778.700000	-55.356887959975111357	
778.900000	-55.529683696705653517	
779.100000	-55.658967265630636234	
779.300000	-55.759731874523261297	
779.500000	-55.841425882566873895	
779.700000	-55.909997682563762567	
779.900000	-55.969173244023451730	
780.100000	-56.021267290108959003	
780.300000	-56.067703477763842557	
780.500000	-56.109349399789763879	
780.700000	-56.146732124809815900	
780.900000	-56.180176031545634885	
781.100000	-56.209889912472121409	
781.300000	-56.236020986243786979	
781.500000	-56.258687431863343420	
781.700000	-56.277997120094269690	
781.900000	-56.294057611471700397	
782.100000	-56.306980755820632112	
782.300000	-56.316884072868226951	
782.500000	-56.323890318714028069	
782.700000	-56.328126128127983918	
782.900000	-56.329720284527653007	
783.100000	-56.328801941689398802	
783.300000	-56.325498979853513504	
783.500000	-56.319936585325272915	
783.700000	-56.312236086086102205	
783.900000	-56.302514042205579869	
784.100000	-56.290881571623138768	
784.300000	-56.277443881981412233	
784.500000	-56.262299976319035011	
784.700000	-56.245542501611680564	
784.900000	-56.227257709960461796	
785.100000	-56.207525506001005056	
785.300000	-56.186419558974790789	
785.500000	-56.164007459175003589	
785.700000	-56.140350902774045494	
785.900000	-56.115505892617463246	
786.100000	-56.089522943803636679	
786.300000	-56.062447285411167286	
786.500000	-56.034319051157048364	
786.700000	-56.005173453722626675	
786.900000	-55.975040937545571751	
787.100000	-55.943947306413143394	
787.300000	-55.911913821371264532	
787.500000	-55.878957266521410929	
787.700000	-55.845089977965798766	
787.900000	-55.810319832980042065	
788.100000	-55.774650193708481538	
788.300000	-55.738079801294055926	
788.500000	-55.700602612648857814	
788.700000	-55.662207572627991681	
788.900000	-55.622878310436654203	
789.100000	-55.582592748123936133	
789.300000	-55.541322603977818062	
789.500000	-55.499032769735521242	
789.700000	-55.455680534073572119	
789.900000	-55.411214616546132561	
790.100000	-55.365573964703230558	
790.300000	-55.318686252395202985	
790.500000	-55.270465994655793907	
790.700000	-55.220812166294770407	
790.900000	-55.169605166960259623	
791.100000	-55.116702914205824015	
791.300000	-55.061935753846157127	
791.500000	-55.005099737917575453	
791.700000	-54.945947604983423673	
791.900000	-54.884176456946960343	
792.100000	-54.819410567250386634	
792.300000	-54.751176813106944508	
792.500000	-54.678868566785219230	
792.700000	-54.601690841765730511	
792.900000	-54.518573607402224468	
793.100000	-54.428028077207706303	
793.300000	-54.327893859684714073	
793.500000	-54.214859016794626712	
793.700000	-54.083452655259911523	
793.900000	-53.923610686259692670	
794.100000	-53.713387195985681899	
794.300000	-53.386971750761354372	
794.500000	-52.439209141081171595	
794.700000	-45.415433981463941393	
794.900000	-32.075294251807683565	
795.100000	10.604051131967162647	
795.300000	18.865079777012262241	
795.500000	15.058366617818778721	
795.700000	5.475904901063658237	
795.900000	-5.196039056524611510	
796.100000	-12.462421187257223920	
796.300000	-17.742678182119711039	
796.500000	-22.633423174551101198	
796.700000	-28.072532464569643906	
796.900000	-34.886796383284504941	
797.100000	-42.110980734033724104	
797.300000	-46.783664144350986192	
797.500000	-49.814090220047098967	
797.700000	-51.923313629384395540	
797.900000	-53.279989444265417831	
798.100000	-54.150858196322680271	
798.300000	-54.724581525988909902	
798.500000	-55.114711779229267563	
798.700000	-55.389371554355527394	
798.900000	-55.590174011214031680	
799.100000	-55.742977174984702060	
799.300000	-55.864037969578305365	
799.500000	-55.963639776213867094	
799.700000	-56.048296587097780730	
799.900000	-56.122125715002361801	
800.100000	-56.187718027104644136	
800.300000	-56.246695902749550555	
800.500000	-56.300072968203380697	
800.700000	-56.348486113659483010	
800.900000	-56.392344438099620163	
801.100000	-56.431923911340867051	
801.300000	-56.467426554827149232	
801.500000	-56.499016522564879494	
801.700000	-56.526841271549535861	
801.900000	-56.551043237064511970	
802.100000	-56.571765588071322384	
802.300000	-56.589154405018049943	
802.500000	-56.603358798935417440	
802.700000	-56.614529940268170094	
802.900000	-56.622819602427497898	
803.100000	-56.628378582486746495	
803.300000	-56.631355206532440150	
803.500000	-56.631894026525650077	
803.700000	-56.630134752920994856	
803.900000	-56.626211429547382181	
804.100000	-56.620251836177949656	
804.300000	-56.612377093346296419	
804.500000	-56.602701439272976813	
804.700000	-56.591332148871501317	
804.900000	-56.578369565603615854	
805.100000	-56.563907221205084852	
805.300000	-56.548032020393520725	
805.500000	-56.530824471884471905	
805.700000	-56.512358950717398898	
805.900000	-56.492703977924485059	
806.100000	-56.471922508462832013	
806.300000	-56.450072219003018859	
806.500000	-56.427205789246713152	
806.700000	-56.403371172388325760	
806.900000	-56.378611850867592636	
807.100000	-56.352967075120773188	
807.300000	-56.326472083022103732	
807.500000	-56.299158299422373375	
807.700000	-56.271053513920250566	
807.900000	-56.242182037247765436	
808.100000	-56.212564834288578197	
808.300000	-56.182219634979517764	
808.500000	-56.151161021073640711	
808.700000	-56.119400488724046738	
808.900000	-56.086946486208262286	
809.100000	-56.053804424812632590	
809.300000	-56.019976662257164435	
809.500000	-55.985462456149882371	
809.700000	-55.950257884921320795	
809.900000	-55.914355732869225335	
810.100000	-55.877745335151068673	
810.300000	-55.840412377571503555	
810.500000	-55.802338643939577878	
810.700000	-55.763501702836734353	
810.900000	-55.723874522930188391	
811.100000	-55.683425003340587978	
811.300000	-55.642115401195447077	
811.500000	-55.599901634795855898	
811.700000	-55.556732433360565437	
811.900000	-55.512548295996097636	
812.100000	-55.467280211477579144	
812.300000	-55.420848073611985285	
812.500000	-55.373158705886254438	
812.700000	-55.324103377700971862	
812.900000	-55.273554650236810915	
813.100000	-55.221362326330449832	
813.300000	-55.167348182738514595	
813.500000	-55.111299020726896458	
813.700000	-55.052957346505145608	
813.900000	-54.992008640991755897	
814.100000	-54.928063598444900606	
814.300000	-54.860632734514602760	
814.500000	-54.789089042117176120	
814.700000	-54.712611206684726994	
814.900000	-54.630093754344976276	
815.100000	-54.539997832359233598	
815.300000	-54.440088050443797840	
815.500000	-54.326931323871662016	
815.700000	-54.194839864539467555	
815.900000	-54.033297843724895415	
816.100000	-53.819154599498652658	
816.300000	-53.481366009008773688	
816.500000	-52.404893149532703944	
816.700000	-44.850415444484134753	
816.900000	-28.909542862863812474	
817.100000	13.582762109256334426	
817.300000	20.151293126001892375	
817.500000	15.320705071897101845	
817.700000	5.071684277237219263	
817.900000	-5.867129920283832512	
818.100000	-13.127193122310174545	
818.300000	-18.444467569527628115	
818.500000	-23.444886793966542626	
818.700000	-29.085692051511266243	
818.900000	-36.168452234837118908	
819.100000	-43.094952330339502566	
819.300000	-47.389087637602131053	
819.500000	-50.272471923338777344	
819.700000	-52.250346589078027648	
819.900000	-53.520034143849862573	
820.100000	-54.344775472823343421	
820.300000	-54.897691944489196203	
820.500000	-55.281981296244545376	
820.700000	-55.559589171513103167	
820.900000	-55.768450924375976285	
821.100000	-55.932199243524223675	
821.300000	-56.065724384742608777	
821.500000	-56.178463807189395141	
821.700000	-56.276408828929788797	
821.900000	-56.363358354633703584	
822.100000	-56.441715442775965528	
822.300000	-56.512998627812834229	
822.500000	-56.578171631457415458	
822.700000	-56.637855818112974760	
822.900000	-56.692466304806401922	
823.100000	-56.742298175776838320	
823.300000	-56.787580111696527752	
823.500000	-56.828506844035345580	
823.700000	-56.865257982656487457	
823.900000	-56.898008208011070508	
824.100000	-56.926932116589078703	
824.300000	-56.952205868397832944	
824.500000	-56.974007026600034465	
824.700000	-56.992513469479092691	
827.440000	-56.998974810330842899	
827.640000	-56.986528257857756330	
827.840000	-56.972861441700977991	
828.040000	-56.958049015699714346	
828.240000	-56.942160035200721779	
828.440000	-56.925258304373748786	
828.640000	-56.907402712520884336	
828.840000	-56.888647555980888626	
829.040000	-56.869042843644088236	
829.240000	-56.848634584366301681	
829.440000	-56.827465055958363394	
829.640000	-56.805573055343550948	
829.840000	-56.782994129575712350	
830.040000	-56.759760788498994089	
830.240000	-56.735902699539813909	
830.440000	-56.711446864890241670	
830.640000	-56.686417782177827007	
830.840000	-56.660837588931244113	
831.040000	-56.634726192121654265	
831.240000	-56.608101382838199811	
831.440000	-56.580978937095643744	
831.640000	-56.553372703217469564	
831.840000	-56.525294676308512010	
832.040000	-56.496755060253207148	
832.240000	-56.467762317285050244	
832.440000	-56.438323205605890109	
832.640000	-56.408442804890633226	
832.840000	-56.378124529748909310	
833.040000	-56.347370130724918624	
833.240000	-56.316179682478249902	
833.440000	-56.284551558701920726	
833.640000	-56.252482392647038978	
833.840000	-56.219967022517352007	
834.040000	-56.186998420000740850	
834.240000	-56.153567600542558580	
834.440000	-56.119663512889189860	
834.640000	-56.085272905652189479	
834.840000	-56.050380167202320081	
835.040000	-56.014967135182672564	
835.240000	-55.979012870674210944	
835.440000	-55.942493390796393271	
835.640000	-55.905381352375464132	
835.840000	-55.867645677314456520	
836.040000	-55.829251107963671075	
836.240000	-55.790157677845542139	
836.440000	-55.750320079194487732	
836.640000	-55.709686903605046382	
836.840000	-55.668199725578190851	
837.040000	-55.625791989286035744	
837.240000	-55.582387647001695541	
837.440000	-55.537899480748457393	
837.640000	-55.492227015418087888	
837.840000	-55.445253898744248033	
838.040000	-55.396844576474428834	
838.240000	-55.346840022813957205	
838.440000	-55.295052184161036735	
838.640000	-55.241256640166163550	
838.840000	-55.185182746595103254	
839.040000	-55.126500142569362595	
839.240000	-55.064799877564311714	
839.440000	-54.999567347558404151	
839.640000	-54.930142344999502768	
839.840000	-54.855658041395876978	
840.040000	-54.774943912060969353	
840.240000	-54.686363426359065443	
840.440000	-54.587525317534627334	
840.640000	-54.474727391913475572	
840.840000	-54.341764605972912250	
841.040000	-54.176957367371734620	
841.240000	-53.953767670366410414	
841.440000	-53.584578242005882487	
841.640000	-51.963734085651083205	
841.840000	-43.274617397771116600	
842.040000	-18.978308467839351437	
842.240000	17.808850166050262942	
842.440000	21.283563392889995214	
842.640000	14.658145371606089213	
842.840000	3.403242683416590530	
843.040000	-7.493805335979502935	
843.240000	-14.439064210212798400	
843.440000	-19.713779591164076521	
843.640000	-24.875288497383252206	
843.840000	-30.872677268170452436	
844.040000	-38.290985839569522398	
844.240000	-44.507366407730074798	
844.440000	-48.247772870527349198	
844.640000	-50.886917986841822881	
844.840000	-52.680593008932703469	
845.040000	-53.840085877172178641	
845.240000	-54.606909710066119601	
845.440000	-55.133272878072396850	
845.640000	-55.509598519459544264	
845.840000	-55.790303189346445834	
846.040000	-56.008810459405417248	
846.240000	-56.185987071940466819	
846.440000	-56.334997390314789811	
846.640000	-56.464191818209997109	
846.840000	-56.578877130473017587	
847.040000	-56.682426115042993331	
847.240000	-56.776983678010623180	
847.440000	-56.863920043737309129	
847.640000	-56.944122465877249795	
859.500000	-56.997902216447585033	
859.700000	-56.974065327319308949	
859.900000	-56.950043623945433069	
860.100000	-56.925842399837016217	
860.300000	-56.901466304259443518	
860.500000	-56.876919358999828091	
860.700000	-56.852204972565075991	
860.900000	-56.827325951338387711	
861.100000	-56.802284507932164104	
861.300000	-56.777082266835492419	
861.500000	-56.751720267295645783	
861.700000	-56.726198963472398873	
861.900000	-56.700518221689350185	
862.100000	-56.674677314903576075	
862.300000	-56.648674914144436343	
862.500000	-56.622509076805421557	
862.700000	-56.596177231800339769	
862.900000	-56.569676160945164156	
863.100000	-56.543001976819851961	
863.300000	-56.516150096440043171	
863.500000	-56.489115210504621700	
863.700000	-56.461891247781629488	
863.900000	-56.434471334085948513	
864.100000	-56.406847745270830785	
864.300000	-56.379011853525625497	
864.500000	-56.350954066158664091	
864.700000	-56.322663755842469868	
864.900000	-56.294129181243576454	
865.100000	-56.265337396606177833	
865.300000	-56.236274148750652557	
865.500000	-56.206923759493122361	
865.700000	-56.177268991348427107	
865.900000	-56.147290893616698781	
866.100000	-56.116968625743822940	
866.300000	-56.086279253925916066	
866.500000	-56.055197516217809550	
866.700000	-56.023695550286653599	
866.900000	-55.991742576672159259	
867.100000	-55.959304528735003714	
867.300000	-55.926343618433989491	
867.500000	-55.892817824038509400	
867.700000	-55.858680282835017294	
867.900000	-55.823878566748838637	
868.100000	-55.788353812962512279	
868.300000	-55.752039673406954989	
868.500000	-55.714861035883998852	
868.700000	-55.676732454656075788	
868.900000	-55.637556207472229630	
869.100000	-55.597219866853748726	
869.300000	-55.555593232018530614	
869.500000	-55.512524407768914614	
869.700000	-55.467834728069639993	
869.900000	-55.421312088982894295	
870.100000	-55.372702050687088615	
870.300000	-55.321695744732508615	
870.500000	-55.267913097771604214	
870.700000	-55.210879001966759461	
870.900000	-55.149988528832118106	
871.100000	-55.084454496192904571	
871.300000	-55.013225368979398411	
871.500000	-54.934850650279955175	
871.700000	-54.847247251696373382	
871.900000	-54.747263599487489216	
872.100000	-54.629785096671334088	
872.300000	-54.485639134558560670	
872.500000	-54.295613000321630182	
872.700000	-54.006384631377642336	
872.900000	-53.302581277005877780	
873.100000	-46.703710016820949136	
873.300000	-32.633761619092929607	
873.500000	14.427800689260006806	
873.700000	23.147791532159896377	
873.900000	18.840644383014225838	
874.100000	8.177931020572991372	
874.300000	-4.088182237897813209	
874.500000	-12.554595047333457103	
874.700000	-18.323189444724732766	
874.900000	-23.537434097032864599	
875.100000	-29.328836196988465446	
875.300000	-36.573480570582880489	
875.500000	-43.492560960023432415	
875.700000	-47.715835289638832251	
875.900000	-50.611666778981870607	
876.100000	-52.595304535474454610	
876.300000	-53.877125033308210789	
876.500000	-54.726090453238931843	
876.700000	-55.312365760243984880	
876.900000	-55.735951711407899722	
877.100000	-56.056399172941866027	
877.300000	-56.309969853975964327	
877.500000	-56.519141118146769998	
877.700000	-56.698004774193684341	
877.900000	-56.855446741391837406	
878.100000	-56.997080953620596233	
898.100000	-57.640946767752161861	
911.340000	-56.999700690643678058	
911.540000	-56.994593504367486503	
911.740000	-56.989636598620322161	
911.940000	-56.984830587938880342	
912.140000	-56.980176091193676768	
912.340000	-56.975673731499099972	
912.540000	-56.971324136065511823	
912.740000	-56.967127936035872438	
912.940000	-56.963085766259219156	
913.140000	-56.959198265027787045	
913.340000	-56.955466073803414417	
913.540000	-56.951889836856771865	
913.740000	-56.948470200902846727	
913.940000	-56.945207814686526149	
914.140000	-56.942103328510981441	
914.340000	-56.939157393748573099	
914.540000	-56.936370662292063116	
914.740000	-56.933743785972069418	
914.940000	-56.931277415931894836	
915.140000	-56.928972201957471100	
915.340000	-56.926828791774447325	
915.540000	-56.924847830287461647	
915.740000	-56.923029958796398375	
915.940000	-56.921375814161756068	
916.140000	-56.919886027932413697	
916.340000	-56.918561225430416073	
916.540000	-56.917402024803905647	
916.740000	-56.916409036037009628	
916.940000	-56.915582859923354420	
917.140000	-56.914924087002447095	
917.340000	-56.914433296469098877	
917.540000	-56.914111055035483844	
917.740000	-56.913957915774773255	
917.940000	-56.913974416934586031	
918.140000	-56.914161080710243823	
918.340000	-56.914518412003843650	
918.540000	-56.915046897158070749	
918.740000	-56.915747002657212761	
918.940000	-56.916619173826788369	
919.140000	-56.917663833502999182	
919.340000	-56.918881380695545147	
919.540000	-56.920272189238474425	
919.740000	-56.921836606427561378	
919.940000	-56.923574951663283628	
920.140000	-56.925487515086416579	
920.340000	-56.927574556215297719	
920.540000	-56.929836302594637232	
920.740000	-56.932272948444108351	
920.940000	-56.934884653332204607	
921.140000	-56.937671540859874142	
921.340000	-56.940633697365576893	
921.540000	-56.943771170654095215	
921.740000	-56.947083968764701467	
921.940000	-56.950572058754303839	
922.140000	-56.954235365536554525	
922.340000	-56.958073770747624565	
922.540000	-56.962087111664764905	
922.740000	-56.966275180171564330	
922.940000	-56.970637721777031004	
923.140000	-56.975174434688277358	
923.340000	-56.979884968943942170	
923.540000	-56.984768925618112689	
923.740000	-56.989825856078716981	
923.940000	-56.995055261330676899	
943.940000	-58.133570990677633006	
963.940000	-59.540208636746037030	
983.940000	-60.812967846177258480	
1003.940000	-62.008159204104835283	
1023.940000	-63.183090098135160417	
1043.940000	-64.364796263861862258	
1063.940000	-65.563610780830273939	
1083.940000	-66.780540444910528208	
1103.940000	-68.011447605677020078	
1123.940000	-69.248094042346920673	
1143.940000	-70.479223965079896175	
1163.940000	-71.690492100258410346	
1183.940000	-72.864927768609263126	
1203.940000	-73.986176193512392274	
1223.940000	-75.041089875568687262	
1243.940000	-76.018878565944675074	
1263.940000	-76.913056130752806894	
1283.940000	-77.721961458114705579	
1303.940000	-78.448222767485233931	
1323.940000	-79.097536899404616406	
1343.940000	-79.677242077772262974	
1363.940000	-80.195086114810251843	
1383.940000	-80.658327880506647034	
1403.940000	-81.072963316951756951	
1423.940000	-81.444456070608239884	
1443.940000	-81.778394702569315200	
1463.940000	-82.079064194474895544	
1483.940000	-82.349674659744181326	
1503.940000	-82.592658920966044889	
1523.940000	-82.810038395396517785	
1543.940000	-83.005022989271708411	
1563.940000	-83.180824348404996726	
1583.940000	-83.338945151402555211	
1603.940000	-83.480055555225007424	
1623.940000	-83.603899133458540405	
1643.940000	-83.712160636118298385	
1663.940000	-83.808474131107359995	
1683.940000	-83.895197549983976160	
1703.940000	-83.972591310945048804	
1723.940000	-84.040741186738742385	
1743.940000	-84.100102846206340246	
1763.940000	-84.151467098062681771	
1783.940000	-84.195936827030394056	
1803.940000	-84.234302284908480374	
1823.940000	-84.266940180208337097	
1843.940000	-84.294136166332009452	
1863.940000	-84.316281883620291637	
1883.940000	-84.333846596706138143	
1903.940000	-84.347273964202670982	
1923.940000	-84.356930918138090192	
1943.940000	-84.363121814657688446	
1963.940000	-84.366121524374307228	
1983.940000	-84.366192562141108624	
2003.940000	-84.363583844669122414	
2023.940000	-84.358524339290383409	
2043.940000	-84.351221017010743708	
2063.940000	-84.341861559034242646	
2083.940000	-84.330618108713991887	
2103.940000	-84.317649564529759232	
2123.940000	-84.303102431369154601	
2143.940000	-84.287111283243106641	
2163.940000	-84.269799548154423974	
2183.940000	-84.251280525484119721	
2203.940000	-84.231658358700329359	
2223.940000	-84.211028927766164998	
2243.940000	-84.189480495796274795	
2263.940000	-84.167094283491550755	
2283.940000	-84.143945016772960344	
2303.940000	-84.120101483420484101	
2323.940000	-84.095627032193021932	
2343.940000	-84.070580025079578945	
2363.940000	-84.045014240672983874	
2383.940000	-84.018979243362906573	
2403.940000	-83.992520703325965314	
2423.940000	-83.965680726317600602	
2443.940000	-83.938498143151178965	
2463.940000	-83.911008769371733251	
2483.940000	-83.883245648437920750	
