0.000000	-65.999999999999772626	
20.000000	-65.897198086879640755	
40.000000	-65.897951695694047203	
60.000000	-65.897923752657121099	
80.000000	-65.897773177930218935	
100.000000	-65.897560342154534396	
120.000000	-71.501081106938627840	
140.000000	-70.951522431046086581	
160.000000	-70.101072316690107300	
180.000000	-69.208748361064806431	
200.000000	-68.350652803501077415	
220.000000	-67.551948869469029546	
240.000000	-66.811050553160342247	
260.000000	-66.121251047451778504	
280.000000	-65.475892393136817304	
300.000000	-64.869319024728085310	
320.000000	-64.296731536065550472	
340.000000	-63.729985766717859974	
360.000000	-63.212566366940343698	
380.000000	-62.727285802860450303	
400.000000	-62.266359079928172093	
420.000000	-61.825858374184711863	
440.000000	-61.403388924012361372	
460.000000	-60.997216879990524774	
480.000000	-60.605936244344562169	
500.000000	-60.228331448357295130	
520.000000	-59.612626465641604057	
540.000000	-59.059455340701241255	
560.000000	-58.566293552334627748	
580.000000	-58.130076214930340939	
600.000000	-57.748147443321094840	
620.000000	-57.418258533386506315	
640.000000	-57.138431329660548386	
651.460000	-56.999931404067112339	
651.660000	-56.997652728896134988	
651.860000	-56.995378765454447034	
652.060000	-56.993109511852551918	
652.260000	-56.990844966200022270	
652.460000	-56.988585126605599385	
652.660000	-56.986329991176837950	
652.860000	-56.984079558018734701	
653.060000	-56.981833825237458768	
653.260000	-56.979592790935811308	
653.460000	-56.977356453215740828	
653.660000	-56.975124810178961354	
653.860000	-56.972897859924273689	
654.060000	-56.970675600551693663	
654.260000	-56.968458030156654104	
654.460000	-56.966245146835461810	
654.660000	-56.964036948681631145	
654.860000	-56.961833433789237802	
655.060000	-56.959634600250296899	
655.260000	-56.957440446153775326	
655.460000	-56.955250969590068166	
655.660000	-56.953066168645378298	
655.860000	-56.950886041406896254	
656.060000	-56.948710585957577734	
656.260000	-56.946539800382126373	
656.460000	-56.944373682761643352	
656.660000	-56.942212231176199566	
656.860000	-56.940055443704601146	
657.060000	-56.937903318424204713	
657.260000	-56.935755853411123439	
657.460000	-56.933613046738940966	
657.660000	-56.931474896480672498	
657.860000	-56.929341400707606624	
658.060000	-56.927212557489610845	
658.260000	-56.925088364893774440	
658.460000	-56.922968820987364325	
658.660000	-56.920853923834684451	
658.860000	-56.918743671499569814	
659.060000	-56.916638062043077184	
659.260000	-56.914537093525055411	
659.460000	-56.912440764004664118	
659.660000	-56.910349071537837062	
659.860000	-56.908262014179797461	
660.060000	-56.906179589984269285	
660.260000	-56.904101797002773822	
660.460000	-56.902028633285667070	
660.660000	-56.899960096880171534	
660.860000	-56.897896185834383687	
661.060000	-56.895836898191049613	
661.260000	-56.893782231995089660	
661.460000	-56.891732185286571166	
661.660000	-56.889686756105810161	
661.860000	-56.887645942490408402	
662.060000	-56.885609742476439976	
662.260000	-56.883578154097577340	
662.460000	-56.881551175386128705	
662.660000	-56.879528804373492790	
662.860000	-56.877511039087139011	
663.060000	-56.875497877554479942	
663.260000	-56.873489317800796528	
663.460000	-56.871485357848982289	
663.660000	-56.869485995720289395	
663.860000	-56.867491229433966282	
664.060000	-56.865501057007435293	
664.260000	-56.863515476455262387	
664.460000	-56.861534485793171712	
664.660000	-56.859558083031075171	
664.860000	-56.857586266179225731	
665.060000	-56.855619033245488936	
665.260000	-56.853656382235456590	
665.460000	-56.851698311153128884	
665.660000	-56.849744817999543045	
665.860000	-56.847795900775558664	
666.060000	-56.845851557478425775	
666.260000	-56.843911786104456496	
666.460000	-56.841976584646587867	
666.660000	-56.840045951097387444	
666.860000	-56.838119883445202163	
667.060000	-56.836198379679004233	
667.260000	-56.834281437783566560	
667.460000	-56.832369055742219643	
667.660000	-56.830461231536446576	
667.860000	-56.828557963146245413	
668.060000	-56.826659248549056258	
668.260000	-56.824765085720116531	
668.460000	-56.822875472632489391	
668.660000	-56.820990407257575328	
668.860000	-56.819109887564835049	
669.060000	-56.817233911521356049	
669.260000	-56.815362477090616267	
669.460000	-56.813495582235738368	
669.660000	-56.811633224915894402	
669.860000	-56.809775403089666668	
670.060000	-56.807922114712432915	
670.260000	-56.806073357736266871	
670.460000	-56.804229130112453561	
670.660000	-56.802389429790018482	
670.860000	-56.800554254713880198	
671.060000	-56.798723602830115453	
671.260000	-56.796897472079201918	
671.460000	-56.795075860400970669	
671.660000	-56.793258765732169024	
671.860000	-56.791446186007725316	
672.060000	-56.789638119160805729	
672.260000	-56.787834563120782150	
672.460000	-56.786035515816465136	
672.660000	-56.784240975172558308	
672.860000	-56.782450939112884214	
673.060000	-56.780665405558202963	
673.260000	-56.778884372427846472	
673.460000	-56.777107837636400234	
673.660000	-56.775335799098691325	
673.860000	-56.773568254726860971	
674.060000	-56.771805202428289761	
674.260000	-56.770046640111125669	
674.460000	-56.768292565678891037	
674.660000	-56.766542977032649731	
674.860000	-56.764797872073863516	
675.060000	-56.763057248698473245	
675.260000	-56.761321104800465775	
675.460000	-56.759589438272875839	
675.660000	-56.757862247004148060	
675.860000	-56.756139528883025491	
676.060000	-56.754421281793291598	
676.260000	-56.752707503616186102	
676.460000	-56.750998192232906092	
676.660000	-56.749293345519973286	
676.860000	-56.747592961352424368	
677.060000	-56.745897037601302770	
677.260000	-56.744205572137232707	
677.460000	-56.742518562827328310	
677.660000	-56.740836007536103125	
677.860000	-56.739157904124624565	
678.060000	-56.737484250453121604	
678.260000	-56.735815044378369976	
678.460000	-56.734150283753962185	
678.660000	-56.732489966432360973	
678.860000	-56.730834090261929248	
679.060000	-56.729182653090035160	
679.260000	-56.727535652759669915	
679.460000	-56.725893087113234969	
679.660000	-56.724254953987639283	
679.860000	-56.722621251219578653	
680.060000	-56.720991976643304611	
680.260000	-56.719367128088563845	
680.460000	-56.717746703384023021	
680.660000	-56.716130700354717931	
680.860000	-56.714519116823836953	
681.060000	-56.712911950610745748	
681.260000	-56.711309199533857850	
681.460000	-56.709710861408332505	
681.660000	-56.708116934046266522	
681.860000	-56.706527415257077962	
682.060000	-56.704942302847747726	
682.260000	-56.703361594621803476	
682.460000	-56.701785288381252315	
682.660000	-56.700213381924100986	
682.860000	-56.698645873045670385	
683.060000	-56.697082759540172958	
683.260000	-56.695524039196655508	
683.460000	-56.693969709802068735	
683.660000	-56.692419769142041730	
683.860000	-56.690874214998153491	
684.060000	-56.689333045148842416	
684.260000	-56.687796257370436592	
684.460000	-56.686263849436414830	
684.660000	-56.684735819117349820	
684.860000	-56.683212164181171033	
685.060000	-56.681692882392717081	
685.260000	-56.680177971514105195	
685.460000	-56.678667429304745440	
685.660000	-56.677161253522079676	
685.860000	-56.675659441918412540	
686.060000	-56.674161992245416286	
686.260000	-56.672668902250741496	
686.460000	-56.671180169680461347	
686.660000	-56.669695792275653901	
686.860000	-56.668215767776878522	
687.060000	-56.666740093920438426	
687.260000	-56.665268768440263614	
687.460000	-56.663801789066681636	
687.660000	-56.662339153528058944	
687.860000	-56.660880859549841659	
688.060000	-56.659426904853482654	
688.260000	-56.657977287160150581	
688.460000	-56.656532004184128937	
688.660000	-56.655091053640681764	
688.860000	-56.653654433238841648	
689.060000	-56.652222140687619856	
689.260000	-56.650794173691501499	
689.460000	-56.649370529952243203	
689.660000	-56.647951207169072063	
689.860000	-56.646536203037953783	
690.060000	-56.645125515252509274	
690.260000	-56.643719141501279069	
690.460000	-56.642317079472789487	
690.660000	-56.640919326850728055	
690.860000	-56.639525881316657774	
691.060000	-56.638136740549512638	
691.260000	-56.636751902223636534	
691.460000	-56.635371364011781736	
691.660000	-56.633995123582757003	
691.860000	-56.632623178603843428	
692.060000	-56.631255526738712547	
692.260000	-56.629892165647014224	
692.460000	-56.628533092986103270	
692.660000	-56.627178306411209974	
692.860000	-56.625827803573386632	
693.060000	-56.624481582120601786	
693.260000	-56.623139639698763403	
693.460000	-56.621801973950830700	
693.660000	-56.620468582515385947	
693.860000	-56.619139463029547699	
694.060000	-56.617814613126846268	
694.260000	-56.616494030435404738	
694.460000	-56.615177712585129655	
694.660000	-56.613865657199220038	
694.860000	-56.612557861899219347	
695.060000	-56.611254324302869634	
695.260000	-56.609955042025212890	
695.460000	-56.608660012679315798	
695.660000	-56.607369233872645964	
695.860000	-56.606082703212791785	
696.060000	-56.604800418301650211	
696.260000	-56.603522376740279753	
696.460000	-56.602248576123770363	
696.660000	-56.600979014047204885	
696.860000	-56.599713688100507625	
697.060000	-56.598452595870867299	
697.260000	-56.597195734943795742	
697.460000	-56.595943102900939436	
697.660000	-56.594694697319305021	
697.860000	-56.593450515774975429	
698.060000	-56.592210555839507435	
698.260000	-56.590974815083086469	
698.460000	-56.589743291070384146	
698.660000	-56.588515981365858920	
698.860000	-56.587292883527616993	
699.060000	-56.586073995113707724	
699.260000	-56.584859313676076908	
699.460000	-56.583648836767480361	
699.660000	-56.582442561932644765	
699.860000	-56.581240486718009208	
700.060000	-56.580042608663994486	
700.260000	-56.578848925308179219	
700.460000	-56.577659434186415410	
700.660000	-56.576474132830014696	
700.860000	-56.575293018767631281	
701.060000	-56.574116089525006146	
701.260000	-56.572943342624434138	
701.460000	-56.571774775584820816	
701.660000	-56.570610385923558283	
701.860000	-56.569450171152539042	
702.060000	-56.568294128781616337	
702.260000	-56.567142256318852844	
702.460000	-56.565994551267017698	
702.660000	-56.564851011126918934	
702.860000	-56.563711633395207912	
703.060000	-56.562576415567569654	
703.260000	-56.561445355133983526	
703.460000	-56.560318449583036227	
703.660000	-56.559195696399413578	
703.860000	-56.558077093064433427	
704.060000	-56.556962637057509369	
704.260000	-56.555852325853336993	
704.460000	-56.554746156925212119	
704.660000	-56.553644127741158343	
704.860000	-56.552546235767103155	
705.060000	-56.551452478466629259	
705.260000	-56.550362853299304788	
705.460000	-56.549277357720953319	
705.660000	-56.548195989186162080	
705.860000	-56.547118745144153706	
706.060000	-56.546045623042992645	
706.260000	-56.544976620325407168	
706.460000	-56.543911734433670802	
706.660000	-56.542850962804159565	
706.860000	-56.541794302872041555	
707.060000	-56.540741752069081372	
707.260000	-56.539693307822588508	
707.460000	-56.538648967557712410	
707.660000	-56.537608728696888249	
707.860000	-56.536572588658280836	
708.060000	-56.535540544858498890	
708.260000	-56.534512594708395739	
708.460000	-56.533488735618448118	
708.660000	-56.532468964994166072	
708.860000	-56.531453280239723824	
709.060000	-56.530441678753426515	
709.260000	-56.529434157933245331	
709.460000	-56.528430715171502641	
709.660000	-56.527431347858964727	
709.860000	-56.526436053383214642	
710.060000	-56.525444829128346669	
710.260000	-56.524457672475321601	
710.460000	-56.523474580801490674	
710.660000	-56.522495551481874543	
710.860000	-56.521520581887479295	
711.060000	-56.520549669387527558	
711.260000	-56.519582811346523954	
711.460000	-56.518620005127246486	
711.660000	-56.517661248087840420	
711.860000	-56.516706537584219916	
712.060000	-56.515755870968938268	
712.260000	-56.514809245592090292	
712.460000	-56.513866658798626474	
712.660000	-56.512928107933092292	
712.860000	-56.511993590335549698	
713.060000	-56.511063103342792147	
713.260000	-56.510136644287548791	
713.460000	-56.509214210502285880	
713.660000	-56.508295799313742691	
713.860000	-56.507381408045503690	
714.060000	-56.506471034020492539	
714.260000	-56.505564674555301963	
714.460000	-56.504662326966482055	
714.660000	-56.503763988563875387	
714.860000	-56.502869656657495057	
715.060000	-56.501979328553197490	
715.260000	-56.501093001552355588	
715.460000	-56.500210672956235669	
715.660000	-56.499332340059787327	
715.860000	-56.498458000156496439	
716.060000	-56.497587650536722492	
716.260000	-56.496721288487592005	
716.460000	-56.495858911291769289	
716.660000	-56.495000516231662857	
716.860000	-56.494146100584536896	
717.060000	-56.493295661623463388	
717.260000	-56.492449196621080887	
717.460000	-56.491606702845565735	
717.660000	-56.490768177562827645	
717.860000	-56.489933618034008589	
718.060000	-56.489103021518410230	
718.260000	-56.488276385272833124	
718.460000	-56.487453706548606647	
718.660000	-56.486634982597131227	
718.860000	-56.485820210664044794	
719.060000	-56.485009387993642349	
719.260000	-56.484202511826069326	
719.460000	-56.483399579399289792	
719.660000	-56.482600587948326165	
719.860000	-56.481805534702687055	
720.060000	-56.481014416892044494	
720.260000	-56.480227231741942262	
720.460000	-56.479443976473305611	
720.660000	-56.478664648306391882	
720.860000	-56.477889244457529117	
721.060000	-56.477117762138668411	
721.260000	-56.476350198560346882	
721.460000	-56.475586550929662621	
721.660000	-56.474826816450061528	
721.860000	-56.474070992322779716	
722.060000	-56.473319075745592954	
722.260000	-56.472571063913534317	
722.460000	-56.471826954019320510	
722.660000	-56.471086743249180984	
722.860000	-56.470350428790247577	
723.060000	-56.469618007825879147	
723.260000	-56.468889477534865762	
723.460000	-56.468164835094967202	
723.660000	-56.467444077679367354	
723.860000	-56.466727202458486090	
724.060000	-56.466014206599730585	
724.260000	-56.465305087268959028	
724.460000	-56.464599841626736065	
724.660000	-56.463898466832176837	
724.860000	-56.463200960041959320	
725.060000	-56.462507318408405865	
725.260000	-56.461817539080691120	
725.460000	-56.461131619205978893	
725.660000	-56.460449555928036602	
725.860000	-56.459771346388414770	
726.060000	-56.459096987725267525	
726.260000	-56.458426477071753879	
726.460000	-56.457759811561828656	
726.660000	-56.457096988324153131	
726.860000	-56.456438004484162718	
727.060000	-56.455782857166319388	
727.260000	-56.455131543490189472	
727.460000	-56.454484060573264514	
727.660000	-56.453840405529781776	
727.860000	-56.453200575471079503	
728.060000	-56.452564567507600657	
728.260000	-56.451932378743130414	
728.460000	-56.451304006280984993	
728.660000	-56.450679447220778684	
728.860000	-56.450058698660349421	
729.060000	-56.449441757692781607	
729.260000	-56.448828621410619633	
729.460000	-56.448219286901135661	
729.660000	-56.447613751250472092	
729.860000	-56.447012011540785181	
730.060000	-56.446414064852348247	
730.260000	-56.445819908261526621	
730.460000	-56.445229538842667694	
730.660000	-56.444642953666864571	
730.860000	-56.444060149801984494	
731.060000	-56.443481124314722308	
731.260000	-56.442905874267324862	
731.460000	-56.442334396718479184	
731.660000	-56.441766688726566770	
731.860000	-56.441202747345073476	
732.060000	-56.440642569625545377	
732.260000	-56.440086152616736115	
732.460000	-56.439533493363356342	
732.660000	-56.438984588910358298	
732.860000	-56.438439436296512497	
733.060000	-56.437898032559303374	
733.260000	-56.437360374733927415	
733.460000	-56.436826459851367588	
733.660000	-56.436296284940475232	
733.860000	-56.435769847028154800	
734.060000	-56.435247143138902004	
734.260000	-56.434728170292075333	
734.460000	-56.434212925505931935	
734.660000	-56.433701405796149686	
734.860000	-56.433193608175244549	
735.060000	-56.432689529652407145	
735.260000	-56.432189167235513594	
735.460000	-56.431692517928354391	
735.660000	-56.431199578732993416	
735.860000	-56.430710346648353948	
736.060000	-56.430224818670495779	
736.260000	-56.429742991793602869	
736.460000	-56.429264863007368547	
736.660000	-56.428790429299937159	
736.860000	-56.428319687658266446	
737.060000	-56.427852635063381115	
737.260000	-56.427389268497066155	
737.460000	-56.426929584936068807	
737.660000	-56.426473581356013653	
737.860000	-56.426021254727615428	
738.060000	-56.425572602021304647	
738.260000	-56.425127620204101220	
738.460000	-56.424686306241099487	
738.660000	-56.424248657092334724	
738.860000	-56.423814669717138770	
739.060000	-56.423384341072662096	
739.260000	-56.422957668113895124	
739.460000	-56.422534647792204510	
739.660000	-56.422115277058153993	
739.860000	-56.421699552858292748	
740.060000	-56.421287472138416774	
740.260000	-56.420879031838431672	
740.460000	-56.420474228898171987	
740.660000	-56.420073060253457697	
740.860000	-56.419675522837458459	
741.060000	-56.419281613580459123	
741.260000	-56.418891329411898994	
741.460000	-56.418504667255646723	
741.660000	-56.418121624035947548	
741.860000	-56.417742196672520549	
742.060000	-56.417366382082995813	
742.260000	-56.416994177183347858	
742.460000	-56.416625578886659298	
742.660000	-56.416260584101962650	
742.860000	-56.415899189737928054	
743.060000	-56.415541392700113477	
743.260000	-56.415187189892094466	
743.460000	-56.414836578213019891	
743.660000	-56.414489554561541240	
743.860000	-56.414146115834434170	
744.060000	-56.413806258924090287	
744.260000	-56.413469980720833519	
744.460000	-56.413137278114369622	
744.660000	-56.412808147989714769	
744.860000	-56.412482587230599052	
745.060000	-56.412160592718720409	
745.260000	-56.411842161333282775	
745.460000	-56.411527289949511044	
745.660000	-56.411215975441891146	
745.860000	-56.410908214683210815	
746.060000	-56.410604004542413747	
746.260000	-56.410303341886326223	
746.460000	-56.410006223579500784	
746.660000	-56.409712646485139942	
746.860000	-56.409422607463660881	
747.060000	-56.409136103372901516	
747.260000	-56.408853131068795506	
747.460000	-56.408573687404647501	
747.660000	-56.408297769231509733	
747.860000	-56.408025373400256797	
748.060000	-56.407756496759191123	
748.260000	-56.407491136153709022	
748.460000	-56.407229288429100222	
748.660000	-56.406970950424422995	
748.860000	-56.406716118979169039	
749.060000	-56.406464790928033892	
749.260000	-56.406216963103858575	
749.460000	-56.405972632336371930	
749.660000	-56.405731795454464361	
749.860000	-56.405494449282649327	
750.060000	-56.405260590645511343	
750.260000	-56.405030216362554540	
750.460000	-56.404803323253553060	
750.660000	-56.404579908135133337	
750.860000	-56.404359967821434907	
751.060000	-56.404143499124508310	
751.260000	-56.403930498855110898	
751.460000	-56.403720963821108114	
751.660000	-56.403514890827537442	
751.860000	-56.403312276679805848	
752.060000	-56.403113118178524132	
752.260000	-56.402917412123763086	
752.460000	-56.402725155312367633	
752.660000	-56.402536344540820323	
752.860000	-56.402350976601006494	
753.060000	-56.402169048285877295	
753.260000	-56.401990556383324815	
753.460000	-56.401815497681482725	
753.660000	-56.401643868965820161	
753.860000	-56.401475667019489890	
754.060000	-56.401310888622923301	
754.260000	-56.401149530554953060	
754.460000	-56.400991589594163145	
754.660000	-56.400837062514185050	
754.860000	-56.400685946089133438	
755.060000	-56.400538237089634208	
755.260000	-56.400393932285027176	
755.460000	-56.400253028441547087	
755.660000	-56.400115522325450002	
755.860000	-56.399981410699581375	
756.060000	-56.399850690326033487	
756.260000	-56.399723357962713521	
756.460000	-56.399599410368153940	
756.660000	-56.399478844297199487	
756.860000	-56.399361656503160134	
757.060000	-56.399247843737818187	
757.260000	-56.399137402751570392	
757.460000	-56.399030330291139990	
757.660000	-56.398926623103868394	
757.860000	-56.398826277932414541	
758.060000	-56.398729291519366313	
758.260000	-56.398635660605279440	
758.460000	-56.398545381928393283	
758.660000	-56.398458452225291637	
758.860000	-56.398374868230796153	
759.060000	-56.398294626677625274	
759.260000	-56.398217724297332154	
759.460000	-56.398144157818805411	
759.660000	-56.398073923970208909	
759.860000	-56.398007019475663526	
760.060000	-56.397943441060604641	
760.260000	-56.397883185446332277	
760.460000	-56.397826249353435912	
760.660000	-56.397772629500273922	
760.860000	-56.397722322604408873	
761.060000	-56.397675325380355105	
761.260000	-56.397631634541120604	
761.460000	-56.397591246799116504	
761.660000	-56.397554158863833607	
761.860000	-56.397520367442872669	
762.060000	-56.397489869243436544	
762.260000	-56.397462660971136472	
762.460000	-56.397438739327249380	
762.660000	-56.397418101014409331	
762.860000	-56.397400742732649803	
763.060000	-56.397386661178579459	
763.260000	-56.397375853050611738	
763.460000	-56.397368315041482845	
763.660000	-56.397364043846849313	
763.860000	-56.397363036155567784	
764.060000	-56.397365288660068927	
764.260000	-56.397370798047134599	
764.460000	-56.397379561004150617	
764.660000	-56.397391574216804599	
764.860000	-56.397406834367551198	
765.060000	-56.397425338139719031	
765.260000	-56.397447082213290059	
765.460000	-56.397472063266299358	
765.660000	-56.397500277977691496	
765.860000	-56.397531723022325423	
766.060000	-56.397566395073802425	
766.260000	-56.397604290806995664	
766.460000	-56.397645406892088715	
766.660000	-56.397689739999783853	
766.860000	-56.397737286797237743	
767.060000	-56.397788043951990744	
767.260000	-56.397842008129138947	
767.460000	-56.397899175993515541	
767.660000	-56.397959544206855753	
767.860000	-56.398023109430035049	
768.060000	-56.398089868323317830	
768.260000	-56.398159817545241879	
768.460000	-56.398232953751509910	
768.660000	-56.398309273598648872	
768.860000	-56.398388773739860369	
769.060000	-56.398471450828971285	
769.260000	-56.398557301515637619	
769.460000	-56.398646322451114088	
769.660000	-56.398738510283926928	
769.860000	-56.398833861660740752	
770.060000	-56.398932373227573578	
770.260000	-56.399034041629839464	
770.460000	-56.399138863509087116	
770.660000	-56.399246835508037634	
770.860000	-56.399357954268197091	
771.060000	-56.399472216427973592	
771.260000	-56.399589618625384446	
771.460000	-56.399710157497459306	
771.660000	-56.399833829679280939	
771.860000	-56.399960631805825528	
772.060000	-56.400090560510854232	
772.260000	-56.400223612424611019	
772.460000	-56.400359784177723554	
772.660000	-56.400499072400663181	
772.860000	-56.400641473720796171	
773.060000	-56.400786984764891940	
773.260000	-56.400935602160004123	
773.460000	-56.401087322529022572	
773.660000	-56.401242142496847976	
773.860000	-56.401400058685446481	
774.060000	-56.401561067715583420	
774.260000	-56.401725166207569373	
774.460000	-56.401892350778922491	
774.660000	-56.402062618049590981	
774.860000	-56.402235964635437426	
775.060000	-56.402412387151095174	
775.260000	-56.402591882211822849	
775.460000	-56.402774446431116928	
775.660000	-56.402960076420121993	
775.860000	-56.403148768790472900	
776.060000	-56.403340520153932403	
776.260000	-56.403535327117126030	
776.460000	-56.403733186289770174	
776.660000	-56.403934094278092459	
776.860000	-56.404138047689137636	
777.060000	-56.404345043127406711	
777.260000	-56.404555077196434354	
777.460000	-56.404768146499144166	
777.660000	-56.404984247638488171	
777.860000	-56.405203377214739646	
778.060000	-56.405425531828981889	
778.260000	-56.405650708079569711	
778.460000	-56.405878902565063981	
778.660000	-56.406110111883016600	
778.860000	-56.406344332628862048	
779.060000	-56.406581561398468239	
779.260000	-56.406821794787369129	
779.460000	-56.407065029387226218	
779.660000	-56.407311261792443702	
779.860000	-56.407560488594846504	
780.060000	-56.407812706385001889	
780.260000	-56.408067911752823420	
780.460000	-56.408326101287649124	
780.660000	-56.408587271579264666	
780.860000	-56.408851419213881684	
781.060000	-56.409118540779140005	
781.260000	-56.409388632860114399	
781.460000	-56.409661692042860182	
781.660000	-56.409937714912103957	
781.860000	-56.410216698051549145	
782.060000	-56.410498638042419373	
782.260000	-56.410783531468553065	
782.460000	-56.411071374910747522	
782.660000	-56.411362164949672149	
782.860000	-56.411655898165065537	
783.060000	-56.411952571136190215	
783.260000	-56.412252180441925020	
783.460000	-56.412554722659649542	
783.660000	-56.412860194366075461	
783.860000	-56.413168592138369206	
784.060000	-56.413479912552070061	
784.260000	-56.413794152180990693	
784.460000	-56.414111307600634859	
784.660000	-56.414431375384211265	
784.860000	-56.414754352105298096	
785.060000	-56.415080234336166143	
785.260000	-56.415409018648020378	
785.460000	-56.415740701612847374	
785.660000	-56.416075279801205511	
785.860000	-56.416412749782658409	
786.060000	-56.416753108127629446	
786.260000	-56.417096351403479559	
786.460000	-56.417442476178635502	
786.660000	-56.417791479022554313	
786.860000	-56.418143356500181085	
787.060000	-56.418498105179558877	
787.260000	-56.418855721626677280	
787.460000	-56.419216202407220351	
787.660000	-56.419579544085657119	
787.860000	-56.419945743227088997	
788.060000	-56.420314796395850010	
788.260000	-56.420686700153702020	
788.460000	-56.421061451065803283	
788.660000	-56.421439045694725678	
788.860000	-56.421819480602366070	
789.060000	-56.422202752349733146	
789.260000	-56.422588857499242465	
789.460000	-56.422977792611426651	
789.660000	-56.423369554247869928	
789.860000	-56.423764138966525650	
790.060000	-56.424161543328473556	
790.260000	-56.424561763892491228	
790.460000	-56.424964797218223111	
790.660000	-56.425370639863494659	
790.860000	-56.425779288386983978	
791.060000	-56.426190739346694158	
791.260000	-56.426604989299917747	
791.460000	-56.427022034803428596	
791.660000	-56.427441872414810575	
791.860000	-56.427864498690944117	
792.060000	-56.428289910186990141	
792.260000	-56.428718103458933797	
792.460000	-56.429149075063627095	
792.660000	-56.429582821554959082	
792.860000	-56.430019339489739139	
793.060000	-56.430458625422076580	
793.260000	-56.430900675906542574	
793.460000	-56.431345487497985403	
793.660000	-56.431793056751338611	
793.860000	-56.432243380220320716	
794.060000	-56.432696454458394442	
794.260000	-56.433152276019754368	
794.460000	-56.433610841457344520	
794.660000	-56.434072147324137347	
794.860000	-56.434536190173915315	
795.060000	-56.435002966559885351	
795.260000	-56.435472473033634344	
795.460000	-56.435944706148454486	
795.660000	-56.436419662456543733	
795.860000	-56.436897338510910060	
796.060000	-56.437377730862877456	
796.260000	-56.437860836063620695	
796.460000	-56.438346650665977222	
796.660000	-56.438835171222017095	
796.860000	-56.439326394282254284	
797.060000	-56.439820316399014644	
797.260000	-56.440316934124474813	
797.460000	-56.440816244008452429	
797.660000	-56.441318242604090472	
797.860000	-56.441822926461377108	
798.060000	-56.442330292131629221	
798.260000	-56.442840336167385829	
798.460000	-56.443353055118748784	
798.660000	-56.443868445537248135	
798.860000	-56.444386503974619984	
799.060000	-56.444907226981030135	
799.260000	-56.445430611109593144	
799.460000	-56.445956652910439288	
799.660000	-56.446485348935397042	
799.860000	-56.447016695736067504	
800.060000	-56.447550689864371520	
800.260000	-56.448087327871235175	
800.460000	-56.448626606308003772	
800.660000	-56.449168521727031589	
800.860000	-56.449713070680743954	
801.060000	-56.450260249718958505	
801.260000	-56.450810055396267728	
801.460000	-56.451362484264002717	
801.660000	-56.451917532873956418	
801.860000	-56.452475197779342864	
802.060000	-56.453035475533006604	
802.260000	-56.453598362687429812	
802.460000	-56.454163855795030713	
802.660000	-56.454731951409279134	
802.860000	-56.455302646083382001	
803.060000	-56.455875936371683110	
803.260000	-56.456451818827410705	
803.460000	-56.457030290004581730	
803.660000	-56.457611346456587853	
803.860000	-56.458194984739016320	
804.060000	-56.458781201405507488	
804.260000	-56.459369993011449651	
804.460000	-56.459961356112415842	
804.660000	-56.460555287262337743	
804.860000	-56.461151783018692640	
805.060000	-56.461750839935746171	
805.260000	-56.462352454570748250	
805.460000	-56.462956623479676921	
805.660000	-56.463563343219995261	
805.860000	-56.464172610348697390	
806.060000	-56.464784421423424021	
806.260000	-56.465398773001211907	
806.460000	-56.466015661640490464	
806.660000	-56.466635083899824110	
806.860000	-56.467257036338423859	
807.060000	-56.467881515515394142	
807.260000	-56.468508517989484119	
807.460000	-56.469138040322107486	
807.660000	-56.469770079072958424	
807.860000	-56.470404630802121915	
808.060000	-56.471041692071722196	
808.260000	-56.471681259443258227	
808.460000	-56.472323329477703169	
808.660000	-56.472967898738623660	
808.860000	-56.473614963787603926	
809.060000	-56.474264521189830646	
809.260000	-56.474916567508259391	
809.460000	-56.475571099307245504	
809.660000	-56.476228113150725108	
809.860000	-56.476887605604424891	
810.060000	-56.477549573234846036	
810.260000	-56.478214012606507310	
810.460000	-56.478880920287679146	
810.660000	-56.479550292845253523	
810.860000	-56.480222126846548747	
811.060000	-56.480896418860879749	
811.260000	-56.481573165455792207	
811.460000	-56.482252363201396861	
811.660000	-56.482934008667776027	
811.860000	-56.483618098425132814	
812.060000	-56.484304629044757462	
812.260000	-56.484993597097485463	
812.460000	-56.485684999157001585	
812.660000	-56.486378831795242661	
812.860000	-56.487075091585992936	
813.060000	-56.487773775102681384	
813.260000	-56.488474878921493882	
813.460000	-56.489178399616854165	
813.660000	-56.489884333764223356	
813.860000	-56.490592677940625777	
814.060000	-56.491303428725103686	
814.260000	-56.492016582692173188	
814.460000	-56.492732136423761347	
814.660000	-56.493450086496892482	
814.860000	-56.494170429492854169	
815.060000	-56.494893161991932118	
815.260000	-56.495618280575797598	
815.460000	-56.496345781826128984	
815.660000	-56.497075662326317058	
815.860000	-56.497807918659496806	
816.060000	-56.498542547409392967	
816.260000	-56.499279545163389571	
816.460000	-56.500018908506767445	
816.660000	-56.500760634027329843	
816.860000	-56.501504718312610009	
817.060000	-56.502251157953068628	
817.260000	-56.502999949537837665	
817.460000	-56.503751089658443618	
817.660000	-56.504504574904643732	
817.860000	-56.505260401869932707	
818.060000	-56.506018567145424925	
818.260000	-56.506779067324671928	
818.460000	-56.507541899001999752	
818.660000	-56.508307058771293896	
818.860000	-56.509074543228443588	
819.060000	-56.509844348970055705	
819.260000	-56.510616472591820525	
819.460000	-56.511390910692973932	
819.660000	-56.512167659871103353	
819.860000	-56.512946716725885210	
820.060000	-56.513728077857706467	
820.260000	-56.514511739867629103	
820.460000	-56.515297699357851968	
820.660000	-56.516085952931142344	
820.860000	-56.516876497192257034	
821.060000	-56.517669328745725466	
821.260000	-56.518464444197469732	
821.460000	-56.519261840153312448	
821.660000	-56.520061513223048166	
821.860000	-56.520863460014055590	
822.060000	-56.521667677136584018	
822.260000	-56.522474161201671450	
822.460000	-56.523282908820284831	
822.660000	-56.524093916605757215	
822.860000	-56.524907181171826664	
823.060000	-56.525722699133183369	
823.260000	-56.526540467105768073	
823.460000	-56.527360481706573125	
823.660000	-56.528182739553692215	
823.860000	-56.529007237266050367	
824.060000	-56.529833971462466025	
824.260000	-56.530662938766631953	
824.460000	-56.531494135798645573	
824.660000	-56.532327559182206755	
824.860000	-56.533163205541747232	
825.060000	-56.534001071502402169	
825.260000	-56.534841153692077853	
825.460000	-56.535683448736513412	
825.660000	-56.536527953265228064	
825.860000	-56.537374663908714467	
826.060000	-56.538223577296371047	
826.260000	-56.539074690061667638	
826.460000	-56.539927998836937206	
826.660000	-56.540783500257639105	
826.860000	-56.541641190957768970	
827.060000	-56.542501067574434614	
827.260000	-56.543363126746797320	
827.460000	-56.544227365112007533	
827.660000	-56.545093779311834226	
827.860000	-56.545962365986511600	
828.060000	-56.546833121779556564	
828.260000	-56.547706043333583636	
828.460000	-56.548581127294525572	
828.660000	-56.549458370307505106	
828.860000	-56.550337769020742940	
829.060000	-56.551219320082900310	
829.260000	-56.552103020142368450	
829.460000	-56.552988865852213962	
829.660000	-56.553876853864217367	
829.860000	-56.554766980831054468	
830.060000	-56.555659243407362169	
830.260000	-56.556553638251031657	
830.460000	-56.557450162018383821	
830.660000	-56.558348811368070130	
830.860000	-56.559249582959544966	
831.060000	-56.560152473454387234	
831.260000	-56.561057479514829538	
831.460000	-56.561964597805022947	
831.660000	-56.562873824989985394	
831.860000	-56.563785157735836151	
832.060000	-56.564698592710662695	
832.260000	-56.565614126584058852	
832.460000	-56.566531756026755318	
832.660000	-56.567451477709333574	
832.860000	-56.568373288305409119	
833.060000	-56.569297184489158781	
833.260000	-56.570223162937047334	
833.460000	-56.571151220325567976	
833.660000	-56.572081353334361609	
833.860000	-56.573013558642806231	
834.060000	-56.573947832932269364	
834.260000	-56.574884172885639089	
834.460000	-56.575822575187487473	
834.660000	-56.576763036523189498	
834.860000	-56.577705553579669129	
835.060000	-56.578650123044781139	
835.260000	-56.579596741609378796	
835.460000	-56.580545405963796668	
835.660000	-56.581496112801964671	
835.860000	-56.582448858817961934	
836.060000	-56.583403640705867588	
836.260000	-56.584360455164670611	
836.460000	-56.585319298891540996	
836.660000	-56.586280168587514083	
836.860000	-56.587243060954129703	
837.060000	-56.588207972694384296	
837.260000	-56.589174900513334876	
837.460000	-56.590143841115242651	
837.660000	-56.591114791209108148	
837.860000	-56.592087747503420303	
838.060000	-56.593062706709474696	
838.260000	-56.594039665538979023	
838.460000	-56.595018620705559442	
838.660000	-56.595999568924284517	
838.860000	-56.596982506911743371	
839.060000	-56.597967431386820181	
839.260000	-56.598954339068896502	
839.460000	-56.599943226679208408	
839.660000	-56.600934090941116494	
839.860000	-56.601926928578421894	
840.060000	-56.602921736317824752	
840.260000	-56.603918510888064475	
840.460000	-56.604917249016338587	
840.660000	-56.605917947435784754	
840.860000	-56.606920602876819260	
841.060000	-56.607925212074725607	
841.260000	-56.608931771764915197	
841.460000	-56.609940278685336068	
841.660000	-56.610950729573794149	
841.860000	-56.611963121171207547	
842.060000	-56.612977450221450226	
842.260000	-56.613993713465390556	
842.460000	-56.615011907651691558	
842.660000	-56.616032029526159874	
842.860000	-56.617054075837707217	
843.060000	-56.618078043336709015	
843.260000	-56.619103928775793122	
843.460000	-56.620131728908482671	
843.660000	-56.621161440490872963	
843.860000	-56.622193060279897736	
844.060000	-56.623226585034316827	
844.260000	-56.624262011515391180	
844.460000	-56.625299336484928858	
844.660000	-56.626338556708219585	
844.860000	-56.627379668949799907	
845.060000	-56.628422669977140913	
845.260000	-56.629467556561259300	
845.460000	-56.630514325471636994	
845.660000	-56.631562973480583878	
845.860000	-56.632613497364303612	
846.060000	-56.633665893898232468	
846.260000	-56.634720159859718080	
846.460000	-56.635776292030023171	
846.660000	-56.636834287189621762	
846.860000	-56.637894142122526375	
847.060000	-56.638955853613317970	
847.260000	-56.640019418450108901	
847.460000	-56.641084833420265454	
847.660000	-56.642152095314486360	
847.860000	-56.643221200925360392	
848.060000	-56.644292147047437425	
848.260000	-56.645364930476482357	
848.460000	-56.646439548009098530	
848.660000	-56.647515996446308861	
848.860000	-56.648594272588610465	
849.060000	-56.649674373240877401	
849.260000	-56.650756295205979995	
849.460000	-56.651840035292515552	
849.660000	-56.652925590308498727	
849.860000	-56.654012957064828981	
850.060000	-56.655102132374054236	
850.260000	-56.656193113050761667	
850.460000	-56.657285895910561635	
850.660000	-56.658380477772503525	
850.860000	-56.659476855455636723	
851.060000	-56.660575025782698333	
851.260000	-56.661674985577107577	
851.460000	-56.662776731664443730	
851.660000	-56.663880260872502959	
851.860000	-56.664985570030545148	
852.060000	-56.666092655970196290	
852.260000	-56.667201515525150057	
852.460000	-56.668312145530485680	
852.660000	-56.669424542822874002	
852.860000	-56.670538704242247263	
853.060000	-56.671654626628900076	
853.260000	-56.672772306826338706	
853.460000	-56.673891741679575773	
853.660000	-56.675012928035286563	
853.860000	-56.676135862742178517	
854.060000	-56.677260542651289654	
854.260000	-56.678386964615135923	
854.460000	-56.679515125489700722	
854.660000	-56.680645022130065058	
854.860000	-56.681776651395871625	
855.060000	-56.682910010147253388	
855.260000	-56.684045095247959978	
855.460000	-56.685181903561691286	
855.660000	-56.686320431954960952	
855.860000	-56.687460677298275868	
856.060000	-56.688602636460863948	
856.260000	-56.689746306315960567	
856.460000	-56.690891683737746121	
856.660000	-56.692038765603740558	
856.860000	-56.693187548792074892	
857.060000	-56.694338030183949684	
857.260000	-56.695490206662839228	
857.460000	-56.696644075112914152	
857.660000	-56.697799632420711191	
857.860000	-56.698956875476518746	
858.060000	-56.700115801170234420	
858.260000	-56.701276406395479057	
858.460000	-56.702438688047962501	
858.660000	-56.703602643024538565	
858.860000	-56.704768268224377437	
859.060000	-56.705935560549427521	
859.260000	-56.707104516902568037	
859.460000	-56.708275134190010647	
859.660000	-56.709447409319160727	
859.860000	-56.710621339200137925	
860.060000	-56.711796920743850592	
860.260000	-56.712974150865576917	
860.460000	-56.714153026480161657	
860.660000	-56.715333544506748353	
860.860000	-56.716515701865922949	
861.060000	-56.717699495479436678	
861.260000	-56.718884922272195581	
861.460000	-56.720071979169972565	
861.660000	-56.721260663103336697	
861.860000	-56.722450971002622566	
862.060000	-56.723642899800346129	
862.260000	-56.724836446432711057	
862.460000	-56.726031607836553405	
862.660000	-56.727228380951061126	
862.860000	-56.728426762719493581	
863.060000	-56.729626750084399589	
863.260000	-56.730828339992072529	
863.460000	-56.732031529391981906	
863.660000	-56.733236315233099845	
863.860000	-56.734442694468071977	
864.060000	-56.735650664053515868	
864.260000	-56.736860220944521416	
864.460000	-56.738071362100832573	
864.660000	-56.739284084484076232	
864.860000	-56.740498385057996700	
865.060000	-56.741714260787816215	
865.260000	-56.742931708642153410	
865.460000	-56.744150725590237982	
865.660000	-56.745371308605541572	
865.860000	-56.746593454661521605	
866.060000	-56.747817160736303777	
866.260000	-56.749042423808639057	
866.460000	-56.750269240859729791	
866.660000	-56.751497608873549439	
866.860000	-56.752727524835535178	
867.060000	-56.753958985733319764	
867.260000	-56.755191988557371019	
867.460000	-56.756426530301112621	
867.660000	-56.757662607958017986	
867.860000	-56.758900218526399328	
868.060000	-56.760139359004995185	
868.260000	-56.761380026396054177	
868.460000	-56.762622217701760974	
868.660000	-56.763865929930503285	
868.860000	-56.765111160088991937	
869.060000	-56.766357905188719712	
869.260000	-56.767606162241769141	
869.460000	-56.768855928264777333	
869.660000	-56.770107200273798753	
869.860000	-56.771359975290160094	
870.060000	-56.772614250335223574	
870.260000	-56.773870022433527538	
870.460000	-56.775127288611521692	
870.660000	-56.776386045898838972	
870.860000	-56.777646291326355765	
871.060000	-56.778908021927662730	
871.260000	-56.780171234739981401	
871.460000	-56.781435926800433833	
871.660000	-56.782702095149751642	
871.860000	-56.783969736831039654	
872.060000	-56.785238848889996177	
872.260000	-56.786509428373925346	
872.460000	-56.787781472332945043	
872.660000	-56.789054977819766634	
872.860000	-56.790329941888245457	
873.060000	-56.791606361595945884	
873.260000	-56.792884234002805499	
873.460000	-56.794163556169820595	
873.660000	-56.795444325160900689	
873.860000	-56.796726538043117216	
874.060000	-56.798010191885083486	
874.260000	-56.799295283758318931	
874.460000	-56.800581810735707222	
874.660000	-56.801869769893187367	
874.860000	-56.803159158309455279	
875.060000	-56.804449973065182178	
875.260000	-56.805742211243789086	
875.460000	-56.807035869930302852	
875.660000	-56.808330946212670653	
875.860000	-56.809627437180573395	
876.060000	-56.810925339928147082	
876.260000	-56.812224651549527721	
876.460000	-56.813525369142332977	
876.660000	-56.814827489806724259	
876.860000	-56.816131010644610910	
877.060000	-56.817435928760268382	
877.260000	-56.818742241261119830	
877.460000	-56.820049945258553237	
877.660000	-56.821359037865342145	
877.860000	-56.822669516197755968	
878.060000	-56.823981377375744728	
878.260000	-56.825294618519897938	
878.460000	-56.826609236753014898	
878.660000	-56.827925229199685475	
878.860000	-56.829242592987888827	
879.060000	-56.830561325245462001	
879.260000	-56.831881423105009787	
879.460000	-56.833202883699620145	
879.660000	-56.834525704165365312	
879.860000	-56.835849881640555736	
880.060000	-56.837175413266002977	
880.260000	-56.838502296184657325	
880.460000	-56.839830527541721494	
880.660000	-56.841160104486291971	
880.860000	-56.842491024167884461	
881.060000	-56.843823283740000818	
881.260000	-56.845156880357826878	
881.460000	-56.846491811179333808	
881.660000	-56.847828073364603085	
881.860000	-56.849165664077489168	
882.060000	-56.850504580482557060	
882.260000	-56.851844819748606596	
882.460000	-56.853186379045681065	
882.660000	-56.854529255547355149	
882.860000	-56.855873446429356477	
883.060000	-56.857218948868407438	
883.260000	-56.858565760046609228	
883.460000	-56.859913877146482264	
883.660000	-56.861263297353580981	
883.860000	-56.862614017856287774	
884.060000	-56.863966035845507463	
884.260000	-56.865319348513374109	
884.460000	-56.866673953056512403	
884.660000	-56.868029846673280758	
884.860000	-56.869387026564638177	
885.060000	-56.870745489934016348	
885.260000	-56.872105233986687267	
885.460000	-56.873466255931532487	
885.660000	-56.874828552979053597	
885.860000	-56.876192122343233848	
886.060000	-56.877556961239655209	
886.260000	-56.878923066887331572	
886.460000	-56.880290436507245033	
886.660000	-56.881659067323418810	
886.860000	-56.883028956561247469	
887.060000	-56.884400101450133036	
887.260000	-56.885772499221005205	
887.460000	-56.887146147107799266	
887.660000	-56.888521042347164780	
887.860000	-56.889897182177975310	
888.060000	-56.891274563841811585	
888.260000	-56.892653184582485437	
888.460000	-56.894033041646750348	
888.660000	-56.895414132283789854	
888.860000	-56.896796453745935196	
889.060000	-56.898180003286540796	
889.260000	-56.899564778162982748	
889.460000	-56.900950775635010359	
889.660000	-56.902337992964575619	
889.860000	-56.903726427415975309	
890.060000	-56.905116076257002078	
890.260000	-56.906506936757402570	
890.460000	-56.907899006189154534	
890.660000	-56.909292281826473925	
890.860000	-56.910686760947719165	
891.060000	-56.912082440833444252	
891.260000	-56.913479318766007964	
891.460000	-56.914877392029787018	
891.660000	-56.916276657914309567	
891.860000	-56.917677113708819547	
892.060000	-56.919078756706497302	
892.260000	-56.920481584204033254	
892.460000	-56.921885593498238620	
892.660000	-56.923290781891125789	
892.860000	-56.924697146685836913	
893.060000	-56.926104685188221310	
893.260000	-56.927513394706586780	
893.460000	-56.928923272553667800	
893.660000	-56.930334316042070952	
893.860000	-56.931746522489241613	
894.060000	-56.933159889213428073	
894.260000	-56.934574413536736870	
894.460000	-56.935990092783377747	
894.660000	-56.937406924281354748	
894.860000	-56.938824905358451645	
895.060000	-56.940244033347475749	
895.260000	-56.941664305584339445	
895.460000	-56.943085719405964085	
895.660000	-56.944508272151942663	
895.860000	-56.945931961165364044	
896.060000	-56.947356783792486112	
896.260000	-56.948782737379822549	
896.460000	-56.950209819278654777	
896.660000	-56.951638026842331897	
896.860000	-56.953067357426085948	
897.060000	-56.954497808390172509	
897.260000	-56.955929377094498989	
897.460000	-56.957362060902170242	
897.660000	-56.958795857180852806	
897.860000	-56.960230763299776413	
898.060000	-56.961666776629662934	
898.260000	-56.963103894545923822	
898.460000	-56.964542114424340014	
898.660000	-56.965981433646064147	
898.860000	-56.967421849592874139	
899.060000	-56.968863359649205336	
899.260000	-56.970305961204061873	
899.460000	-56.971749651647236590	
899.660000	-56.973194428370781850	
899.860000	-56.974640288771418284	
900.060000	-56.976087230247337345	
900.260000	-56.977535250198840799	
900.460000	-56.978984346029875496	
900.660000	-56.980434515146640706	
900.860000	-56.981885754958383927	
901.060000	-56.983338062876505603	
901.260000	-56.984791436315830992	
901.460000	-56.986245872692478542	
901.660000	-56.987701369426332576	
901.860000	-56.989157923939920636	
902.060000	-56.990615533658285585	
902.260000	-56.992074196009156140	
902.460000	-56.993533908422733703	
902.660000	-56.994994668332090271	
902.860000	-56.996456473172578683	
903.060000	-56.997919320382479214	
903.260000	-56.999383207403191420	
923.260000	-57.150595535328939434	
943.260000	-57.309783963610172464	
963.260000	-57.474802446983566995	
983.260000	-57.643774535262359393	
1003.260000	-57.815083040420958582	
1023.260000	-57.987354661346913076	
1043.260000	-58.159441158021685681	
1063.260000	-58.330398773988477501	
1083.260000	-58.499466733877270030	
1103.260000	-58.666045728318771069	
1123.260000	-58.829676936228750606	
1143.260000	-58.990022012440405774	
1163.260000	-59.146844544558668133	
1183.260000	-59.299993006159347431	
1203.260000	-59.449385370725686073	
1223.260000	-59.594995222166922133	
1243.260000	-59.736839829742805819	
1263.260000	-59.874969825947353286	
1283.260000	-60.009460324973616707	
1303.260000	-60.140403813241917419	
1323.260000	-60.267903627929861443	
1343.260000	-60.392069476934004513	
1363.260000	-60.513013606826412172	
1383.260000	-60.630847608768931423	
1403.260000	-60.745680764833657861	
1423.260000	-60.857618422490595833	
1443.260000	-60.966760807955111545	
1463.260000	-61.073202790584247168	
1483.260000	-61.177033254815206931	
1503.260000	-61.278335558036559405	
1523.260000	-61.377187697212264084	
1543.260000	-61.473661495664785548	
1563.260000	-61.567824364865323616	
1583.260000	-61.659739423491998878	
1603.260000	-61.749465598402977662	
1623.260000	-61.837058294682911708	
1643.260000	-61.922569841282573577	
1663.260000	-62.006049694806982586	
1683.260000	-62.087545098367129981	
1703.260000	-62.167101311230368310	
1723.260000	-62.244761882077376924	
1743.260000	-62.320568924879829353	
1763.260000	-62.394563259119749432	
1783.260000	-62.466784689533788821	
1803.260000	-62.537272128424490347	
1823.260000	-62.606063721783826281	
1843.260000	-62.673196950720097220	
1863.260000	-62.738708710597812512	
1883.260000	-62.802635370955599114	
1903.260000	-62.865012819048558868	
1923.260000	-62.925876489640828026	
1943.260000	-62.985261383437070037	
1963.260000	-63.043202076273892942	
1983.260000	-63.099732720967985244	
2003.260000	-63.154887043452738737	
2023.260000	-63.208698334636999050	
2043.260000	-63.261199439182803417	
2063.260000	-63.312422742234311102	
2083.260000	-63.362400154940779373	
2103.260000	-63.411163099477462879	
2123.260000	-63.458742494120365052	
2143.260000	-63.505168738832374231	
2163.260000	-63.550471701697709648	
2183.260000	-63.594680706470896325	
2203.260000	-63.637824521426033186	
2223.260000	-63.679931349635779725	
2243.260000	-63.721028820750660770	
2263.260000	-63.761143984319041067	
2283.260000	-63.800303304647073332	
2303.260000	-63.838532657172727625	
2323.260000	-63.875857326308477013	
2343.260000	-63.912302004690879187	
2363.260000	-63.947890793766212880	
2383.260000	-63.982647205624139986	
2403.260000	-64.016594166004026079	
2423.260000	-64.049754018373562303	
2443.260000	-64.082148528995688253	
2463.260000	-64.113798892893896664	
2483.260000	-64.144725740628132371	
