0.000000	0.000060000000	
20.000000	0.000060000172	
40.000000	0.000060000363	
60.000000	0.000060000534	
80.000000	0.000060000686	
100.000000	0.000060000825	
120.000000	0.000059996705	
140.000000	0.000059992607	
160.000000	0.000059989331	
180.000000	0.000059986882	
200.000000	0.000059985241	
220.000000	0.000059984367	
240.000000	0.000059984216	
260.000000	0.000059984744	
280.000000	0.000059985913	
300.000000	0.000059987687	
320.000000	0.000059990035	
340.000000	0.000059992949	
360.000000	0.000059996392	
380.000000	0.000060000322	
400.000000	0.000060004710	
420.000000	0.000060009534	
440.000000	0.000060014776	
460.000000	0.000060020421	
480.000000	0.000060026458	
500.000000	0.000060032877	
520.000000	0.000060040105	
540.000000	0.000060048357	
560.000000	0.000060057581	
580.000000	0.000060067741	
594.120000	0.000060075491	
594.320000	0.000060075605	
594.520000	0.000060075718	
594.720000	0.000060075832	
594.920000	0.000060075946	
595.120000	0.000060076060	
595.320000	0.000060076174	
595.520000	0.000060076289	
595.720000	0.000060076403	
595.920000	0.000060076518	
596.120000	0.000060076632	
596.320000	0.000060076747	
596.520000	0.000060076862	
596.720000	0.000060076977	
596.920000	0.000060077092	
597.120000	0.000060077207	
597.320000	0.000060077323	
597.520000	0.000060077438	
597.720000	0.000060077554	
597.920000	0.000060077669	
598.120000	0.000060077785	
598.320000	0.000060077901	
598.520000	0.000060078018	
598.720000	0.000060078134	
598.920000	0.000060078250	
599.120000	0.000060078367	
599.320000	0.000060078484	
599.520000	0.000060078601	
599.720000	0.000060078718	
599.920000	0.000060078835	
600.120000	0.000060078952	
600.320000	0.000060079069	
600.520000	0.000060079187	
600.720000	0.000060079305	
600.920000	0.000060079423	
601.120000	0.000060079541	
601.320000	0.000060079659	
601.520000	0.000060079777	
601.720000	0.000060079896	
601.920000	0.000060080015	
602.120000	0.000060080133	
602.320000	0.000060080252	
602.520000	0.000060080372	
602.720000	0.000060080491	
602.920000	0.000060080611	
603.120000	0.000060080730	
603.320000	0.000060080850	
603.520000	0.000060080971	
603.720000	0.000060081091	
603.920000	0.000060081211	
604.120000	0.000060081332	
604.320000	0.000060081453	
604.520000	0.000060081574	
604.720000	0.000060081696	
604.920000	0.000060081817	
605.120000	0.000060081939	
605.320000	0.000060082061	
605.520000	0.000060082184	
605.720000	0.000060082306	
605.920000	0.000060082429	
606.120000	0.000060082552	
606.320000	0.000060082676	
606.520000	0.000060082800	
606.720000	0.000060082924	
606.920000	0.000060083048	
607.120000	0.000060083173	
607.320000	0.000060083298	
607.520000	0.000060083424	
607.720000	0.000060083550	
607.920000	0.000060083676	
608.120000	0.000060083803	
608.320000	0.000060083930	
608.520000	0.000060084058	
608.720000	0.000060084187	
608.920000	0.000060084316	
609.120000	0.000060084447	
609.320000	0.000060084578	
609.520000	0.000060084710	
609.720000	0.000060084843	
609.920000	0.000060084979	
610.120000	0.000060085116	
610.320000	0.000060085260	
610.520000	0.000060085455	
610.720000	0.000060086013	
610.920000	0.000060187440	
611.120000	0.000061069675	
611.320000	0.000063050095	
611.520000	0.000066167302	
611.720000	0.000070137657	
611.920000	0.000074463922	
612.120000	0.000078673599	
612.320000	0.000082364662	
612.520000	0.000085247723	
612.720000	0.000087287402	
612.920000	0.000088705656	
613.120000	0.000089750403	
613.320000	0.000090576042	
633.320000	0.000093126314	
641.220000	0.000092019964	
641.420000	0.000091992241	
641.620000	0.000091964532	
641.820000	0.000091936839	
642.020000	0.000091909159	
642.220000	0.000091881495	
642.420000	0.000091853845	
642.620000	0.000091826210	
642.820000	0.000091798589	
643.020000	0.000091770983	
643.220000	0.000091743392	
643.420000	0.000091715816	
643.620000	0.000091688254	
643.820000	0.000091660708	
644.020000	0.000091633176	
644.220000	0.000091605659	
644.420000	0.000091578157	
644.620000	0.000091550670	
644.820000	0.000091523198	
645.020000	0.000091495741	
645.220000	0.000091468299	
645.420000	0.000091440873	
645.620000	0.000091413461	
645.820000	0.000091386064	
646.020000	0.000091358683	
646.220000	0.000091331317	
646.420000	0.000091303966	
646.620000	0.000091276630	
646.820000	0.000091249310	
647.020000	0.000091222004	
647.220000	0.000091194715	
647.420000	0.000091167440	
647.620000	0.000091140181	
647.820000	0.000091112937	
648.020000	0.000091085709	
648.220000	0.000091058496	
648.420000	0.000091031299	
648.620000	0.000091004117	
648.820000	0.000090976951	
649.020000	0.000090949800	
649.220000	0.000090922665	
649.420000	0.000090895546	
649.620000	0.000090868442	
649.820000	0.000090841354	
650.020000	0.000090814282	
650.220000	0.000090787225	
650.420000	0.000090760184	
650.620000	0.000090733159	
650.820000	0.000090706150	
651.020000	0.000090679157	
651.220000	0.000090652179	
651.420000	0.000090625217	
651.620000	0.000090598272	
651.820000	0.000090571342	
652.020000	0.000090544428	
652.220000	0.000090517530	
652.420000	0.000090490648	
652.620000	0.000090463782	
652.820000	0.000090436933	
653.020000	0.000090410099	
653.220000	0.000090383282	
653.420000	0.000090356480	
653.620000	0.000090329695	
653.820000	0.000090302926	
654.020000	0.000090276173	
654.220000	0.000090249437	
654.420000	0.000090222716	
654.620000	0.000090196013	
654.820000	0.000090169325	
655.020000	0.000090142654	
655.220000	0.000090115999	
655.420000	0.000090089360	
655.620000	0.000090062738	
655.820000	0.000090036132	
656.020000	0.000090009543	
656.220000	0.000089982971	
656.420000	0.000089956415	
656.620000	0.000089929875	
656.820000	0.000089903352	
657.020000	0.000089876846	
657.220000	0.000089850356	
657.420000	0.000089823883	
657.620000	0.000089797427	
657.820000	0.000089770987	
658.020000	0.000089744564	
658.220000	0.000089718158	
658.420000	0.000089691769	
658.620000	0.000089665397	
658.820000	0.000089639041	
659.020000	0.000089612703	
659.220000	0.000089586381	
659.420000	0.000089560077	
659.620000	0.000089533789	
659.820000	0.000089507519	
660.020000	0.000089481266	
660.220000	0.000089455030	
660.420000	0.000089428811	
660.620000	0.000089402610	
660.820000	0.000089376426	
661.020000	0.000089350260	
661.220000	0.000089324111	
661.420000	0.000089297980	
661.620000	0.000089271867	
661.820000	0.000089245772	
662.020000	0.000089219695	
662.220000	0.000089193638	
662.420000	0.000089167600	
662.620000	0.000089141585	
662.820000	0.000089115631	
663.020000	0.000089090073	
663.220000	0.000089179121	
663.420000	0.000090040257	
663.620000	0.000091961665	
663.820000	0.000095009550	
664.020000	0.000098912550	
664.220000	0.000103167238	
664.420000	0.000107290819	
664.620000	0.000110897729	
664.820000	0.000113730283	
665.020000	0.000115761924	
665.220000	0.000117191181	
665.420000	0.000118247636	
665.620000	0.000119081767	
665.820000	0.000119768227	
685.820000	0.000119329951	
688.540000	0.000118619610	
688.740000	0.000118567609	
688.940000	0.000118515641	
689.140000	0.000118463704	
689.340000	0.000118411799	
689.540000	0.000118359925	
689.740000	0.000118308084	
689.940000	0.000118256274	
690.140000	0.000118204497	
690.340000	0.000118152751	
690.540000	0.000118101037	
690.740000	0.000118049356	
690.940000	0.000117997706	
691.140000	0.000117946088	
691.340000	0.000117894503	
691.540000	0.000117842949	
691.740000	0.000117791428	
691.940000	0.000117739939	
692.140000	0.000117688482	
692.340000	0.000117637058	
692.540000	0.000117585665	
692.740000	0.000117534305	
692.940000	0.000117482977	
693.140000	0.000117431682	
693.340000	0.000117380419	
693.540000	0.000117329189	
693.740000	0.000117277991	
693.940000	0.000117226825	
694.140000	0.000117175692	
694.340000	0.000117124591	
694.540000	0.000117073523	
694.740000	0.000117022488	
694.940000	0.000116971485	
695.140000	0.000116920515	
695.340000	0.000116869578	
695.540000	0.000116818673	
695.740000	0.000116767801	
695.940000	0.000116716962	
696.140000	0.000116666156	
696.340000	0.000116615382	
696.540000	0.000116564642	
696.740000	0.000116513934	
696.940000	0.000116463259	
697.140000	0.000116412617	
697.340000	0.000116362008	
697.540000	0.000116311432	
697.740000	0.000116260890	
697.940000	0.000116210380	
698.140000	0.000116159903	
698.340000	0.000116109459	
698.540000	0.000116059049	
698.740000	0.000116008672	
698.940000	0.000115958327	
699.140000	0.000115908017	
699.340000	0.000115857739	
699.540000	0.000115807495	
699.740000	0.000115757283	
699.940000	0.000115707106	
700.140000	0.000115656961	
700.340000	0.000115606850	
700.540000	0.000115556773	
700.740000	0.000115506728	
700.940000	0.000115456718	
701.140000	0.000115406740	
701.340000	0.000115356797	
701.540000	0.000115306886	
701.740000	0.000115257010	
701.940000	0.000115207167	
702.140000	0.000115157357	
702.340000	0.000115107581	
702.540000	0.000115057839	
702.740000	0.000115008130	
702.940000	0.000114958456	
703.140000	0.000114908814	
703.340000	0.000114859207	
703.540000	0.000114809633	
703.740000	0.000114760094	
703.940000	0.000114710587	
704.140000	0.000114661115	
704.340000	0.000114611677	
704.540000	0.000114562272	
704.740000	0.000114512902	
704.940000	0.000114463565	
705.140000	0.000114414263	
705.340000	0.000114364994	
705.540000	0.000114315759	
705.740000	0.000114266558	
705.940000	0.000114217392	
706.140000	0.000114168259	
706.340000	0.000114119161	
706.540000	0.000114070096	
706.740000	0.000114021066	
706.940000	0.000113972070	
707.140000	0.000113923108	
707.340000	0.000113874180	
707.540000	0.000113825286	
707.740000	0.000113776427	
707.940000	0.000113727602	
708.140000	0.000113678811	
708.340000	0.000113630054	
708.540000	0.000113581332	
708.740000	0.000113532644	
708.940000	0.000113483990	
709.140000	0.000113435371	
709.340000	0.000113386786	
709.540000	0.000113338236	
709.740000	0.000113289720	
709.940000	0.000113241239	
710.140000	0.000113192792	
710.340000	0.000113144379	
710.540000	0.000113096001	
710.740000	0.000113047658	
710.940000	0.000112999349	
711.140000	0.000112951075	
711.340000	0.000112902835	
711.540000	0.000112854630	
711.740000	0.000112806460	
711.940000	0.000112758325	
712.140000	0.000112710224	
712.340000	0.000112662158	
712.540000	0.000112614127	
712.740000	0.000112566130	
712.940000	0.000112518169	
713.140000	0.000112470242	
713.340000	0.000112422350	
713.540000	0.000112374493	
713.740000	0.000112326672	
713.940000	0.000112278885	
714.140000	0.000112231133	
714.340000	0.000112183417	
714.540000	0.000112135736	
714.740000	0.000112088090	
714.940000	0.000112040479	
715.140000	0.000111992904	
715.340000	0.000111945364	
715.540000	0.000111897861	
715.740000	0.000111850393	
715.940000	0.000111802961	
716.140000	0.000111755566	
716.340000	0.000111708208	
716.540000	0.000111660887	
716.740000	0.000111613607	
716.940000	0.000111566395	
717.140000	0.000111519507	
717.340000	0.000111558237	
717.540000	0.000112308722	
717.740000	0.000114074642	
717.940000	0.000116972819	
718.140000	0.000120777776	
718.340000	0.000124991818	
718.540000	0.000129102285	
718.740000	0.000132719513	
718.940000	0.000135592431	
719.140000	0.000137683002	
719.340000	0.000139166588	
719.540000	0.000140263259	
719.740000	0.000141126233	
719.940000	0.000141833944	
720.140000	0.000142427120	
740.140000	0.000139598105	
743.440000	0.000138420787	
743.640000	0.000138349857	
743.840000	0.000138278975	
744.040000	0.000138208141	
744.240000	0.000138137356	
744.440000	0.000138066620	
744.640000	0.000137995931	
744.840000	0.000137925292	
745.040000	0.000137854700	
745.240000	0.000137784158	
745.440000	0.000137713664	
745.640000	0.000137643218	
745.840000	0.000137572821	
746.040000	0.000137502472	
746.240000	0.000137432172	
746.440000	0.000137361921	
746.640000	0.000137291719	
746.840000	0.000137221565	
747.040000	0.000137151460	
747.240000	0.000137081403	
747.440000	0.000137011395	
747.640000	0.000136941436	
747.840000	0.000136871526	
748.040000	0.000136801665	
748.240000	0.000136731852	
748.440000	0.000136662088	
748.640000	0.000136592373	
748.840000	0.000136522707	
749.040000	0.000136453090	
749.240000	0.000136383521	
749.440000	0.000136314002	
749.640000	0.000136244532	
749.840000	0.000136175110	
750.040000	0.000136105738	
750.240000	0.000136036414	
750.440000	0.000135967139	
750.640000	0.000135897914	
750.840000	0.000135828738	
751.040000	0.000135759610	
751.240000	0.000135690532	
751.440000	0.000135621503	
751.640000	0.000135552523	
751.840000	0.000135483592	
752.040000	0.000135414710	
752.240000	0.000135345877	
752.440000	0.000135277094	
752.640000	0.000135208359	
752.840000	0.000135139674	
753.040000	0.000135071038	
753.240000	0.000135002452	
753.440000	0.000134933915	
753.640000	0.000134865427	
753.840000	0.000134796988	
754.040000	0.000134728598	
754.240000	0.000134660258	
754.440000	0.000134591967	
754.640000	0.000134523726	
754.840000	0.000134455534	
755.040000	0.000134387391	
755.240000	0.000134319298	
755.440000	0.000134251254	
755.640000	0.000134183259	
755.840000	0.000134115314	
756.040000	0.000134047418	
756.240000	0.000133979572	
756.440000	0.000133911776	
756.640000	0.000133844028	
756.840000	0.000133776330	
757.040000	0.000133708682	
757.240000	0.000133641083	
757.440000	0.000133573534	
757.640000	0.000133506034	
757.840000	0.000133438584	
758.040000	0.000133371184	
758.240000	0.000133303833	
758.440000	0.000133236531	
758.640000	0.000133169279	
758.840000	0.000133102077	
759.040000	0.000133034924	
759.240000	0.000132967821	
759.440000	0.000132900768	
759.640000	0.000132833764	
759.840000	0.000132766810	
760.040000	0.000132699905	
760.240000	0.000132633050	
760.440000	0.000132566245	
760.640000	0.000132499490	
760.840000	0.000132432784	
761.040000	0.000132366128	
761.240000	0.000132299521	
761.440000	0.000132232964	
761.640000	0.000132166457	
761.840000	0.000132100000	
762.040000	0.000132033592	
762.240000	0.000131967235	
762.440000	0.000131900926	
762.640000	0.000131834668	
762.840000	0.000131768459	
763.040000	0.000131702300	
763.240000	0.000131636191	
763.440000	0.000131570132	
763.640000	0.000131504122	
763.840000	0.000131438162	
764.040000	0.000131372252	
764.240000	0.000131306392	
764.440000	0.000131240581	
764.640000	0.000131174821	
764.840000	0.000131109110	
765.040000	0.000131043449	
765.240000	0.000130977837	
765.440000	0.000130912276	
765.640000	0.000130846764	
765.840000	0.000130781302	
766.040000	0.000130715890	
766.240000	0.000130650528	
766.440000	0.000130585215	
766.640000	0.000130519952	
766.840000	0.000130454739	
767.040000	0.000130389576	
767.240000	0.000130324463	
767.440000	0.000130259400	
767.640000	0.000130194386	
767.840000	0.000130129422	
768.040000	0.000130064508	
768.240000	0.000129999644	
768.440000	0.000129934830	
768.640000	0.000129870065	
768.840000	0.000129805351	
769.040000	0.000129740686	
769.240000	0.000129676071	
769.440000	0.000129611506	
769.640000	0.000129546990	
769.840000	0.000129482525	
770.040000	0.000129418109	
770.240000	0.000129353743	
770.440000	0.000129289427	
770.640000	0.000129225160	
770.840000	0.000129160944	
771.040000	0.000129096777	
771.240000	0.000129032660	
771.440000	0.000128968593	
771.640000	0.000128904576	
771.840000	0.000128840608	
772.040000	0.000128776691	
772.240000	0.000128712823	
772.440000	0.000128649005	
772.640000	0.000128585236	
772.840000	0.000128521518	
773.040000	0.000128457849	
773.240000	0.000128394230	
773.440000	0.000128330660	
773.640000	0.000128267141	
773.840000	0.000128203671	
774.040000	0.000128140251	
774.240000	0.000128076881	
774.440000	0.000128013560	
774.640000	0.000127950290	
774.840000	0.000127887069	
775.040000	0.000127823897	
775.240000	0.000127760776	
775.440000	0.000127697704	
775.640000	0.000127634682	
775.840000	0.000127571709	
776.040000	0.000127508786	
776.240000	0.000127445913	
776.440000	0.000127383090	
776.640000	0.000127320316	
776.840000	0.000127257592	
777.040000	0.000127194917	
777.240000	0.000127132293	
777.440000	0.000127069717	
777.640000	0.000127007192	
777.840000	0.000126944716	
778.040000	0.000126882290	
778.240000	0.000126819913	
778.440000	0.000126757586	
778.640000	0.000126695309	
778.840000	0.000126633081	
779.040000	0.000126570903	
779.240000	0.000126508774	
779.440000	0.000126446695	
779.640000	0.000126384665	
779.840000	0.000126322685	
780.040000	0.000126260755	
780.240000	0.000126198874	
780.440000	0.000126137042	
780.640000	0.000126075260	
780.840000	0.000126013528	
781.040000	0.000125951845	
781.240000	0.000125890212	
781.440000	0.000125828628	
781.640000	0.000125767093	
781.840000	0.000125705608	
782.040000	0.000125644172	
782.240000	0.000125582786	
782.440000	0.000125521449	
782.640000	0.000125460162	
782.840000	0.000125398924	
783.040000	0.000125337735	
783.240000	0.000125276596	
783.440000	0.000125215506	
783.640000	0.000125154465	
783.840000	0.000125093474	
784.040000	0.000125032532	
784.240000	0.000124971639	
784.440000	0.000124910796	
784.640000	0.000124850002	
784.840000	0.000124789257	
785.040000	0.000124728562	
785.240000	0.000124667915	
785.440000	0.000124607318	
785.640000	0.000124546771	
785.840000	0.000124486272	
786.040000	0.000124425823	
786.240000	0.000124365422	
786.440000	0.000124305071	
786.640000	0.000124244770	
786.840000	0.000124184517	
787.040000	0.000124124313	
787.240000	0.000124064159	
787.440000	0.000124004054	
787.640000	0.000123943997	
787.840000	0.000123883990	
788.040000	0.000123824032	
788.240000	0.000123764123	
788.440000	0.000123704263	
788.640000	0.000123644452	
788.840000	0.000123584690	
789.040000	0.000123524977	
789.240000	0.000123465313	
789.440000	0.000123405698	
789.640000	0.000123346132	
789.840000	0.000123286615	
790.040000	0.000123227147	
790.240000	0.000123167727	
790.440000	0.000123108357	
790.640000	0.000123049036	
790.840000	0.000122989763	
791.040000	0.000122930539	
791.240000	0.000122871364	
791.440000	0.000122812238	
791.640000	0.000122753161	
791.840000	0.000122694132	
792.040000	0.000122635152	
792.240000	0.000122576221	
792.440000	0.000122517339	
792.640000	0.000122458505	
792.840000	0.000122399721	
793.040000	0.000122340984	
793.240000	0.000122282297	
793.440000	0.000122223658	
793.640000	0.000122165068	
793.840000	0.000122106526	
794.040000	0.000122048033	
794.240000	0.000121989589	
794.440000	0.000121931193	
794.640000	0.000121872846	
794.840000	0.000121814548	
795.040000	0.000121756297	
795.240000	0.000121698096	
795.440000	0.000121639943	
795.640000	0.000121581838	
795.840000	0.000121523782	
796.040000	0.000121465774	
796.240000	0.000121407815	
796.440000	0.000121349904	
796.640000	0.000121292042	
796.840000	0.000121234228	
797.040000	0.000121176462	
797.240000	0.000121118744	
797.440000	0.000121061075	
797.640000	0.000121003455	
797.840000	0.000120945882	
798.040000	0.000120888358	
798.240000	0.000120830882	
798.440000	0.000120773454	
798.640000	0.000120716075	
798.840000	0.000120658743	
799.040000	0.000120601460	
799.240000	0.000120544225	
799.440000	0.000120487038	
799.640000	0.000120429900	
799.840000	0.000120372809	
800.040000	0.000120315766	
800.240000	0.000120258772	
800.440000	0.000120201826	
800.640000	0.000120144927	
800.840000	0.000120088077	
801.040000	0.000120031274	
801.240000	0.000119974520	
801.440000	0.000119917814	
801.640000	0.000119861155	
801.840000	0.000119804544	
802.040000	0.000119747982	
802.240000	0.000119691467	
802.440000	0.000119635000	
802.640000	0.000119578581	
802.840000	0.000119522209	
803.040000	0.000119465886	
803.240000	0.000119409610	
803.440000	0.000119353382	
803.640000	0.000119297202	
803.840000	0.000119241069	
804.040000	0.000119184985	
804.240000	0.000119128947	
804.440000	0.000119072958	
804.640000	0.000119017016	
804.840000	0.000118961122	
805.040000	0.000118905275	
805.240000	0.000118849476	
805.440000	0.000118793724	
805.640000	0.000118738020	
805.840000	0.000118682364	
806.040000	0.000118626755	
806.240000	0.000118571193	
806.440000	0.000118515679	
806.640000	0.000118460213	
806.840000	0.000118404793	
807.040000	0.000118349422	
807.240000	0.000118294097	
807.440000	0.000118238820	
807.640000	0.000118183590	
807.840000	0.000118128408	
808.040000	0.000118073272	
808.240000	0.000118018184	
808.440000	0.000117963144	
808.640000	0.000117908150	
808.840000	0.000117853204	
809.040000	0.000117798305	
809.240000	0.000117743453	
809.440000	0.000117688648	
809.640000	0.000117633890	
809.840000	0.000117579179	
810.040000	0.000117524515	
810.240000	0.000117469899	
810.440000	0.000117415329	
810.640000	0.000117360807	
810.840000	0.000117306331	
811.040000	0.000117251902	
811.240000	0.000117197521	
811.440000	0.000117143186	
811.640000	0.000117088898	
811.840000	0.000117034657	
812.040000	0.000116980462	
812.240000	0.000116926315	
812.440000	0.000116872214	
812.640000	0.000116818160	
812.840000	0.000116764153	
813.040000	0.000116710192	
813.240000	0.000116656279	
813.440000	0.000116602412	
813.640000	0.000116548591	
813.840000	0.000116494817	
814.040000	0.000116441090	
814.240000	0.000116387409	
814.440000	0.000116333775	
814.640000	0.000116280188	
814.840000	0.000116226647	
815.040000	0.000116173152	
815.240000	0.000116119704	
815.440000	0.000116066302	
815.640000	0.000116012947	
815.840000	0.000115959638	
816.040000	0.000115906376	
816.240000	0.000115853160	
816.440000	0.000115799990	
816.640000	0.000115746866	
816.840000	0.000115693789	
817.040000	0.000115640758	
817.240000	0.000115587773	
817.440000	0.000115534834	
817.640000	0.000115481942	
817.840000	0.000115429096	
818.040000	0.000115376295	
818.240000	0.000115323541	
818.440000	0.000115270833	
818.640000	0.000115218171	
818.840000	0.000115165555	
819.040000	0.000115112985	
819.240000	0.000115060461	
819.440000	0.000115007983	
819.640000	0.000114955551	
819.840000	0.000114903165	
820.040000	0.000114850825	
820.240000	0.000114798530	
820.440000	0.000114746281	
820.640000	0.000114694078	
820.840000	0.000114641921	
821.040000	0.000114589810	
821.240000	0.000114537744	
821.440000	0.000114485724	
821.640000	0.000114433750	
821.840000	0.000114381821	
822.040000	0.000114329938	
822.240000	0.000114278101	
822.440000	0.000114226309	
822.640000	0.000114174563	
822.840000	0.000114122862	
823.040000	0.000114071207	
823.240000	0.000114019597	
823.440000	0.000113968033	
823.640000	0.000113916514	
823.840000	0.000113865040	
824.040000	0.000113813612	
824.240000	0.000113762229	
824.440000	0.000113710891	
824.640000	0.000113659599	
824.840000	0.000113608352	
825.040000	0.000113557150	
825.240000	0.000113505993	
825.440000	0.000113454882	
825.640000	0.000113403816	
825.840000	0.000113352794	
826.040000	0.000113301818	
826.240000	0.000113250887	
826.440000	0.000113200001	
826.640000	0.000113149160	
826.840000	0.000113098364	
827.040000	0.000113047614	
827.240000	0.000112996907	
827.440000	0.000112946246	
827.640000	0.000112895630	
827.840000	0.000112845059	
828.040000	0.000112794532	
828.240000	0.000112744050	
828.440000	0.000112693613	
828.640000	0.000112643221	
828.840000	0.000112592874	
829.040000	0.000112542571	
829.240000	0.000112492313	
829.440000	0.000112442099	
829.640000	0.000112391930	
829.840000	0.000112341806	
830.040000	0.000112291726	
830.240000	0.000112241691	
830.440000	0.000112191701	
830.640000	0.000112141754	
830.840000	0.000112091853	
831.040000	0.000112041995	
831.240000	0.000111992182	
831.440000	0.000111942414	
831.640000	0.000111892690	
831.840000	0.000111843010	
832.040000	0.000111793374	
832.240000	0.000111743783	
832.440000	0.000111694236	
832.640000	0.000111644733	
832.840000	0.000111595274	
833.040000	0.000111545859	
833.240000	0.000111496489	
833.440000	0.000111447162	
833.640000	0.000111397880	
833.840000	0.000111348642	
834.040000	0.000111299448	
834.240000	0.000111250297	
834.440000	0.000111201191	
834.640000	0.000111152129	
834.840000	0.000111103110	
835.040000	0.000111054135	
835.240000	0.000111005205	
835.440000	0.000110956318	
835.640000	0.000110907474	
835.840000	0.000110858675	
836.040000	0.000110809919	
836.240000	0.000110761207	
836.440000	0.000110712539	
836.640000	0.000110663914	
836.840000	0.000110615333	
837.040000	0.000110566796	
837.240000	0.000110518302	
837.440000	0.000110469851	
837.640000	0.000110421445	
837.840000	0.000110373081	
838.040000	0.000110324761	
838.240000	0.000110276485	
838.440000	0.000110228252	
838.640000	0.000110180062	
838.840000	0.000110131915	
839.040000	0.000110083812	
839.240000	0.000110035752	
839.440000	0.000109987736	
839.640000	0.000109939762	
839.840000	0.000109891832	
840.040000	0.000109843945	
840.240000	0.000109796101	
840.440000	0.000109748300	
840.640000	0.000109700543	
840.840000	0.000109652828	
841.040000	0.000109605156	
841.240000	0.000109557528	
841.440000	0.000109509942	
841.640000	0.000109462399	
841.840000	0.000109414899	
842.040000	0.000109367442	
842.240000	0.000109320028	
842.440000	0.000109272657	
842.640000	0.000109225328	
842.840000	0.000109178042	
843.040000	0.000109130799	
843.240000	0.000109083599	
843.440000	0.000109036441	
843.640000	0.000108989326	
843.840000	0.000108942254	
844.040000	0.000108895224	
844.240000	0.000108848237	
844.440000	0.000108801292	
844.640000	0.000108754390	
844.840000	0.000108707530	
845.040000	0.000108660712	
845.240000	0.000108613937	
845.440000	0.000108567205	
845.640000	0.000108520515	
845.840000	0.000108473867	
846.040000	0.000108427261	
846.240000	0.000108380698	
846.440000	0.000108334177	
846.640000	0.000108287698	
846.840000	0.000108241261	
847.040000	0.000108194867	
847.240000	0.000108148514	
847.440000	0.000108102204	
847.640000	0.000108055935	
847.840000	0.000108009709	
848.040000	0.000107963525	
848.240000	0.000107917382	
848.440000	0.000107871282	
848.640000	0.000107825224	
848.840000	0.000107779207	
849.040000	0.000107733232	
849.240000	0.000107687299	
849.440000	0.000107641408	
849.640000	0.000107595559	
849.840000	0.000107549751	
850.040000	0.000107503985	
850.240000	0.000107458261	
850.440000	0.000107412579	
850.640000	0.000107366938	
850.840000	0.000107321338	
851.040000	0.000107275780	
851.240000	0.000107230264	
851.440000	0.000107184789	
851.640000	0.000107139356	
851.840000	0.000107093964	
852.040000	0.000107048614	
852.240000	0.000107003305	
852.440000	0.000106958037	
852.640000	0.000106912810	
852.840000	0.000106867625	
853.040000	0.000106822481	
853.240000	0.000106777379	
853.440000	0.000106732317	
853.640000	0.000106687297	
853.840000	0.000106642318	
854.040000	0.000106597380	
854.240000	0.000106552483	
854.440000	0.000106507627	
854.640000	0.000106462812	
854.840000	0.000106418038	
855.040000	0.000106373305	
855.240000	0.000106328613	
855.440000	0.000106283962	
855.640000	0.000106239352	
855.840000	0.000106194783	
856.040000	0.000106150254	
856.240000	0.000106105767	
856.440000	0.000106061320	
856.640000	0.000106016913	
856.840000	0.000105972548	
857.040000	0.000105928223	
857.240000	0.000105883939	
857.440000	0.000105839695	
857.640000	0.000105795492	
857.840000	0.000105751329	
858.040000	0.000105707207	
858.240000	0.000105663126	
858.440000	0.000105619084	
858.640000	0.000105575084	
858.840000	0.000105531124	
859.040000	0.000105487204	
859.240000	0.000105443324	
859.440000	0.000105399485	
859.640000	0.000105355686	
859.840000	0.000105311927	
879.840000	0.000101134130	
899.840000	0.000097328477	
919.840000	0.000093865490	
939.840000	0.000090716855	
959.840000	0.000087855811	
979.840000	0.000085257343	
999.840000	0.000082898249	
1019.840000	0.000080757127	
1039.840000	0.000078814315	
1059.840000	0.000077051805	
1079.840000	0.000075453138	
1099.840000	0.000074003295	
1119.840000	0.000072688591	
1139.840000	0.000071496564	
1159.840000	0.000070415877	
1179.840000	0.000069436223	
1199.840000	0.000068548232	
1219.840000	0.000067743393	
1239.840000	0.000067013974	
1259.840000	0.000066352957	
1279.840000	0.000065753967	
1299.840000	0.000065211220	
1319.840000	0.000064719468	
1339.840000	0.000064273946	
1359.840000	0.000063870333	
1379.840000	0.000063504707	
1399.840000	0.000063173513	
1419.840000	0.000062873526	
1439.840000	0.000062601818	
1459.840000	0.000062355739	
1479.840000	0.000062132882	
1499.840000	0.000061931066	
1519.840000	0.000061748315	
1539.840000	0.000061582834	
1559.840000	0.000061433000	
1579.840000	0.000061297340	
1599.840000	0.000061174518	
1619.840000	0.000061063325	
1639.840000	0.000060962665	
1659.840000	0.000060871543	
1679.840000	0.000060789059	
1699.840000	0.000060714399	
1719.840000	0.000060646822	
1739.840000	0.000060585658	
1759.840000	0.000060530303	
1779.840000	0.000060480205	
1799.840000	0.000060434868	
1819.840000	0.000060393840	
1839.840000	0.000060356713	
1859.840000	0.000060323117	
1879.840000	0.000060292718	
1899.840000	0.000060265212	
1919.840000	0.000060240324	
1939.840000	0.000060217806	
1959.840000	0.000060197433	
1979.840000	0.000060179001	
1999.840000	0.000060162325	
2019.840000	0.000060147238	
2039.840000	0.000060133589	
2059.840000	0.000060121242	
2079.840000	0.000060110071	
2099.840000	0.000060099966	
2119.840000	0.000060090824	
2139.840000	0.000060082554	
2159.840000	0.000060075073	
2179.840000	0.000060068305	
2199.840000	0.000060062182	
2219.840000	0.000060056642	
2239.840000	0.000060051631	
2259.840000	0.000060047097	
2279.840000	0.000060042995	
2299.840000	0.000060039283	
2319.840000	0.000060035925	
2339.840000	0.000060032886	
2359.840000	0.000060030136	
2379.840000	0.000060027647	
2399.840000	0.000060025395	
2419.840000	0.000060023356	
2439.840000	0.000060021510	
2459.840000	0.000060019840	
2479.840000	0.000060018327	
2499.840000	0.000060016957	
