0.000000	0.000000000000	
20.000000	0.000000000001	
40.000000	0.000000000002	
60.000000	0.000000000003	
80.000000	0.000000000004	
100.000000	0.000000000005	
120.000000	0.000000000000	
140.000000	0.000000000000	
160.000000	0.000000000000	
180.000000	0.000000000000	
200.000000	0.000000000000	
220.000000	0.000000000000	
240.000000	0.000000000000	
260.000000	0.000000000000	
280.000000	0.000000000000	
300.000000	0.000000000000	
320.000000	0.000000000000	
340.000000	0.000000000000	
360.000000	0.000000000000	
380.000000	0.000000000002	
400.000000	0.000000000027	
420.000000	0.000000000054	
440.000000	0.000000000083	
460.000000	0.000000000115	
480.000000	0.000000000149	
500.000000	0.000000000185	
520.000000	0.000000000226	
540.000000	0.000000000272	
560.000000	0.000000000324	
580.000000	0.000000000382	
594.120000	0.000000000425	
594.320000	0.000000000426	
594.520000	0.000000000427	
594.720000	0.000000000427	
594.920000	0.000000000428	
595.120000	0.000000000429	
595.320000	0.000000000429	
595.520000	0.000000000430	
595.720000	0.000000000431	
595.920000	0.000000000431	
596.120000	0.000000000432	
596.320000	0.000000000432	
596.520000	0.000000000433	
596.720000	0.000000000434	
596.920000	0.000000000434	
597.120000	0.000000000435	
597.320000	0.000000000436	
597.520000	0.000000000436	
597.720000	0.000000000437	
597.920000	0.000000000438	
598.120000	0.000000000438	
598.320000	0.000000000439	
598.520000	0.000000000440	
598.720000	0.000000000440	
598.920000	0.000000000441	
599.120000	0.000000000442	
599.320000	0.000000000442	
599.520000	0.000000000443	
599.720000	0.000000000444	
599.920000	0.000000000444	
600.120000	0.000000000445	
600.320000	0.000000000446	
600.520000	0.000000000446	
600.720000	0.000000000447	
600.920000	0.000000000448	
601.120000	0.000000000448	
601.320000	0.000000000449	
601.520000	0.000000000450	
601.720000	0.000000000450	
601.920000	0.000000000451	
602.120000	0.000000000452	
602.320000	0.000000000452	
602.520000	0.000000000453	
602.720000	0.000000000454	
602.920000	0.000000000454	
603.120000	0.000000000455	
603.320000	0.000000000456	
603.520000	0.000000000456	
603.720000	0.000000000457	
603.920000	0.000000000458	
604.120000	0.000000000458	
604.320000	0.000000000459	
604.520000	0.000000000460	
604.720000	0.000000000460	
604.920000	0.000000000461	
605.120000	0.000000000462	
605.320000	0.000000000462	
605.520000	0.000000000463	
605.720000	0.000000000464	
605.920000	0.000000000464	
606.120000	0.000000000465	
606.320000	0.000000000466	
606.520000	0.000000000467	
606.720000	0.000000000467	
606.920000	0.000000000468	
607.120000	0.000000000469	
607.320000	0.000000000469	
607.520000	0.000000000470	
607.720000	0.000000000471	
607.920000	0.000000000472	
608.120000	0.000000000472	
608.320000	0.000000000473	
608.520000	0.000000000474	
608.720000	0.000000000474	
608.920000	0.000000000475	
609.120000	0.000000000476	
609.320000	0.000000000477	
609.520000	0.000000000477	
609.720000	0.000000000478	
609.920000	0.000000000479	
610.120000	0.000000000480	
610.320000	0.000000000480	
610.520000	0.000000000481	
610.720000	0.000000000484	
610.920000	0.000000000859	
611.120000	0.000000005270	
611.320000	0.000000015767	
611.520000	0.000000032720	
611.720000	0.000000054681	
611.920000	0.000000078909	
612.120000	0.000000102696	
612.320000	0.000000123757	
612.520000	0.000000140387	
612.720000	0.000000152226	
612.920000	0.000000160435	
613.120000	0.000000166433	
613.320000	0.000000171145	
633.320000	0.000000185822	
641.220000	0.000000179645	
641.420000	0.000000179490	
641.620000	0.000000179336	
641.820000	0.000000179181	
642.020000	0.000000179026	
642.220000	0.000000178872	
642.420000	0.000000178717	
642.620000	0.000000178563	
642.820000	0.000000178409	
643.020000	0.000000178255	
643.220000	0.000000178101	
643.420000	0.000000177947	
643.620000	0.000000177793	
643.820000	0.000000177639	
644.020000	0.000000177485	
644.220000	0.000000177331	
644.420000	0.000000177178	
644.620000	0.000000177024	
644.820000	0.000000176871	
645.020000	0.000000176717	
645.220000	0.000000176564	
645.420000	0.000000176411	
645.620000	0.000000176258	
645.820000	0.000000176105	
646.020000	0.000000175952	
646.220000	0.000000175799	
646.420000	0.000000175646	
646.620000	0.000000175494	
646.820000	0.000000175341	
647.020000	0.000000175189	
647.220000	0.000000175036	
647.420000	0.000000174884	
647.620000	0.000000174732	
647.820000	0.000000174579	
648.020000	0.000000174427	
648.220000	0.000000174275	
648.420000	0.000000174123	
648.620000	0.000000173971	
648.820000	0.000000173820	
649.020000	0.000000173668	
649.220000	0.000000173516	
649.420000	0.000000173365	
649.620000	0.000000173214	
649.820000	0.000000173062	
650.020000	0.000000172911	
650.220000	0.000000172760	
650.420000	0.000000172609	
650.620000	0.000000172458	
650.820000	0.000000172307	
651.020000	0.000000172156	
651.220000	0.000000172005	
651.420000	0.000000171855	
651.620000	0.000000171704	
651.820000	0.000000171554	
652.020000	0.000000171403	
652.220000	0.000000171253	
652.420000	0.000000171103	
652.620000	0.000000170953	
652.820000	0.000000170803	
653.020000	0.000000170653	
653.220000	0.000000170503	
653.420000	0.000000170353	
653.620000	0.000000170204	
653.820000	0.000000170054	
654.020000	0.000000169905	
654.220000	0.000000169755	
654.420000	0.000000169606	
654.620000	0.000000169457	
654.820000	0.000000169308	
655.020000	0.000000169159	
655.220000	0.000000169010	
655.420000	0.000000168861	
655.620000	0.000000168712	
655.820000	0.000000168564	
656.020000	0.000000168415	
656.220000	0.000000168267	
656.420000	0.000000168118	
656.620000	0.000000167970	
656.820000	0.000000167822	
657.020000	0.000000167674	
657.220000	0.000000167526	
657.420000	0.000000167378	
657.620000	0.000000167230	
657.820000	0.000000167082	
658.020000	0.000000166934	
658.220000	0.000000166787	
658.420000	0.000000166639	
658.620000	0.000000166492	
658.820000	0.000000166345	
659.020000	0.000000166198	
659.220000	0.000000166050	
659.420000	0.000000165903	
659.620000	0.000000165757	
659.820000	0.000000165610	
660.020000	0.000000165463	
660.220000	0.000000165316	
660.420000	0.000000165170	
660.620000	0.000000165023	
660.820000	0.000000164877	
661.020000	0.000000164731	
661.220000	0.000000164585	
661.420000	0.000000164439	
661.620000	0.000000164293	
661.820000	0.000000164147	
662.020000	0.000000164001	
662.220000	0.000000163856	
662.420000	0.000000163710	
662.620000	0.000000163565	
662.820000	0.000000163419	
663.020000	0.000000163276	
663.220000	0.000000163564	
663.420000	0.000000167843	
663.620000	0.000000177939	
663.820000	0.000000194364	
664.020000	0.000000215766	
664.220000	0.000000239401	
664.420000	0.000000262520	
664.620000	0.000000282932	
664.820000	0.000000299120	
665.020000	0.000000310799	
665.220000	0.000000318997	
665.420000	0.000000325013	
665.620000	0.000000329735	
665.820000	0.000000333608	
685.820000	0.000000331560	
688.540000	0.000000327623	
688.740000	0.000000327335	
688.940000	0.000000327047	
689.140000	0.000000326759	
689.340000	0.000000326472	
689.540000	0.000000326184	
689.740000	0.000000325897	
689.940000	0.000000325610	
690.140000	0.000000325323	
690.340000	0.000000325036	
690.540000	0.000000324749	
690.740000	0.000000324463	
690.940000	0.000000324177	
691.140000	0.000000323891	
691.340000	0.000000323605	
691.540000	0.000000323319	
691.740000	0.000000323033	
691.940000	0.000000322748	
692.140000	0.000000322463	
692.340000	0.000000322178	
692.540000	0.000000321893	
692.740000	0.000000321608	
692.940000	0.000000321324	
693.140000	0.000000321039	
693.340000	0.000000320755	
693.540000	0.000000320471	
693.740000	0.000000320187	
693.940000	0.000000319903	
694.140000	0.000000319620	
694.340000	0.000000319337	
694.540000	0.000000319054	
694.740000	0.000000318771	
694.940000	0.000000318488	
695.140000	0.000000318205	
695.340000	0.000000317923	
695.540000	0.000000317641	
695.740000	0.000000317358	
695.940000	0.000000317077	
696.140000	0.000000316795	
696.340000	0.000000316513	
696.540000	0.000000316232	
696.740000	0.000000315951	
696.940000	0.000000315670	
697.140000	0.000000315389	
697.340000	0.000000315108	
697.540000	0.000000314828	
697.740000	0.000000314548	
697.940000	0.000000314267	
698.140000	0.000000313988	
698.340000	0.000000313708	
698.540000	0.000000313428	
698.740000	0.000000313149	
698.940000	0.000000312870	
699.140000	0.000000312591	
699.340000	0.000000312312	
699.540000	0.000000312033	
699.740000	0.000000311755	
699.940000	0.000000311476	
700.140000	0.000000311198	
700.340000	0.000000310920	
700.540000	0.000000310643	
700.740000	0.000000310365	
700.940000	0.000000310088	
701.140000	0.000000309810	
701.340000	0.000000309533	
701.540000	0.000000309256	
701.740000	0.000000308980	
701.940000	0.000000308703	
702.140000	0.000000308427	
702.340000	0.000000308151	
702.540000	0.000000307875	
702.740000	0.000000307599	
702.940000	0.000000307324	
703.140000	0.000000307048	
703.340000	0.000000306773	
703.540000	0.000000306498	
703.740000	0.000000306223	
703.940000	0.000000305948	
704.140000	0.000000305674	
704.340000	0.000000305400	
704.540000	0.000000305126	
704.740000	0.000000304852	
704.940000	0.000000304578	
705.140000	0.000000304304	
705.340000	0.000000304031	
705.540000	0.000000303758	
705.740000	0.000000303485	
705.940000	0.000000303212	
706.140000	0.000000302939	
706.340000	0.000000302667	
706.540000	0.000000302395	
706.740000	0.000000302123	
706.940000	0.000000301851	
707.140000	0.000000301579	
707.340000	0.000000301307	
707.540000	0.000000301036	
707.740000	0.000000300765	
707.940000	0.000000300494	
708.140000	0.000000300223	
708.340000	0.000000299953	
708.540000	0.000000299682	
708.740000	0.000000299412	
708.940000	0.000000299142	
709.140000	0.000000298872	
709.340000	0.000000298603	
709.540000	0.000000298333	
709.740000	0.000000298064	
709.940000	0.000000297795	
710.140000	0.000000297526	
710.340000	0.000000297257	
710.540000	0.000000296989	
710.740000	0.000000296720	
710.940000	0.000000296452	
711.140000	0.000000296184	
711.340000	0.000000295916	
711.540000	0.000000295649	
711.740000	0.000000295381	
711.940000	0.000000295114	
712.140000	0.000000294847	
712.340000	0.000000294580	
712.540000	0.000000294314	
712.740000	0.000000294047	
712.940000	0.000000293781	
713.140000	0.000000293515	
713.340000	0.000000293249	
713.540000	0.000000292983	
713.740000	0.000000292718	
713.940000	0.000000292453	
714.140000	0.000000292187	
714.340000	0.000000291923	
714.540000	0.000000291658	
714.740000	0.000000291393	
714.940000	0.000000291129	
715.140000	0.000000290865	
715.340000	0.000000290601	
715.540000	0.000000290337	
715.740000	0.000000290073	
715.940000	0.000000289810	
716.140000	0.000000289547	
716.340000	0.000000289284	
716.540000	0.000000289021	
716.740000	0.000000288759	
716.940000	0.000000288496	
717.140000	0.000000288236	
717.340000	0.000000288279	
717.540000	0.000000291942	
717.740000	0.000000301128	
717.940000	0.000000316599	
718.140000	0.000000337287	
718.340000	0.000000360527	
718.540000	0.000000383417	
718.740000	0.000000403743	
718.940000	0.000000420036	
719.140000	0.000000431964	
719.340000	0.000000440415	
719.540000	0.000000446623	
719.740000	0.000000451479	
719.940000	0.000000455448	
720.140000	0.000000458770	
740.140000	0.000000443535	
743.440000	0.000000437049	
743.640000	0.000000436658	
743.840000	0.000000436267	
744.040000	0.000000435877	
744.240000	0.000000435487	
744.440000	0.000000435097	
744.640000	0.000000434707	
744.840000	0.000000434318	
745.040000	0.000000433929	
745.240000	0.000000433540	
745.440000	0.000000433152	
745.640000	0.000000432764	
745.840000	0.000000432376	
746.040000	0.000000431988	
746.240000	0.000000431600	
746.440000	0.000000431213	
746.640000	0.000000430826	
746.840000	0.000000430439	
747.040000	0.000000430053	
747.240000	0.000000429667	
747.440000	0.000000429281	
747.640000	0.000000428895	
747.840000	0.000000428510	
748.040000	0.000000428125	
748.240000	0.000000427740	
748.440000	0.000000427355	
748.640000	0.000000426971	
748.840000	0.000000426587	
749.040000	0.000000426203	
749.240000	0.000000425819	
749.440000	0.000000425436	
749.640000	0.000000425053	
749.840000	0.000000424670	
750.040000	0.000000424288	
750.240000	0.000000423905	
750.440000	0.000000423523	
750.640000	0.000000423142	
750.840000	0.000000422760	
751.040000	0.000000422379	
751.240000	0.000000421998	
751.440000	0.000000421617	
751.640000	0.000000421237	
751.840000	0.000000420857	
752.040000	0.000000420477	
752.240000	0.000000420097	
752.440000	0.000000419718	
752.640000	0.000000419339	
752.840000	0.000000418960	
753.040000	0.000000418581	
753.240000	0.000000418203	
753.440000	0.000000417825	
753.640000	0.000000417447	
753.840000	0.000000417070	
754.040000	0.000000416693	
754.240000	0.000000416316	
754.440000	0.000000415939	
754.640000	0.000000415562	
754.840000	0.000000415186	
755.040000	0.000000414810	
755.240000	0.000000414435	
755.440000	0.000000414059	
755.640000	0.000000413684	
755.840000	0.000000413309	
756.040000	0.000000412935	
756.240000	0.000000412560	
756.440000	0.000000412186	
756.640000	0.000000411812	
756.840000	0.000000411439	
757.040000	0.000000411066	
757.240000	0.000000410693	
757.440000	0.000000410320	
757.640000	0.000000409947	
757.840000	0.000000409575	
758.040000	0.000000409203	
758.240000	0.000000408832	
758.440000	0.000000408460	
758.640000	0.000000408089	
758.840000	0.000000407718	
759.040000	0.000000407348	
759.240000	0.000000406977	
759.440000	0.000000406607	
759.640000	0.000000406237	
759.840000	0.000000405868	
760.040000	0.000000405499	
760.240000	0.000000405130	
760.440000	0.000000404761	
760.640000	0.000000404392	
760.840000	0.000000404024	
761.040000	0.000000403656	
761.240000	0.000000403289	
761.440000	0.000000402921	
761.640000	0.000000402554	
761.840000	0.000000402187	
762.040000	0.000000401821	
762.240000	0.000000401454	
762.440000	0.000000401088	
762.640000	0.000000400722	
762.840000	0.000000400357	
763.040000	0.000000399992	
763.240000	0.000000399627	
763.440000	0.000000399262	
763.640000	0.000000398897	
763.840000	0.000000398533	
764.040000	0.000000398169	
764.240000	0.000000397806	
764.440000	0.000000397442	
764.640000	0.000000397079	
764.840000	0.000000396716	
765.040000	0.000000396354	
765.240000	0.000000395991	
765.440000	0.000000395629	
765.640000	0.000000395268	
765.840000	0.000000394906	
766.040000	0.000000394545	
766.240000	0.000000394184	
766.440000	0.000000393823	
766.640000	0.000000393463	
766.840000	0.000000393103	
767.040000	0.000000392743	
767.240000	0.000000392383	
767.440000	0.000000392024	
767.640000	0.000000391665	
767.840000	0.000000391306	
768.040000	0.000000390947	
768.240000	0.000000390589	
768.440000	0.000000390231	
768.640000	0.000000389873	
768.840000	0.000000389516	
769.040000	0.000000389158	
769.240000	0.000000388801	
769.440000	0.000000388445	
769.640000	0.000000388088	
769.840000	0.000000387732	
770.040000	0.000000387376	
770.240000	0.000000387021	
770.440000	0.000000386665	
770.640000	0.000000386310	
770.840000	0.000000385956	
771.040000	0.000000385601	
771.240000	0.000000385247	
771.440000	0.000000384893	
771.640000	0.000000384539	
771.840000	0.000000384186	
772.040000	0.000000383832	
772.240000	0.000000383479	
772.440000	0.000000383127	
772.640000	0.000000382774	
772.840000	0.000000382422	
773.040000	0.000000382070	
773.240000	0.000000381719	
773.440000	0.000000381368	
773.640000	0.000000381017	
773.840000	0.000000380666	
774.040000	0.000000380315	
774.240000	0.000000379965	
774.440000	0.000000379615	
774.640000	0.000000379265	
774.840000	0.000000378916	
775.040000	0.000000378567	
775.240000	0.000000378218	
775.440000	0.000000377869	
775.640000	0.000000377521	
775.840000	0.000000377173	
776.040000	0.000000376825	
776.240000	0.000000376478	
776.440000	0.000000376130	
776.640000	0.000000375783	
776.840000	0.000000375437	
777.040000	0.000000375090	
777.240000	0.000000374744	
777.440000	0.000000374398	
777.640000	0.000000374052	
777.840000	0.000000373707	
778.040000	0.000000373362	
778.240000	0.000000373017	
778.440000	0.000000372672	
778.640000	0.000000372328	
778.840000	0.000000371984	
779.040000	0.000000371640	
779.240000	0.000000371297	
779.440000	0.000000370953	
779.640000	0.000000370610	
779.840000	0.000000370268	
780.040000	0.000000369925	
780.240000	0.000000369583	
780.440000	0.000000369241	
780.640000	0.000000368899	
780.840000	0.000000368558	
781.040000	0.000000368217	
781.240000	0.000000367876	
781.440000	0.000000367535	
781.640000	0.000000367195	
781.840000	0.000000366855	
782.040000	0.000000366515	
782.240000	0.000000366176	
782.440000	0.000000365837	
782.640000	0.000000365498	
782.840000	0.000000365159	
783.040000	0.000000364820	
783.240000	0.000000364482	
783.440000	0.000000364144	
783.640000	0.000000363807	
783.840000	0.000000363469	
784.040000	0.000000363132	
784.240000	0.000000362795	
784.440000	0.000000362459	
784.640000	0.000000362122	
784.840000	0.000000361786	
785.040000	0.000000361451	
785.240000	0.000000361115	
785.440000	0.000000360780	
785.640000	0.000000360445	
785.840000	0.000000360110	
786.040000	0.000000359776	
786.240000	0.000000359442	
786.440000	0.000000359108	
786.640000	0.000000358774	
786.840000	0.000000358441	
787.040000	0.000000358108	
787.240000	0.000000357775	
787.440000	0.000000357442	
787.640000	0.000000357110	
787.840000	0.000000356778	
788.040000	0.000000356446	
788.240000	0.000000356115	
788.440000	0.000000355783	
788.640000	0.000000355452	
788.840000	0.000000355122	
789.040000	0.000000354791	
789.240000	0.000000354461	
789.440000	0.000000354131	
789.640000	0.000000353801	
789.840000	0.000000353472	
790.040000	0.000000353143	
790.240000	0.000000352814	
790.440000	0.000000352485	
790.640000	0.000000352157	
790.840000	0.000000351829	
791.040000	0.000000351501	
791.240000	0.000000351174	
791.440000	0.000000350846	
791.640000	0.000000350519	
791.840000	0.000000350193	
792.040000	0.000000349866	
792.240000	0.000000349540	
792.440000	0.000000349214	
792.640000	0.000000348888	
792.840000	0.000000348563	
793.040000	0.000000348238	
793.240000	0.000000347913	
793.440000	0.000000347588	
793.640000	0.000000347264	
793.840000	0.000000346940	
794.040000	0.000000346616	
794.240000	0.000000346292	
794.440000	0.000000345969	
794.640000	0.000000345646	
794.840000	0.000000345323	
795.040000	0.000000345001	
795.240000	0.000000344678	
795.440000	0.000000344356	
795.640000	0.000000344035	
795.840000	0.000000343713	
796.040000	0.000000343392	
796.240000	0.000000343071	
796.440000	0.000000342750	
796.640000	0.000000342430	
796.840000	0.000000342110	
797.040000	0.000000341790	
797.240000	0.000000341470	
797.440000	0.000000341151	
797.640000	0.000000340832	
797.840000	0.000000340513	
798.040000	0.000000340194	
798.240000	0.000000339876	
798.440000	0.000000339558	
798.640000	0.000000339240	
798.840000	0.000000338923	
799.040000	0.000000338605	
799.240000	0.000000338288	
799.440000	0.000000337972	
799.640000	0.000000337655	
799.840000	0.000000337339	
800.040000	0.000000337023	
800.240000	0.000000336707	
800.440000	0.000000336392	
800.640000	0.000000336077	
800.840000	0.000000335762	
801.040000	0.000000335447	
801.240000	0.000000335133	
801.440000	0.000000334819	
801.640000	0.000000334505	
801.840000	0.000000334191	
802.040000	0.000000333878	
802.240000	0.000000333565	
802.440000	0.000000333252	
802.640000	0.000000332939	
802.840000	0.000000332627	
803.040000	0.000000332315	
803.240000	0.000000332003	
803.440000	0.000000331691	
803.640000	0.000000331380	
803.840000	0.000000331069	
804.040000	0.000000330758	
804.240000	0.000000330448	
804.440000	0.000000330138	
804.640000	0.000000329828	
804.840000	0.000000329518	
805.040000	0.000000329208	
805.240000	0.000000328899	
805.440000	0.000000328590	
805.640000	0.000000328282	
805.840000	0.000000327973	
806.040000	0.000000327665	
806.240000	0.000000327357	
806.440000	0.000000327049	
806.640000	0.000000326742	
806.840000	0.000000326435	
807.040000	0.000000326128	
807.240000	0.000000325821	
807.440000	0.000000325515	
807.640000	0.000000325209	
807.840000	0.000000324903	
808.040000	0.000000324597	
808.240000	0.000000324292	
808.440000	0.000000323987	
808.640000	0.000000323682	
808.840000	0.000000323378	
809.040000	0.000000323073	
809.240000	0.000000322769	
809.440000	0.000000322465	
809.640000	0.000000322162	
809.840000	0.000000321859	
810.040000	0.000000321556	
810.240000	0.000000321253	
810.440000	0.000000320950	
810.640000	0.000000320648	
810.840000	0.000000320346	
811.040000	0.000000320044	
811.240000	0.000000319743	
811.440000	0.000000319442	
811.640000	0.000000319141	
811.840000	0.000000318840	
812.040000	0.000000318539	
812.240000	0.000000318239	
812.440000	0.000000317939	
812.640000	0.000000317639	
812.840000	0.000000317340	
813.040000	0.000000317041	
813.240000	0.000000316742	
813.440000	0.000000316443	
813.640000	0.000000316145	
813.840000	0.000000315847	
814.040000	0.000000315549	
814.240000	0.000000315251	
814.440000	0.000000314953	
814.640000	0.000000314656	
814.840000	0.000000314359	
815.040000	0.000000314063	
815.240000	0.000000313766	
815.440000	0.000000313470	
815.640000	0.000000313174	
815.840000	0.000000312879	
816.040000	0.000000312583	
816.240000	0.000000312288	
816.440000	0.000000311993	
816.640000	0.000000311698	
816.840000	0.000000311404	
817.040000	0.000000311110	
817.240000	0.000000310816	
817.440000	0.000000310522	
817.640000	0.000000310229	
817.840000	0.000000309936	
818.040000	0.000000309643	
818.240000	0.000000309350	
818.440000	0.000000309058	
818.640000	0.000000308766	
818.840000	0.000000308474	
819.040000	0.000000308182	
819.240000	0.000000307891	
819.440000	0.000000307600	
819.640000	0.000000307309	
819.840000	0.000000307018	
820.040000	0.000000306728	
820.240000	0.000000306438	
820.440000	0.000000306148	
820.640000	0.000000305858	
820.840000	0.000000305569	
821.040000	0.000000305280	
821.240000	0.000000304991	
821.440000	0.000000304702	
821.640000	0.000000304414	
821.840000	0.000000304126	
822.040000	0.000000303838	
822.240000	0.000000303550	
822.440000	0.000000303263	
822.640000	0.000000302976	
822.840000	0.000000302689	
823.040000	0.000000302402	
823.240000	0.000000302116	
823.440000	0.000000301830	
823.640000	0.000000301544	
823.840000	0.000000301258	
824.040000	0.000000300973	
824.240000	0.000000300688	
824.440000	0.000000300403	
824.640000	0.000000300118	
824.840000	0.000000299834	
825.040000	0.000000299549	
825.240000	0.000000299266	
825.440000	0.000000298982	
825.640000	0.000000298698	
825.840000	0.000000298415	
826.040000	0.000000298132	
826.240000	0.000000297850	
826.440000	0.000000297567	
826.640000	0.000000297285	
826.840000	0.000000297003	
827.040000	0.000000296721	
827.240000	0.000000296440	
827.440000	0.000000296159	
827.640000	0.000000295878	
827.840000	0.000000295597	
828.040000	0.000000295317	
828.240000	0.000000295036	
828.440000	0.000000294756	
828.640000	0.000000294477	
828.840000	0.000000294197	
829.040000	0.000000293918	
829.240000	0.000000293639	
829.440000	0.000000293360	
829.640000	0.000000293081	
829.840000	0.000000292803	
830.040000	0.000000292525	
830.240000	0.000000292247	
830.440000	0.000000291970	
830.640000	0.000000291692	
830.840000	0.000000291415	
831.040000	0.000000291139	
831.240000	0.000000290862	
831.440000	0.000000290586	
831.640000	0.000000290310	
831.840000	0.000000290034	
832.040000	0.000000289758	
832.240000	0.000000289483	
832.440000	0.000000289208	
832.640000	0.000000288933	
832.840000	0.000000288658	
833.040000	0.000000288384	
833.240000	0.000000288109	
833.440000	0.000000287836	
833.640000	0.000000287562	
833.840000	0.000000287288	
834.040000	0.000000287015	
834.240000	0.000000286742	
834.440000	0.000000286470	
834.640000	0.000000286197	
834.840000	0.000000285925	
835.040000	0.000000285653	
835.240000	0.000000285381	
835.440000	0.000000285110	
835.640000	0.000000284838	
835.840000	0.000000284567	
836.040000	0.000000284296	
836.240000	0.000000284026	
836.440000	0.000000283756	
836.640000	0.000000283485	
836.840000	0.000000283216	
837.040000	0.000000282946	
837.240000	0.000000282677	
837.440000	0.000000282407	
837.640000	0.000000282139	
837.840000	0.000000281870	
838.040000	0.000000281601	
838.240000	0.000000281333	
838.440000	0.000000281065	
838.640000	0.000000280798	
838.840000	0.000000280530	
839.040000	0.000000280263	
839.240000	0.000000279996	
839.440000	0.000000279729	
839.640000	0.000000279463	
839.840000	0.000000279196	
840.040000	0.000000278930	
840.240000	0.000000278664	
840.440000	0.000000278399	
840.640000	0.000000278134	
840.840000	0.000000277868	
841.040000	0.000000277604	
841.240000	0.000000277339	
841.440000	0.000000277075	
841.640000	0.000000276810	
841.840000	0.000000276546	
842.040000	0.000000276283	
842.240000	0.000000276019	
842.440000	0.000000275756	
842.640000	0.000000275493	
842.840000	0.000000275230	
843.040000	0.000000274968	
843.240000	0.000000274705	
843.440000	0.000000274443	
843.640000	0.000000274182	
843.840000	0.000000273920	
844.040000	0.000000273659	
844.240000	0.000000273397	
844.440000	0.000000273137	
844.640000	0.000000272876	
844.840000	0.000000272615	
845.040000	0.000000272355	
845.240000	0.000000272095	
845.440000	0.000000271836	
845.640000	0.000000271576	
845.840000	0.000000271317	
846.040000	0.000000271058	
846.240000	0.000000270799	
846.440000	0.000000270540	
846.640000	0.000000270282	
846.840000	0.000000270024	
847.040000	0.000000269766	
847.240000	0.000000269508	
847.440000	0.000000269251	
847.640000	0.000000268994	
847.840000	0.000000268737	
848.040000	0.000000268480	
848.240000	0.000000268224	
848.440000	0.000000267967	
848.640000	0.000000267711	
848.840000	0.000000267455	
849.040000	0.000000267200	
849.240000	0.000000266944	
849.440000	0.000000266689	
849.640000	0.000000266434	
849.840000	0.000000266180	
850.040000	0.000000265925	
850.240000	0.000000265671	
850.440000	0.000000265417	
850.640000	0.000000265163	
850.840000	0.000000264910	
851.040000	0.000000264657	
851.240000	0.000000264403	
851.440000	0.000000264151	
851.640000	0.000000263898	
851.840000	0.000000263646	
852.040000	0.000000263393	
852.240000	0.000000263142	
852.440000	0.000000262890	
852.640000	0.000000262638	
852.840000	0.000000262387	
853.040000	0.000000262136	
853.240000	0.000000261885	
853.440000	0.000000261635	
853.640000	0.000000261384	
853.840000	0.000000261134	
854.040000	0.000000260884	
854.240000	0.000000260635	
854.440000	0.000000260385	
854.640000	0.000000260136	
854.840000	0.000000259887	
855.040000	0.000000259638	
855.240000	0.000000259390	
855.440000	0.000000259141	
855.640000	0.000000258893	
855.840000	0.000000258645	
856.040000	0.000000258398	
856.240000	0.000000258150	
856.440000	0.000000257903	
856.640000	0.000000257656	
856.840000	0.000000257409	
857.040000	0.000000257163	
857.240000	0.000000256916	
857.440000	0.000000256670	
857.640000	0.000000256424	
857.840000	0.000000256179	
858.040000	0.000000255933	
858.240000	0.000000255688	
858.440000	0.000000255443	
858.640000	0.000000255198	
858.840000	0.000000254954	
859.040000	0.000000254709	
859.240000	0.000000254465	
859.440000	0.000000254222	
859.640000	0.000000253978	
859.840000	0.000000253734	
879.840000	0.000000230479	
899.840000	0.000000209270	
919.840000	0.000000189951	
939.840000	0.000000172368	
959.840000	0.000000156378	
979.840000	0.000000141844	
999.840000	0.000000128639	
1019.840000	0.000000116647	
1039.840000	0.000000105759	
1059.840000	0.000000095876	
1079.840000	0.000000086907	
1099.840000	0.000000078770	
1119.840000	0.000000071388	
1139.840000	0.000000064693	
1159.840000	0.000000058621	
1179.840000	0.000000053115	
1199.840000	0.000000048123	
1219.840000	0.000000043597	
1239.840000	0.000000039494	
1259.840000	0.000000035776	
1279.840000	0.000000032405	
1299.840000	0.000000029351	
1319.840000	0.000000026583	
1339.840000	0.000000024075	
1359.840000	0.000000021803	
1379.840000	0.000000019744	
1399.840000	0.000000017879	
1419.840000	0.000000016190	
1439.840000	0.000000014660	
1459.840000	0.000000013274	
1479.840000	0.000000012018	
1499.840000	0.000000010881	
1519.840000	0.000000009852	
1539.840000	0.000000008920	
1559.840000	0.000000008075	
1579.840000	0.000000007311	
1599.840000	0.000000006619	
1619.840000	0.000000005993	
1639.840000	0.000000005425	
1659.840000	0.000000004912	
1679.840000	0.000000004447	
1699.840000	0.000000004026	
1719.840000	0.000000003645	
1739.840000	0.000000003301	
1759.840000	0.000000002989	
1779.840000	0.000000002706	
1799.840000	0.000000002451	
1819.840000	0.000000002220	
1839.840000	0.000000002011	
1859.840000	0.000000001821	
1879.840000	0.000000001650	
1899.840000	0.000000001495	
1919.840000	0.000000001355	
1939.840000	0.000000001228	
1959.840000	0.000000001113	
1979.840000	0.000000001009	
1999.840000	0.000000000915	
2019.840000	0.000000000830	
2039.840000	0.000000000753	
2059.840000	0.000000000683	
2079.840000	0.000000000620	
2099.840000	0.000000000563	
2119.840000	0.000000000512	
2139.840000	0.000000000465	
2159.840000	0.000000000423	
2179.840000	0.000000000385	
2199.840000	0.000000000350	
2219.840000	0.000000000319	
2239.840000	0.000000000291	
2259.840000	0.000000000265	
2279.840000	0.000000000242	
2299.840000	0.000000000221	
2319.840000	0.000000000202	
2339.840000	0.000000000185	
2359.840000	0.000000000170	
2379.840000	0.000000000156	
2399.840000	0.000000000143	
2419.840000	0.000000000132	
2439.840000	0.000000000121	
2459.840000	0.000000000112	
2479.840000	0.000000000103	
2499.840000	0.000000000096	
