0.000000	136.500000000000	
20.000000	136.499940096108	
40.000000	136.499826191011	
60.000000	136.499705127085	
80.000000	136.499583833291	
100.000000	136.499462414709	
120.000000	136.380643827566	
140.000000	136.166468533366	
160.000000	135.902907498250	
180.000000	135.610353482225	
200.000000	135.302521110371	
220.000000	134.985017308592	
240.000000	134.660552198004	
260.000000	134.330749526801	
280.000000	133.996762429861	
300.000000	133.659497403212	
320.000000	133.319705456110	
340.000000	132.980657465533	
360.000000	132.642088525325	
380.000000	132.303411163040	
400.000000	131.964609445951	
420.000000	131.625869676330	
440.000000	131.287432265062	
460.000000	130.949535673220	
480.000000	130.612396345581	
500.000000	130.276201875696	
520.000000	129.960524398856	
540.000000	129.672076481037	
560.000000	129.409364862848	
580.000000	129.170514169182	
594.120000	129.015134621405	
594.320000	129.013007686640	
594.520000	129.010882745232	
594.720000	129.008759793671	
594.920000	129.006638828394	
595.120000	129.004519845789	
595.320000	129.002402842187	
595.520000	129.000287813860	
595.720000	128.998174757024	
595.920000	128.996063667830	
596.120000	128.993954542364	
596.320000	128.991847376644	
596.520000	128.989742166616	
596.720000	128.987638908151	
596.920000	128.985537597040	
597.120000	128.983438228992	
597.320000	128.981340799631	
597.520000	128.979245304485	
597.720000	128.977151738990	
597.920000	128.975060098479	
598.120000	128.972970378178	
598.320000	128.970882573202	
598.520000	128.968796678545	
598.720000	128.966712689078	
598.920000	128.964630599537	
599.120000	128.962550404519	
599.320000	128.960472098473	
599.520000	128.958395675688	
599.720000	128.956321130288	
599.920000	128.954248456217	
600.120000	128.952177647230	
600.320000	128.950108696883	
600.520000	128.948041598513	
600.720000	128.945976345229	
600.920000	128.943912929896	
601.120000	128.941851345112	
601.320000	128.939791583196	
601.520000	128.937733636163	
601.720000	128.935677495702	
601.920000	128.933623153151	
602.120000	128.931570599468	
602.320000	128.929519825202	
602.520000	128.927470820458	
602.720000	128.925423574858	
602.920000	128.923378077499	
603.120000	128.921334316910	
603.320000	128.919292280991	
603.520000	128.917251956960	
603.720000	128.915213331284	
603.920000	128.913176389601	
604.120000	128.911141116637	
604.320000	128.909107496106	
604.520000	128.907075510597	
604.720000	128.905045141446	
604.920000	128.903016368585	
605.120000	128.900989170368	
605.320000	128.898963523373	
605.520000	128.896939402157	
605.720000	128.894916778984	
605.920000	128.892895623484	
606.120000	128.890875902258	
606.320000	128.888857578399	
606.520000	128.886840610899	
606.720000	128.884824953937	
606.920000	128.882810555982	
607.120000	128.880797358674	
607.320000	128.878785295404	
607.520000	128.876774289478	
607.720000	128.874764251715	
607.920000	128.872755077246	
608.120000	128.870746641161	
608.320000	128.868738792430	
608.520000	128.866731345192	
608.720000	128.864724065841	
608.920000	128.862716653066	
609.120000	128.860708705424	
609.320000	128.858699665104	
609.520000	128.856688711612	
609.720000	128.854674534645	
609.920000	128.852654747941	
610.120000	128.850623740641	
610.320000	128.848547298293	
610.520000	128.846106304825	
610.720000	128.843045192423	
610.920000	128.837815526586	
611.120000	128.830593028540	
611.320000	128.823177967590	
611.520000	128.816259162196	
611.720000	128.809954994753	
611.920000	128.804090495287	
612.120000	128.798533714016	
612.320000	128.793298488562	
612.520000	128.788462606414	
612.720000	128.784159776738	
612.920000	128.780464995479	
613.120000	128.777152450837	
613.320000	128.774068396009	
633.320000	128.544176532928	
641.220000	128.470823512428	
641.420000	128.469043224058	
641.620000	128.467266293123	
641.820000	128.465492692290	
642.020000	128.463722394552	
642.220000	128.461955373222	
642.420000	128.460191601929	
642.620000	128.458431054612	
642.820000	128.456673705519	
643.020000	128.454919529194	
643.220000	128.453168500482	
643.420000	128.451420594516	
643.620000	128.449675786717	
643.820000	128.447934052786	
644.020000	128.446195368701	
644.220000	128.444459710712	
644.420000	128.442727055336	
644.620000	128.440997379350	
644.820000	128.439270659790	
645.020000	128.437546873943	
645.220000	128.435825999343	
645.420000	128.434108013767	
645.620000	128.432392895228	
645.820000	128.430680621973	
646.020000	128.428971172473	
646.220000	128.427264525425	
646.420000	128.425560659740	
646.620000	128.423859554543	
646.820000	128.422161189166	
647.020000	128.420465543139	
647.220000	128.418772596192	
647.420000	128.417082328244	
647.620000	128.415394719401	
647.820000	128.413709749946	
648.020000	128.412027400339	
648.220000	128.410347651207	
648.420000	128.408670483340	
648.620000	128.406995877683	
648.820000	128.405323815334	
649.020000	128.403654277533	
649.220000	128.401987245659	
649.420000	128.400322701222	
649.620000	128.398660625855	
649.820000	128.397001001308	
650.020000	128.395343809443	
650.220000	128.393689032221	
650.420000	128.392036651699	
650.620000	128.390386650019	
650.820000	128.388739009402	
651.020000	128.387093712137	
651.220000	128.385450740569	
651.420000	128.383810077097	
651.620000	128.382171704154	
651.820000	128.380535604205	
652.020000	128.378901759728	
652.220000	128.377270153207	
652.420000	128.375640767114	
652.620000	128.374013583901	
652.820000	128.372388585981	
653.020000	128.370765755711	
653.220000	128.369145075380	
653.420000	128.367526527186	
653.620000	128.365910093217	
653.820000	128.364295755432	
654.020000	128.362683495634	
654.220000	128.361073295448	
654.420000	128.359465136292	
654.620000	128.357858999346	
654.820000	128.356254865518	
655.020000	128.354652715411	
655.220000	128.353052529279	
655.420000	128.351454286985	
655.620000	128.349857967947	
655.820000	128.348263551089	
656.020000	128.346671014773	
656.220000	128.345080336729	
656.420000	128.343491493983	
656.620000	128.341904462759	
656.820000	128.340319218384	
657.020000	128.338735735167	
657.220000	128.337153986268	
657.420000	128.335573943545	
657.620000	128.333995577373	
657.820000	128.332418856435	
658.020000	128.330843747479	
658.220000	128.329270215026	
658.420000	128.327698221029	
658.620000	128.326127724452	
658.820000	128.324558680773	
659.020000	128.322991041375	
659.220000	128.321424752783	
659.420000	128.319859755729	
659.620000	128.318295983961	
659.820000	128.316733362718	
660.020000	128.315171806752	
660.220000	128.313611217711	
660.420000	128.312051480598	
660.620000	128.310492458888	
660.820000	128.308933987588	
661.020000	128.307375863070	
661.220000	128.305817827549	
661.420000	128.304259544265	
661.620000	128.302700555209	
661.820000	128.301140203070	
662.020000	128.299577469669	
662.220000	128.298010578383	
662.420000	128.296435662792	
662.620000	128.294836015428	
662.820000	128.293001029086	
663.020000	128.290655435437	
663.220000	128.286535708012	
663.420000	128.280887289821	
663.620000	128.275096062832	
663.820000	128.269689516063	
664.020000	128.264757979334	
664.220000	128.260158205951	
664.420000	128.255767941212	
664.620000	128.251585580669	
664.820000	128.247662017006	
665.020000	128.244093429739	
665.220000	128.240955091497	
665.420000	128.238108431697	
665.620000	128.235442797498	
665.820000	128.232893118319	
685.820000	128.044120664205	
688.540000	128.023754824751	
688.740000	128.022288857001	
688.940000	128.020826986355	
689.140000	128.019369172573	
689.340000	128.017915375923	
689.540000	128.016465557176	
689.740000	128.015019677602	
689.940000	128.013577698962	
690.140000	128.012139583503	
690.340000	128.010705293948	
690.540000	128.009274793497	
690.740000	128.007848045816	
690.940000	128.006425015030	
691.140000	128.005005665722	
691.340000	128.003589962924	
691.540000	128.002177872111	
691.740000	128.000769359194	
691.940000	127.999364390521	
692.140000	127.997962932862	
692.340000	127.996564953411	
692.540000	127.995170419775	
692.740000	127.993779299974	
692.940000	127.992391562429	
693.140000	127.991007175962	
693.340000	127.989626109788	
693.540000	127.988248333512	
693.740000	127.986873817120	
693.940000	127.985502530976	
694.140000	127.984134445817	
694.340000	127.982769532748	
694.540000	127.981407763234	
694.740000	127.980049109100	
694.940000	127.978693542521	
695.140000	127.977341036019	
695.340000	127.975991562460	
695.540000	127.974645095043	
695.740000	127.973301607303	
695.940000	127.971961073100	
696.140000	127.970623466617	
696.340000	127.969288762354	
696.540000	127.967956935123	
696.740000	127.966627960044	
696.940000	127.965301812540	
697.140000	127.963978468332	
697.340000	127.962657903434	
697.540000	127.961340094150	
697.740000	127.960025017065	
697.940000	127.958712649046	
698.140000	127.957402967232	
698.340000	127.956095949033	
698.540000	127.954791572125	
698.740000	127.953489814442	
698.940000	127.952190654174	
699.140000	127.950894069763	
699.340000	127.949600039897	
699.540000	127.948308543505	
699.740000	127.947019559754	
699.940000	127.945733068040	
700.140000	127.944449047989	
700.340000	127.943167479449	
700.540000	127.941888342486	
700.740000	127.940611617377	
700.940000	127.939337284608	
701.140000	127.938065324869	
701.340000	127.936795719048	
701.540000	127.935528448223	
701.740000	127.934263493664	
701.940000	127.933000836821	
702.140000	127.931740459323	
702.340000	127.930482342971	
702.540000	127.929226469731	
702.740000	127.927972821732	
702.940000	127.926721381260	
703.140000	127.925472130747	
703.340000	127.924225052771	
703.540000	127.922980130050	
703.740000	127.921737345429	
703.940000	127.920496681882	
704.140000	127.919258122500	
704.340000	127.918021650485	
704.540000	127.916787249145	
704.740000	127.915554901885	
704.940000	127.914324592197	
705.140000	127.913096303658	
705.340000	127.911870019917	
705.540000	127.910645724685	
705.740000	127.909423401731	
705.940000	127.908203034869	
706.140000	127.906984607946	
706.340000	127.905768104836	
706.540000	127.904553509423	
706.740000	127.903340805595	
706.940000	127.902129977224	
707.140000	127.900921008160	
707.340000	127.899713882207	
707.540000	127.898508583117	
707.740000	127.897305094562	
707.940000	127.896103400126	
708.140000	127.894903483278	
708.340000	127.893705327351	
708.540000	127.892508915521	
708.740000	127.891314230779	
708.940000	127.890121255901	
709.140000	127.888929973421	
709.340000	127.887740365593	
709.540000	127.886552414352	
709.740000	127.885366101276	
709.940000	127.884181407534	
710.140000	127.882998313837	
710.340000	127.881816800376	
710.540000	127.880636846759	
710.740000	127.879458431930	
710.940000	127.878281534090	
711.140000	127.877106130593	
711.340000	127.875932197841	
711.540000	127.874759711149	
711.740000	127.873588644601	
711.940000	127.872418970871	
712.140000	127.871250661026	
712.340000	127.870083684281	
712.540000	127.868918007720	
712.740000	127.867753595948	
712.940000	127.866590410689	
713.140000	127.865428410282	
713.340000	127.864267549068	
713.540000	127.863107776633	
713.740000	127.861949036845	
713.940000	127.860791266639	
714.140000	127.859634394446	
714.340000	127.858478338117	
714.540000	127.857323002153	
714.740000	127.856168273905	
714.940000	127.855014018231	
715.140000	127.853860069743	
715.340000	127.852706221144	
715.540000	127.851552204840	
715.740000	127.850397662245	
715.940000	127.849242088466	
716.140000	127.848084721606	
716.340000	127.846924283796	
716.540000	127.845758190490	
716.740000	127.844577947494	
716.940000	127.843267032876	
717.140000	127.841577958281	
717.340000	127.838605112268	
717.540000	127.834321725570	
717.740000	127.829848540079	
717.940000	127.825632762418	
718.140000	127.821773632710	
718.340000	127.818170322301	
718.540000	127.814704540958	
718.740000	127.811360919220	
718.940000	127.808175104841	
719.140000	127.805216825386	
719.340000	127.802559063159	
719.540000	127.800125891154	
719.740000	127.797835574352	
719.940000	127.795641553819	
720.140000	127.793509333062	
740.140000	127.640479748306	
743.440000	127.621720370987	
743.640000	127.620619578708	
743.840000	127.619522655414	
744.040000	127.618429561436	
744.240000	127.617340257631	
744.440000	127.616254705377	
744.640000	127.615172866567	
744.840000	127.614094703603	
745.040000	127.613020179389	
745.240000	127.611949257325	
745.440000	127.610881901300	
745.640000	127.609818075691	
745.840000	127.608757745352	
746.040000	127.607700875609	
746.240000	127.606647432257	
746.440000	127.605597381550	
746.640000	127.604550690203	
746.840000	127.603507325376	
747.040000	127.602467254677	
747.240000	127.601430446153	
747.440000	127.600396868286	
747.640000	127.599366489986	
747.840000	127.598339280586	
748.040000	127.597315209840	
748.240000	127.596294247911	
748.440000	127.595276365375	
748.640000	127.594261533209	
748.840000	127.593249722787	
749.040000	127.592240905877	
749.240000	127.591235054638	
749.440000	127.590232141608	
749.640000	127.589232139708	
749.840000	127.588235022229	
750.040000	127.587240762835	
750.240000	127.586249335551	
750.440000	127.585260714767	
750.640000	127.584274875224	
750.840000	127.583291792016	
751.040000	127.582311440584	
751.240000	127.581333796711	
751.440000	127.580358836518	
751.640000	127.579386536460	
751.840000	127.578416873321	
752.040000	127.577449824211	
752.240000	127.576485366560	
752.440000	127.575523478116	
752.640000	127.574564136941	
752.840000	127.573607321405	
753.040000	127.572653010183	
753.240000	127.571701182251	
753.440000	127.570751816884	
753.640000	127.569804893648	
753.840000	127.568860392403	
754.040000	127.567918293291	
754.240000	127.566978576737	
754.440000	127.566041223448	
754.640000	127.565106214404	
754.840000	127.564173530855	
755.040000	127.563243154323	
755.240000	127.562315066592	
755.440000	127.561389249709	
755.640000	127.560465685977	
755.840000	127.559544357956	
756.040000	127.558625248456	
756.240000	127.557708340535	
756.440000	127.556793617497	
756.640000	127.555881062886	
756.840000	127.554970660487	
757.040000	127.554062394318	
757.240000	127.553156248632	
757.440000	127.552252207909	
757.640000	127.551350256858	
757.840000	127.550450380409	
758.040000	127.549552563715	
758.240000	127.548656792145	
758.440000	127.547763051284	
758.640000	127.546871326928	
758.840000	127.545981605085	
759.040000	127.545093871968	
759.240000	127.544208113992	
759.440000	127.543324317777	
759.640000	127.542442470140	
759.840000	127.541562558095	
760.040000	127.540684568847	
760.240000	127.539808489796	
760.440000	127.538934308527	
760.640000	127.538062012814	
760.840000	127.537191590613	
761.040000	127.536323030062	
761.240000	127.535456319477	
761.440000	127.534591447352	
761.640000	127.533728402355	
761.840000	127.532867173325	
762.040000	127.532007749272	
762.240000	127.531150119373	
762.440000	127.530294272971	
762.640000	127.529440199571	
762.840000	127.528587888839	
763.040000	127.527737330603	
763.240000	127.526888514843	
763.440000	127.526041431699	
763.640000	127.525196071459	
763.840000	127.524352424566	
764.040000	127.523510481608	
764.240000	127.522670233322	
764.440000	127.521831670591	
764.640000	127.520994784438	
764.840000	127.520159566029	
765.040000	127.519326006670	
765.240000	127.518494097801	
765.440000	127.517663831001	
765.640000	127.516835197982	
765.840000	127.516008190587	
766.040000	127.515182800789	
766.240000	127.514359020691	
766.440000	127.513536842521	
766.640000	127.512716258633	
766.840000	127.511897261505	
767.040000	127.511079843735	
767.240000	127.510263998042	
767.440000	127.509449717263	
767.640000	127.508636994353	
767.840000	127.507825822379	
768.040000	127.507016194525	
768.240000	127.506208104085	
768.440000	127.505401544465	
768.640000	127.504596509178	
768.840000	127.503792991845	
769.040000	127.502990986193	
769.240000	127.502190486055	
769.440000	127.501391485363	
769.640000	127.500593978155	
769.840000	127.499797958565	
770.040000	127.499003420827	
770.240000	127.498210359273	
770.440000	127.497418768329	
770.640000	127.496628642516	
770.840000	127.495839976448	
771.040000	127.495052764830	
771.240000	127.494267002456	
771.440000	127.493482684211	
771.640000	127.492699805066	
771.840000	127.491918360077	
772.040000	127.491138344385	
772.240000	127.490359753216	
772.440000	127.489582581877	
772.640000	127.488806825753	
772.840000	127.488032480312	
773.040000	127.487259541098	
773.240000	127.486488003732	
773.440000	127.485717863911	
773.640000	127.484949117405	
773.840000	127.484181760057	
774.040000	127.483415787783	
774.240000	127.482651196568	
774.440000	127.481887982465	
774.640000	127.481126141598	
774.840000	127.480365670155	
775.040000	127.479606564389	
775.240000	127.478848820619	
775.440000	127.478092435226	
775.640000	127.477337404653	
775.840000	127.476583725402	
776.040000	127.475831394036	
776.240000	127.475080407176	
776.440000	127.474330761498	
776.640000	127.473582453737	
776.840000	127.472835480679	
777.040000	127.472089839166	
777.240000	127.471345526091	
777.440000	127.470602538398	
777.640000	127.469860873081	
777.840000	127.469120527184	
778.040000	127.468381497797	
778.240000	127.467643782058	
778.440000	127.466907377148	
778.640000	127.466172280296	
778.840000	127.465438488772	
779.040000	127.464705999887	
779.240000	127.463974810996	
779.440000	127.463244919493	
779.640000	127.462516322809	
779.840000	127.461789018415	
780.040000	127.461063003820	
780.240000	127.460338276565	
780.440000	127.459614834230	
780.640000	127.458892674426	
780.840000	127.458171794799	
781.040000	127.457452193025	
781.240000	127.456733866811	
781.440000	127.456016813897	
781.640000	127.455301032047	
781.840000	127.454586519059	
782.040000	127.453873272753	
782.240000	127.453161290978	
782.440000	127.452450571608	
782.640000	127.451741112541	
782.840000	127.451032911700	
783.040000	127.450325967030	
783.240000	127.449620276497	
783.440000	127.448915838090	
783.640000	127.448212649817	
783.840000	127.447510709707	
784.040000	127.446810015808	
784.240000	127.446110566184	
784.440000	127.445412358918	
784.640000	127.444715392110	
784.840000	127.444019663875	
785.040000	127.443325172344	
785.240000	127.442631915662	
785.440000	127.441939891990	
785.640000	127.441249099499	
785.840000	127.440559536376	
786.040000	127.439871200818	
786.240000	127.439184091034	
786.440000	127.438498205246	
786.640000	127.437813541683	
786.840000	127.437130098588	
787.040000	127.436447874209	
787.240000	127.435766866808	
787.440000	127.435087074651	
787.640000	127.434408496014	
787.840000	127.433731129181	
788.040000	127.433054972443	
788.240000	127.432380024096	
788.440000	127.431706282446	
788.640000	127.431033745801	
788.840000	127.430362412478	
789.040000	127.429692280797	
789.240000	127.429023349084	
789.440000	127.428355615670	
789.640000	127.427689078889	
789.840000	127.427023737080	
790.040000	127.426359588587	
790.240000	127.425696631756	
790.440000	127.425034864936	
790.640000	127.424374286482	
790.840000	127.423714894747	
791.040000	127.423056688093	
791.240000	127.422399664878	
791.440000	127.421743823467	
791.640000	127.421089162227	
791.840000	127.420435679524	
792.040000	127.419783373728	
792.240000	127.419132243212	
792.440000	127.418482286348	
792.640000	127.417833501511	
792.840000	127.417185887079	
793.040000	127.416539441429	
793.240000	127.415894162939	
793.440000	127.415250049992	
793.640000	127.414607100968	
793.840000	127.413965314251	
794.040000	127.413324688224	
794.240000	127.412685221274	
794.440000	127.412046911787	
794.640000	127.411409758150	
794.840000	127.410773758751	
795.040000	127.410138911982	
795.240000	127.409505216231	
795.440000	127.408872669892	
795.640000	127.408241271358	
795.840000	127.407611019022	
796.040000	127.406981911280	
796.240000	127.406353946528	
796.440000	127.405727123164	
796.640000	127.405101439588	
796.840000	127.404476894199	
797.040000	127.403853485399	
797.240000	127.403231211591	
797.440000	127.402610071179	
797.640000	127.401990062570	
797.840000	127.401371184171	
798.040000	127.400753434392	
798.240000	127.400136811642	
798.440000	127.399521314334	
798.640000	127.398906940883	
798.840000	127.398293689705	
799.040000	127.397681559218	
799.240000	127.397070547842	
799.440000	127.396460653999	
799.640000	127.395851876113	
799.840000	127.395244212611	
800.040000	127.394637661922	
800.240000	127.394032222475	
800.440000	127.393427892706	
800.640000	127.392824671049	
800.840000	127.392222555942	
801.040000	127.391621545828	
801.240000	127.391021639149	
801.440000	127.390422834352	
801.640000	127.389825129886	
801.840000	127.389228524203	
802.040000	127.388633015758	
802.240000	127.388038603008	
802.440000	127.387445284416	
802.640000	127.386853058444	
802.840000	127.386261923560	
803.040000	127.385671878234	
803.240000	127.385082920941	
803.440000	127.384495050157	
803.640000	127.383908264363	
803.840000	127.383322562042	
804.040000	127.382737941682	
804.240000	127.382154401775	
804.440000	127.381571940814	
804.640000	127.380990557299	
804.840000	127.380410249730	
805.040000	127.379831016613	
805.240000	127.379252856459	
805.440000	127.378675767780	
805.640000	127.378099749093	
805.840000	127.377524798920	
806.040000	127.376950915785	
806.240000	127.376378098218	
806.440000	127.375806344751	
806.640000	127.375235653921	
806.840000	127.374666024270	
807.040000	127.374097454343	
807.240000	127.373529942689	
807.440000	127.372963487861	
807.640000	127.372398088418	
807.840000	127.371833742920	
808.040000	127.371270449935	
808.240000	127.370708208032	
808.440000	127.370147015787	
808.640000	127.369586871777	
808.840000	127.369027774587	
809.040000	127.368469722803	
809.240000	127.367912715017	
809.440000	127.367356749826	
809.640000	127.366801825830	
809.840000	127.366247941634	
810.040000	127.365695095847	
810.240000	127.365143287083	
810.440000	127.364592513959	
810.640000	127.364042775099	
810.840000	127.363494069128	
811.040000	127.362946394678	
811.240000	127.362399750384	
811.440000	127.361854134886	
811.640000	127.361309546829	
811.840000	127.360765984861	
812.040000	127.360223447635	
812.240000	127.359681933808	
812.440000	127.359141442043	
812.640000	127.358601971005	
812.840000	127.358063519365	
813.040000	127.357526085798	
813.240000	127.356989668982	
813.440000	127.356454267602	
813.640000	127.355919880346	
813.840000	127.355386505904	
814.040000	127.354854142975	
814.240000	127.354322790258	
814.440000	127.353792446458	
814.640000	127.353263110285	
814.840000	127.352734780453	
815.040000	127.352207455679	
815.240000	127.351681134685	
815.440000	127.351155816197	
815.640000	127.350631498945	
815.840000	127.350108181665	
816.040000	127.349585863094	
816.240000	127.349064541976	
816.440000	127.348544217057	
816.640000	127.348024887089	
816.840000	127.347506550826	
817.040000	127.346989207028	
817.240000	127.346472854458	
817.440000	127.345957491883	
817.640000	127.345443118074	
817.840000	127.344929731806	
818.040000	127.344417331859	
818.240000	127.343905917016	
818.440000	127.343395486063	
818.640000	127.342886037792	
818.840000	127.342377570997	
819.040000	127.341870084477	
819.240000	127.341363577033	
819.440000	127.340858047473	
819.640000	127.340353494607	
819.840000	127.339849917247	
820.040000	127.339347314213	
820.240000	127.338845684323	
820.440000	127.338345026405	
820.640000	127.337845339285	
820.840000	127.337346621797	
821.040000	127.336848872776	
821.240000	127.336352091061	
821.440000	127.335856275496	
821.640000	127.335361424927	
821.840000	127.334867538203	
822.040000	127.334374614179	
822.240000	127.333882651711	
822.440000	127.333391649660	
822.640000	127.332901606890	
822.840000	127.332412522268	
823.040000	127.331924394664	
823.240000	127.331437222953	
823.440000	127.330951006012	
823.640000	127.330465742722	
823.840000	127.329981431966	
824.040000	127.329498072632	
824.240000	127.329015663609	
824.440000	127.328534203793	
824.640000	127.328053692079	
824.840000	127.327574127368	
825.040000	127.327095508563	
825.240000	127.326617834570	
825.440000	127.326141104298	
825.640000	127.325665316660	
825.840000	127.325190470571	
826.040000	127.324716564950	
826.240000	127.324243598719	
826.440000	127.323771570802	
826.640000	127.323300480126	
826.840000	127.322830325623	
827.040000	127.322361106224	
827.240000	127.321892820867	
827.440000	127.321425468491	
827.640000	127.320959048038	
827.840000	127.320493558452	
828.040000	127.320028998681	
828.240000	127.319565367676	
828.440000	127.319102664390	
828.640000	127.318640887778	
828.840000	127.318180036801	
829.040000	127.317720110418	
829.240000	127.317261107594	
829.440000	127.316803027295	
829.640000	127.316345868492	
829.840000	127.315889630156	
830.040000	127.315434311262	
830.240000	127.314979910787	
830.440000	127.314526427711	
830.640000	127.314073861017	
830.840000	127.313622209688	
831.040000	127.313171472713	
831.240000	127.312721649081	
831.440000	127.312272737785	
831.640000	127.311824737820	
831.840000	127.311377648183	
832.040000	127.310931467873	
832.240000	127.310486195893	
832.440000	127.310041831248	
832.640000	127.309598372943	
832.840000	127.309155819989	
833.040000	127.308714171396	
833.240000	127.308273426179	
833.440000	127.307833583354	
833.640000	127.307394641939	
833.840000	127.306956600955	
834.040000	127.306519459425	
834.240000	127.306083216373	
834.440000	127.305647870828	
834.640000	127.305213421819	
834.840000	127.304779868378	
835.040000	127.304347209539	
835.240000	127.303915444338	
835.440000	127.303484571812	
835.640000	127.303054591003	
835.840000	127.302625500953	
836.040000	127.302197300706	
836.240000	127.301769989310	
836.440000	127.301343565812	
836.640000	127.300918029263	
836.840000	127.300493378717	
837.040000	127.300069613228	
837.240000	127.299646731853	
837.440000	127.299224733651	
837.640000	127.298803617682	
837.840000	127.298383383010	
838.040000	127.297964028698	
838.240000	127.297545553815	
838.440000	127.297127957427	
838.640000	127.296711238606	
838.840000	127.296295396423	
839.040000	127.295880429955	
839.240000	127.295466338275	
839.440000	127.295053120463	
839.640000	127.294640775598	
839.840000	127.294229302762	
840.040000	127.293818701038	
840.240000	127.293408969512	
840.440000	127.293000107271	
840.640000	127.292592113404	
840.840000	127.292184987001	
841.040000	127.291778727155	
841.240000	127.291373332960	
841.440000	127.290968803512	
841.640000	127.290565137909	
841.840000	127.290162335249	
842.040000	127.289760394635	
842.240000	127.289359315169	
842.440000	127.288959095956	
842.640000	127.288559736101	
842.840000	127.288161234713	
843.040000	127.287763590901	
843.240000	127.287366803776	
843.440000	127.286970872451	
843.640000	127.286575796041	
843.840000	127.286181573661	
844.040000	127.285788204429	
844.240000	127.285395687464	
844.440000	127.285004021888	
844.640000	127.284613206822	
844.840000	127.284223241391	
845.040000	127.283834124720	
845.240000	127.283445855936	
845.440000	127.283058434168	
845.640000	127.282671858546	
845.840000	127.282286128201	
846.040000	127.281901242268	
846.240000	127.281517199880	
846.440000	127.281134000175	
846.640000	127.280751642288	
846.840000	127.280370125361	
847.040000	127.279989448533	
847.240000	127.279609610947	
847.440000	127.279230611746	
847.640000	127.278852450075	
847.840000	127.278475125081	
848.040000	127.278098635912	
848.240000	127.277722981717	
848.440000	127.277348161646	
848.640000	127.276974174853	
848.840000	127.276601020490	
849.040000	127.276228697712	
849.240000	127.275857205677	
849.440000	127.275486543541	
849.640000	127.275116710463	
849.840000	127.274747705606	
850.040000	127.274379528129	
850.240000	127.274012177196	
850.440000	127.273645651973	
850.640000	127.273279951624	
850.840000	127.272915075317	
851.040000	127.272551022221	
851.240000	127.272187791505	
851.440000	127.271825382341	
851.640000	127.271463793901	
851.840000	127.271103025359	
852.040000	127.270743075890	
852.240000	127.270383944670	
852.440000	127.270025630877	
852.640000	127.269668133691	
852.840000	127.269311452290	
853.040000	127.268955585857	
853.240000	127.268600533574	
853.440000	127.268246294626	
853.640000	127.267892868197	
853.840000	127.267540253474	
854.040000	127.267188449645	
854.240000	127.266837455898	
854.440000	127.266487271424	
854.640000	127.266137895415	
854.840000	127.265789327061	
855.040000	127.265441565559	
855.240000	127.265094610102	
855.440000	127.264748459886	
855.640000	127.264403114110	
855.840000	127.264058571971	
856.040000	127.263714832669	
856.240000	127.263371895405	
856.440000	127.263029759382	
856.640000	127.262688423802	
856.840000	127.262347887870	
857.040000	127.262008150792	
857.240000	127.261669211774	
857.440000	127.261331070024	
857.640000	127.260993724750	
857.840000	127.260657175164	
858.040000	127.260321420477	
858.240000	127.259986459900	
858.440000	127.259652292647	
858.640000	127.259318917934	
858.840000	127.258986334975	
859.040000	127.258654542987	
859.240000	127.258323541189	
859.440000	127.257993328800	
859.640000	127.257663905039	
859.840000	127.257335269128	
879.840000	127.228321090140	
899.840000	127.206455652143	
919.840000	127.191090221249	
939.840000	127.181642870407	
959.840000	127.177589154749	
979.840000	127.178455434719	
999.840000	127.183813522057	
1019.840000	127.193276097316	
1039.840000	127.206492653930	
1059.840000	127.223145851611	
1079.840000	127.242948217658	
1099.840000	127.265639155130	
1119.840000	127.290982222191	
1139.840000	127.318762720600	
1159.840000	127.348785493644	
1179.840000	127.380872931944	
1199.840000	127.414863194094	
1219.840000	127.450608614350	
1239.840000	127.487974275314	
1259.840000	127.526836729596	
1279.840000	127.567082855196	
1299.840000	127.608608830344	
1319.840000	127.651319214939	
1339.840000	127.695126127185	
1359.840000	127.739948505213	
1379.840000	127.785711444758	
1399.840000	127.832345604993	
1419.840000	127.879786675570	
1439.840000	127.927974898701	
1459.840000	127.976854640788	
1479.840000	128.026374008664	
1499.840000	128.076484505991	
1519.840000	128.127140725777	
1539.840000	128.178300075299	
1559.840000	128.229922530092	
1579.840000	128.281970413935	
1599.840000	128.334408202042	
1619.840000	128.387202344931	
1639.840000	128.440321110703	
1659.840000	128.493734443670	
1679.840000	128.547413837495	
1699.840000	128.601332221209	
1719.840000	128.655463856653	
1739.840000	128.709784246036	
1759.840000	128.764270048483	
1779.840000	128.818899004554	
1799.840000	128.873649867846	
1819.840000	128.928502342887	
1839.840000	128.983437028644	
1859.840000	129.038435367015	
1879.840000	129.093479595787	
1899.840000	129.148552705576	
1919.840000	129.203638400330	
1939.840000	129.258721061023	
1959.840000	129.313785712222	
1979.840000	129.368817991228	
1999.840000	129.423804119535	
2019.840000	129.478730876378	
2039.840000	129.533585574169	
2059.840000	129.588356035630	
2079.840000	129.643030572486	
2099.840000	129.697597965533	
2119.840000	129.752047445994	
2139.840000	129.806368678018	
2159.840000	129.860551742231	
2179.840000	129.914587120244	
2199.840000	129.968465680032	
2219.840000	130.022178662113	
2239.840000	130.075717666463	
2259.840000	130.129074640089	
2279.840000	130.182241865228	
2299.840000	130.235211948114	
2319.840000	130.287977808256	
2339.840000	130.340532668210	
2359.840000	130.392870043792	
2379.840000	130.444983734706	
2399.840000	130.496867815556	
2419.840000	130.548516627215	
2439.840000	130.599924768529	
2459.840000	130.651087088331	
2479.840000	130.701998677746	
2499.840000	130.752654862776	
