0.000000	3.000000000000	
20.000000	3.000000000000	
40.000000	3.000000000000	
60.000000	3.000000000000	
80.000000	3.000000000000	
100.000000	3.000000000000	
120.000000	3.000000000000	
140.000000	3.000000000000	
160.000000	3.000000000000	
180.000000	3.000000000000	
200.000000	3.000000000000	
220.000000	3.000000000000	
240.000000	3.000715311966	
260.000000	3.014067674854	
280.000000	3.039417388701	
300.000000	3.072353976400	
320.000000	3.110132228298	
340.000000	3.150773570093	
360.000000	3.193085703632	
380.000000	3.236585310331	
400.000000	3.280918043428	
420.000000	3.325808116629	
440.000000	3.371050270459	
460.000000	3.416494465745	
480.000000	3.462030239675	
500.000000	3.507575054280	
520.000000	3.551190916352	
540.000000	3.590494270133	
560.000000	3.625642138702	
580.000000	3.657121186704	
594.120000	3.677350124951	
594.320000	3.677625333946	
594.520000	3.677900229620	
594.720000	3.678174811978	
594.920000	3.678449081017	
595.120000	3.678723036726	
595.320000	3.678996679083	
595.520000	3.679270008057	
595.720000	3.679543023608	
595.920000	3.679815725682	
596.120000	3.680088114219	
596.320000	3.680360189144	
596.520000	3.680631950372	
596.720000	3.680903397804	
596.920000	3.681174531332	
597.120000	3.681445350832	
597.320000	3.681715856167	
597.520000	3.681986047187	
597.720000	3.682255923726	
597.920000	3.682525485602	
598.120000	3.682794732621	
598.320000	3.683063664567	
598.520000	3.683332281212	
598.720000	3.683600582305	
598.920000	3.683868567579	
599.120000	3.684136236747	
599.320000	3.684403589501	
599.520000	3.684670625510	
599.720000	3.684937344422	
599.920000	3.685203745860	
600.120000	3.685469829424	
600.320000	3.685735594684	
600.520000	3.686001041184	
600.720000	3.686266168441	
600.920000	3.686530975937	
601.120000	3.686795463125	
601.320000	3.687059629421	
601.520000	3.687323474206	
601.720000	3.687586996822	
601.920000	3.687850196569	
602.120000	3.688113072706	
602.320000	3.688375624442	
602.520000	3.688637850941	
602.720000	3.688899751311	
602.920000	3.689161324605	
603.120000	3.689422569816	
603.320000	3.689683485871	
603.520000	3.689944071631	
603.720000	3.690204325878	
603.920000	3.690464247317	
604.120000	3.690723834564	
604.320000	3.690983086141	
604.520000	3.691242000469	
604.720000	3.691500575857	
604.920000	3.691758810491	
605.120000	3.692016702426	
605.320000	3.692274249569	
605.520000	3.692531449667	
605.720000	3.692788300289	
605.920000	3.693044798805	
606.120000	3.693300942366	
606.320000	3.693556727877	
606.520000	3.693812151961	
606.720000	3.694067210933	
606.920000	3.694321900745	
607.120000	3.694576216942	
607.320000	3.694830154597	
607.520000	3.695083708230	
607.720000	3.695336871717	
607.920000	3.695589638168	
608.120000	3.695841999771	
608.320000	3.696093947596	
608.520000	3.696345471322	
608.720000	3.696596558883	
608.920000	3.696847195949	
609.120000	3.697097365184	
609.320000	3.697347045100	
609.520000	3.697596208185	
609.720000	3.697844817550	
609.920000	3.698092820070	
610.120000	3.698340128575	
610.320000	3.698586532397	
610.520000	3.698830296282	
610.720000	3.699066515991	
610.920000	3.699279854553	
611.120000	3.699359459970	
611.320000	3.699007135736	
611.520000	3.697825704779	
611.720000	3.695499910957	
611.920000	3.691884146115	
612.120000	3.686975271995	
612.320000	3.680885769168	
612.520000	3.673819294828	
612.720000	3.666036537154	
612.920000	3.657814541675	
613.120000	3.649364087888	
613.320000	3.640813138393	
633.320000	3.293458301309	
641.220000	3.316533319407	
641.420000	3.317568745606	
641.620000	3.318620285575	
641.820000	3.319687562922	
642.020000	3.320770207094	
642.220000	3.321867853306	
642.420000	3.322980142458	
642.620000	3.324106721069	
642.820000	3.325247241195	
643.020000	3.326401360360	
643.220000	3.327568741485	
643.420000	3.328749052810	
643.620000	3.329941967829	
643.820000	3.331147165219	
644.020000	3.332364328765	
644.220000	3.333593147300	
644.420000	3.334833314628	
644.620000	3.336084529464	
644.820000	3.337346495362	
645.020000	3.338618920653	
645.220000	3.339901518376	
645.420000	3.341194006218	
645.620000	3.342496106446	
645.820000	3.343807545846	
646.020000	3.345128055663	
646.220000	3.346457371533	
646.420000	3.347795233427	
646.620000	3.349141385591	
646.820000	3.350495576483	
647.020000	3.351857558717	
647.220000	3.353227089002	
647.420000	3.354603928087	
647.620000	3.355987840702	
647.820000	3.357378595504	
648.020000	3.358775965018	
648.220000	3.360179725585	
648.420000	3.361589657304	
648.620000	3.363005543983	
648.820000	3.364427173082	
649.020000	3.365854335660	
649.220000	3.367286826327	
649.420000	3.368724443189	
649.620000	3.370166987797	
649.820000	3.371614265099	
650.020000	3.373066083388	
650.220000	3.374522254256	
650.420000	3.375982592541	
650.620000	3.377446916282	
650.820000	3.378915046671	
651.020000	3.380386808007	
651.220000	3.381862027644	
651.420000	3.383340535953	
651.620000	3.384822166271	
651.820000	3.386306754858	
652.020000	3.387794140851	
652.220000	3.389284166223	
652.420000	3.390776675733	
652.620000	3.392271516892	
652.820000	3.393768539910	
653.020000	3.395267597662	
653.220000	3.396768545641	
653.420000	3.398271241917	
653.620000	3.399775547097	
653.820000	3.401281324284	
654.020000	3.402788439033	
654.220000	3.404296759315	
654.420000	3.405806155473	
654.620000	3.407316500183	
654.820000	3.408827668417	
655.020000	3.410339537396	
655.220000	3.411851986559	
655.420000	3.413364897516	
655.620000	3.414878154011	
655.820000	3.416391641886	
656.020000	3.417905249031	
656.220000	3.419418865355	
656.420000	3.420932382737	
656.620000	3.422445694989	
656.820000	3.423958697810	
657.020000	3.425471288750	
657.220000	3.426983367159	
657.420000	3.428494834148	
657.620000	3.430005592537	
657.820000	3.431515546812	
658.020000	3.433024603070	
658.220000	3.434532668970	
658.420000	3.436039653672	
658.620000	3.437545467778	
658.820000	3.439050023267	
659.020000	3.440553233423	
659.220000	3.442055012750	
659.420000	3.443555276889	
659.620000	3.445053942508	
659.820000	3.446550927188	
660.020000	3.448046149279	
660.220000	3.449539527730	
660.420000	3.451030981885	
660.620000	3.452520431216	
660.820000	3.454007794994	
661.020000	3.455492991842	
661.220000	3.456975939123	
661.420000	3.458456552079	
661.620000	3.459934742529	
661.820000	3.461410416802	
662.020000	3.462883472151	
662.220000	3.464353789688	
662.420000	3.465821217234	
662.620000	3.467285499820	
662.820000	3.468745164512	
663.020000	3.470194831666	
663.220000	3.471616214557	
663.420000	3.472887490066	
663.620000	3.473692508053	
663.820000	3.473617612492	
664.020000	3.472343990095	
664.220000	3.469736348621	
664.420000	3.465807346736	
664.620000	3.460680748681	
664.820000	3.454563223492	
665.020000	3.447710789987	
665.220000	3.440394052898	
665.420000	3.432826698667	
665.620000	3.425142317434	
665.820000	3.417426901885	
685.820000	3.164219232024	
688.540000	3.178702049980	
688.740000	3.179974113129	
688.940000	3.181271439415	
689.140000	3.182593466420	
689.340000	3.183939640123	
689.540000	3.185309414799	
689.740000	3.186702252915	
689.940000	3.188117625037	
690.140000	3.189555009729	
690.340000	3.191013893452	
690.540000	3.192493770472	
690.740000	3.193994142763	
690.940000	3.195514519907	
691.140000	3.197054419006	
691.340000	3.198613364584	
691.540000	3.200190888495	
691.740000	3.201786529830	
691.940000	3.203399834829	
692.140000	3.205030356787	
692.340000	3.206677655964	
692.540000	3.208341299501	
692.740000	3.210020861324	
692.940000	3.211715922066	
693.140000	3.213426068971	
693.340000	3.215150895817	
693.540000	3.216890002825	
693.740000	3.218642996578	
693.940000	3.220409489939	
694.140000	3.222189101963	
694.340000	3.223981457823	
694.540000	3.225786188724	
694.740000	3.227602931824	
694.940000	3.229431330158	
695.140000	3.231271032554	
695.340000	3.233121693562	
695.540000	3.234982973372	
695.740000	3.236854537742	
695.940000	3.238736057920	
696.140000	3.240627210570	
696.340000	3.242527677703	
696.540000	3.244437146597	
696.740000	3.246355309730	
696.940000	3.248281864709	
697.140000	3.250216514195	
697.340000	3.252158965841	
697.540000	3.254108932216	
697.740000	3.256066130738	
697.940000	3.258030283613	
698.140000	3.260001117761	
698.340000	3.261978364751	
698.540000	3.263961760743	
698.740000	3.265951046413	
698.940000	3.267945966898	
699.140000	3.269946271730	
699.340000	3.271951714771	
699.540000	3.273962054157	
699.740000	3.275977052234	
699.940000	3.277996475496	
700.140000	3.280020094530	
700.340000	3.282047683956	
700.540000	3.284079022365	
700.740000	3.286113892268	
700.940000	3.288152080035	
701.140000	3.290193375838	
701.340000	3.292237573602	
701.540000	3.294284470942	
701.740000	3.296333869115	
701.940000	3.298385572963	
702.140000	3.300439390864	
702.340000	3.302495134675	
702.540000	3.304552619685	
702.740000	3.306611664559	
702.940000	3.308672091293	
703.140000	3.310733725160	
703.340000	3.312796394663	
703.540000	3.314859931486	
703.740000	3.316924170445	
703.940000	3.318988949442	
704.140000	3.321054109415	
704.340000	3.323119494296	
704.540000	3.325184950962	
704.740000	3.327250329189	
704.940000	3.329315481609	
705.140000	3.331380263665	
705.340000	3.333444533569	
705.540000	3.335508152251	
705.740000	3.337570983328	
705.940000	3.339632893051	
706.140000	3.341693750267	
706.340000	3.343753426378	
706.540000	3.345811795299	
706.740000	3.347868733416	
706.940000	3.349924119546	
707.140000	3.351977834900	
707.340000	3.354029763036	
707.540000	3.356079789828	
707.740000	3.358127803418	
707.940000	3.360173694186	
708.140000	3.362217354704	
708.340000	3.364258679701	
708.540000	3.366297566024	
708.740000	3.368333912598	
708.940000	3.370367620392	
709.140000	3.372398592377	
709.340000	3.374426733488	
709.540000	3.376451950590	
709.740000	3.378474152433	
709.940000	3.380493249620	
710.140000	3.382509154565	
710.340000	3.384521781452	
710.540000	3.386531046200	
710.740000	3.388536866420	
710.940000	3.390539161370	
711.140000	3.392537851922	
711.340000	3.394532860511	
711.540000	3.396524111091	
711.740000	3.398511529092	
711.940000	3.400495041368	
712.140000	3.402474576150	
712.340000	3.404450062983	
712.540000	3.406421432679	
712.740000	3.408388617243	
712.940000	3.410351549813	
713.140000	3.412310164581	
713.340000	3.414264396705	
713.540000	3.416214182221	
713.740000	3.418159457926	
713.940000	3.420100161257	
714.140000	3.422036230136	
714.340000	3.423967602793	
714.540000	3.425894217540	
714.740000	3.427816012497	
714.940000	3.429732925237	
715.140000	3.431644892314	
715.340000	3.433551848632	
715.540000	3.435453726544	
715.740000	3.437350454535	
715.940000	3.439241955152	
716.140000	3.441128141507	
716.340000	3.443008910659	
716.540000	3.444884128527	
716.740000	3.446753578872	
716.940000	3.448616266872	
717.140000	3.450467239604	
717.340000	3.452290079650	
717.540000	3.453972514653	
717.740000	3.455201953749	
717.940000	3.455546415207	
718.140000	3.454661565379	
718.340000	3.452400078571	
718.540000	3.448777221561	
718.740000	3.443920183908	
718.940000	3.438036356476	
719.140000	3.431379871755	
719.340000	3.424220033063	
719.540000	3.416779238160	
719.740000	3.409200671476	
719.940000	3.401577304466	
720.140000	3.393970331561	
740.140000	3.165165548773	
743.440000	3.187188285420	
743.640000	3.188754215927	
743.840000	3.190342968560	
744.040000	3.191954001497	
744.240000	3.193586781189	
744.440000	3.195240782263	
744.640000	3.196915487417	
744.840000	3.198610387322	
745.040000	3.200324980522	
745.240000	3.202058773338	
745.440000	3.203811279764	
745.640000	3.205582021378	
745.840000	3.207370527242	
746.040000	3.209176333805	
746.240000	3.210998984815	
746.440000	3.212838031218	
746.640000	3.214693031074	
746.840000	3.216563549458	
747.040000	3.218449158373	
747.240000	3.220349436659	
747.440000	3.222263969906	
747.640000	3.224192350363	
747.840000	3.226134176854	
748.040000	3.228089054687	
748.240000	3.230056595574	
748.440000	3.232036417543	
748.640000	3.234028144853	
748.840000	3.236031407916	
749.040000	3.238045843210	
749.240000	3.240071093201	
749.440000	3.242106806260	
749.640000	3.244152636586	
749.840000	3.246208244126	
750.040000	3.248273294498	
750.240000	3.250347458913	
750.440000	3.252430414098	
750.640000	3.254521842226	
750.840000	3.256621430832	
751.040000	3.258728872751	
751.240000	3.260843866034	
751.440000	3.262966113884	
751.640000	3.265095324581	
751.840000	3.267231211413	
752.040000	3.269373492605	
752.240000	3.271521891252	
752.440000	3.273676135250	
752.640000	3.275835957228	
752.840000	3.278001094483	
753.040000	3.280171288914	
753.240000	3.282346286956	
753.440000	3.284525839518	
753.640000	3.286709701915	
753.840000	3.288897633813	
754.040000	3.291089399161	
754.240000	3.293284766129	
754.440000	3.295483507054	
754.640000	3.297685398375	
754.840000	3.299890220575	
755.040000	3.302097758123	
755.240000	3.304307799418	
755.440000	3.306520136730	
755.640000	3.308734566144	
755.840000	3.310950887508	
756.040000	3.313168904373	
756.240000	3.315388423941	
756.440000	3.317609257015	
756.640000	3.319831217940	
756.840000	3.322054124557	
757.040000	3.324277798147	
757.240000	3.326502063383	
757.440000	3.328726748279	
757.640000	3.330951684140	
757.840000	3.333176705512	
758.040000	3.335401650140	
758.240000	3.337626358910	
758.440000	3.339850675813	
758.640000	3.342074447889	
758.840000	3.344297525189	
759.040000	3.346519760724	
759.240000	3.348741010423	
759.440000	3.350961133091	
759.640000	3.353179990361	
759.840000	3.355397446654	
760.040000	3.357613369136	
760.240000	3.359827627677	
760.440000	3.362040094809	
760.640000	3.364250645683	
760.840000	3.366459158036	
761.040000	3.368665512143	
761.240000	3.370869590783	
761.440000	3.373071279198	
761.640000	3.375270465060	
761.840000	3.377467038424	
762.040000	3.379660891701	
762.240000	3.381851919616	
762.440000	3.384040019172	
762.640000	3.386225089616	
762.840000	3.388407032406	
763.040000	3.390585751170	
763.240000	3.392761151679	
763.440000	3.394933141809	
763.640000	3.397101631510	
763.840000	3.399266532772	
764.040000	3.401427759593	
764.240000	3.403585227947	
764.440000	3.405738855755	
764.640000	3.407888562851	
764.840000	3.410034270951	
765.040000	3.412175903626	
765.240000	3.414313386272	
765.440000	3.416446646079	
765.640000	3.418575612000	
765.840000	3.420700214730	
766.040000	3.422820386669	
766.240000	3.424936061902	
766.440000	3.427047176167	
766.640000	3.429153666828	
766.840000	3.431255472854	
767.040000	3.433352534785	
767.240000	3.435444794712	
767.440000	3.437532196250	
767.640000	3.439614684513	
767.840000	3.441692206088	
768.040000	3.443764709012	
768.240000	3.445832142748	
768.440000	3.447894458163	
768.640000	3.449951607501	
768.840000	3.452003544361	
769.040000	3.454050223678	
769.240000	3.456091601697	
769.440000	3.458127635951	
769.640000	3.460158285243	
769.840000	3.462183509618	
770.040000	3.464203270350	
770.240000	3.466217529916	
770.440000	3.468226251976	
770.640000	3.470229401354	
770.840000	3.472226944018	
771.040000	3.474218847061	
771.240000	3.476205078680	
771.440000	3.478185608158	
771.640000	3.480160405846	
771.840000	3.482129443143	
772.040000	3.484092692480	
772.240000	3.486050127299	
772.440000	3.488001722037	
772.640000	3.489947452110	
772.840000	3.491887293894	
773.040000	3.493821224709	
773.240000	3.495749222800	
773.440000	3.497671267324	
773.640000	3.499587338333	
773.840000	3.501497416756	
774.040000	3.503401484386	
774.240000	3.505299523863	
774.440000	3.507191518657	
774.640000	3.509077453057	
774.840000	3.510957312155	
775.040000	3.512831081828	
775.240000	3.514698748729	
775.440000	3.516560300267	
775.640000	3.518415724599	
775.840000	3.520265010612	
776.040000	3.522108147911	
776.240000	3.523945126805	
776.440000	3.525775938296	
776.640000	3.527600574063	
776.840000	3.529419026451	
777.040000	3.531231288457	
777.240000	3.533037353722	
777.440000	3.534837216511	
777.640000	3.536630871708	
777.840000	3.538418314803	
778.040000	3.540199541875	
778.240000	3.541974549588	
778.440000	3.543743335175	
778.640000	3.545505896426	
778.840000	3.547262231683	
779.040000	3.549012339820	
779.240000	3.550756220242	
779.440000	3.552493872868	
779.640000	3.554225298122	
779.840000	3.555950496924	
780.040000	3.557669470680	
780.240000	3.559382221269	
780.440000	3.561088751040	
780.640000	3.562789062793	
780.840000	3.564483159777	
781.040000	3.566171045680	
781.240000	3.567852724614	
781.440000	3.569528201113	
781.640000	3.571197480121	
781.840000	3.572860566982	
782.040000	3.574517467434	
782.240000	3.576168187597	
782.440000	3.577812733969	
782.640000	3.579451113415	
782.840000	3.581083333158	
783.040000	3.582709400775	
783.240000	3.584329324184	
783.440000	3.585943111639	
783.640000	3.587550771725	
783.840000	3.589152313343	
784.040000	3.590747745711	
784.240000	3.592337078351	
784.440000	3.593920321084	
784.640000	3.595497484022	
784.840000	3.597068577563	
785.040000	3.598633612382	
785.240000	3.600192599424	
785.440000	3.601745549900	
785.640000	3.603292475279	
785.840000	3.604833387281	
786.040000	3.606368297869	
786.240000	3.607897219249	
786.440000	3.609420163856	
786.640000	3.610937144355	
786.840000	3.612448173628	
787.040000	3.613953264776	
787.240000	3.615452431107	
787.440000	3.616945686133	
787.640000	3.618433043564	
787.840000	3.619914517303	
788.040000	3.621390121440	
788.240000	3.622859870248	
788.440000	3.624323778174	
788.640000	3.625781859841	
788.840000	3.627234130035	
789.040000	3.628680603706	
789.240000	3.630121295960	
789.440000	3.631556222055	
789.640000	3.632985397398	
789.840000	3.634408837537	
790.040000	3.635826558159	
790.240000	3.637238575088	
790.440000	3.638644904272	
790.640000	3.640045561790	
790.840000	3.641440563839	
791.040000	3.642829926734	
791.240000	3.644213666903	
791.440000	3.645591800883	
791.640000	3.646964345317	
791.840000	3.648331316948	
792.040000	3.649692732619	
792.240000	3.651048609264	
792.440000	3.652398963910	
792.640000	3.653743813668	
792.840000	3.655083175736	
793.040000	3.656417067389	
793.240000	3.657745505980	
793.440000	3.659068508934	
793.640000	3.660386093749	
793.840000	3.661698277986	
794.040000	3.663005079274	
794.240000	3.664306515299	
794.440000	3.665602603809	
794.640000	3.666893362603	
794.840000	3.668178809535	
795.040000	3.669458962507	
795.240000	3.670733839469	
795.440000	3.672003458414	
795.640000	3.673267837376	
795.840000	3.674526994428	
796.040000	3.675780947681	
796.240000	3.677029715278	
796.440000	3.678273315395	
796.640000	3.679511766234	
796.840000	3.680745086028	
797.040000	3.681973293031	
797.240000	3.683196405523	
797.440000	3.684414441801	
797.640000	3.685627420182	
797.840000	3.686835358998	
798.040000	3.688038276595	
798.240000	3.689236191332	
798.440000	3.690429121579	
798.640000	3.691617085712	
798.840000	3.692800102114	
799.040000	3.693978189174	
799.240000	3.695151365284	
799.440000	3.696319648834	
799.640000	3.697483058219	
799.840000	3.698641611826	
800.040000	3.699795328043	
800.240000	3.700944225249	
800.440000	3.702088321821	
800.640000	3.703227636123	
800.840000	3.704362186511	
801.040000	3.705491991331	
801.240000	3.706617068916	
801.440000	3.707737437584	
801.640000	3.708853115640	
801.840000	3.709964121371	
802.040000	3.711070473046	
802.240000	3.712172188916	
802.440000	3.713269287214	
802.640000	3.714361786147	
802.840000	3.715449703905	
803.040000	3.716533058651	
803.240000	3.717611868524	
803.440000	3.718686151640	
803.640000	3.719755926085	
803.840000	3.720821209921	
804.040000	3.721882021178	
804.240000	3.722938377860	
804.440000	3.723990297938	
804.640000	3.725037799354	
804.840000	3.726080900017	
805.040000	3.727119617803	
805.240000	3.728153970555	
805.440000	3.729183976081	
805.640000	3.730209652155	
805.840000	3.731231016512	
806.040000	3.732248086855	
806.240000	3.733260880845	
806.440000	3.734269416109	
806.640000	3.735273710232	
806.840000	3.736273780762	
807.040000	3.737269645205	
807.240000	3.738261321029	
807.440000	3.739248825659	
807.640000	3.740232176479	
807.840000	3.741211390830	
808.040000	3.742186486011	
808.240000	3.743157479278	
808.440000	3.744124387841	
808.640000	3.745087228870	
808.840000	3.746046019485	
809.040000	3.747000776766	
809.240000	3.747951517743	
809.440000	3.748898259402	
809.640000	3.749841018683	
809.840000	3.750779812478	
810.040000	3.751714657632	
810.240000	3.752645570944	
810.440000	3.753572569162	
810.640000	3.754495668988	
810.840000	3.755414887076	
811.040000	3.756330240027	
811.240000	3.757241744399	
811.440000	3.758149416694	
811.640000	3.759053273369	
811.840000	3.759953330828	
812.040000	3.760849605428	
812.240000	3.761742113470	
812.440000	3.762630871210	
812.640000	3.763515894849	
812.840000	3.764397200539	
813.040000	3.765274804378	
813.240000	3.766148722415	
813.440000	3.767018970646	
813.640000	3.767885565014	
813.840000	3.768748521412	
814.040000	3.769607855678	
814.240000	3.770463583600	
814.440000	3.771315720911	
814.640000	3.772164283293	
814.840000	3.773009286373	
815.040000	3.773850745728	
815.240000	3.774688676878	
815.440000	3.775523095293	
815.640000	3.776354016388	
815.840000	3.777181455524	
816.040000	3.778005428010	
816.240000	3.778825949099	
816.440000	3.779643033994	
816.640000	3.780456697840	
816.840000	3.781266955730	
817.040000	3.782073822705	
817.240000	3.782877313747	
817.440000	3.783677443789	
817.640000	3.784474227708	
817.840000	3.785267680326	
818.040000	3.786057816411	
818.240000	3.786844650679	
818.440000	3.787628197790	
818.640000	3.788408472350	
818.840000	3.789185488911	
819.040000	3.789959261970	
819.240000	3.790729805970	
819.440000	3.791497135303	
819.640000	3.792261264301	
819.840000	3.793022207247	
820.040000	3.793779978367	
820.240000	3.794534591834	
820.440000	3.795286061766	
820.640000	3.796034402228	
820.840000	3.796779627230	
821.040000	3.797521750728	
821.240000	3.798260786626	
821.440000	3.798996748770	
821.640000	3.799729650957	
821.840000	3.800459506926	
822.040000	3.801186330365	
822.240000	3.801910134908	
822.440000	3.802630934133	
822.640000	3.803348741566	
822.840000	3.804063570681	
823.040000	3.804775434896	
823.240000	3.805484347577	
823.440000	3.806190322037	
823.640000	3.806893371534	
823.840000	3.807593509274	
824.040000	3.808290748411	
824.240000	3.808985102044	
824.440000	3.809676583220	
824.640000	3.810365204934	
824.840000	3.811050980127	
825.040000	3.811733921688	
825.240000	3.812414042453	
825.440000	3.813091355206	
825.640000	3.813765872679	
825.840000	3.814437607550	
826.040000	3.815106572449	
826.240000	3.815772779949	
826.440000	3.816436242573	
826.640000	3.817096972794	
826.840000	3.817754983032	
827.040000	3.818410285653	
827.240000	3.819062892976	
827.440000	3.819712817266	
827.640000	3.820360070736	
827.840000	3.821004665550	
828.040000	3.821646613821	
828.240000	3.822285927608	
828.440000	3.822922618924	
828.640000	3.823556699727	
828.840000	3.824188181927	
829.040000	3.824817077383	
829.240000	3.825443397904	
829.440000	3.826067155249	
829.640000	3.826688361126	
829.840000	3.827307027194	
830.040000	3.827923165062	
830.240000	3.828536786289	
830.440000	3.829147902387	
830.640000	3.829756524815	
830.840000	3.830362664985	
831.040000	3.830966334260	
831.240000	3.831567543953	
831.440000	3.832166305330	
831.640000	3.832762629607	
831.840000	3.833356527950	
832.040000	3.833948011481	
832.240000	3.834537091270	
832.440000	3.835123778341	
832.640000	3.835708083668	
832.840000	3.836290018180	
833.040000	3.836869592757	
833.240000	3.837446818230	
833.440000	3.838021705384	
833.640000	3.838594264959	
833.840000	3.839164507645	
834.040000	3.839732444086	
834.240000	3.840298084879	
834.440000	3.840861440575	
834.640000	3.841422521678	
834.840000	3.841981338647	
835.040000	3.842537901893	
835.240000	3.843092221781	
835.440000	3.843644308633	
835.640000	3.844194172723	
835.840000	3.844741824278	
836.040000	3.845287273484	
836.240000	3.845830530477	
836.440000	3.846371605351	
836.640000	3.846910508155	
836.840000	3.847447248891	
837.040000	3.847981837519	
837.240000	3.848514283953	
837.440000	3.849044598062	
837.640000	3.849572789674	
837.840000	3.850098868569	
838.040000	3.850622844485	
838.240000	3.851144727118	
838.440000	3.851664526118	
838.640000	3.852182251092	
838.840000	3.852697911604	
839.040000	3.853211517176	
839.240000	3.853723077285	
839.440000	3.854232601368	
839.640000	3.854740098816	
839.840000	3.855245578981	
840.040000	3.855749051170	
840.240000	3.856250524649	
840.440000	3.856750008642	
840.640000	3.857247512331	
840.840000	3.857743044857	
841.040000	3.858236615318	
841.240000	3.858728232771	
841.440000	3.859217906234	
841.640000	3.859705644681	
841.840000	3.860191457046	
842.040000	3.860675352223	
842.240000	3.861157339066	
842.440000	3.861637426385	
842.640000	3.862115622954	
842.840000	3.862591937505	
843.040000	3.863066378729	
843.240000	3.863538955280	
843.440000	3.864009675769	
843.640000	3.864478548769	
843.840000	3.864945582815	
844.040000	3.865410786400	
844.240000	3.865874167980	
844.440000	3.866335735972	
844.640000	3.866795498753	
844.840000	3.867253464663	
845.040000	3.867709642001	
845.240000	3.868164039031	
845.440000	3.868616663977	
845.640000	3.869067525024	
845.840000	3.869516630322	
846.040000	3.869963987981	
846.240000	3.870409606075	
846.440000	3.870853492638	
846.640000	3.871295655669	
846.840000	3.871736103131	
847.040000	3.872174842947	
847.240000	3.872611883005	
847.440000	3.873047231156	
847.640000	3.873480895215	
847.840000	3.873912882961	
848.040000	3.874343202134	
848.240000	3.874771860441	
848.440000	3.875198865553	
848.640000	3.875624225103	
848.840000	3.876047946690	
849.040000	3.876470037878	
849.240000	3.876890506194	
849.440000	3.877309359132	
849.640000	3.877726604149	
849.840000	3.878142248668	
850.040000	3.878556300078	
850.240000	3.878968765731	
850.440000	3.879379652948	
850.640000	3.879788969012	
850.840000	3.880196721176	
851.040000	3.880602916655	
851.240000	3.881007562633	
851.440000	3.881410666259	
851.640000	3.881812234647	
851.840000	3.882212274882	
852.040000	3.882610794010	
852.240000	3.883007799049	
852.440000	3.883403296981	
852.640000	3.883797294755	
852.840000	3.884189799290	
853.040000	3.884580817469	
853.240000	3.884970356144	
853.440000	3.885358422136	
853.640000	3.885745022232	
853.840000	3.886130163187	
854.040000	3.886513851726	
854.240000	3.886896094540	
854.440000	3.887276898290	
854.640000	3.887656269605	
854.840000	3.888034215081	
855.040000	3.888410741286	
855.240000	3.888785854755	
855.440000	3.889159561992	
855.640000	3.889531869470	
855.840000	3.889902783633	
856.040000	3.890272310893	
856.240000	3.890640457631	
856.440000	3.891007230199	
856.640000	3.891372634919	
856.840000	3.891736678083	
857.040000	3.892099365952	
857.240000	3.892460704757	
857.440000	3.892820700702	
857.640000	3.893179359959	
857.840000	3.893536688672	
858.040000	3.893892692954	
858.240000	3.894247378892	
858.440000	3.894600752541	
858.640000	3.894952819929	
858.840000	3.895303587054	
859.040000	3.895653059887	
859.240000	3.896001244369	
859.440000	3.896348146414	
859.640000	3.896693771907	
859.840000	3.897038126705	
879.840000	3.925949072772	
899.840000	3.946679615984	
919.840000	3.962124510470	
939.840000	3.974061045230	
959.840000	3.983581750073	
979.840000	3.991361086887	
999.840000	3.997818618309	
1019.840000	4.003218513215	
1039.840000	4.007730129563	
1059.840000	4.011464870710	
1079.840000	4.014498607169	
1099.840000	4.016885298721	
1119.840000	4.018665232644	
1139.840000	4.019870443204	
1159.840000	4.020527749874	
1179.840000	4.020660624301	
1199.840000	4.020290447435	
1219.840000	4.019437338719	
1239.840000	4.018120694739	
1259.840000	4.016359537622	
1279.840000	4.014172735089	
1299.840000	4.011579127638	
1319.840000	4.008597585973	
1339.840000	4.005247014860	
1359.840000	4.001546316135	
1379.840000	3.997514321895	
1399.840000	3.993169707831	
1419.840000	3.988530895745	
1439.840000	3.983615953134	
1459.840000	3.978442496450	
1479.840000	3.973027603119	
1499.840000	3.967387735899	
1519.840000	3.961538681727	
1539.840000	3.955495505911	
1559.840000	3.949272521490	
1579.840000	3.942883272826	
1599.840000	3.936340531950	
1619.840000	3.929656305877	
1639.840000	3.922841853030	
1659.840000	3.915907706876	
1679.840000	3.908863705051	
1699.840000	3.901719022405	
1719.840000	3.894482206599	
1739.840000	3.887161215127	
1759.840000	3.879763452824	
1779.840000	3.872295809119	
1799.840000	3.864764694458	
1819.840000	3.857176075476	
1839.840000	3.849535508609	
1859.840000	3.841848171945	
1879.840000	3.834118895178	
1899.840000	3.826352187629	
1919.840000	3.818552264295	
1939.840000	3.810723069971	
1959.840000	3.802868301506	
1979.840000	3.794991428242	
1999.840000	3.787095710757	
2019.840000	3.779184217985	
2039.840000	3.771259842834	
2059.840000	3.763325316388	
2079.840000	3.755383220816	
2099.840000	3.747436001076	
2119.840000	3.739485975518	
2139.840000	3.731535345477	
2159.840000	3.723586203945	
2179.840000	3.715640543409	
2199.840000	3.707700262929	
2219.840000	3.699767174524	
2239.840000	3.691843008945	
2259.840000	3.683929420881	
2279.840000	3.676027993669	
2299.840000	3.668140243544	
2319.840000	3.660267623494	
2339.840000	3.652411526740	
2359.840000	3.644573289901	
2379.840000	3.636754195866	
2399.840000	3.628955476403	
2419.840000	3.621178314541	
2439.840000	3.613423846750	
2459.840000	3.605693164929	
2479.840000	3.597987318237	
2499.840000	3.590307314776	
