0.000000	-90.306307519297	
20.000000	-90.306243168453	
40.000000	-90.306120620056	
60.000000	-90.305990351708	
80.000000	-90.305859836413	
100.000000	-90.305729189364	
120.000000	-90.178237040872	
140.000000	-89.949196569644	
160.000000	-89.668996496206	
180.000000	-89.360113726693	
200.000000	-89.037494431982	
220.000000	-88.707261392732	
240.000000	-88.372377312990	
260.000000	-88.034608032166	
280.000000	-87.695189907449	
300.000000	-87.355074090898	
320.000000	-87.015027607174	
340.000000	-86.678281932477	
360.000000	-86.344510148653	
380.000000	-86.013075063917	
400.000000	-85.683911527969	
420.000000	-85.357150691617	
440.000000	-85.032971666021	
460.000000	-84.711546799740	
480.000000	-84.393023138382	
500.000000	-84.077517010848	
520.000000	-83.783098748939	
540.000000	-83.515593299419	
560.000000	-83.273177564979	
580.000000	-83.053757804144	
594.120000	-82.911503542575	
594.320000	-82.909558874633	
594.520000	-82.907616098832	
594.720000	-82.905675211749	
594.920000	-82.903736209919	
595.120000	-82.901799089827	
595.320000	-82.899863847911	
595.520000	-82.897930480557	
595.720000	-82.895998984099	
595.920000	-82.894069354814	
596.120000	-82.892141588920	
596.320000	-82.890215682575	
596.520000	-82.888291631872	
596.720000	-82.886369432837	
596.920000	-82.884449081425	
597.120000	-82.882530573518	
597.320000	-82.880613904918	
597.520000	-82.878699071347	
597.720000	-82.876786068440	
597.920000	-82.874874891742	
598.120000	-82.872965536700	
598.320000	-82.871057998663	
598.520000	-82.869152272871	
598.720000	-82.867248354453	
598.920000	-82.865346238419	
599.120000	-82.863445919652	
599.320000	-82.861547392902	
599.520000	-82.859650652776	
599.720000	-82.857755693734	
599.920000	-82.855862510072	
600.120000	-82.853971095919	
600.320000	-82.852081445221	
600.520000	-82.850193551732	
600.720000	-82.848307408999	
600.920000	-82.846423010347	
601.120000	-82.844540348866	
601.320000	-82.842659417392	
601.520000	-82.840780208490	
601.720000	-82.838902714428	
601.920000	-82.837026927163	
602.120000	-82.835152838309	
602.320000	-82.833280439111	
602.520000	-82.831409720416	
602.720000	-82.829540672638	
602.920000	-82.827673285720	
603.120000	-82.825807549089	
603.320000	-82.823943451613	
603.520000	-82.822080981547	
603.720000	-82.820220126468	
603.920000	-82.818360873212	
604.120000	-82.816503207795	
604.320000	-82.814647115324	
604.520000	-82.812792579898	
604.720000	-82.810939584492	
604.920000	-82.809088110821	
605.120000	-82.807238139187	
605.320000	-82.805389648297	
605.520000	-82.803542615054	
605.720000	-82.801697014301	
605.920000	-82.799852818529	
606.120000	-82.798009997519	
606.320000	-82.796168517913	
606.520000	-82.794328342694	
606.720000	-82.792489430545	
606.920000	-82.790651735060	
607.120000	-82.788815203746	
607.320000	-82.786979776768	
607.520000	-82.785145385321	
607.720000	-82.783311949516	
607.920000	-82.781479375555	
608.120000	-82.779647551901	
608.320000	-82.777816343948	
608.520000	-82.775985586408	
608.720000	-82.774155072048	
608.920000	-82.772324534384	
609.120000	-82.770493619704	
609.320000	-82.768661838916	
609.520000	-82.766828477394	
609.720000	-82.764992405167	
609.920000	-82.763151598474	
610.120000	-82.761301470120	
610.320000	-82.759419194957	
610.520000	-82.757242635976	
610.720000	-82.754532920215	
610.920000	-82.750057279215	
611.120000	-82.743574492452	
611.320000	-82.736813193339	
611.520000	-82.730471345232	
611.720000	-82.724691474534	
611.920000	-82.719331440701	
612.120000	-82.714255668004	
612.320000	-82.709467282365	
612.520000	-82.705033206210	
612.720000	-82.701067258249	
612.920000	-82.697661470343	
613.120000	-82.694623574751	
613.320000	-82.691803139795	
633.320000	-82.482957795886	
641.220000	-82.416464032807	
641.420000	-82.414851043778	
641.620000	-82.413241135691	
641.820000	-82.411634283570	
642.020000	-82.410030462735	
642.220000	-82.408429648800	
642.420000	-82.406831817667	
642.620000	-82.405236945525	
642.820000	-82.403645008839	
643.020000	-82.402055984353	
643.220000	-82.400469849080	
643.420000	-82.398886580300	
643.620000	-82.397306155555	
643.820000	-82.395728552643	
644.020000	-82.394153749617	
644.220000	-82.392581724777	
644.420000	-82.391012456669	
644.620000	-82.389445924076	
644.820000	-82.387882106019	
645.020000	-82.386320981747	
645.220000	-82.384762530738	
645.420000	-82.383206732688	
645.620000	-82.381653567515	
645.820000	-82.380103015345	
646.020000	-82.378555056515	
646.220000	-82.377009671565	
646.420000	-82.375466841233	
646.620000	-82.373926546452	
646.820000	-82.372388768346	
647.020000	-82.370853488220	
647.220000	-82.369320687562	
647.420000	-82.367790348034	
647.620000	-82.366262451470	
647.820000	-82.364736979865	
648.020000	-82.363213915378	
648.220000	-82.361693240321	
648.420000	-82.360174937156	
648.620000	-82.358658988489	
648.820000	-82.357145377064	
649.020000	-82.355634085759	
649.220000	-82.354125097577	
649.420000	-82.352618395644	
649.620000	-82.351113963200	
649.820000	-82.349611783594	
650.020000	-82.348111840275	
650.220000	-82.346614116790	
650.420000	-82.345118596771	
650.620000	-82.343625263931	
650.820000	-82.342134102058	
651.020000	-82.340645095003	
651.220000	-82.339158226672	
651.420000	-82.337673481020	
651.620000	-82.336190842040	
651.820000	-82.334710293753	
652.020000	-82.333231820198	
652.220000	-82.331755405421	
652.420000	-82.330281033461	
652.620000	-82.328808688343	
652.820000	-82.327338354059	
653.020000	-82.325870014557	
653.220000	-82.324403653725	
653.420000	-82.322939255372	
653.620000	-82.321476803218	
653.820000	-82.320016280863	
654.020000	-82.318557671778	
654.220000	-82.317100959274	
654.420000	-82.315646126482	
654.620000	-82.314193156323	
654.820000	-82.312742031481	
655.020000	-82.311292734370	
655.220000	-82.309845247096	
655.420000	-82.308399551417	
655.620000	-82.306955628705	
655.820000	-82.305513459886	
656.020000	-82.304073025395	
656.220000	-82.302634305108	
656.420000	-82.301197278274	
656.620000	-82.299761923433	
656.820000	-82.298328218332	
657.020000	-82.296896139814	
657.220000	-82.295465663708	
657.420000	-82.294036764684	
657.620000	-82.292609416103	
657.820000	-82.291183589827	
658.020000	-82.289759256004	
658.220000	-82.288336382812	
658.420000	-82.286914936154	
658.620000	-82.285494879294	
658.820000	-82.284076172412	
659.020000	-82.282658772072	
659.220000	-82.281242630548	
659.420000	-82.279827695008	
659.620000	-82.278413906460	
659.820000	-82.277001198427	
660.020000	-82.275589495210	
660.220000	-82.274178709603	
660.420000	-82.272768739813	
660.620000	-82.271359465213	
660.820000	-82.269950740331	
661.020000	-82.268542386070	
661.220000	-82.267134176365	
661.420000	-82.265725816955	
661.620000	-82.264316909486	
661.820000	-82.262906885830	
662.020000	-82.261494873957	
662.220000	-82.260079374840	
662.420000	-82.258657224999	
662.620000	-82.257216520736	
662.820000	-82.255595055524	
663.020000	-82.253543193003	
663.220000	-82.250052052174	
663.420000	-82.245030908838	
663.620000	-82.239802134219	
663.820000	-82.234894952515	
664.020000	-82.230417836898	
664.220000	-82.226256109369	
664.420000	-82.222287856310	
664.620000	-82.218503863210	
664.820000	-82.214946758689	
665.020000	-82.211697291254	
665.220000	-82.208836800141	
665.420000	-82.206252990375	
665.620000	-82.203838765098	
665.820000	-82.201533884771	
685.820000	-82.031499759638	
688.540000	-82.013171646779	
688.740000	-82.011852464077	
688.940000	-82.010536982433	
689.140000	-82.009225165521	
689.340000	-82.007916977475	
689.540000	-82.006612382886	
689.740000	-82.005311346795	
689.940000	-82.004013834687	
690.140000	-82.002719812486	
690.340000	-82.001429246550	
690.540000	-82.000142103663	
690.740000	-81.998858351033	
690.940000	-81.997577956284	
691.140000	-81.996300887452	
691.340000	-81.995027112980	
691.540000	-81.993756601711	
691.740000	-81.992489322883	
691.940000	-81.991225246128	
692.140000	-81.989964341460	
692.340000	-81.988706579275	
692.540000	-81.987451930345	
692.740000	-81.986200365811	
692.940000	-81.984951857181	
693.140000	-81.983706376323	
693.340000	-81.982463895461	
693.540000	-81.981224387168	
693.740000	-81.979987824366	
693.940000	-81.978754180316	
694.140000	-81.977523428617	
694.340000	-81.976295543199	
694.540000	-81.975070498321	
694.740000	-81.973848268561	
694.940000	-81.972628828818	
695.140000	-81.971412154304	
695.340000	-81.970198220539	
695.540000	-81.968987003347	
695.740000	-81.967778478855	
695.940000	-81.966572623482	
696.140000	-81.965369413939	
696.340000	-81.964168827224	
696.540000	-81.962970840617	
696.740000	-81.961775431676	
696.940000	-81.960582578234	
697.140000	-81.959392258390	
697.340000	-81.958204450510	
697.540000	-81.957019133221	
697.740000	-81.955836285405	
697.940000	-81.954655886198	
698.140000	-81.953477914982	
698.340000	-81.952302351383	
698.540000	-81.951129175267	
698.740000	-81.949958366736	
698.940000	-81.948789906121	
699.140000	-81.947623773980	
699.340000	-81.946459951094	
699.540000	-81.945298418464	
699.740000	-81.944139157301	
699.940000	-81.942982149029	
700.140000	-81.941827375276	
700.340000	-81.940674817872	
700.540000	-81.939524458843	
700.740000	-81.938376280408	
700.940000	-81.937230264973	
701.140000	-81.936086395128	
701.340000	-81.934944653644	
701.540000	-81.933805023465	
701.740000	-81.932667487705	
701.940000	-81.931532029643	
702.140000	-81.930398632721	
702.340000	-81.929267280535	
702.540000	-81.928137956832	
702.740000	-81.927010645507	
702.940000	-81.925885330595	
703.140000	-81.924761996266	
703.340000	-81.923640626823	
703.540000	-81.922521206691	
703.740000	-81.921403720419	
703.940000	-81.920288152666	
704.140000	-81.919174488201	
704.340000	-81.918062711894	
704.540000	-81.916952808711	
704.740000	-81.915844763708	
704.940000	-81.914738562021	
705.140000	-81.913634188863	
705.340000	-81.912531629513	
705.540000	-81.911430869310	
705.740000	-81.910331893645	
705.940000	-81.909234687952	
706.140000	-81.908139237698	
706.340000	-81.907045528375	
706.540000	-81.905953545488	
706.740000	-81.904863274547	
706.940000	-81.903774701051	
707.140000	-81.902687810481	
707.340000	-81.901602588282	
707.540000	-81.900519019852	
707.740000	-81.899437090526	
707.940000	-81.898356785558	
708.140000	-81.897278090105	
708.340000	-81.896200989208	
708.540000	-81.895125467770	
708.740000	-81.894051510531	
708.940000	-81.892979102046	
709.140000	-81.891908226659	
709.340000	-81.890838868465	
709.540000	-81.889771011285	
709.740000	-81.888704638622	
709.940000	-81.887639733624	
710.140000	-81.886576279034	
710.340000	-81.885514257141	
710.540000	-81.884453649719	
710.740000	-81.883394437963	
710.940000	-81.882336602409	
711.140000	-81.881280122854	
711.340000	-81.880224978256	
711.540000	-81.879171146618	
711.740000	-81.878118604861	
711.940000	-81.877067328669	
712.140000	-81.876017292312	
712.340000	-81.874968468435	
712.540000	-81.873920827812	
712.740000	-81.872874339045	
712.940000	-81.871828968204	
713.140000	-81.870784678396	
713.340000	-81.869741429227	
713.540000	-81.868699176138	
713.740000	-81.867657869573	
713.940000	-81.866617453920	
714.140000	-81.865577866146	
714.340000	-81.864539033999	
714.540000	-81.863500873615	
714.740000	-81.862463286240	
714.940000	-81.861426153628	
715.140000	-81.860389331401	
715.340000	-81.859352639086	
715.540000	-81.858315844494	
715.740000	-81.857278637809	
715.940000	-81.856240585296	
716.140000	-81.855201037798	
716.340000	-81.854158920701	
716.540000	-81.853112114867	
716.740000	-81.852054229647	
716.940000	-81.850900790708	
717.140000	-81.849432327393	
717.340000	-81.846943216390	
717.540000	-81.843174498216	
717.740000	-81.839171889183	
717.940000	-81.835376729781	
718.140000	-81.831899895586	
718.340000	-81.828665089748	
718.540000	-81.825558878119	
718.740000	-81.822560271726	
718.940000	-81.819698142140	
719.140000	-81.817030671969	
719.340000	-81.814629584908	
719.540000	-81.812438684072	
719.740000	-81.810380095082	
719.940000	-81.808411099788	
720.140000	-81.806499686389	
740.140000	-81.669514573188	
743.440000	-81.652716338841	
743.640000	-81.651730552542	
743.840000	-81.650748222750	
744.040000	-81.649769313998	
744.240000	-81.648793791292	
744.440000	-81.647821620104	
744.640000	-81.646852766367	
744.840000	-81.645887196468	
745.040000	-81.644924877246	
745.240000	-81.643965775982	
745.440000	-81.643009860398	
745.640000	-81.642057098647	
745.840000	-81.641107459314	
746.040000	-81.640160911404	
746.240000	-81.639217424342	
746.440000	-81.638276967967	
746.640000	-81.637339512524	
746.840000	-81.636405028662	
747.040000	-81.635473487428	
747.240000	-81.634544860263	
747.440000	-81.633619118996	
747.640000	-81.632696235839	
747.840000	-81.631776183385	
748.040000	-81.630858934598	
748.240000	-81.629944462815	
748.440000	-81.629032741737	
748.640000	-81.628123745425	
748.840000	-81.627217448296	
749.040000	-81.626313825119	
749.240000	-81.625412851012	
749.440000	-81.624514501432	
749.640000	-81.623618752179	
749.840000	-81.622725579385	
750.040000	-81.621834959512	
750.240000	-81.620946869348	
750.440000	-81.620061286006	
750.640000	-81.619178186913	
750.840000	-81.618297549811	
751.040000	-81.617419352753	
751.240000	-81.616543574098	
751.440000	-81.615670192506	
751.640000	-81.614799186936	
751.840000	-81.613930536641	
752.040000	-81.613064221165	
752.240000	-81.612200220339	
752.440000	-81.611338514278	
752.640000	-81.610479083376	
752.840000	-81.609621908304	
753.040000	-81.608766970004	
753.240000	-81.607914249690	
753.440000	-81.607063728838	
753.640000	-81.606215389190	
753.840000	-81.605369212744	
754.040000	-81.604525181756	
754.240000	-81.603683278733	
754.440000	-81.602843486432	
754.640000	-81.602005787853	
754.840000	-81.601170166243	
755.040000	-81.600336605086	
755.240000	-81.599505088103	
755.440000	-81.598675599248	
755.640000	-81.597848122706	
755.840000	-81.597022642889	
756.040000	-81.596199144433	
756.240000	-81.595377612198	
756.440000	-81.594558031260	
756.640000	-81.593740386912	
756.840000	-81.592924664659	
757.040000	-81.592110850219	
757.240000	-81.591298929514	
757.440000	-81.590488888673	
757.640000	-81.589680714028	
757.840000	-81.588874392108	
758.040000	-81.588069909641	
758.240000	-81.587267253549	
758.440000	-81.586466410945	
758.640000	-81.585667369133	
758.840000	-81.584870115602	
759.040000	-81.584074638027	
759.240000	-81.583280924265	
759.440000	-81.582488962351	
759.640000	-81.581698740501	
759.840000	-81.580910247101	
760.040000	-81.580123470715	
760.240000	-81.579338400073	
760.440000	-81.578555024077	
760.640000	-81.577773331792	
760.840000	-81.576993312449	
761.040000	-81.576214955440	
761.240000	-81.575438250317	
761.440000	-81.574663186789	
761.640000	-81.573889754721	
761.840000	-81.573117944131	
762.040000	-81.572347745190	
762.240000	-81.571579148216	
762.440000	-81.570812143676	
762.640000	-81.570046722183	
762.840000	-81.569282874492	
763.040000	-81.568520591503	
763.240000	-81.567759864251	
763.440000	-81.567000683914	
763.640000	-81.566243041804	
763.840000	-81.565486929367	
764.040000	-81.564732338182	
764.240000	-81.563979259960	
764.440000	-81.563227686541	
764.640000	-81.562477609890	
764.840000	-81.561729022102	
765.040000	-81.560981915393	
765.240000	-81.560236282102	
765.440000	-81.559492114691	
765.640000	-81.558749405737	
765.840000	-81.558008147940	
766.040000	-81.557268334111	
766.240000	-81.556529957179	
766.440000	-81.555793010184	
766.640000	-81.555057486279	
766.840000	-81.554323378726	
767.040000	-81.553590680896	
767.240000	-81.552859386266	
767.440000	-81.552129488418	
767.640000	-81.551400981042	
767.840000	-81.550673857925	
768.040000	-81.549948112960	
768.240000	-81.549223740137	
768.440000	-81.548500733545	
768.640000	-81.547779087371	
768.840000	-81.547058795896	
769.040000	-81.546339853498	
769.240000	-81.545622254645	
769.440000	-81.544905993899	
769.640000	-81.544191065910	
769.840000	-81.543477465419	
770.040000	-81.542765187255	
770.240000	-81.542054226332	
770.440000	-81.541344577650	
770.640000	-81.540636236293	
770.840000	-81.539929197427	
771.040000	-81.539223456300	
771.240000	-81.538519008241	
771.440000	-81.537815848656	
771.640000	-81.537113973031	
771.840000	-81.536413376927	
772.040000	-81.535714055981	
772.240000	-81.535016005903	
772.440000	-81.534319222479	
772.640000	-81.533623701564	
772.840000	-81.532929439083	
773.040000	-81.532236431035	
773.240000	-81.531544673482	
773.440000	-81.530854162556	
773.640000	-81.530164894455	
773.840000	-81.529476865441	
774.040000	-81.528790071841	
774.240000	-81.528104510043	
774.440000	-81.527420176498	
774.640000	-81.526737067717	
774.840000	-81.526055180270	
775.040000	-81.525374510786	
775.240000	-81.524695055949	
775.440000	-81.524016812502	
775.640000	-81.523339777242	
775.840000	-81.522663947019	
776.040000	-81.521989318736	
776.240000	-81.521315889348	
776.440000	-81.520643655862	
776.640000	-81.519972615334	
776.840000	-81.519302764866	
777.040000	-81.518634101612	
777.240000	-81.517966622769	
777.440000	-81.517300325583	
777.640000	-81.516635207340	
777.840000	-81.515971265373	
778.040000	-81.515308497057	
778.240000	-81.514646899808	
778.440000	-81.513986471083	
778.640000	-81.513327208377	
778.840000	-81.512669109226	
779.040000	-81.512012171202	
779.240000	-81.511356391915	
779.440000	-81.510701769008	
779.640000	-81.510048300163	
779.840000	-81.509395983092	
780.040000	-81.508744815542	
780.240000	-81.508094795292	
780.440000	-81.507445920151	
780.640000	-81.506798187959	
780.840000	-81.506151596586	
781.040000	-81.505506143930	
781.240000	-81.504861827916	
781.440000	-81.504218646497	
781.640000	-81.503576597650	
781.840000	-81.502935679380	
782.040000	-81.502295889714	
782.240000	-81.501657226704	
782.440000	-81.501019688423	
782.640000	-81.500383272968	
782.840000	-81.499747978457	
783.040000	-81.499113803026	
783.240000	-81.498480744834	
783.440000	-81.497848802057	
783.640000	-81.497217972891	
783.840000	-81.496588255546	
784.040000	-81.495959648254	
784.240000	-81.495332149260	
784.440000	-81.494705756825	
784.640000	-81.494080469226	
784.840000	-81.493456284752	
785.040000	-81.492833201710	
785.240000	-81.492211218417	
785.440000	-81.491590333202	
785.640000	-81.490970544409	
785.840000	-81.490351850391	
786.040000	-81.489734249514	
786.240000	-81.489117740152	
786.440000	-81.488502320690	
786.640000	-81.487887989525	
786.840000	-81.487274745059	
787.040000	-81.486662585704	
787.240000	-81.486051509883	
787.440000	-81.485441516021	
787.640000	-81.484832602556	
787.840000	-81.484224767930	
788.040000	-81.483618010592	
788.240000	-81.483012328996	
788.440000	-81.482407721604	
788.640000	-81.481804186883	
788.840000	-81.481201723303	
789.040000	-81.480600329342	
789.240000	-81.480000003481	
789.440000	-81.479400744206	
789.640000	-81.478802550005	
789.840000	-81.478205419372	
790.040000	-81.477609350804	
790.240000	-81.477014342801	
790.440000	-81.476420393867	
790.640000	-81.475827502508	
790.840000	-81.475235667233	
791.040000	-81.474644886553	
791.240000	-81.474055158983	
791.440000	-81.473466483039	
791.640000	-81.472878857239	
791.840000	-81.472292280104	
792.040000	-81.471706750155	
792.240000	-81.471122265918	
792.440000	-81.470538825917	
792.640000	-81.469956428680	
792.840000	-81.469375072736	
793.040000	-81.468794756614	
793.240000	-81.468215478847	
793.440000	-81.467637237966	
793.640000	-81.467060032507	
793.840000	-81.466483861004	
794.040000	-81.465908721993	
794.240000	-81.465334614013	
794.440000	-81.464761535601	
794.640000	-81.464189485298	
794.840000	-81.463618461644	
795.040000	-81.463048463182	
795.240000	-81.462479488454	
795.440000	-81.461911536004	
795.640000	-81.461344604378	
795.840000	-81.460778692122	
796.040000	-81.460213797783	
796.240000	-81.459649919911	
796.440000	-81.459087057055	
796.640000	-81.458525207766	
796.840000	-81.457964370597	
797.040000	-81.457404544101	
797.240000	-81.456845726834	
797.440000	-81.456287917351	
797.640000	-81.455731114211	
797.840000	-81.455175315974	
798.040000	-81.454620521199	
798.240000	-81.454066728450	
798.440000	-81.453513936291	
798.640000	-81.452962143288	
798.840000	-81.452411348007	
799.040000	-81.451861549020	
799.240000	-81.451312744896	
799.440000	-81.450764934210	
799.640000	-81.450218115537	
799.840000	-81.449672287453	
800.040000	-81.449127448538	
800.240000	-81.448583597374	
800.440000	-81.448040732544	
800.640000	-81.447498852635	
800.840000	-81.446957956235	
801.040000	-81.446418041935	
801.240000	-81.445879108328	
801.440000	-81.445341154009	
801.640000	-81.444804177578	
801.840000	-81.444268177635	
802.040000	-81.443733152785	
802.240000	-81.443199101632	
802.440000	-81.442666022788	
802.640000	-81.442133914863	
802.840000	-81.441602776474	
803.040000	-81.441072606237	
803.240000	-81.440543402775	
803.440000	-81.440015164711	
803.640000	-81.439487890672	
803.840000	-81.438961579288	
804.040000	-81.438436229194	
804.240000	-81.437911839026	
804.440000	-81.437388407425	
804.640000	-81.436865933033	
804.840000	-81.436344414497	
805.040000	-81.435823850468	
805.240000	-81.435304239600	
805.440000	-81.434785580549	
805.640000	-81.434267871977	
805.840000	-81.433751112547	
806.040000	-81.433235300927	
806.240000	-81.432720435789	
806.440000	-81.432206515808	
806.640000	-81.431693539663	
806.840000	-81.431181506036	
807.040000	-81.430670413614	
807.240000	-81.430160261086	
807.440000	-81.429651047146	
807.640000	-81.429142770492	
807.840000	-81.428635429826	
808.040000	-81.428129023851	
808.240000	-81.427623551278	
808.440000	-81.427119010820	
808.640000	-81.426615401193	
808.840000	-81.426112721117	
809.040000	-81.425610969318	
809.240000	-81.425110144525	
809.440000	-81.424610245468	
809.640000	-81.424111270886	
809.840000	-81.423613219519	
810.040000	-81.423116090110	
810.240000	-81.422619881408	
810.440000	-81.422124592165	
810.640000	-81.421630221138	
810.840000	-81.421136767087	
811.040000	-81.420644228776	
811.240000	-81.420152604973	
811.440000	-81.419661894450	
811.640000	-81.419172095984	
811.840000	-81.418683208354	
812.040000	-81.418195230344	
812.240000	-81.417708160743	
812.440000	-81.417221998343	
812.640000	-81.416736741939	
812.840000	-81.416252390331	
813.040000	-81.415768942323	
813.240000	-81.415286396723	
813.440000	-81.414804752342	
813.640000	-81.414324007997	
813.840000	-81.413844162506	
814.040000	-81.413365214693	
814.240000	-81.412887163384	
814.440000	-81.412410007413	
814.640000	-81.411933745612	
814.840000	-81.411458376821	
815.040000	-81.410983899884	
815.240000	-81.410510313645	
815.440000	-81.410037616956	
815.640000	-81.409565808670	
815.840000	-81.409094887646	
816.040000	-81.408624852745	
816.240000	-81.408155702832	
816.440000	-81.407687436776	
816.640000	-81.407220053451	
816.840000	-81.406753551732	
817.040000	-81.406287930500	
817.240000	-81.405823188639	
817.440000	-81.405359325036	
817.640000	-81.404896338582	
817.840000	-81.404434228172	
818.040000	-81.403972992704	
818.240000	-81.403512631080	
818.440000	-81.403053142204	
818.640000	-81.402594524987	
818.840000	-81.402136778341	
819.040000	-81.401679901181	
819.240000	-81.401223892426	
819.440000	-81.400768751000	
819.640000	-81.400314475829	
819.840000	-81.399861065841	
820.040000	-81.399408519972	
820.240000	-81.398956837155	
820.440000	-81.398506016332	
820.640000	-81.398056056445	
820.840000	-81.397606956441	
821.040000	-81.397158715269	
821.240000	-81.396711331882	
821.440000	-81.396264805236	
821.640000	-81.395819134290	
821.840000	-81.395374318008	
822.040000	-81.394930355354	
822.240000	-81.394487245297	
822.440000	-81.394044986809	
822.640000	-81.393603578866	
822.840000	-81.393163020446	
823.040000	-81.392723310529	
823.240000	-81.392284448099	
823.440000	-81.391846432146	
823.640000	-81.391409261657	
823.840000	-81.390972935627	
824.040000	-81.390537453053	
824.240000	-81.390102812932	
824.440000	-81.389669014267	
824.640000	-81.389236056064	
824.840000	-81.388803937330	
825.040000	-81.388372657075	
825.240000	-81.387942214313	
825.440000	-81.387512608061	
825.640000	-81.387083837338	
825.840000	-81.386655901166	
826.040000	-81.386228798568	
826.240000	-81.385802528574	
826.440000	-81.385377090212	
826.640000	-81.384952482516	
826.840000	-81.384528704521	
827.040000	-81.384105755266	
827.240000	-81.383683633791	
827.440000	-81.383262339139	
827.640000	-81.382841870357	
827.840000	-81.382422226493	
828.040000	-81.382003406598	
828.240000	-81.381585409726	
828.440000	-81.381168234933	
828.640000	-81.380751881279	
828.840000	-81.380336347823	
829.040000	-81.379921633630	
829.240000	-81.379507737765	
829.440000	-81.379094659298	
829.640000	-81.378682397299	
829.840000	-81.378270950842	
830.040000	-81.377860319002	
830.240000	-81.377450500858	
830.440000	-81.377041495489	
830.640000	-81.376633301979	
830.840000	-81.376225919412	
831.040000	-81.375819346876	
831.240000	-81.375413583461	
831.440000	-81.375008628257	
831.640000	-81.374604480361	
831.840000	-81.374201138867	
832.040000	-81.373798602874	
832.240000	-81.373396871483	
832.440000	-81.372995943798	
832.640000	-81.372595818922	
832.840000	-81.372196495963	
833.040000	-81.371797974031	
833.240000	-81.371400252236	
833.440000	-81.371003329693	
833.640000	-81.370607205517	
833.840000	-81.370211878826	
834.040000	-81.369817348739	
834.240000	-81.369423614378	
834.440000	-81.369030674867	
834.640000	-81.368638529333	
834.840000	-81.368247176901	
835.040000	-81.367856616703	
835.240000	-81.367466847871	
835.440000	-81.367077869537	
835.640000	-81.366689680837	
835.840000	-81.366302280910	
836.040000	-81.365915668894	
836.240000	-81.365529843931	
836.440000	-81.365144805164	
836.640000	-81.364760551738	
836.840000	-81.364377082801	
837.040000	-81.363994397501	
837.240000	-81.363612494988	
837.440000	-81.363231374416	
837.640000	-81.362851034939	
837.840000	-81.362471475712	
838.040000	-81.362092695894	
838.240000	-81.361714694644	
838.440000	-81.361337471123	
838.640000	-81.360961024496	
838.840000	-81.360585353926	
839.040000	-81.360210458581	
839.240000	-81.359836337628	
839.440000	-81.359462990239	
839.640000	-81.359090415583	
839.840000	-81.358718612836	
840.040000	-81.358347581172	
840.240000	-81.357977319768	
840.440000	-81.357607827802	
840.640000	-81.357239104455	
840.840000	-81.356871148908	
841.040000	-81.356503960344	
841.240000	-81.356137537948	
841.440000	-81.355771880907	
841.640000	-81.355406988409	
841.840000	-81.355042859644	
842.040000	-81.354679493802	
842.240000	-81.354316890077	
842.440000	-81.353955047663	
842.640000	-81.353593965756	
842.840000	-81.353233643553	
843.040000	-81.352874080253	
843.240000	-81.352515275057	
843.440000	-81.352157227167	
843.640000	-81.351799935786	
843.840000	-81.351443400119	
844.040000	-81.351087619373	
844.240000	-81.350732592755	
844.440000	-81.350378319475	
844.640000	-81.350024798743	
844.840000	-81.349672029772	
845.040000	-81.349320011776	
845.240000	-81.348968743969	
845.440000	-81.348618225568	
845.640000	-81.348268455791	
845.840000	-81.347919433858	
846.040000	-81.347571158989	
846.240000	-81.347223630406	
846.440000	-81.346876847333	
846.640000	-81.346530808994	
846.840000	-81.346185514616	
847.040000	-81.345840963426	
847.240000	-81.345497154654	
847.440000	-81.345154087529	
847.640000	-81.344811761284	
847.840000	-81.344470175150	
848.040000	-81.344129328363	
848.240000	-81.343789220158	
848.440000	-81.343449849772	
848.640000	-81.343111216442	
848.840000	-81.342773319410	
849.040000	-81.342436157914	
849.240000	-81.342099731197	
849.440000	-81.341764038503	
849.640000	-81.341429079076	
849.840000	-81.341094852162	
850.040000	-81.340761357008	
850.240000	-81.340428592862	
850.440000	-81.340096558974	
850.640000	-81.339765254595	
850.840000	-81.339434678976	
851.040000	-81.339104831372	
851.240000	-81.338775711035	
851.440000	-81.338447317223	
851.640000	-81.338119649192	
851.840000	-81.337792706199	
852.040000	-81.337466487505	
852.240000	-81.337140992370	
852.440000	-81.336816220055	
852.640000	-81.336492169823	
852.840000	-81.336168840939	
853.040000	-81.335846232667	
853.240000	-81.335524344273	
853.440000	-81.335203175026	
853.640000	-81.334882724193	
853.840000	-81.334562991045	
854.040000	-81.334243974852	
854.240000	-81.333925674886	
854.440000	-81.333608090421	
854.640000	-81.333291220731	
854.840000	-81.332975065091	
855.040000	-81.332659622778	
855.240000	-81.332344893069	
855.440000	-81.332030875243	
855.640000	-81.331717568580	
855.840000	-81.331404972361	
856.040000	-81.331093085868	
856.240000	-81.330781908383	
856.440000	-81.330471439192	
856.640000	-81.330161677579	
856.840000	-81.329852622831	
857.040000	-81.329544274234	
857.240000	-81.329236631078	
857.440000	-81.328929692652	
857.640000	-81.328623458247	
857.840000	-81.328317927153	
858.040000	-81.328013098665	
858.240000	-81.327708972074	
858.440000	-81.327405546677	
858.640000	-81.327102821769	
858.840000	-81.326800796647	
859.040000	-81.326499470608	
859.240000	-81.326198842951	
859.440000	-81.325898912977	
859.640000	-81.325599679986	
859.840000	-81.325301143279	
879.840000	-81.298847987577	
899.840000	-81.278705092238	
919.840000	-81.264294558541	
939.840000	-81.255100061735	
959.840000	-81.250657976709	
979.840000	-81.250550982251	
999.840000	-81.254402942606	
1019.840000	-81.261874556553	
1039.840000	-81.272659539821	
1059.840000	-81.286481223156	
1079.840000	-81.303089500442	
1099.840000	-81.322258081565	
1119.840000	-81.343782011149	
1139.840000	-81.367475480886	
1159.840000	-81.393169842984	
1179.840000	-81.420711819561	
1199.840000	-81.449961911237	
1219.840000	-81.480792978210	
1239.840000	-81.513088972533	
1259.840000	-81.546743806090	
1279.840000	-81.581660339715	
1299.840000	-81.617749479995	
1319.840000	-81.654929371803	
1339.840000	-81.693124675936	
1359.840000	-81.732265922492	
1379.840000	-81.772288931802	
1399.840000	-81.813134295715	
1419.840000	-81.854746912948	
1439.840000	-81.897075572949	
1459.840000	-81.940072583330	
1479.840000	-81.983693436482	
1499.840000	-82.027896511401	
1519.840000	-82.072642807138	
1539.840000	-82.117895704617	
1559.840000	-82.163620753860	
1579.840000	-82.209785483922	
1599.840000	-82.256359233092	
1619.840000	-82.303312997148	
1639.840000	-82.350619293660	
1659.840000	-82.398252040560	
1679.840000	-82.446186447359	
1699.840000	-82.494398917587	
1719.840000	-82.542866961173	
1739.840000	-82.591569115652	
1759.840000	-82.640484875178	
1779.840000	-82.689594626477	
1799.840000	-82.738879590957	
1819.840000	-82.788321772284	
1839.840000	-82.837903908834	
1859.840000	-82.887609430466	
1879.840000	-82.937422419171	
1899.840000	-82.987327573166	
1919.840000	-83.037310174076	
1939.840000	-83.087356056870	
1959.840000	-83.137451582283	
1979.840000	-83.187583611452	
1999.840000	-83.237739482554	
2019.840000	-83.287906989236	
2039.840000	-83.338074360669	
2059.840000	-83.388230243056	
2079.840000	-83.438363682467	
2099.840000	-83.488464108860	
2119.840000	-83.538521321184	
2139.840000	-83.588525473462	
2159.840000	-83.638467061762	
2179.840000	-83.688336911969	
2199.840000	-83.738126168300	
2219.840000	-83.787826282483	
2239.840000	-83.837429003543	
2259.840000	-83.886926368150	
2279.840000	-83.936310691472	
2299.840000	-83.985574558494	
2319.840000	-84.034710815771	
2339.840000	-84.083712563564	
2359.840000	-84.132573148343	
2379.840000	-84.181286155622	
2399.840000	-84.229845403097	
2419.840000	-84.278244934079	
2439.840000	-84.326479011173	
2459.840000	-84.374542110218	
2479.840000	-84.422428914441	
2499.840000	-84.470134308829	
