0.000000	-74.948881518753	
20.000000	-74.948830038078	
40.000000	-74.948731999360	
60.000000	-74.948627784682	
80.000000	-74.948523372446	
100.000000	-74.948418854807	
120.000000	-74.846425136013	
140.000000	-74.663192759031	
160.000000	-74.439032700280	
180.000000	-74.191926484670	
200.000000	-73.933831048901	
220.000000	-73.669644617501	
240.000000	-73.401737353707	
260.000000	-73.131521929049	
280.000000	-72.859987429275	
300.000000	-72.587894776034	
320.000000	-72.315857589055	
340.000000	-72.046461049297	
360.000000	-71.779443622238	
380.000000	-71.514295554450	
400.000000	-71.250964725691	
420.000000	-70.989556056609	
440.000000	-70.730212836132	
460.000000	-70.473072943108	
480.000000	-70.218254014021	
500.000000	-69.965849111994	
520.000000	-69.730314502467	
540.000000	-69.516310142851	
560.000000	-69.322377555299	
580.000000	-69.146841746631	
594.120000	-69.033038337376	
594.320000	-69.031482603022	
594.520000	-69.029928382381	
594.720000	-69.028375672715	
594.920000	-69.026824471251	
595.120000	-69.025274775177	
595.320000	-69.023726581644	
595.520000	-69.022179887761	
595.720000	-69.020634690595	
595.920000	-69.019090987167	
596.120000	-69.017548774451	
596.320000	-69.016008049375	
596.520000	-69.014468808813	
596.720000	-69.012931049585	
596.920000	-69.011394768456	
597.120000	-69.009859962130	
597.320000	-69.008326627250	
597.520000	-69.006794760393	
597.720000	-69.005264358068	
597.920000	-69.003735416709	
598.120000	-69.002207932676	
598.320000	-69.000681902246	
598.520000	-68.999157321613	
598.720000	-68.997634186878	
598.920000	-68.996112494051	
599.120000	-68.994592239037	
599.320000	-68.993073417637	
599.520000	-68.991556025537	
599.720000	-68.990040058303	
599.920000	-68.988525511373	
600.120000	-68.987012380051	
600.320000	-68.985500659493	
600.520000	-68.983990344702	
600.720000	-68.982481430515	
600.920000	-68.980973911593	
601.120000	-68.979467782409	
601.320000	-68.977963037230	
601.520000	-68.976459670107	
601.720000	-68.974957674858	
601.920000	-68.973457045046	
602.120000	-68.971957773963	
602.320000	-68.970459854605	
602.520000	-68.968963279649	
602.720000	-68.967468041426	
602.920000	-68.965974131891	
603.120000	-68.964481542587	
603.320000	-68.962990264606	
603.520000	-68.961500288553	
603.720000	-68.960011604490	
603.920000	-68.958524201885	
604.120000	-68.957038069551	
604.320000	-68.955553195575	
604.520000	-68.954069567234	
604.720000	-68.952587170910	
604.920000	-68.951105991972	
605.120000	-68.949626014665	
605.320000	-68.948147221953	
605.520000	-68.946669595359	
605.720000	-68.945193114756	
605.920000	-68.943717758139	
606.120000	-68.942243501331	
606.320000	-68.940770317646	
606.520000	-68.939298177471	
606.720000	-68.937827047752	
606.920000	-68.936356891364	
607.120000	-68.934887666313	
607.320000	-68.933419324730	
607.520000	-68.931951811572	
607.720000	-68.930485062928	
607.920000	-68.929019003760	
608.120000	-68.927553544836	
608.320000	-68.926088578474	
608.520000	-68.924623972442	
608.720000	-68.923159560954	
608.920000	-68.921695130822	
609.120000	-68.920230399079	
609.320000	-68.918764974449	
609.520000	-68.917298285231	
609.720000	-68.915829427449	
609.920000	-68.914356782095	
610.120000	-68.912876679412	
610.320000	-68.911370859281	
610.520000	-68.909629612097	
610.720000	-68.907461839488	
610.920000	-68.903881326688	
611.120000	-68.898695097278	
611.320000	-68.893286057987	
611.520000	-68.888212579501	
611.720000	-68.883588682943	
611.920000	-68.879300655877	
612.120000	-68.875240037719	
612.320000	-68.871409329207	
612.520000	-68.867862068284	
612.720000	-68.864689309915	
612.920000	-68.861964679590	
613.120000	-68.859534363117	
613.320000	-68.857278015152	
633.320000	-68.690201740025	
641.220000	-68.637006729562	
641.420000	-68.635716338338	
641.620000	-68.634428411869	
641.820000	-68.633142930172	
642.020000	-68.631859873504	
642.220000	-68.630579222356	
642.420000	-68.629300957450	
642.620000	-68.628025059735	
642.820000	-68.626751510387	
643.020000	-68.625480290798	
643.220000	-68.624211382580	
643.420000	-68.622944767556	
643.620000	-68.621680427759	
643.820000	-68.620418345430	
644.020000	-68.619158503009	
644.220000	-68.617900883137	
644.420000	-68.616645468651	
644.620000	-68.615392242577	
644.820000	-68.614141188131	
645.020000	-68.612892288714	
645.220000	-68.611645527906	
645.420000	-68.610400889466	
645.620000	-68.609158357327	
645.820000	-68.607917915591	
646.020000	-68.606679548527	
646.220000	-68.605443240567	
646.420000	-68.604208976302	
646.620000	-68.602976740478	
646.820000	-68.601746517992	
647.020000	-68.600518293891	
647.220000	-68.599292053365	
647.420000	-68.598067781743	
647.620000	-68.596845464491	
647.820000	-68.595625087208	
648.020000	-68.594406635618	
648.220000	-68.593190095573	
648.420000	-68.591975453041	
648.620000	-68.590762694107	
648.820000	-68.589551804967	
649.020000	-68.588342771923	
649.220000	-68.587135581377	
649.420000	-68.585930219831	
649.620000	-68.584726673876	
649.820000	-68.583524930191	
650.020000	-68.582324975536	
650.220000	-68.581126796747	
650.420000	-68.579930380732	
650.620000	-68.578735714461	
650.820000	-68.577542784962	
651.020000	-68.576351579318	
651.220000	-68.575162084653	
651.420000	-68.573974288132	
651.620000	-68.572788176948	
651.820000	-68.571603738318	
652.020000	-68.570420959474	
652.220000	-68.569239827652	
652.420000	-68.568060330085	
652.620000	-68.566882453990	
652.820000	-68.565706186563	
653.020000	-68.564531514961	
653.220000	-68.563358426295	
653.420000	-68.562186907614	
653.620000	-68.561016945890	
653.820000	-68.559848528006	
654.020000	-68.558681640738	
654.220000	-68.557516270735	
654.420000	-68.556352404501	
654.620000	-68.555190028374	
654.820000	-68.554029128501	
655.020000	-68.552869690812	
655.220000	-68.551711700992	
655.420000	-68.550555144450	
655.620000	-68.549400006279	
655.820000	-68.548246271225	
656.020000	-68.547093923632	
656.220000	-68.545942947402	
656.420000	-68.544793325935	
656.620000	-68.543645042062	
656.820000	-68.542498077981	
657.020000	-68.541352415167	
657.220000	-68.540208034282	
657.420000	-68.539064915063	
657.620000	-68.537923036198	
657.820000	-68.536782375178	
658.020000	-68.535642908119	
658.220000	-68.534504609565	
658.420000	-68.533367452239	
658.620000	-68.532231406751	
658.820000	-68.531096441246	
659.020000	-68.529962520973	
659.220000	-68.528829607754	
659.420000	-68.527697659322	
659.620000	-68.526566628484	
659.820000	-68.525436462058	
660.020000	-68.524307099484	
660.220000	-68.523178470998	
660.420000	-68.522050495166	
660.620000	-68.520923075486	
660.820000	-68.519796095581	
661.020000	-68.518669412172	
661.220000	-68.517542844408	
661.420000	-68.516416156879	
661.620000	-68.515289030904	
661.820000	-68.514161011980	
662.020000	-68.513031402481	
662.220000	-68.511899003188	
662.420000	-68.510761283315	
662.620000	-68.509608719905	
662.820000	-68.508311547735	
663.020000	-68.506670057718	
663.220000	-68.503877145055	
663.420000	-68.499860230386	
663.620000	-68.495677210691	
663.820000	-68.491751465328	
664.020000	-68.488169772834	
664.220000	-68.484840390811	
664.420000	-68.481665788364	
664.620000	-68.478638593883	
664.820000	-68.475792910267	
665.020000	-68.473193336319	
665.220000	-68.470904943429	
665.420000	-68.468837895616	
665.620000	-68.466906515394	
665.820000	-68.465062611132	
685.820000	-68.329035311026	
688.540000	-68.314372820739	
688.740000	-68.313317474577	
688.940000	-68.312265089262	
689.140000	-68.311215635732	
689.340000	-68.310169085296	
689.540000	-68.309125409624	
689.740000	-68.308084580751	
689.940000	-68.307046571065	
690.140000	-68.306011353305	
690.340000	-68.304978900555	
690.540000	-68.303949186246	
690.740000	-68.302922184142	
690.940000	-68.301897868343	
691.140000	-68.300876213277	
691.340000	-68.299857193700	
691.540000	-68.298840784684	
691.740000	-68.297826961622	
691.940000	-68.296815700218	
692.140000	-68.295806976484	
692.340000	-68.294800766736	
692.540000	-68.293797047592	
692.740000	-68.292795795965	
692.940000	-68.291796989061	
693.140000	-68.290800604374	
693.340000	-68.289806619684	
693.540000	-68.288815013050	
693.740000	-68.287825762808	
693.940000	-68.286838847569	
694.140000	-68.285854246209	
694.340000	-68.284871937875	
694.540000	-68.283891901972	
694.740000	-68.282914118164	
694.940000	-68.281938566370	
695.140000	-68.280965226759	
695.340000	-68.279994079747	
695.540000	-68.279025105994	
695.740000	-68.278058286400	
695.940000	-68.277093602101	
696.140000	-68.276131034467	
696.340000	-68.275170565095	
696.540000	-68.274212175809	
696.740000	-68.273255848657	
696.940000	-68.272301565903	
697.140000	-68.271349310027	
697.340000	-68.270399063723	
697.540000	-68.269450809892	
697.740000	-68.268504531640	
697.940000	-68.267560212274	
698.140000	-68.266617835301	
698.340000	-68.265677384422	
698.540000	-68.264738843530	
698.740000	-68.263802196704	
698.940000	-68.262867428212	
699.140000	-68.261934522499	
699.340000	-68.261003464191	
699.540000	-68.260074238087	
699.740000	-68.259146829156	
699.940000	-68.258221222539	
700.140000	-68.257297403537	
700.340000	-68.256375357614	
700.540000	-68.255455070390	
700.740000	-68.254536527642	
700.940000	-68.253619715294	
701.140000	-68.252704619418	
701.340000	-68.251791226231	
701.540000	-68.250879522088	
701.740000	-68.249969493479	
701.940000	-68.249061127030	
702.140000	-68.248154409492	
702.340000	-68.247249327744	
702.540000	-68.246345868782	
702.740000	-68.245444019722	
702.940000	-68.244543767792	
703.140000	-68.243645100329	
703.340000	-68.242748004774	
703.540000	-68.241852468669	
703.740000	-68.240958479651	
703.940000	-68.240066025448	
704.140000	-68.239175093876	
704.340000	-68.238285672831	
704.540000	-68.237397750285	
704.740000	-68.236511314282	
704.940000	-68.235626352933	
705.140000	-68.234742854406	
705.340000	-68.233860806926	
705.540000	-68.232980198763	
705.740000	-68.232101018232	
705.940000	-68.231223253677	
706.140000	-68.230346893474	
706.340000	-68.229471926015	
706.540000	-68.228598339706	
706.740000	-68.227726122953	
706.940000	-68.226855264157	
707.140000	-68.225985751700	
707.340000	-68.225117573941	
707.540000	-68.224250719197	
707.740000	-68.223385175736	
707.940000	-68.222520931762	
708.140000	-68.221657975400	
708.340000	-68.220796294682	
708.540000	-68.219935877531	
708.740000	-68.219076711740	
708.940000	-68.218218784953	
709.140000	-68.217362084643	
709.340000	-68.216506598088	
709.540000	-68.215652312344	
709.740000	-68.214799214213	
709.940000	-68.213947290215	
710.140000	-68.213096526543	
710.340000	-68.212246909029	
710.540000	-68.211398423091	
710.740000	-68.210551053686	
710.940000	-68.209704785243	
711.140000	-68.208859601599	
711.340000	-68.208015485921	
711.540000	-68.207172420610	
711.740000	-68.206330387204	
711.940000	-68.205489366251	
712.140000	-68.204649337165	
712.340000	-68.203810278064	
712.540000	-68.202972165566	
712.740000	-68.202134974552	
712.940000	-68.201298677879	
713.140000	-68.200463246033	
713.340000	-68.199628646697	
713.540000	-68.198794844226	
713.740000	-68.197961798974	
713.940000	-68.197129466452	
714.140000	-68.196297796232	
714.340000	-68.195466730515	
714.540000	-68.194636202208	
714.740000	-68.193806132308	
714.940000	-68.192976426218	
715.140000	-68.192146968436	
715.340000	-68.191317614584	
715.540000	-68.190488178911	
715.740000	-68.189658413563	
715.940000	-68.188827971552	
716.140000	-68.187996333554	
716.340000	-68.187162639876	
716.540000	-68.186325195209	
716.740000	-68.185478887033	
716.940000	-68.184556135882	
717.140000	-68.183381365230	
717.340000	-68.181390076427	
717.540000	-68.178375101889	
717.740000	-68.175173014662	
717.940000	-68.172136887141	
718.140000	-68.169355419784	
718.340000	-68.166767575114	
718.540000	-68.164282605811	
718.740000	-68.161883720696	
718.940000	-68.159594017028	
719.140000	-68.157460040891	
719.340000	-68.155539171242	
719.540000	-68.153786450573	
719.740000	-68.152139579381	
719.940000	-68.150564383146	
720.140000	-68.149035252427	
740.140000	-68.039447161866	
743.440000	-68.026008574389	
743.640000	-68.025219945349	
743.840000	-68.024434081515	
744.040000	-68.023650954514	
744.240000	-68.022870536349	
744.440000	-68.022092799399	
744.640000	-68.021317716409	
744.840000	-68.020545260490	
745.040000	-68.019775405113	
745.240000	-68.019008124102	
745.440000	-68.018243391634	
745.640000	-68.017481182233	
745.840000	-68.016721470767	
746.040000	-68.015964232439	
746.240000	-68.015209442790	
746.440000	-68.014457077689	
746.640000	-68.013707113335	
746.840000	-68.012959526245	
747.040000	-68.012214293258	
747.240000	-68.011471391526	
747.440000	-68.010730798513	
747.640000	-68.009992491987	
747.840000	-68.009256450023	
748.040000	-68.008522650994	
748.240000	-68.007791073568	
748.440000	-68.007061696705	
748.640000	-68.006334499656	
748.840000	-68.005609461952	
749.040000	-68.004886563411	
749.240000	-68.004165784125	
749.440000	-68.003447104462	
749.640000	-68.002730505059	
749.840000	-68.002015966824	
750.040000	-68.001303470925	
750.240000	-68.000592998794	
750.440000	-67.999884532120	
750.640000	-67.999178052846	
750.840000	-67.998473543164	
751.040000	-67.997770985518	
751.240000	-67.997070362594	
751.440000	-67.996371657321	
751.640000	-67.995674852865	
751.840000	-67.994979932628	
752.040000	-67.994286880248	
752.240000	-67.993595679587	
752.440000	-67.992906314738	
752.640000	-67.992218770017	
752.840000	-67.991533029959	
753.040000	-67.990849079319	
753.240000	-67.990166903067	
753.440000	-67.989486486386	
753.640000	-67.988807814668	
753.840000	-67.988130873511	
754.040000	-67.987455648721	
754.240000	-67.986782126302	
754.440000	-67.986110292461	
754.640000	-67.985440133598	
754.840000	-67.984771636310	
755.040000	-67.984104787385	
755.240000	-67.983439573798	
755.440000	-67.982775982714	
755.640000	-67.982114001480	
755.840000	-67.981453617626	
756.040000	-67.980794818862	
756.240000	-67.980137593074	
756.440000	-67.979481928324	
756.640000	-67.978827812845	
756.840000	-67.978175235043	
757.040000	-67.977524183491	
757.240000	-67.976874646927	
757.440000	-67.976226614254	
757.640000	-67.975580074538	
757.840000	-67.974935017002	
758.040000	-67.974291431029	
758.240000	-67.973649306155	
758.440000	-67.973008632072	
758.640000	-67.972369398622	
758.840000	-67.971731595797	
759.040000	-67.971095213737	
759.240000	-67.970460242727	
759.440000	-67.969826673197	
759.640000	-67.969194495716	
759.840000	-67.968563700997	
760.040000	-67.967934279888	
760.240000	-67.967306223374	
760.440000	-67.966679522577	
760.640000	-67.966054168749	
760.840000	-67.965430153275	
761.040000	-67.964807467668	
761.240000	-67.964186103569	
761.440000	-67.963566052747	
761.640000	-67.962947307093	
761.840000	-67.962329858621	
762.040000	-67.961713699468	
762.240000	-67.961098821888	
762.440000	-67.960485218256	
762.640000	-67.959872881062	
762.840000	-67.959261802910	
763.040000	-67.958651976518	
763.240000	-67.958043394717	
763.440000	-67.957436050447	
763.640000	-67.956829936759	
763.840000	-67.956225046809	
764.040000	-67.955621373861	
764.240000	-67.955018911284	
764.440000	-67.954417652548	
764.640000	-67.953817591228	
764.840000	-67.953218720997	
765.040000	-67.952621035630	
765.240000	-67.952024528998	
765.440000	-67.951429195068	
765.640000	-67.950835027906	
765.840000	-67.950242021667	
766.040000	-67.949650170604	
766.240000	-67.949059469059	
766.440000	-67.948469911463	
766.640000	-67.947881492339	
766.840000	-67.947294206297	
767.040000	-67.946708048032	
767.240000	-67.946123012328	
767.440000	-67.945539094050	
767.640000	-67.944956288149	
767.840000	-67.944374589656	
768.040000	-67.943793993684	
768.240000	-67.943214495425	
768.440000	-67.942636090152	
768.640000	-67.942058773212	
768.840000	-67.941482540033	
769.040000	-67.940907386114	
769.240000	-67.940333307032	
769.440000	-67.939760298435	
769.640000	-67.939188356044	
769.840000	-67.938617475651	
770.040000	-67.938047653120	
770.240000	-67.937478884382	
770.440000	-67.936911165436	
770.640000	-67.936344492350	
770.840000	-67.935778861257	
771.040000	-67.935214268356	
771.240000	-67.934650709909	
771.440000	-67.934088182241	
771.640000	-67.933526681741	
771.840000	-67.932966204857	
772.040000	-67.932406748100	
772.240000	-67.931848308038	
772.440000	-67.931290881299	
772.640000	-67.930734464567	
772.840000	-67.930179054582	
773.040000	-67.929624648143	
773.240000	-67.929071242101	
773.440000	-67.928518833360	
773.640000	-67.927967418880	
773.840000	-67.927416995669	
774.040000	-67.926867560789	
774.240000	-67.926319111350	
774.440000	-67.925771644514	
774.640000	-67.925225157490	
774.840000	-67.924679647532	
775.040000	-67.924135111944	
775.240000	-67.923591548075	
775.440000	-67.923048953318	
775.640000	-67.922507325109	
775.840000	-67.921966660931	
776.040000	-67.921426958304	
776.240000	-67.920888214794	
776.440000	-67.920350428006	
776.640000	-67.919813595583	
776.840000	-67.919277715209	
777.040000	-67.918742784605	
777.240000	-67.918208801531	
777.440000	-67.917675763782	
777.640000	-67.917143669187	
777.840000	-67.916612515614	
778.040000	-67.916082300961	
778.240000	-67.915553023162	
778.440000	-67.915024680182	
778.640000	-67.914497270017	
778.840000	-67.913970790697	
779.040000	-67.913445240277	
779.240000	-67.912920616847	
779.440000	-67.912396918522	
779.640000	-67.911874143446	
779.840000	-67.911352289789	
780.040000	-67.910831355749	
780.240000	-67.910311339549	
780.440000	-67.909792239436	
780.640000	-67.909274053683	
780.840000	-67.908756780585	
781.040000	-67.908240418460	
781.240000	-67.907724965649	
781.440000	-67.907210420513	
781.640000	-67.906696781436	
781.840000	-67.906184046820	
782.040000	-67.905672215087	
782.240000	-67.905161284679	
782.440000	-67.904651254054	
782.640000	-67.904142121690	
782.840000	-67.903633886081	
783.040000	-67.903126545737	
783.240000	-67.902620099183	
783.440000	-67.902114544962	
783.640000	-67.901609881628	
783.840000	-67.901106107753	
784.040000	-67.900603221919	
784.240000	-67.900101222724	
784.440000	-67.899600108776	
784.640000	-67.899099878696	
784.840000	-67.898600531118	
785.040000	-67.898102064684	
785.240000	-67.897604478049	
785.440000	-67.897107769878	
785.640000	-67.896611938843	
785.840000	-67.896116983629	
786.040000	-67.895622902927	
786.240000	-67.895129695437	
786.440000	-67.894637359868	
786.640000	-67.894145894935	
786.840000	-67.893655299363	
787.040000	-67.893165571879	
787.240000	-67.892676711222	
787.440000	-67.892188716133	
787.640000	-67.891701585361	
787.840000	-67.891215317660	
788.040000	-67.890729911789	
788.240000	-67.890245366512	
788.440000	-67.889761680599	
788.640000	-67.889278852822	
788.840000	-67.888796881958	
789.040000	-67.888315766790	
789.240000	-67.887835506101	
789.440000	-67.887356098680	
789.640000	-67.886877543319	
789.840000	-67.886399838813	
790.040000	-67.885922983959	
790.240000	-67.885446977557	
790.440000	-67.884971818410	
790.640000	-67.884497505322	
790.840000	-67.884024037102	
791.040000	-67.883551412558	
791.240000	-67.883079630502	
791.440000	-67.882608689747	
791.640000	-67.882138589107	
791.840000	-67.881669327399	
792.040000	-67.881200903440	
792.240000	-67.880733316050	
792.440000	-67.880266564049	
792.640000	-67.879800646260	
792.840000	-67.879335561504	
793.040000	-67.878871308607	
793.240000	-67.878407886393	
793.440000	-67.877945293689	
793.640000	-67.877483529321	
793.840000	-67.877022592119	
794.040000	-67.876562480910	
794.240000	-67.876103194526	
794.440000	-67.875644731797	
794.640000	-67.875187091554	
794.840000	-67.874730272631	
795.040000	-67.874274273861	
795.240000	-67.873819094079	
795.440000	-67.873364732119	
795.640000	-67.872911186818	
795.840000	-67.872458457013	
796.040000	-67.872006541542	
796.240000	-67.871555439245	
796.440000	-67.871105148960	
796.640000	-67.870655669529	
796.840000	-67.870206999793	
797.040000	-67.869759138597	
797.240000	-67.869312084783	
797.440000	-67.868865837197	
797.640000	-67.868420394685	
797.840000	-67.867975756095	
798.040000	-67.867531920275	
798.240000	-67.867088886076	
798.440000	-67.866646652349	
798.640000	-67.866205217946	
798.840000	-67.865764581722	
799.040000	-67.865324742532	
799.240000	-67.864885699233	
799.440000	-67.864447450684	
799.640000	-67.864009995745	
799.840000	-67.863573333278	
800.040000	-67.863137462146	
800.240000	-67.862702381215	
800.440000	-67.862268089351	
800.640000	-67.861834585424	
800.840000	-67.861401868304	
801.040000	-67.860969936864	
801.240000	-67.860538789978	
801.440000	-67.860108426523	
801.640000	-67.859678845378	
801.840000	-67.859250045424	
802.040000	-67.858822025543	
802.240000	-67.858394784622	
802.440000	-67.857968321546	
802.640000	-67.857542635206	
802.840000	-67.857117724495	
803.040000	-67.856693588306	
803.240000	-67.856270225536	
803.440000	-67.855847635084	
803.640000	-67.855425815853	
803.840000	-67.855004766746	
804.040000	-67.854584486671	
804.240000	-67.854164974537	
804.440000	-67.853746229256	
804.640000	-67.853328249742	
804.840000	-67.852911034914	
805.040000	-67.852494583690	
805.240000	-67.852078894996	
805.440000	-67.851663967755	
805.640000	-67.851249800897	
805.840000	-67.850836393353	
806.040000	-67.850423744057	
806.240000	-67.850011851947	
806.440000	-67.849600715962	
806.640000	-67.849190335046	
806.840000	-67.848780708145	
807.040000	-67.848371834207	
807.240000	-67.847963712185	
807.440000	-67.847556341033	
807.640000	-67.847149719710	
807.840000	-67.846743847176	
808.040000	-67.846338722397	
808.240000	-67.845934344338	
808.440000	-67.845530711972	
808.640000	-67.845127824270	
808.840000	-67.844725680209	
809.040000	-67.844324278770	
809.240000	-67.843923618935	
809.440000	-67.843523699690	
809.640000	-67.843124520025	
809.840000	-67.842726078931	
810.040000	-67.842328375403	
810.240000	-67.841931408442	
810.440000	-67.841535177048	
810.640000	-67.841139680226	
810.840000	-67.840744916986	
811.040000	-67.840350886337	
811.240000	-67.839957587294	
811.440000	-67.839565018876	
811.640000	-67.839173180103	
811.840000	-67.838782069999	
812.040000	-67.838391687591	
812.240000	-67.838002031910	
812.440000	-67.837613101990	
812.640000	-67.837224896867	
812.840000	-67.836837415580	
813.040000	-67.836450657174	
813.240000	-67.836064620694	
813.440000	-67.835679305190	
813.640000	-67.835294709713	
813.840000	-67.834910833320	
814.040000	-67.834527675070	
814.240000	-67.834145234023	
814.440000	-67.833763509246	
814.640000	-67.833382499805	
814.840000	-67.833002204773	
815.040000	-67.832622623223	
815.240000	-67.832243754232	
815.440000	-67.831865596880	
815.640000	-67.831488150252	
815.840000	-67.831111413432	
816.040000	-67.830735385511	
816.240000	-67.830360065581	
816.440000	-67.829985452737	
816.640000	-67.829611546076	
816.840000	-67.829238344701	
817.040000	-67.828865847716	
817.240000	-67.828494054227	
817.440000	-67.828122963345	
817.640000	-67.827752574181	
817.840000	-67.827382885853	
818.040000	-67.827013897479	
818.240000	-67.826645608179	
818.440000	-67.826278017079	
818.640000	-67.825911123306	
818.840000	-67.825544925988	
819.040000	-67.825179424260	
819.240000	-67.824814617257	
819.440000	-67.824450504116	
819.640000	-67.824087083979	
819.840000	-67.823724355989	
820.040000	-67.823362319293	
820.240000	-67.823000973040	
820.440000	-67.822640316381	
820.640000	-67.822280348472	
820.840000	-67.821921068468	
821.040000	-67.821562475531	
821.240000	-67.821204568821	
821.440000	-67.820847347504	
821.640000	-67.820490810748	
821.840000	-67.820134957722	
822.040000	-67.819779787599	
822.240000	-67.819425299553	
822.440000	-67.819071492763	
822.640000	-67.818718366409	
822.840000	-67.818365919672	
823.040000	-67.818014151739	
823.240000	-67.817663061795	
823.440000	-67.817312649032	
823.640000	-67.816962912641	
823.840000	-67.816613851818	
824.040000	-67.816265465758	
824.240000	-67.815917753661	
824.440000	-67.815570714730	
824.640000	-67.815224348167	
824.840000	-67.814878653179	
825.040000	-67.814533628976	
825.240000	-67.814189274766	
825.440000	-67.813845589765	
825.640000	-67.813502573186	
825.840000	-67.813160224248	
826.040000	-67.812818542170	
826.240000	-67.812477526175	
826.440000	-67.812137175485	
826.640000	-67.811797489329	
826.840000	-67.811458466933	
827.040000	-67.811120107529	
827.240000	-67.810782410348	
827.440000	-67.810445374627	
827.640000	-67.810108999601	
827.840000	-67.809773284510	
828.040000	-67.809438228594	
828.240000	-67.809103831097	
828.440000	-67.808770091262	
828.640000	-67.808437008339	
828.840000	-67.808104581574	
829.040000	-67.807772810219	
829.240000	-67.807441693528	
829.440000	-67.807111230754	
829.640000	-67.806781421155	
829.840000	-67.806452263989	
830.040000	-67.806123758518	
830.240000	-67.805795904002	
830.440000	-67.805468699707	
830.640000	-67.805142144899	
830.840000	-67.804816238845	
831.040000	-67.804490980817	
831.240000	-67.804166370084	
831.440000	-67.803842405922	
831.640000	-67.803519087604	
831.840000	-67.803196414409	
832.040000	-67.802874385615	
832.240000	-67.802553000502	
832.440000	-67.802232258354	
832.640000	-67.801912158453	
832.840000	-67.801592700086	
833.040000	-67.801273882540	
833.240000	-67.800955705105	
833.440000	-67.800638167070	
833.640000	-67.800321267729	
833.840000	-67.800005006376	
834.040000	-67.799689382307	
834.240000	-67.799374394818	
834.440000	-67.799060043210	
834.640000	-67.798746326782	
834.840000	-67.798433244837	
835.040000	-67.798120796678	
835.240000	-67.797808981612	
835.440000	-67.797497798945	
835.640000	-67.797187247985	
835.840000	-67.796877328044	
836.040000	-67.796568038431	
836.240000	-67.796259378460	
836.440000	-67.795951347447	
836.640000	-67.795643944706	
836.840000	-67.795337169557	
837.040000	-67.795031021316	
837.240000	-67.794725499306	
837.440000	-67.794420602849	
837.640000	-67.794116331267	
837.840000	-67.793812683885	
838.040000	-67.793509660031	
838.240000	-67.793207259031	
838.440000	-67.792905480214	
838.640000	-67.792604322912	
838.840000	-67.792303786457	
839.040000	-67.792003870180	
839.240000	-67.791704573418	
839.440000	-67.791405895507	
839.640000	-67.791107835782	
839.840000	-67.790810393585	
840.040000	-67.790513568254	
840.240000	-67.790217359130	
840.440000	-67.789921765558	
840.640000	-67.789626786880	
840.840000	-67.789332422442	
841.040000	-67.789038671591	
841.240000	-67.788745533674	
841.440000	-67.788453008041	
841.640000	-67.788161094043	
841.840000	-67.787869791031	
842.040000	-67.787579098357	
842.240000	-67.787289015377	
842.440000	-67.786999541446	
842.640000	-67.786710675920	
842.840000	-67.786422418158	
843.040000	-67.786134767518	
843.240000	-67.785847723362	
843.440000	-67.785561285049	
843.640000	-67.785275451945	
843.840000	-67.784990223411	
844.040000	-67.784705598814	
844.240000	-67.784421577520	
844.440000	-67.784138158895	
844.640000	-67.783855342310	
844.840000	-67.783573127133	
845.040000	-67.783291512736	
845.240000	-67.783010498491	
845.440000	-67.782730083770	
845.640000	-67.782450267949	
845.840000	-67.782171050402	
846.040000	-67.781892430507	
846.240000	-67.781614407640	
846.440000	-67.781336981182	
846.640000	-67.781060150511	
846.840000	-67.780783915008	
847.040000	-67.780508274057	
847.240000	-67.780233227039	
847.440000	-67.779958773339	
847.640000	-67.779684912343	
847.840000	-67.779411643436	
848.040000	-67.779138966006	
848.240000	-67.778866879442	
848.440000	-67.778595383133	
848.640000	-67.778324476470	
848.840000	-67.778054158843	
849.040000	-67.777784429647	
849.240000	-67.777515288273	
849.440000	-67.777246734118	
849.640000	-67.776978766577	
849.840000	-67.776711385045	
850.040000	-67.776444588922	
850.240000	-67.776178377605	
850.440000	-67.775912750495	
850.640000	-67.775647706992	
850.840000	-67.775383246497	
851.040000	-67.775119368413	
851.240000	-67.774856072144	
851.440000	-67.774593357094	
851.640000	-67.774331222669	
851.840000	-67.774069668275	
852.040000	-67.773808693320	
852.240000	-67.773548297212	
852.440000	-67.773288479360	
852.640000	-67.773029239174	
852.840000	-67.772770576067	
853.040000	-67.772512489449	
853.240000	-67.772254978734	
853.440000	-67.771998043336	
853.640000	-67.771741682670	
853.840000	-67.771485896151	
854.040000	-67.771230683197	
854.240000	-67.770976043225	
854.440000	-67.770721975653	
854.640000	-67.770468479901	
854.840000	-67.770215555389	
855.040000	-67.769963201538	
855.240000	-67.769711417771	
855.440000	-67.769460203510	
855.640000	-67.769209558180	
855.840000	-67.768959481205	
856.040000	-67.768709972010	
856.240000	-67.768461030022	
856.440000	-67.768212654669	
856.640000	-67.767964845379	
856.840000	-67.767717601580	
857.040000	-67.767470922703	
857.240000	-67.767224808178	
857.440000	-67.766979257437	
857.640000	-67.766734269913	
857.840000	-67.766489845038	
858.040000	-67.766245982247	
858.240000	-67.766002680975	
858.440000	-67.765759940658	
858.640000	-67.765517760731	
858.840000	-67.765276140633	
859.040000	-67.765035079802	
859.240000	-67.764794577677	
859.440000	-67.764554633697	
859.640000	-67.764315247304	
859.840000	-67.764076417939	
879.840000	-67.742913893377	
899.840000	-67.726799577106	
919.840000	-67.715271150149	
939.840000	-67.707915552704	
959.840000	-67.704361884683	
979.840000	-67.704276289116	
999.840000	-67.707357857401	
1019.840000	-67.713335148558	
1039.840000	-67.721963135172	
1059.840000	-67.733020481840	
1079.840000	-67.746307103669	
1099.840000	-67.761641968567	
1119.840000	-67.778861112235	
1139.840000	-67.797815888024	
1159.840000	-67.818371377703	
1179.840000	-67.840404958964	
1199.840000	-67.863805032306	
1219.840000	-67.888469885884	
1239.840000	-67.914306681342	
1259.840000	-67.941230548188	
1279.840000	-67.969163775088	
1299.840000	-67.998035087312	
1319.840000	-68.027779000758	
1339.840000	-68.058335244064	
1359.840000	-68.089648241309	
1379.840000	-68.121666648757	
1399.840000	-68.154342939887	
1419.840000	-68.187633033674	
1439.840000	-68.221495961675	
1459.840000	-68.255893569980	
1479.840000	-68.290790252501	
1499.840000	-68.326152712437	
1519.840000	-68.361949749026	
1539.840000	-68.398152067010	
1559.840000	-68.434732106404	
1579.840000	-68.471663890453	
1599.840000	-68.508922889790	
1619.840000	-68.546485901034	
1639.840000	-68.584330938244	
1659.840000	-68.622437135764	
1679.840000	-68.660784661203	
1699.840000	-68.699354637385	
1719.840000	-68.738129072254	
1739.840000	-68.777090795837	
1759.840000	-68.816223403458	
1779.840000	-68.855511204497	
1799.840000	-68.894939176081	
1819.840000	-68.934492921143	
1839.840000	-68.974158630383	
1859.840000	-69.013923047688	
1879.840000	-69.053773438652	
1899.840000	-69.093697561849	
1919.840000	-69.133683642577	
1939.840000	-69.173720348812	
1959.840000	-69.213796769142	
1979.840000	-69.253902392477	
1999.840000	-69.294027089359	
2019.840000	-69.334161094704	
2039.840000	-69.374294991851	
2059.840000	-69.414419697760	
2079.840000	-69.454526449289	
2099.840000	-69.494606790403	
2119.840000	-69.534652560263	
2139.840000	-69.574655882086	
2159.840000	-69.614609152725	
2179.840000	-69.654505032891	
2199.840000	-69.694336437956	
2219.840000	-69.734096529302	
2239.840000	-69.773778706150	
2259.840000	-69.813376597836	
2279.840000	-69.852884056493	
2299.840000	-69.892295150111	
2319.840000	-69.931604155933	
2339.840000	-69.970805554167	
2359.840000	-70.009894021990	
2379.840000	-70.048864427813	
2399.840000	-70.087711825794	
2419.840000	-70.126431450579	
2439.840000	-70.165018712254	
2459.840000	-70.203469191490	
2479.840000	-70.241778634868	
2499.840000	-70.279942950379	
