0.000000	0.00	
20.000000	0.00	
40.000000	0.00	
60.000000	0.00	
80.000000	0.00	
100.000000	0.00	
120.000000	0.00	
140.000000	0.00	
160.000000	0.00	
180.000000	0.00	
200.000000	0.00	
220.000000	0.00	
240.000000	0.00	
260.000000	0.00	
280.000000	0.00	
300.000000	0.00	
320.000000	0.00	
340.000000	0.00	
360.000000	0.00	
380.000000	0.00	
400.000000	0.00	
420.000000	0.00	
440.000000	0.00	
460.000000	0.00	
480.000000	0.00	
500.000000	0.00	
520.000000	0.00	
540.000000	0.00	
560.000000	0.00	
580.000000	0.00	
594.120000	0.00	
594.320000	0.00	
594.520000	0.00	
594.720000	0.00	
594.920000	0.00	
595.120000	0.00	
595.320000	0.00	
595.520000	0.00	
595.720000	0.00	
595.920000	0.00	
596.120000	0.00	
596.320000	0.00	
596.520000	0.00	
596.720000	0.00	
596.920000	0.00	
597.120000	0.00	
597.320000	0.00	
597.520000	0.00	
597.720000	0.00	
597.920000	0.00	
598.120000	0.00	
598.320000	0.00	
598.520000	0.00	
598.720000	0.00	
598.920000	0.00	
599.120000	0.00	
599.320000	0.00	
599.520000	0.00	
599.720000	0.00	
599.920000	0.00	
600.120000	0.00	
600.320000	0.00	
600.520000	0.00	
600.720000	0.00	
600.920000	0.00	
601.120000	0.00	
601.320000	0.00	
601.520000	0.00	
601.720000	0.00	
601.920000	0.00	
602.120000	0.00	
602.320000	0.00	
602.520000	0.00	
602.720000	0.00	
602.920000	0.00	
603.120000	0.00	
603.320000	0.00	
603.520000	0.00	
603.720000	0.00	
603.920000	0.00	
604.120000	0.00	
604.320000	0.00	
604.520000	0.00	
604.720000	0.00	
604.920000	0.00	
605.120000	0.00	
605.320000	0.00	
605.520000	0.00	
605.720000	0.00	
605.920000	0.00	
606.120000	0.00	
606.320000	0.00	
606.520000	0.00	
606.720000	0.00	
606.920000	0.00	
607.120000	0.00	
607.320000	0.00	
607.520000	0.00	
607.720000	0.00	
607.920000	0.00	
608.120000	0.00	
608.320000	0.00	
608.520000	0.00	
608.720000	0.00	
608.920000	0.00	
609.120000	0.00	
609.320000	0.00	
609.520000	0.00	
609.720000	0.00	
609.920000	0.00	
610.120000	0.00	
610.320000	0.00	
610.520000	0.00	
610.720000	0.00	
610.920000	0.00	
611.120000	0.00	
611.320000	0.00	
611.520000	0.00	
611.720000	0.00	
611.920000	0.00	
612.120000	0.00	
612.320000	0.00	
612.520000	0.00	
612.720000	0.00	
612.920000	0.00	
613.120000	0.00	
613.320000	0.00	
633.320000	0.00	
641.220000	0.00	
641.420000	0.00	
641.620000	0.00	
641.820000	0.00	
642.020000	0.00	
642.220000	0.00	
642.420000	0.00	
642.620000	0.00	
642.820000	0.00	
643.020000	0.00	
643.220000	0.00	
643.420000	0.00	
643.620000	0.00	
643.820000	0.00	
644.020000	0.00	
644.220000	0.00	
644.420000	0.00	
644.620000	0.00	
644.820000	0.00	
645.020000	0.00	
645.220000	0.00	
645.420000	0.00	
645.620000	0.00	
645.820000	0.00	
646.020000	0.00	
646.220000	0.00	
646.420000	0.00	
646.620000	0.00	
646.820000	0.00	
647.020000	0.00	
647.220000	0.00	
647.420000	0.00	
647.620000	0.00	
647.820000	0.00	
648.020000	0.00	
648.220000	0.00	
648.420000	0.00	
648.620000	0.00	
648.820000	0.00	
649.020000	0.00	
649.220000	0.00	
649.420000	0.00	
649.620000	0.00	
649.820000	0.00	
650.020000	0.00	
650.220000	0.00	
650.420000	0.00	
650.620000	0.00	
650.820000	0.00	
651.020000	0.00	
651.220000	0.00	
651.420000	0.00	
651.620000	0.00	
651.820000	0.00	
652.020000	0.00	
652.220000	0.00	
652.420000	0.00	
652.620000	0.00	
652.820000	0.00	
653.020000	0.00	
653.220000	0.00	
653.420000	0.00	
653.620000	0.00	
653.820000	0.00	
654.020000	0.00	
654.220000	0.00	
654.420000	0.00	
654.620000	0.00	
654.820000	0.00	
655.020000	0.00	
655.220000	0.00	
655.420000	0.00	
655.620000	0.00	
655.820000	0.00	
656.020000	0.00	
656.220000	0.00	
656.420000	0.00	
656.620000	0.00	
656.820000	0.00	
657.020000	0.00	
657.220000	0.00	
657.420000	0.00	
657.620000	0.00	
657.820000	0.00	
658.020000	0.00	
658.220000	0.00	
658.420000	0.00	
658.620000	0.00	
658.820000	0.00	
659.020000	0.00	
659.220000	0.00	
659.420000	0.00	
659.620000	0.00	
659.820000	0.00	
660.020000	0.00	
660.220000	0.00	
660.420000	0.00	
660.620000	0.00	
660.820000	0.00	
661.020000	0.00	
661.220000	0.00	
661.420000	0.00	
661.620000	0.00	
661.820000	0.00	
662.020000	0.00	
662.220000	0.00	
662.420000	0.00	
662.620000	0.00	
662.820000	0.00	
663.020000	0.00	
663.220000	0.00	
663.420000	0.00	
663.620000	0.00	
663.820000	0.00	
664.020000	0.00	
664.220000	0.00	
664.420000	0.00	
664.620000	0.00	
664.820000	0.00	
665.020000	0.00	
665.220000	0.00	
665.420000	0.00	
665.620000	0.00	
665.820000	0.00	
685.820000	0.00	
688.540000	0.00	
688.740000	0.00	
688.940000	0.00	
689.140000	0.00	
689.340000	0.00	
689.540000	0.00	
689.740000	0.00	
689.940000	0.00	
690.140000	0.00	
690.340000	0.00	
690.540000	0.00	
690.740000	0.00	
690.940000	0.00	
691.140000	0.00	
691.340000	0.00	
691.540000	0.00	
691.740000	0.00	
691.940000	0.00	
692.140000	0.00	
692.340000	0.00	
692.540000	0.00	
692.740000	0.00	
692.940000	0.00	
693.140000	0.00	
693.340000	0.00	
693.540000	0.00	
693.740000	0.00	
693.940000	0.00	
694.140000	0.00	
694.340000	0.00	
694.540000	0.00	
694.740000	0.00	
694.940000	0.00	
695.140000	0.00	
695.340000	0.00	
695.540000	0.00	
695.740000	0.00	
695.940000	0.00	
696.140000	0.00	
696.340000	0.00	
696.540000	0.00	
696.740000	0.00	
696.940000	0.00	
697.140000	0.00	
697.340000	0.00	
697.540000	0.00	
697.740000	0.00	
697.940000	0.00	
698.140000	0.00	
698.340000	0.00	
698.540000	0.00	
698.740000	0.00	
698.940000	0.00	
699.140000	0.00	
699.340000	0.00	
699.540000	0.00	
699.740000	0.00	
699.940000	0.00	
700.140000	0.00	
700.340000	0.00	
700.540000	0.00	
700.740000	0.00	
700.940000	0.00	
701.140000	0.00	
701.340000	0.00	
701.540000	0.00	
701.740000	0.00	
701.940000	0.00	
702.140000	0.00	
702.340000	0.00	
702.540000	0.00	
702.740000	0.00	
702.940000	0.00	
703.140000	0.00	
703.340000	0.00	
703.540000	0.00	
703.740000	0.00	
703.940000	0.00	
704.140000	0.00	
704.340000	0.00	
704.540000	0.00	
704.740000	0.00	
704.940000	0.00	
705.140000	0.00	
705.340000	0.00	
705.540000	0.00	
705.740000	0.00	
705.940000	0.00	
706.140000	0.00	
706.340000	0.00	
706.540000	0.00	
706.740000	0.00	
706.940000	0.00	
707.140000	0.00	
707.340000	0.00	
707.540000	0.00	
707.740000	0.00	
707.940000	0.00	
708.140000	0.00	
708.340000	0.00	
708.540000	0.00	
708.740000	0.00	
708.940000	0.00	
709.140000	0.00	
709.340000	0.00	
709.540000	0.00	
709.740000	0.00	
709.940000	0.00	
710.140000	0.00	
710.340000	0.00	
710.540000	0.00	
710.740000	0.00	
710.940000	0.00	
711.140000	0.00	
711.340000	0.00	
711.540000	0.00	
711.740000	0.00	
711.940000	0.00	
712.140000	0.00	
712.340000	0.00	
712.540000	0.00	
712.740000	0.00	
712.940000	0.00	
713.140000	0.00	
713.340000	0.00	
713.540000	0.00	
713.740000	0.00	
713.940000	0.00	
714.140000	0.00	
714.340000	0.00	
714.540000	0.00	
714.740000	0.00	
714.940000	0.00	
715.140000	0.00	
715.340000	0.00	
715.540000	0.00	
715.740000	0.00	
715.940000	0.00	
716.140000	0.00	
716.340000	0.00	
716.540000	0.00	
716.740000	0.00	
716.940000	0.00	
717.140000	0.00	
717.340000	0.00	
717.540000	0.00	
717.740000	0.00	
717.940000	0.00	
718.140000	0.00	
718.340000	0.00	
718.540000	0.00	
718.740000	0.00	
718.940000	0.00	
719.140000	0.00	
719.340000	0.00	
719.540000	0.00	
719.740000	0.00	
719.940000	0.00	
720.140000	0.00	
740.140000	0.00	
743.440000	0.00	
743.640000	0.00	
743.840000	0.00	
744.040000	0.00	
744.240000	0.00	
744.440000	0.00	
744.640000	0.00	
744.840000	0.00	
745.040000	0.00	
745.240000	0.00	
745.440000	0.00	
745.640000	0.00	
745.840000	0.00	
746.040000	0.00	
746.240000	0.00	
746.440000	0.00	
746.640000	0.00	
746.840000	0.00	
747.040000	0.00	
747.240000	0.00	
747.440000	0.00	
747.640000	0.00	
747.840000	0.00	
748.040000	0.00	
748.240000	0.00	
748.440000	0.00	
748.640000	0.00	
748.840000	0.00	
749.040000	0.00	
749.240000	0.00	
749.440000	0.00	
749.640000	0.00	
749.840000	0.00	
750.040000	0.00	
750.240000	0.00	
750.440000	0.00	
750.640000	0.00	
750.840000	0.00	
751.040000	0.00	
751.240000	0.00	
751.440000	0.00	
751.640000	0.00	
751.840000	0.00	
752.040000	0.00	
752.240000	0.00	
752.440000	0.00	
752.640000	0.00	
752.840000	0.00	
753.040000	0.00	
753.240000	0.00	
753.440000	0.00	
753.640000	0.00	
753.840000	0.00	
754.040000	0.00	
754.240000	0.00	
754.440000	0.00	
754.640000	0.00	
754.840000	0.00	
755.040000	0.00	
755.240000	0.00	
755.440000	0.00	
755.640000	0.00	
755.840000	0.00	
756.040000	0.00	
756.240000	0.00	
756.440000	0.00	
756.640000	0.00	
756.840000	0.00	
757.040000	0.00	
757.240000	0.00	
757.440000	0.00	
757.640000	0.00	
757.840000	0.00	
758.040000	0.00	
758.240000	0.00	
758.440000	0.00	
758.640000	0.00	
758.840000	0.00	
759.040000	0.00	
759.240000	0.00	
759.440000	0.00	
759.640000	0.00	
759.840000	0.00	
760.040000	0.00	
760.240000	0.00	
760.440000	0.00	
760.640000	0.00	
760.840000	0.00	
761.040000	0.00	
761.240000	0.00	
761.440000	0.00	
761.640000	0.00	
761.840000	0.00	
762.040000	0.00	
762.240000	0.00	
762.440000	0.00	
762.640000	0.00	
762.840000	0.00	
763.040000	0.00	
763.240000	0.00	
763.440000	0.00	
763.640000	0.00	
763.840000	0.00	
764.040000	0.00	
764.240000	0.00	
764.440000	0.00	
764.640000	0.00	
764.840000	0.00	
765.040000	0.00	
765.240000	0.00	
765.440000	0.00	
765.640000	0.00	
765.840000	0.00	
766.040000	0.00	
766.240000	0.00	
766.440000	0.00	
766.640000	0.00	
766.840000	0.00	
767.040000	0.00	
767.240000	0.00	
767.440000	0.00	
767.640000	0.00	
767.840000	0.00	
768.040000	0.00	
768.240000	0.00	
768.440000	0.00	
768.640000	0.00	
768.840000	0.00	
769.040000	0.00	
769.240000	0.00	
769.440000	0.00	
769.640000	0.00	
769.840000	0.00	
770.040000	0.00	
770.240000	0.00	
770.440000	0.00	
770.640000	0.00	
770.840000	0.00	
771.040000	0.00	
771.240000	0.00	
771.440000	0.00	
771.640000	0.00	
771.840000	0.00	
772.040000	0.00	
772.240000	0.00	
772.440000	0.00	
772.640000	0.00	
772.840000	0.00	
773.040000	0.00	
773.240000	0.00	
773.440000	0.00	
773.640000	0.00	
773.840000	0.00	
774.040000	0.00	
774.240000	0.00	
774.440000	0.00	
774.640000	0.00	
774.840000	0.00	
775.040000	0.00	
775.240000	0.00	
775.440000	0.00	
775.640000	0.00	
775.840000	0.00	
776.040000	0.00	
776.240000	0.00	
776.440000	0.00	
776.640000	0.00	
776.840000	0.00	
777.040000	0.00	
777.240000	0.00	
777.440000	0.00	
777.640000	0.00	
777.840000	0.00	
778.040000	0.00	
778.240000	0.00	
778.440000	0.00	
778.640000	0.00	
778.840000	0.00	
779.040000	0.00	
779.240000	0.00	
779.440000	0.00	
779.640000	0.00	
779.840000	0.00	
780.040000	0.00	
780.240000	0.00	
780.440000	0.00	
780.640000	0.00	
780.840000	0.00	
781.040000	0.00	
781.240000	0.00	
781.440000	0.00	
781.640000	0.00	
781.840000	0.00	
782.040000	0.00	
782.240000	0.00	
782.440000	0.00	
782.640000	0.00	
782.840000	0.00	
783.040000	0.00	
783.240000	0.00	
783.440000	0.00	
783.640000	0.00	
783.840000	0.00	
784.040000	0.00	
784.240000	0.00	
784.440000	0.00	
784.640000	0.00	
784.840000	0.00	
785.040000	0.00	
785.240000	0.00	
785.440000	0.00	
785.640000	0.00	
785.840000	0.00	
786.040000	0.00	
786.240000	0.00	
786.440000	0.00	
786.640000	0.00	
786.840000	0.00	
787.040000	0.00	
787.240000	0.00	
787.440000	0.00	
787.640000	0.00	
787.840000	0.00	
788.040000	0.00	
788.240000	0.00	
788.440000	0.00	
788.640000	0.00	
788.840000	0.00	
789.040000	0.00	
789.240000	0.00	
789.440000	0.00	
789.640000	0.00	
789.840000	0.00	
790.040000	0.00	
790.240000	0.00	
790.440000	0.00	
790.640000	0.00	
790.840000	0.00	
791.040000	0.00	
791.240000	0.00	
791.440000	0.00	
791.640000	0.00	
791.840000	0.00	
792.040000	0.00	
792.240000	0.00	
792.440000	0.00	
792.640000	0.00	
792.840000	0.00	
793.040000	0.00	
793.240000	0.00	
793.440000	0.00	
793.640000	0.00	
793.840000	0.00	
794.040000	0.00	
794.240000	0.00	
794.440000	0.00	
794.640000	0.00	
794.840000	0.00	
795.040000	0.00	
795.240000	0.00	
795.440000	0.00	
795.640000	0.00	
795.840000	0.00	
796.040000	0.00	
796.240000	0.00	
796.440000	0.00	
796.640000	0.00	
796.840000	0.00	
797.040000	0.00	
797.240000	0.00	
797.440000	0.00	
797.640000	0.00	
797.840000	0.00	
798.040000	0.00	
798.240000	0.00	
798.440000	0.00	
798.640000	0.00	
798.840000	0.00	
799.040000	0.00	
799.240000	0.00	
799.440000	0.00	
799.640000	0.00	
799.840000	0.00	
800.040000	0.00	
800.240000	0.00	
800.440000	0.00	
800.640000	0.00	
800.840000	0.00	
801.040000	0.00	
801.240000	0.00	
801.440000	0.00	
801.640000	0.00	
801.840000	0.00	
802.040000	0.00	
802.240000	0.00	
802.440000	0.00	
802.640000	0.00	
802.840000	0.00	
803.040000	0.00	
803.240000	0.00	
803.440000	0.00	
803.640000	0.00	
803.840000	0.00	
804.040000	0.00	
804.240000	0.00	
804.440000	0.00	
804.640000	0.00	
804.840000	0.00	
805.040000	0.00	
805.240000	0.00	
805.440000	0.00	
805.640000	0.00	
805.840000	0.00	
806.040000	0.00	
806.240000	0.00	
806.440000	0.00	
806.640000	0.00	
806.840000	0.00	
807.040000	0.00	
807.240000	0.00	
807.440000	0.00	
807.640000	0.00	
807.840000	0.00	
808.040000	0.00	
808.240000	0.00	
808.440000	0.00	
808.640000	0.00	
808.840000	0.00	
809.040000	0.00	
809.240000	0.00	
809.440000	0.00	
809.640000	0.00	
809.840000	0.00	
810.040000	0.00	
810.240000	0.00	
810.440000	0.00	
810.640000	0.00	
810.840000	0.00	
811.040000	0.00	
811.240000	0.00	
811.440000	0.00	
811.640000	0.00	
811.840000	0.00	
812.040000	0.00	
812.240000	0.00	
812.440000	0.00	
812.640000	0.00	
812.840000	0.00	
813.040000	0.00	
813.240000	0.00	
813.440000	0.00	
813.640000	0.00	
813.840000	0.00	
814.040000	0.00	
814.240000	0.00	
814.440000	0.00	
814.640000	0.00	
814.840000	0.00	
815.040000	0.00	
815.240000	0.00	
815.440000	0.00	
815.640000	0.00	
815.840000	0.00	
816.040000	0.00	
816.240000	0.00	
816.440000	0.00	
816.640000	0.00	
816.840000	0.00	
817.040000	0.00	
817.240000	0.00	
817.440000	0.00	
817.640000	0.00	
817.840000	0.00	
818.040000	0.00	
818.240000	0.00	
818.440000	0.00	
818.640000	0.00	
818.840000	0.00	
819.040000	0.00	
819.240000	0.00	
819.440000	0.00	
819.640000	0.00	
819.840000	0.00	
820.040000	0.00	
820.240000	0.00	
820.440000	0.00	
820.640000	0.00	
820.840000	0.00	
821.040000	0.00	
821.240000	0.00	
821.440000	0.00	
821.640000	0.00	
821.840000	0.00	
822.040000	0.00	
822.240000	0.00	
822.440000	0.00	
822.640000	0.00	
822.840000	0.00	
823.040000	0.00	
823.240000	0.00	
823.440000	0.00	
823.640000	0.00	
823.840000	0.00	
824.040000	0.00	
824.240000	0.00	
824.440000	0.00	
824.640000	0.00	
824.840000	0.00	
825.040000	0.00	
825.240000	0.00	
825.440000	0.00	
825.640000	0.00	
825.840000	0.00	
826.040000	0.00	
826.240000	0.00	
826.440000	0.00	
826.640000	0.00	
826.840000	0.00	
827.040000	0.00	
827.240000	0.00	
827.440000	0.00	
827.640000	0.00	
827.840000	0.00	
828.040000	0.00	
828.240000	0.00	
828.440000	0.00	
828.640000	0.00	
828.840000	0.00	
829.040000	0.00	
829.240000	0.00	
829.440000	0.00	
829.640000	0.00	
829.840000	0.00	
830.040000	0.00	
830.240000	0.00	
830.440000	0.00	
830.640000	0.00	
830.840000	0.00	
831.040000	0.00	
831.240000	0.00	
831.440000	0.00	
831.640000	0.00	
831.840000	0.00	
832.040000	0.00	
832.240000	0.00	
832.440000	0.00	
832.640000	0.00	
832.840000	0.00	
833.040000	0.00	
833.240000	0.00	
833.440000	0.00	
833.640000	0.00	
833.840000	0.00	
834.040000	0.00	
834.240000	0.00	
834.440000	0.00	
834.640000	0.00	
834.840000	0.00	
835.040000	0.00	
835.240000	0.00	
835.440000	0.00	
835.640000	0.00	
835.840000	0.00	
836.040000	0.00	
836.240000	0.00	
836.440000	0.00	
836.640000	0.00	
836.840000	0.00	
837.040000	0.00	
837.240000	0.00	
837.440000	0.00	
837.640000	0.00	
837.840000	0.00	
838.040000	0.00	
838.240000	0.00	
838.440000	0.00	
838.640000	0.00	
838.840000	0.00	
839.040000	0.00	
839.240000	0.00	
839.440000	0.00	
839.640000	0.00	
839.840000	0.00	
840.040000	0.00	
840.240000	0.00	
840.440000	0.00	
840.640000	0.00	
840.840000	0.00	
841.040000	0.00	
841.240000	0.00	
841.440000	0.00	
841.640000	0.00	
841.840000	0.00	
842.040000	0.00	
842.240000	0.00	
842.440000	0.00	
842.640000	0.00	
842.840000	0.00	
843.040000	0.00	
843.240000	0.00	
843.440000	0.00	
843.640000	0.00	
843.840000	0.00	
844.040000	0.00	
844.240000	0.00	
844.440000	0.00	
844.640000	0.00	
844.840000	0.00	
845.040000	0.00	
845.240000	0.00	
845.440000	0.00	
845.640000	0.00	
845.840000	0.00	
846.040000	0.00	
846.240000	0.00	
846.440000	0.00	
846.640000	0.00	
846.840000	0.00	
847.040000	0.00	
847.240000	0.00	
847.440000	0.00	
847.640000	0.00	
847.840000	0.00	
848.040000	0.00	
848.240000	0.00	
848.440000	0.00	
848.640000	0.00	
848.840000	0.00	
849.040000	0.00	
849.240000	0.00	
849.440000	0.00	
849.640000	0.00	
849.840000	0.00	
850.040000	0.00	
850.240000	0.00	
850.440000	0.00	
850.640000	0.00	
850.840000	0.00	
851.040000	0.00	
851.240000	0.00	
851.440000	0.00	
851.640000	0.00	
851.840000	0.00	
852.040000	0.00	
852.240000	0.00	
852.440000	0.00	
852.640000	0.00	
852.840000	0.00	
853.040000	0.00	
853.240000	0.00	
853.440000	0.00	
853.640000	0.00	
853.840000	0.00	
854.040000	0.00	
854.240000	0.00	
854.440000	0.00	
854.640000	0.00	
854.840000	0.00	
855.040000	0.00	
855.240000	0.00	
855.440000	0.00	
855.640000	0.00	
855.840000	0.00	
856.040000	0.00	
856.240000	0.00	
856.440000	0.00	
856.640000	0.00	
856.840000	0.00	
857.040000	0.00	
857.240000	0.00	
857.440000	0.00	
857.640000	0.00	
857.840000	0.00	
858.040000	0.00	
858.240000	0.00	
858.440000	0.00	
858.640000	0.00	
858.840000	0.00	
859.040000	0.00	
859.240000	0.00	
859.440000	0.00	
859.640000	0.00	
859.840000	0.00	
879.840000	0.00	
899.840000	0.00	
919.840000	0.00	
939.840000	0.00	
959.840000	0.00	
979.840000	0.00	
999.840000	0.00	
1019.840000	0.00	
1039.840000	0.00	
1059.840000	0.00	
1079.840000	0.00	
1099.840000	0.00	
1119.840000	0.00	
1139.840000	0.00	
1159.840000	0.00	
1179.840000	0.00	
1199.840000	0.00	
1219.840000	0.00	
1239.840000	0.00	
1259.840000	0.00	
1279.840000	0.00	
1299.840000	0.00	
1319.840000	0.00	
1339.840000	0.00	
1359.840000	0.00	
1379.840000	0.00	
1399.840000	0.00	
1419.840000	0.00	
1439.840000	0.00	
1459.840000	0.00	
1479.840000	0.00	
1499.840000	0.00	
1519.840000	0.00	
1539.840000	0.00	
1559.840000	0.00	
1579.840000	0.00	
1599.840000	0.00	
1619.840000	0.00	
1639.840000	0.00	
1659.840000	0.00	
1679.840000	0.00	
1699.840000	0.00	
1719.840000	0.00	
1739.840000	0.00	
1759.840000	0.00	
1779.840000	0.00	
1799.840000	0.00	
1819.840000	0.00	
1839.840000	0.00	
1859.840000	0.00	
1879.840000	0.00	
1899.840000	0.00	
1919.840000	0.00	
1939.840000	0.00	
1959.840000	0.00	
1979.840000	0.00	
1999.840000	0.00	
2019.840000	0.00	
2039.840000	0.00	
2059.840000	0.00	
2079.840000	0.00	
2099.840000	0.00	
2119.840000	0.00	
2139.840000	0.00	
2159.840000	0.00	
2179.840000	0.00	
2199.840000	0.00	
2219.840000	0.00	
2239.840000	0.00	
2259.840000	0.00	
2279.840000	0.00	
2299.840000	0.00	
2319.840000	0.00	
2339.840000	0.00	
2359.840000	0.00	
2379.840000	0.00	
2399.840000	0.00	
2419.840000	0.00	
2439.840000	0.00	
2459.840000	0.00	
2479.840000	0.00	
2499.840000	0.00	
