0.000000	0.644166906841	
20.000000	0.357708959570	
40.000000	0.356643952821	
60.000000	0.356499193197	
80.000000	0.356417972256	
100.000000	0.356377157471	
120.000000	0.224810604220	
140.000000	0.233906129802	
160.000000	0.252012165355	
180.000000	0.270860421854	
200.000000	0.289324511260	
220.000000	0.306898290835	
240.000000	0.323529254192	
260.000000	0.339278905350	
280.000000	0.354224060693	
300.000000	0.368433695258	
320.000000	0.381967091296	
340.000000	0.395449716368	
360.000000	0.407851665439	
380.000000	0.419516939647	
400.000000	0.430624325116	
420.000000	0.441261633844	
440.000000	0.451482325218	
460.000000	0.461327127492	
480.000000	0.470832630107	
500.000000	0.480035348557	
520.000000	0.495786308796	
540.000000	0.510368502143	
560.000000	0.523795149309	
580.000000	0.536403171455	
594.120000	0.545314071611	
594.320000	0.545445842028	
594.520000	0.545577926694	
594.720000	0.545710336640	
594.920000	0.545843083322	
595.120000	0.545976178644	
595.320000	0.546109634982	
595.520000	0.546243465211	
595.720000	0.546377682726	
595.920000	0.546512301479	
596.120000	0.546647336004	
596.320000	0.546782801453	
596.520000	0.546918713630	
596.720000	0.547055089029	
596.920000	0.547191944877	
597.120000	0.547329299176	
597.320000	0.547467170750	
597.520000	0.547605579295	
597.720000	0.547744545438	
597.920000	0.547884090791	
598.120000	0.548024238018	
598.320000	0.548165010903	
598.520000	0.548306434425	
598.720000	0.548448534840	
598.920000	0.548591339767	
599.120000	0.548734878284	
599.320000	0.548879181037	
599.520000	0.549024280347	
599.720000	0.549170210337	
599.920000	0.549317007069	
600.120000	0.549464708690	
600.320000	0.549613355600	
600.520000	0.549762990624	
600.720000	0.549913659214	
600.920000	0.550065409668	
601.120000	0.550218293366	
601.320000	0.550372365040	
601.520000	0.550527683068	
601.720000	0.550684309802	
601.920000	0.550842311935	
602.120000	0.551001760911	
602.320000	0.551162733381	
602.520000	0.551325311718	
602.720000	0.551489584598	
602.920000	0.551655647648	
603.120000	0.551823604192	
603.320000	0.551993566088	
603.520000	0.552165654685	
603.720000	0.552340001919	
603.920000	0.552516751569	
604.120000	0.552696060704	
604.320000	0.552878101355	
604.520000	0.553063062464	
604.720000	0.553251152148	
604.920000	0.553442600362	
605.120000	0.553637662038	
605.320000	0.553836620801	
605.520000	0.554039793404	
605.720000	0.554247535055	
605.920000	0.554460245845	
606.120000	0.554678378586	
606.320000	0.554902448431	
606.520000	0.555133044782	
606.720000	0.555370846197	
606.920000	0.555616639226	
607.120000	0.555871342504	
607.320000	0.556136037985	
607.520000	0.556412012006	
607.720000	0.556700810205	
607.920000	0.557004312312	
608.120000	0.557324836249	
608.320000	0.557665286626	
608.520000	0.558029372824	
608.720000	0.558421940505	
608.920000	0.558849497102	
609.120000	0.559321089047	
609.320000	0.559849866364	
609.520000	0.560456129233	
609.720000	0.561174038550	
609.920000	0.562069476563	
610.120000	0.563307150208	
610.320000	0.565879402452	
610.520000	0.583575599384	
610.720000	0.598551176509	
610.920000	0.000001919435	
611.120000	0.000000208223	
611.320000	0.000001099640	
611.520000	0.000023475385	
611.720000	0.000426231815	
611.920000	0.002464112909	
612.120000	0.008521858203	
612.320000	0.023891089422	
612.520000	0.057752788000	
612.720000	0.100249113270	
612.920000	0.114477398609	
613.120000	0.126199148861	
613.320000	0.139829875714	
633.320000	0.509522665906	
641.220000	0.535548346579	
641.420000	0.536048235596	
641.620000	0.536542052327	
641.820000	0.537029907940	
642.020000	0.537511912138	
642.220000	0.537988173187	
642.420000	0.538458797931	
642.620000	0.538923891824	
642.820000	0.539383558951	
643.020000	0.539837902051	
643.220000	0.540287022548	
643.420000	0.540731020569	
643.620000	0.541169994979	
643.820000	0.541604043404	
644.020000	0.542033262259	
644.220000	0.542457746777	
644.420000	0.542877591040	
644.620000	0.543292888008	
644.820000	0.543703729548	
645.020000	0.544110206469	
645.220000	0.544512408551	
645.420000	0.544910424580	
645.620000	0.545304342381	
645.820000	0.545694248856	
646.020000	0.546080230015	
646.220000	0.546462371015	
646.420000	0.546840756203	
646.620000	0.547215469146	
646.820000	0.547586592680	
647.020000	0.547954208946	
647.220000	0.548318399437	
647.420000	0.548679245040	
647.620000	0.549036826089	
647.820000	0.549391222401	
648.020000	0.549742513341	
648.220000	0.550090777862	
648.420000	0.550436094568	
648.620000	0.550778541765	
648.820000	0.551118197527	
649.020000	0.551455139754	
649.220000	0.551789446239	
649.420000	0.552121194739	
649.620000	0.552450463045	
649.820000	0.552777329064	
650.020000	0.553101870896	
650.220000	0.553424166924	
650.420000	0.553744295903	
650.620000	0.554062337064	
650.820000	0.554378370211	
651.020000	0.554692475840	
651.220000	0.555004735255	
651.420000	0.555315230698	
651.620000	0.555624045488	
651.820000	0.555931264169	
652.020000	0.556236972674	
652.220000	0.556541258497	
652.420000	0.556844210886	
652.620000	0.557145921047	
652.820000	0.557446482368	
653.020000	0.557745990669	
653.220000	0.558044544467	
653.420000	0.558342245272	
653.620000	0.558639197916	
653.820000	0.558935510905	
654.020000	0.559231296821	
654.220000	0.559526672758	
654.420000	0.559821760812	
654.620000	0.560116688625	
654.820000	0.560411589993	
655.020000	0.560706605548	
655.220000	0.561001883526	
655.420000	0.561297580627	
655.620000	0.561593863000	
655.820000	0.561890907351	
656.020000	0.562188902205	
656.220000	0.562488049359	
656.420000	0.562788565540	
656.620000	0.563090684323	
656.820000	0.563394658348	
657.020000	0.563700761900	
657.220000	0.564009293928	
657.420000	0.564320581586	
657.620000	0.564634984423	
657.820000	0.564952899360	
658.020000	0.565274766646	
658.220000	0.565601077024	
658.420000	0.565932380439	
658.620000	0.566269296674	
658.820000	0.566612528486	
659.020000	0.566962877954	
659.220000	0.567321267070	
659.420000	0.567688763953	
659.620000	0.568066616642	
659.820000	0.568456297328	
660.020000	0.568859561135	
660.220000	0.569278525695	
660.420000	0.569715781135	
660.620000	0.570174545760	
660.820000	0.570658892724	
661.020000	0.571174091158	
661.220000	0.571727140614	
661.420000	0.572327650835	
661.620000	0.572989383856	
661.820000	0.573733190105	
662.020000	0.574593278145	
662.220000	0.575633125439	
662.420000	0.577000035048	
662.620000	0.579335430319	
662.820000	0.593124382469	
663.020000	0.598895709064	
663.220000	0.000001110615	
663.420000	0.000000128504	
663.620000	0.000000717368	
663.820000	0.000017434632	
664.020000	0.000377162863	
664.220000	0.002406073907	
664.420000	0.008435271172	
664.620000	0.023097938623	
664.820000	0.053750743045	
665.020000	0.093620023732	
665.220000	0.109078412169	
665.420000	0.120205257375	
665.620000	0.133069695178	
665.820000	0.147142294399	
685.820000	0.515552266931	
688.540000	0.526823933319	
688.740000	0.527570187088	
688.940000	0.528306039818	
689.140000	0.529031656709	
689.340000	0.529747200893	
689.540000	0.530452833450	
689.740000	0.531148713439	
689.940000	0.531834997919	
690.140000	0.532511841972	
690.340000	0.533179398713	
690.540000	0.533837819321	
690.740000	0.534487253053	
690.940000	0.535127847262	
691.140000	0.535759747409	
691.340000	0.536383097091	
691.540000	0.536998038045	
691.740000	0.537604710172	
691.940000	0.538203251556	
692.140000	0.538793798478	
692.340000	0.539376485429	
692.540000	0.539951445131	
692.740000	0.540518808555	
692.940000	0.541078704939	
693.140000	0.541631261804	
693.340000	0.542176604973	
693.540000	0.542714858592	
693.740000	0.543246145147	
693.940000	0.543770585483	
694.140000	0.544288298827	
694.340000	0.544799402807	
694.540000	0.545304013469	
694.740000	0.545802245310	
694.940000	0.546294211286	
695.140000	0.546780022843	
695.340000	0.547259789938	
695.540000	0.547733621061	
695.740000	0.548201623260	
695.940000	0.548663902165	
696.140000	0.549120562013	
696.340000	0.549571705673	
696.540000	0.550017434672	
696.740000	0.550457849220	
696.940000	0.550893048236	
697.140000	0.551323129380	
697.340000	0.551748189076	
697.540000	0.552168322542	
697.740000	0.552583623816	
697.940000	0.552994185791	
698.140000	0.553400100243	
698.340000	0.553801457856	
698.540000	0.554198348262	
698.740000	0.554590860065	
698.940000	0.554979080879	
699.140000	0.555363097360	
699.340000	0.555742995236	
699.540000	0.556118859351	
699.740000	0.556490773690	
699.940000	0.556858821423	
700.140000	0.557223084941	
700.340000	0.557583645894	
700.540000	0.557940585231	
700.740000	0.558293983243	
700.940000	0.558643919600	
701.140000	0.558990473403	
701.340000	0.559333723225	
701.540000	0.559673747155	
701.740000	0.560010622855	
701.940000	0.560344427601	
702.140000	0.560675238346	
702.340000	0.561003131767	
702.540000	0.561328184328	
702.740000	0.561650472337	
702.940000	0.561970072012	
703.140000	0.562287059544	
703.340000	0.562601511173	
703.540000	0.562913503254	
703.740000	0.563223112342	
703.940000	0.563530415271	
704.140000	0.563835489241	
704.340000	0.564138411913	
704.540000	0.564439261506	
704.740000	0.564738116904	
704.940000	0.565035057768	
705.140000	0.565330164658	
705.340000	0.565623519158	
705.540000	0.565915204024	
705.740000	0.566205303323	
705.940000	0.566493902603	
706.140000	0.566781089066	
706.340000	0.567066951757	
706.540000	0.567351581770	
706.740000	0.567635072471	
706.940000	0.567917519747	
707.140000	0.568199022269	
707.340000	0.568479681788	
707.540000	0.568759603453	
707.740000	0.569038896170	
707.940000	0.569317672989	
708.140000	0.569596051537	
708.340000	0.569874154496	
708.540000	0.570152110137	
708.740000	0.570430052912	
708.940000	0.570708124115	
709.140000	0.570986472626	
709.340000	0.571265255745	
709.540000	0.571544640133	
709.740000	0.571824802872	
709.940000	0.572105932675	
710.140000	0.572388231259	
710.340000	0.572671914911	
710.540000	0.572957216289	
710.740000	0.573244386494	
710.940000	0.573533697467	
711.140000	0.573825444770	
711.340000	0.574119950836	
711.540000	0.574417568780	
711.740000	0.574718686891	
711.940000	0.575023733969	
712.140000	0.575333185680	
712.340000	0.575647572213	
712.540000	0.575967487527	
712.740000	0.576293600642	
712.940000	0.576626669527	
713.140000	0.576967558338	
713.340000	0.577317259044	
713.540000	0.577676918854	
713.740000	0.578047875434	
713.940000	0.578431702760	
714.140000	0.578830271759	
714.340000	0.579245831902	
714.540000	0.579681123228	
714.740000	0.580139533734	
714.940000	0.580625326496	
715.140000	0.581143978042	
715.340000	0.581702702063	
715.540000	0.582311298923	
715.740000	0.582983617576	
715.940000	0.583740273146	
716.140000	0.584614261639	
716.340000	0.585664513120	
716.540000	0.587018315699	
716.740000	0.589109897032	
716.940000	0.598615868922	
717.140000	0.610067005639	
717.340000	0.000001531345	
717.540000	0.000000085999	
717.740000	0.000000368446	
717.940000	0.000009021391	
718.140000	0.000252606515	
718.340000	0.002015761395	
718.540000	0.007554124998	
718.740000	0.020844236109	
718.940000	0.048176290197	
719.140000	0.086338627503	
719.340000	0.104060392797	
719.540000	0.114812271228	
719.740000	0.127100976541	
719.940000	0.140711268672	
720.140000	0.154922586178	
740.140000	0.515049642697	
743.440000	0.528307386324	
743.640000	0.529013380722	
743.840000	0.529709183508	
744.040000	0.530394940374	
744.240000	0.531070795305	
744.440000	0.531736890586	
744.640000	0.532393366813	
744.840000	0.533040362898	
745.040000	0.533678016075	
745.240000	0.534306461905	
745.440000	0.534925834284	
745.640000	0.535536265437	
745.840000	0.536137885938	
746.040000	0.536730824707	
746.240000	0.537315209012	
746.440000	0.537891164476	
746.640000	0.538458815084	
746.840000	0.539018283187	
747.040000	0.539569689506	
747.240000	0.540113153139	
747.440000	0.540648791567	
747.640000	0.541176720662	
747.840000	0.541697054691	
748.040000	0.542209906328	
748.240000	0.542715386658	
748.440000	0.543213605187	
748.640000	0.543704669849	
748.840000	0.544188687019	
749.040000	0.544665761518	
749.240000	0.545135996626	
749.440000	0.545599494092	
749.640000	0.546056354147	
749.840000	0.546506675508	
750.040000	0.546950555398	
750.240000	0.547388089551	
750.440000	0.547819372230	
750.640000	0.548244496237	
750.840000	0.548663552923	
751.040000	0.549076632205	
751.240000	0.549483822579	
751.440000	0.549885211133	
751.640000	0.550280883557	
751.840000	0.550670924163	
752.040000	0.551055415895	
752.240000	0.551434440345	
752.440000	0.551808077768	
752.640000	0.552176407094	
752.840000	0.552539505946	
753.040000	0.552897450652	
753.240000	0.553250316260	
753.440000	0.553598176556	
753.640000	0.553941104075	
753.840000	0.554279170119	
754.040000	0.554612444769	
754.240000	0.554940996905	
754.440000	0.555264894215	
754.640000	0.555584203213	
754.840000	0.555898989258	
755.040000	0.556209316560	
755.240000	0.556515248203	
755.440000	0.556816846155	
755.640000	0.557114171288	
755.840000	0.557407283386	
756.040000	0.557696241165	
756.240000	0.557981102287	
756.440000	0.558261923371	
756.640000	0.558538760012	
756.840000	0.558811666794	
757.040000	0.559080697302	
757.240000	0.559345904139	
757.440000	0.559607338940	
757.640000	0.559865052383	
757.840000	0.560119094206	
758.040000	0.560369513221	
758.240000	0.560616357326	
758.440000	0.560859673517	
758.640000	0.561099507905	
758.840000	0.561335905728	
759.040000	0.561568911362	
759.240000	0.561798568339	
759.440000	0.562024919352	
759.640000	0.562248006277	
759.840000	0.562467870179	
760.040000	0.562684551327	
760.240000	0.562898089206	
760.440000	0.563108522531	
760.640000	0.563315889255	
760.840000	0.563520226585	
761.040000	0.563721570993	
761.240000	0.563919958226	
761.440000	0.564115423319	
761.640000	0.564308000609	
761.840000	0.564497723740	
762.040000	0.564684625681	
762.240000	0.564868738734	
762.440000	0.565050094545	
762.640000	0.565228724117	
762.840000	0.565404657816	
763.040000	0.565577925390	
763.240000	0.565748555972	
763.440000	0.565916578093	
763.640000	0.566082019695	
763.840000	0.566244908138	
764.040000	0.566405270213	
764.240000	0.566563132150	
764.440000	0.566718519628	
764.640000	0.566871457790	
764.840000	0.567021971245	
765.040000	0.567170084085	
765.240000	0.567315819890	
765.440000	0.567459201742	
765.640000	0.567600252229	
765.840000	0.567738993461	
766.040000	0.567875447077	
766.240000	0.568009634253	
766.440000	0.568141575713	
766.640000	0.568271291737	
766.840000	0.568398802175	
767.040000	0.568524126450	
767.240000	0.568647283572	
767.440000	0.568768292144	
767.640000	0.568887170374	
767.840000	0.569003936084	
768.040000	0.569118606716	
768.240000	0.569231199346	
768.440000	0.569341730688	
768.640000	0.569450217107	
768.840000	0.569556674629	
769.040000	0.569661118944	
769.240000	0.569763565420	
769.440000	0.569864029114	
769.640000	0.569962524774	
769.840000	0.570059066854	
770.040000	0.570153669521	
770.240000	0.570246346664	
770.440000	0.570337111902	
770.640000	0.570425978596	
770.840000	0.570512959853	
771.040000	0.570598068540	
771.240000	0.570681317290	
771.440000	0.570762718511	
771.640000	0.570842284396	
771.840000	0.570920026933	
772.040000	0.570995957908	
772.240000	0.571070088922	
772.440000	0.571142431393	
772.640000	0.571212996570	
772.840000	0.571281795537	
773.040000	0.571348839225	
773.240000	0.571414138420	
773.440000	0.571477703769	
773.640000	0.571539545794	
773.840000	0.571599674895	
774.040000	0.571658101361	
774.240000	0.571714835380	
774.440000	0.571769887043	
774.640000	0.571823266357	
774.840000	0.571874983250	
775.040000	0.571925047580	
775.240000	0.571973469143	
775.440000	0.572020257683	
775.640000	0.572065422894	
775.840000	0.572108974437	
776.040000	0.572150921938	
776.240000	0.572191275001	
776.440000	0.572230043215	
776.640000	0.572267236161	
776.840000	0.572302863417	
777.040000	0.572336934567	
777.240000	0.572369459206	
777.440000	0.572400446952	
777.640000	0.572429907443	
777.840000	0.572457850352	
778.040000	0.572484285389	
778.240000	0.572509222307	
778.440000	0.572532670909	
778.640000	0.572554641052	
778.840000	0.572575142654	
779.040000	0.572594185697	
779.240000	0.572611780233	
779.440000	0.572627936388	
779.640000	0.572642664369	
779.840000	0.572655974461	
780.040000	0.572667877042	
780.240000	0.572678382574	
780.440000	0.572687501617	
780.640000	0.572695244825	
780.840000	0.572701622951	
781.040000	0.572706646851	
781.240000	0.572710327484	
781.440000	0.572712675916	
781.640000	0.572713703319	
781.840000	0.572713420974	
782.040000	0.572711840273	
782.240000	0.572708972716	
782.440000	0.572704829917	
782.640000	0.572699423600	
782.840000	0.572692765600	
783.040000	0.572684867863	
783.240000	0.572675742445	
783.440000	0.572665401511	
783.640000	0.572653857334	
783.840000	0.572641122294	
784.040000	0.572627208875	
784.240000	0.572612129665	
784.440000	0.572595897350	
784.640000	0.572578524718	
784.840000	0.572560024648	
785.040000	0.572540410114	
785.240000	0.572519694176	
785.440000	0.572497889982	
785.640000	0.572475010762	
785.840000	0.572451069822	
786.040000	0.572426080544	
786.240000	0.572400056378	
786.440000	0.572373010839	
786.640000	0.572344957505	
786.840000	0.572315910008	
787.040000	0.572285882030	
787.240000	0.572254887302	
787.440000	0.572222939593	
787.640000	0.572190052710	
787.840000	0.572156240489	
788.040000	0.572121516790	
788.240000	0.572085895494	
788.440000	0.572049390494	
788.640000	0.572012015694	
788.840000	0.571973784997	
789.040000	0.571934712305	
789.240000	0.571894811510	
789.440000	0.571854096489	
789.640000	0.571812581100	
789.840000	0.571770279173	
790.040000	0.571727204508	
790.240000	0.571683370865	
790.440000	0.571638791964	
790.640000	0.571593481474	
790.840000	0.571547453010	
791.040000	0.571500720127	
791.240000	0.571453296317	
791.440000	0.571405194999	
791.640000	0.571356429519	
791.840000	0.571307013140	
792.040000	0.571256959041	
792.240000	0.571206280311	
792.440000	0.571154989942	
792.640000	0.571103100828	
792.840000	0.571050625758	
793.040000	0.570997577412	
793.240000	0.570943968359	
793.440000	0.570889811049	
793.640000	0.570835117813	
793.840000	0.570779900857	
794.040000	0.570724172259	
794.240000	0.570667943966	
794.440000	0.570611227790	
794.640000	0.570554035404	
794.840000	0.570496378343	
795.040000	0.570438267997	
795.240000	0.570379715608	
795.440000	0.570320732273	
795.640000	0.570261328937	
795.840000	0.570201516390	
796.040000	0.570141305269	
796.240000	0.570080706056	
796.440000	0.570019729071	
796.640000	0.569958384476	
796.840000	0.569896682274	
797.040000	0.569834632301	
797.240000	0.569772244235	
797.440000	0.569709527587	
797.640000	0.569646491703	
797.840000	0.569583145765	
798.040000	0.569519498789	
798.240000	0.569455559625	
798.440000	0.569391336957	
798.640000	0.569326839303	
798.840000	0.569262075013	
799.040000	0.569197052275	
799.240000	0.569131779108	
799.440000	0.569066263368	
799.640000	0.569000512748	
799.840000	0.568934534773	
800.040000	0.568868336810	
800.240000	0.568801926062	
800.440000	0.568735309571	
800.640000	0.568668494219	
800.840000	0.568601486731	
801.040000	0.568534293672	
801.240000	0.568466921455	
801.440000	0.568399376334	
801.640000	0.568331664414	
801.840000	0.568263791645	
802.040000	0.568195763831	
802.240000	0.568127586624	
802.440000	0.568059265532	
802.640000	0.567990805918	
802.840000	0.567922213002	
803.040000	0.567853491864	
803.240000	0.567784647443	
803.440000	0.567715684543	
803.640000	0.567646607833	
803.840000	0.567577421847	
804.040000	0.567508130992	
804.240000	0.567438739541	
804.440000	0.567369251646	
804.640000	0.567299671330	
804.840000	0.567230002497	
805.040000	0.567160248927	
805.240000	0.567090414287	
805.440000	0.567020502122	
805.640000	0.566950515869	
805.840000	0.566880458850	
806.040000	0.566810334278	
806.240000	0.566740145262	
806.440000	0.566669894801	
806.640000	0.566599585795	
806.840000	0.566529221042	
807.040000	0.566458803242	
807.240000	0.566388334998	
807.440000	0.566317818820	
807.640000	0.566247257125	
807.840000	0.566176652239	
808.040000	0.566106006402	
808.240000	0.566035321769	
808.440000	0.565964600408	
808.640000	0.565893844309	
808.840000	0.565823055378	
809.040000	0.565752235448	
809.240000	0.565681386274	
809.440000	0.565610509535	
809.640000	0.565539606843	
809.840000	0.565468679736	
810.040000	0.565397729686	
810.240000	0.565326758098	
810.440000	0.565255766312	
810.640000	0.565184755607	
810.840000	0.565113727199	
811.040000	0.565042682246	
811.240000	0.564971621848	
811.440000	0.564900547051	
811.640000	0.564829458845	
811.840000	0.564758358167	
812.040000	0.564687245904	
812.240000	0.564616122894	
812.440000	0.564544989926	
812.640000	0.564473847743	
812.840000	0.564402697044	
813.040000	0.564331538484	
813.240000	0.564260372674	
813.440000	0.564189200187	
813.640000	0.564118021556	
813.840000	0.564046837274	
814.040000	0.563975647799	
814.240000	0.563904453553	
814.440000	0.563833254925	
814.640000	0.563762052268	
814.840000	0.563690845906	
815.040000	0.563619636130	
815.240000	0.563548423202	
815.440000	0.563477207358	
815.640000	0.563405988801	
815.840000	0.563334767714	
816.040000	0.563263544248	
816.240000	0.563192318535	
816.440000	0.563121090681	
816.640000	0.563049860769	
816.840000	0.562978628860	
817.040000	0.562907394997	
817.240000	0.562836159201	
817.440000	0.562764921473	
817.640000	0.562693681797	
817.840000	0.562622440139	
818.040000	0.562551196450	
818.240000	0.562479950662	
818.440000	0.562408702694	
818.640000	0.562337452448	
818.840000	0.562266199816	
819.040000	0.562194944674	
819.240000	0.562123686885	
819.440000	0.562052426302	
819.640000	0.561981162764	
819.840000	0.561909896103	
820.040000	0.561838626137	
820.240000	0.561767352676	
820.440000	0.561696075521	
820.640000	0.561624794465	
820.840000	0.561553509291	
821.040000	0.561482219776	
821.240000	0.561410925688	
821.440000	0.561339626790	
821.640000	0.561268322838	
821.840000	0.561197013583	
822.040000	0.561125698769	
822.240000	0.561054378135	
822.440000	0.560983051416	
822.640000	0.560911718344	
822.840000	0.560840378643	
823.040000	0.560769032038	
823.240000	0.560697678247	
823.440000	0.560626316987	
823.640000	0.560554947972	
823.840000	0.560483570912	
824.040000	0.560412185516	
824.240000	0.560340791492	
824.440000	0.560269388545	
824.640000	0.560197976378	
824.840000	0.560126554695	
825.040000	0.560055123197	
825.240000	0.559983681585	
825.440000	0.559912229560	
825.640000	0.559840766823	
825.840000	0.559769293072	
826.040000	0.559697808008	
826.240000	0.559626311331	
826.440000	0.559554802742	
826.640000	0.559483281943	
826.840000	0.559411748634	
827.040000	0.559340202519	
827.240000	0.559268643301	
827.440000	0.559197070686	
827.640000	0.559125484378	
827.840000	0.559053884086	
828.040000	0.558982269518	
828.240000	0.558910640384	
828.440000	0.558838996397	
828.640000	0.558767337270	
828.840000	0.558695662719	
829.040000	0.558623972461	
829.240000	0.558552266215	
829.440000	0.558480543705	
829.640000	0.558408804652	
829.840000	0.558337048784	
830.040000	0.558265275829	
830.240000	0.558193485516	
830.440000	0.558121677580	
830.640000	0.558049851755	
830.840000	0.557978007780	
831.040000	0.557906145396	
831.240000	0.557834264344	
831.440000	0.557762364372	
831.640000	0.557690445226	
831.840000	0.557618506660	
832.040000	0.557546548425	
832.240000	0.557474570279	
832.440000	0.557402571981	
832.640000	0.557330553293	
832.840000	0.557258513980	
833.040000	0.557186453809	
833.240000	0.557114372550	
833.440000	0.557042269978	
833.640000	0.556970145869	
833.840000	0.556898000000	
834.040000	0.556825832155	
834.240000	0.556753642117	
834.440000	0.556681429675	
834.640000	0.556609194619	
834.840000	0.556536936741	
835.040000	0.556464655840	
835.240000	0.556392351712	
835.440000	0.556320024160	
835.640000	0.556247672990	
835.840000	0.556175298008	
836.040000	0.556102899024	
836.240000	0.556030475852	
836.440000	0.555958028309	
836.640000	0.555885556212	
836.840000	0.555813059383	
837.040000	0.555740537647	
837.240000	0.555667990831	
837.440000	0.555595418764	
837.640000	0.555522821279	
837.840000	0.555450198211	
838.040000	0.555377549399	
838.240000	0.555304874681	
838.440000	0.555232173903	
838.640000	0.555159446909	
838.840000	0.555086693549	
839.040000	0.555013913672	
839.240000	0.554941107133	
839.440000	0.554868273788	
839.640000	0.554795413495	
839.840000	0.554722526116	
840.040000	0.554649611514	
840.240000	0.554576669555	
840.440000	0.554503700107	
840.640000	0.554430703042	
840.840000	0.554357678233	
841.040000	0.554284625555	
841.240000	0.554211544886	
841.440000	0.554138436108	
841.640000	0.554065299101	
841.840000	0.553992133752	
842.040000	0.553918939947	
842.240000	0.553845717575	
842.440000	0.553772466528	
842.640000	0.553699186700	
842.840000	0.553625877985	
843.040000	0.553552540283	
843.240000	0.553479173494	
843.440000	0.553405777519	
843.640000	0.553332352262	
843.840000	0.553258897631	
844.040000	0.553185413532	
844.240000	0.553111899876	
844.440000	0.553038356575	
844.640000	0.552964783544	
844.840000	0.552891180698	
845.040000	0.552817547955	
845.240000	0.552743885235	
845.440000	0.552670192459	
845.640000	0.552596469552	
845.840000	0.552522716437	
846.040000	0.552448933043	
846.240000	0.552375119298	
846.440000	0.552301275132	
846.640000	0.552227400477	
846.840000	0.552153495268	
847.040000	0.552079559440	
847.240000	0.552005592929	
847.440000	0.551931595676	
847.640000	0.551857567621	
847.840000	0.551783508705	
848.040000	0.551709418871	
848.240000	0.551635298067	
848.440000	0.551561146236	
848.640000	0.551486963329	
848.840000	0.551412749294	
849.040000	0.551338504083	
849.240000	0.551264227648	
849.440000	0.551189919943	
849.640000	0.551115580924	
849.840000	0.551041210546	
850.040000	0.550966808770	
850.240000	0.550892375552	
850.440000	0.550817910856	
850.640000	0.550743414642	
850.840000	0.550668886875	
851.040000	0.550594327518	
851.240000	0.550519736538	
851.440000	0.550445113902	
851.640000	0.550370459578	
851.840000	0.550295773536	
852.040000	0.550221055747	
852.240000	0.550146306183	
852.440000	0.550071524817	
852.640000	0.549996711624	
852.840000	0.549921866579	
853.040000	0.549846989658	
853.240000	0.549772080840	
853.440000	0.549697140102	
853.640000	0.549622167425	
853.840000	0.549547162791	
854.040000	0.549472126179	
854.240000	0.549397057575	
854.440000	0.549321956961	
854.640000	0.549246824323	
854.840000	0.549171659647	
855.040000	0.549096462920	
855.240000	0.549021234129	
855.440000	0.548945973264	
855.640000	0.548870680314	
855.840000	0.548795355271	
856.040000	0.548719998125	
856.240000	0.548644608870	
856.440000	0.548569187499	
856.640000	0.548493734007	
856.840000	0.548418248388	
857.040000	0.548342730639	
857.240000	0.548267180756	
857.440000	0.548191598738	
857.640000	0.548115984583	
857.840000	0.548040338291	
858.040000	0.547964659861	
858.240000	0.547888949295	
858.440000	0.547813206595	
858.640000	0.547737431762	
858.840000	0.547661624802	
859.040000	0.547585785716	
859.240000	0.547509914511	
859.440000	0.547434011192	
859.640000	0.547358075765	
859.840000	0.547282108237	
879.840000	0.539526922423	
899.840000	0.531484823141	
919.840000	0.523211412847	
939.840000	0.514771728989	
959.840000	0.506233118999	
979.840000	0.497661669544	
999.840000	0.489120315343	
1019.840000	0.480667781106	
1039.840000	0.472357978385	
1059.840000	0.464239640705	
1079.840000	0.456356106711	
1099.840000	0.448745178585	
1119.840000	0.441439140944	
1139.840000	0.434464682360	
1159.840000	0.427842938096	
1179.840000	0.421589660512	
1199.840000	0.415715287637	
1219.840000	0.410225209649	
1239.840000	0.405120108517	
1259.840000	0.400396340544	
1279.840000	0.396046389505	
1299.840000	0.392059367452	
1319.840000	0.388421547778	
1339.840000	0.385116911767	
1359.840000	0.382127689301	
1379.840000	0.379434875926	
1399.840000	0.377018711277	
1419.840000	0.374859107626	
1439.840000	0.372936021362	
1459.840000	0.371229764171	
1479.840000	0.369721254131	
1499.840000	0.368392209737	
1519.840000	0.367225291793	
1539.840000	0.366204199373	
1559.840000	0.365313726535	
1579.840000	0.364539786544	
1599.840000	0.363869409970	
1619.840000	0.363290722443	
1639.840000	0.362792907119	
1659.840000	0.362366156146	
1679.840000	0.362001614713	
1699.840000	0.361691320545	
1719.840000	0.361428141136	
1739.840000	0.361205710491	
1759.840000	0.361018366735	
1779.840000	0.360861091545	
1799.840000	0.360729452147	
1819.840000	0.360619546331	
1839.840000	0.360527950787	
1859.840000	0.360451672922	
1879.840000	0.360388106215	
1899.840000	0.360334989069	
1919.840000	0.360290367092	
1939.840000	0.360252558655	
1959.840000	0.360220123588	
1979.840000	0.360191834820	
1999.840000	0.360166652785	
2019.840000	0.360143702396	
2039.840000	0.360122252392	
2059.840000	0.360101696865	
2079.840000	0.360081538790	
2099.840000	0.360061375383	
2119.840000	0.360040885105	
2139.840000	0.360019816174	
2159.840000	0.359997976427	
2179.840000	0.359975224401	
2199.840000	0.359951461508	
2219.840000	0.359926625182	
2239.840000	0.359900682907	
2259.840000	0.359873627018	
2279.840000	0.359845470189	
2299.840000	0.359816241535	
2319.840000	0.359785983259	
2339.840000	0.359754747766	
2359.840000	0.359722595205	
2379.840000	0.359689591375	
2399.840000	0.359655805955	
2419.840000	0.359621311013	
2439.840000	0.359586179764	
2459.840000	0.359550485538	
2479.840000	0.359514300939	
2499.840000	0.359477697152	
