0.000000	-0.000000001747	
20.000000	-0.000000001911	
40.000000	-0.000000001907	
60.000000	-0.000000001902	
80.000000	-0.000000001899	
100.000000	-0.000000001897	
120.000000	-0.000000000101	
140.000000	-0.000000000149	
160.000000	-0.000000000231	
180.000000	-0.000000000355	
200.000000	-0.000000000530	
220.000000	-0.000000000765	
240.000000	-0.000000001072	
260.000000	-0.000000001463	
280.000000	-0.000000001953	
300.000000	-0.000000002557	
320.000000	-0.000000003291	
340.000000	-0.000000004217	
360.000000	-0.000000005281	
380.000000	-0.000000006513	
400.000000	-0.000000007939	
420.000000	-0.000000009584	
440.000000	-0.000000011473	
460.000000	-0.000000013632	
480.000000	-0.000000016092	
500.000000	-0.000000018888	
520.000000	-0.000000024933	
540.000000	-0.000000032185	
560.000000	-0.000000040754	
580.000000	-0.000000050955	
594.120000	-0.000000059815	
594.320000	-0.000000059959	
594.520000	-0.000000060103	
594.720000	-0.000000060249	
594.920000	-0.000000060395	
595.120000	-0.000000060542	
595.320000	-0.000000060690	
595.520000	-0.000000060839	
595.720000	-0.000000060988	
595.920000	-0.000000061139	
596.120000	-0.000000061290	
596.320000	-0.000000061443	
596.520000	-0.000000061596	
596.720000	-0.000000061751	
596.920000	-0.000000061907	
597.120000	-0.000000062063	
597.320000	-0.000000062221	
597.520000	-0.000000062380	
597.720000	-0.000000062540	
597.920000	-0.000000062701	
598.120000	-0.000000062864	
598.320000	-0.000000063028	
598.520000	-0.000000063193	
598.720000	-0.000000063360	
598.920000	-0.000000063528	
599.120000	-0.000000063698	
599.320000	-0.000000063869	
599.520000	-0.000000064042	
599.720000	-0.000000064217	
599.920000	-0.000000064393	
600.120000	-0.000000064571	
600.320000	-0.000000064751	
600.520000	-0.000000064933	
600.720000	-0.000000065117	
600.920000	-0.000000065303	
601.120000	-0.000000065492	
601.320000	-0.000000065682	
601.520000	-0.000000065876	
601.720000	-0.000000066071	
601.920000	-0.000000066270	
602.120000	-0.000000066471	
602.320000	-0.000000066676	
602.520000	-0.000000066883	
602.720000	-0.000000067094	
602.920000	-0.000000067308	
603.120000	-0.000000067526	
603.320000	-0.000000067748	
603.520000	-0.000000067974	
603.720000	-0.000000068204	
603.920000	-0.000000068439	
604.120000	-0.000000068680	
604.320000	-0.000000068925	
604.520000	-0.000000069176	
604.720000	-0.000000069434	
604.920000	-0.000000069698	
605.120000	-0.000000069970	
605.320000	-0.000000070249	
605.520000	-0.000000070537	
605.720000	-0.000000070834	
605.920000	-0.000000071141	
606.120000	-0.000000071460	
606.320000	-0.000000071791	
606.520000	-0.000000072135	
606.720000	-0.000000072495	
606.920000	-0.000000072872	
607.120000	-0.000000073268	
607.320000	-0.000000073685	
607.520000	-0.000000074128	
607.720000	-0.000000074600	
607.920000	-0.000000075105	
608.120000	-0.000000075650	
608.320000	-0.000000076243	
608.520000	-0.000000076893	
608.720000	-0.000000077614	
608.920000	-0.000000078424	
609.120000	-0.000000079352	
609.320000	-0.000000080436	
609.520000	-0.000000081744	
609.720000	-0.000000083390	
609.920000	-0.000000085616	
610.120000	-0.000000089078	
610.320000	-0.000000099178	
610.520000	-0.000000248065	
610.720000	-0.000002984828	
610.920000	-0.000590985178	
611.120000	-0.003721451562	
611.320000	-0.009600812189	
611.520000	-0.017402033602	
611.720000	-0.024610474085	
611.920000	-0.028130457368	
612.120000	-0.027424866434	
612.320000	-0.022839890142	
612.520000	-0.015729349595	
612.720000	-0.008808803904	
612.920000	-0.004253220381	
613.120000	-0.001944013073	
613.320000	-0.000872751494	
633.320000	-0.000000043884	
641.220000	-0.000000056403	
641.420000	-0.000000056718	
641.620000	-0.000000057034	
641.820000	-0.000000057349	
642.020000	-0.000000057664	
642.220000	-0.000000057980	
642.420000	-0.000000058295	
642.620000	-0.000000058610	
642.820000	-0.000000058925	
643.020000	-0.000000059240	
643.220000	-0.000000059555	
643.420000	-0.000000059869	
643.620000	-0.000000060184	
643.820000	-0.000000060499	
644.020000	-0.000000060814	
644.220000	-0.000000061129	
644.420000	-0.000000061444	
644.620000	-0.000000061759	
644.820000	-0.000000062074	
645.020000	-0.000000062389	
645.220000	-0.000000062704	
645.420000	-0.000000063019	
645.620000	-0.000000063335	
645.820000	-0.000000063650	
646.020000	-0.000000063966	
646.220000	-0.000000064282	
646.420000	-0.000000064598	
646.620000	-0.000000064915	
646.820000	-0.000000065232	
647.020000	-0.000000065549	
647.220000	-0.000000065866	
647.420000	-0.000000066184	
647.620000	-0.000000066502	
647.820000	-0.000000066821	
648.020000	-0.000000067140	
648.220000	-0.000000067460	
648.420000	-0.000000067780	
648.620000	-0.000000068101	
648.820000	-0.000000068422	
649.020000	-0.000000068744	
649.220000	-0.000000069067	
649.420000	-0.000000069391	
649.620000	-0.000000069715	
649.820000	-0.000000070041	
650.020000	-0.000000070367	
650.220000	-0.000000070695	
650.420000	-0.000000071023	
650.620000	-0.000000071352	
650.820000	-0.000000071683	
651.020000	-0.000000072015	
651.220000	-0.000000072349	
651.420000	-0.000000072683	
651.620000	-0.000000073020	
651.820000	-0.000000073358	
652.020000	-0.000000073697	
652.220000	-0.000000074039	
652.420000	-0.000000074383	
652.620000	-0.000000074728	
652.820000	-0.000000075076	
653.020000	-0.000000075426	
653.220000	-0.000000075778	
653.420000	-0.000000076133	
653.620000	-0.000000076491	
653.820000	-0.000000076852	
654.020000	-0.000000077216	
654.220000	-0.000000077583	
654.420000	-0.000000077954	
654.620000	-0.000000078328	
654.820000	-0.000000078707	
655.020000	-0.000000079089	
655.220000	-0.000000079477	
655.420000	-0.000000079869	
655.620000	-0.000000080266	
655.820000	-0.000000080669	
656.020000	-0.000000081078	
656.220000	-0.000000081493	
656.420000	-0.000000081915	
656.620000	-0.000000082344	
656.820000	-0.000000082782	
657.020000	-0.000000083228	
657.220000	-0.000000083683	
657.420000	-0.000000084149	
657.620000	-0.000000084626	
657.820000	-0.000000085114	
658.020000	-0.000000085616	
658.220000	-0.000000086132	
658.420000	-0.000000086664	
658.620000	-0.000000087214	
658.820000	-0.000000087783	
659.020000	-0.000000088374	
659.220000	-0.000000088990	
659.420000	-0.000000089633	
659.620000	-0.000000090307	
659.820000	-0.000000091017	
660.020000	-0.000000091768	
660.220000	-0.000000092566	
660.420000	-0.000000093421	
660.620000	-0.000000094342	
660.820000	-0.000000095344	
661.020000	-0.000000096444	
661.220000	-0.000000097668	
661.420000	-0.000000099051	
661.620000	-0.000000100646	
661.820000	-0.000000102537	
662.020000	-0.000000104869	
662.220000	-0.000000107926	
662.420000	-0.000000112435	
662.620000	-0.000000122405	
662.820000	-0.000000259047	
663.020000	-0.000003269938	
663.220000	-0.000615365887	
663.420000	-0.003608843210	
663.620000	-0.009175153218	
663.820000	-0.016662686460	
664.020000	-0.023737476167	
664.220000	-0.027150017405	
664.420000	-0.026350371405	
664.620000	-0.021891646848	
664.820000	-0.015199489990	
665.020000	-0.008674758202	
665.220000	-0.004260333727	
665.420000	-0.001967738010	
665.620000	-0.000890752712	
665.820000	-0.000400177939	
685.820000	-0.000000049097	
688.540000	-0.000000054168	
688.740000	-0.000000054541	
688.940000	-0.000000054914	
689.140000	-0.000000055287	
689.340000	-0.000000055661	
689.540000	-0.000000056033	
689.740000	-0.000000056406	
689.940000	-0.000000056779	
690.140000	-0.000000057151	
690.340000	-0.000000057523	
690.540000	-0.000000057895	
690.740000	-0.000000058267	
690.940000	-0.000000058639	
691.140000	-0.000000059010	
691.340000	-0.000000059381	
691.540000	-0.000000059752	
691.740000	-0.000000060122	
691.940000	-0.000000060493	
692.140000	-0.000000060862	
692.340000	-0.000000061232	
692.540000	-0.000000061601	
692.740000	-0.000000061970	
692.940000	-0.000000062339	
693.140000	-0.000000062707	
693.340000	-0.000000063075	
693.540000	-0.000000063442	
693.740000	-0.000000063809	
693.940000	-0.000000064176	
694.140000	-0.000000064543	
694.340000	-0.000000064909	
694.540000	-0.000000065274	
694.740000	-0.000000065640	
694.940000	-0.000000066005	
695.140000	-0.000000066369	
695.340000	-0.000000066734	
695.540000	-0.000000067098	
695.740000	-0.000000067461	
695.940000	-0.000000067824	
696.140000	-0.000000068187	
696.340000	-0.000000068550	
696.540000	-0.000000068912	
696.740000	-0.000000069274	
696.940000	-0.000000069635	
697.140000	-0.000000069997	
697.340000	-0.000000070358	
697.540000	-0.000000070718	
697.740000	-0.000000071079	
697.940000	-0.000000071439	
698.140000	-0.000000071799	
698.340000	-0.000000072159	
698.540000	-0.000000072518	
698.740000	-0.000000072878	
698.940000	-0.000000073237	
699.140000	-0.000000073596	
699.340000	-0.000000073955	
699.540000	-0.000000074314	
699.740000	-0.000000074673	
699.940000	-0.000000075031	
700.140000	-0.000000075390	
700.340000	-0.000000075749	
700.540000	-0.000000076108	
700.740000	-0.000000076466	
700.940000	-0.000000076825	
701.140000	-0.000000077184	
701.340000	-0.000000077544	
701.540000	-0.000000077903	
701.740000	-0.000000078263	
701.940000	-0.000000078623	
702.140000	-0.000000078983	
702.340000	-0.000000079344	
702.540000	-0.000000079705	
702.740000	-0.000000080066	
702.940000	-0.000000080428	
703.140000	-0.000000080791	
703.340000	-0.000000081154	
703.540000	-0.000000081518	
703.740000	-0.000000081883	
703.940000	-0.000000082249	
704.140000	-0.000000082615	
704.340000	-0.000000082983	
704.540000	-0.000000083352	
704.740000	-0.000000083721	
704.940000	-0.000000084092	
705.140000	-0.000000084465	
705.340000	-0.000000084838	
705.540000	-0.000000085213	
705.740000	-0.000000085590	
705.940000	-0.000000085969	
706.140000	-0.000000086349	
706.340000	-0.000000086732	
706.540000	-0.000000087116	
706.740000	-0.000000087503	
706.940000	-0.000000087892	
707.140000	-0.000000088284	
707.340000	-0.000000088679	
707.540000	-0.000000089077	
707.740000	-0.000000089477	
707.940000	-0.000000089882	
708.140000	-0.000000090289	
708.340000	-0.000000090701	
708.540000	-0.000000091117	
708.740000	-0.000000091537	
708.940000	-0.000000091961	
709.140000	-0.000000092391	
709.340000	-0.000000092827	
709.540000	-0.000000093268	
709.740000	-0.000000093715	
709.940000	-0.000000094169	
710.140000	-0.000000094630	
710.340000	-0.000000095098	
710.540000	-0.000000095575	
710.740000	-0.000000096061	
710.940000	-0.000000096557	
711.140000	-0.000000097063	
711.340000	-0.000000097581	
711.540000	-0.000000098111	
711.740000	-0.000000098655	
711.940000	-0.000000099213	
712.140000	-0.000000099788	
712.340000	-0.000000100381	
712.540000	-0.000000100993	
712.740000	-0.000000101627	
712.940000	-0.000000102285	
713.140000	-0.000000102970	
713.340000	-0.000000103685	
713.540000	-0.000000104435	
713.740000	-0.000000105223	
713.940000	-0.000000106055	
714.140000	-0.000000106938	
714.340000	-0.000000107880	
714.540000	-0.000000108892	
714.740000	-0.000000109985	
714.940000	-0.000000111177	
715.140000	-0.000000112489	
715.340000	-0.000000113952	
715.540000	-0.000000115607	
715.740000	-0.000000117516	
715.940000	-0.000000119773	
716.140000	-0.000000122540	
716.340000	-0.000000126121	
716.540000	-0.000000131234	
716.740000	-0.000000140803	
716.940000	-0.000000239003	
717.140000	-0.000002234528	
717.340000	-0.000476642388	
717.540000	-0.003118265098	
717.740000	-0.008207454744	
717.940000	-0.015321211274	
718.140000	-0.022526917012	
718.340000	-0.026314420988	
718.540000	-0.025801780049	
718.740000	-0.021660379698	
718.940000	-0.015316954573	
719.140000	-0.008968331475	
719.340000	-0.004495550765	
719.540000	-0.002098709929	
719.740000	-0.000956919687	
719.940000	-0.000432126608	
720.140000	-0.000195116282	
740.140000	-0.000000046736	
743.440000	-0.000000052578	
743.640000	-0.000000052928	
743.840000	-0.000000053277	
744.040000	-0.000000053626	
744.240000	-0.000000053974	
744.440000	-0.000000054321	
744.640000	-0.000000054667	
744.840000	-0.000000055013	
745.040000	-0.000000055357	
745.240000	-0.000000055701	
745.440000	-0.000000056043	
745.640000	-0.000000056385	
745.840000	-0.000000056726	
746.040000	-0.000000057065	
746.240000	-0.000000057404	
746.440000	-0.000000057741	
746.640000	-0.000000058078	
746.840000	-0.000000058413	
747.040000	-0.000000058747	
747.240000	-0.000000059080	
747.440000	-0.000000059412	
747.640000	-0.000000059742	
747.840000	-0.000000060071	
748.040000	-0.000000060399	
748.240000	-0.000000060726	
748.440000	-0.000000061051	
748.640000	-0.000000061375	
748.840000	-0.000000061697	
749.040000	-0.000000062018	
749.240000	-0.000000062338	
749.440000	-0.000000062656	
749.640000	-0.000000062973	
749.840000	-0.000000063289	
750.040000	-0.000000063602	
750.240000	-0.000000063915	
750.440000	-0.000000064226	
750.640000	-0.000000064535	
750.840000	-0.000000064843	
751.040000	-0.000000065149	
751.240000	-0.000000065454	
751.440000	-0.000000065757	
751.640000	-0.000000066058	
751.840000	-0.000000066358	
752.040000	-0.000000066656	
752.240000	-0.000000066952	
752.440000	-0.000000067247	
752.640000	-0.000000067540	
752.840000	-0.000000067831	
753.040000	-0.000000068121	
753.240000	-0.000000068409	
753.440000	-0.000000068695	
753.640000	-0.000000068980	
753.840000	-0.000000069262	
754.040000	-0.000000069543	
754.240000	-0.000000069822	
754.440000	-0.000000070100	
754.640000	-0.000000070375	
754.840000	-0.000000070649	
755.040000	-0.000000070921	
755.240000	-0.000000071191	
755.440000	-0.000000071459	
755.640000	-0.000000071725	
755.840000	-0.000000071990	
756.040000	-0.000000072252	
756.240000	-0.000000072513	
756.440000	-0.000000072771	
756.640000	-0.000000073028	
756.840000	-0.000000073283	
757.040000	-0.000000073536	
757.240000	-0.000000073787	
757.440000	-0.000000074036	
757.640000	-0.000000074284	
757.840000	-0.000000074529	
758.040000	-0.000000074772	
758.240000	-0.000000075013	
758.440000	-0.000000075253	
758.640000	-0.000000075490	
758.840000	-0.000000075725	
759.040000	-0.000000075958	
759.240000	-0.000000076190	
759.440000	-0.000000076419	
759.640000	-0.000000076646	
759.840000	-0.000000076871	
760.040000	-0.000000077095	
760.240000	-0.000000077316	
760.440000	-0.000000077535	
760.640000	-0.000000077752	
760.840000	-0.000000077967	
761.040000	-0.000000078180	
761.240000	-0.000000078390	
761.440000	-0.000000078599	
761.640000	-0.000000078806	
761.840000	-0.000000079010	
762.040000	-0.000000079213	
762.240000	-0.000000079413	
762.440000	-0.000000079611	
762.640000	-0.000000079807	
762.840000	-0.000000080001	
763.040000	-0.000000080193	
763.240000	-0.000000080383	
763.440000	-0.000000080570	
763.640000	-0.000000080756	
763.840000	-0.000000080939	
764.040000	-0.000000081120	
764.240000	-0.000000081299	
764.440000	-0.000000081475	
764.640000	-0.000000081650	
764.840000	-0.000000081822	
765.040000	-0.000000081992	
765.240000	-0.000000082160	
765.440000	-0.000000082326	
765.640000	-0.000000082490	
765.840000	-0.000000082651	
766.040000	-0.000000082810	
766.240000	-0.000000082967	
766.440000	-0.000000083122	
766.640000	-0.000000083274	
766.840000	-0.000000083424	
767.040000	-0.000000083572	
767.240000	-0.000000083718	
767.440000	-0.000000083862	
767.640000	-0.000000084003	
767.840000	-0.000000084142	
768.040000	-0.000000084278	
768.240000	-0.000000084413	
768.440000	-0.000000084545	
768.640000	-0.000000084675	
768.840000	-0.000000084802	
769.040000	-0.000000084928	
769.240000	-0.000000085051	
769.440000	-0.000000085171	
769.640000	-0.000000085290	
769.840000	-0.000000085406	
770.040000	-0.000000085520	
770.240000	-0.000000085631	
770.440000	-0.000000085740	
770.640000	-0.000000085847	
770.840000	-0.000000085952	
771.040000	-0.000000086054	
771.240000	-0.000000086154	
771.440000	-0.000000086251	
771.640000	-0.000000086346	
771.840000	-0.000000086439	
772.040000	-0.000000086530	
772.240000	-0.000000086618	
772.440000	-0.000000086704	
772.640000	-0.000000086788	
772.840000	-0.000000086869	
773.040000	-0.000000086948	
773.240000	-0.000000087024	
773.440000	-0.000000087099	
773.640000	-0.000000087171	
773.840000	-0.000000087240	
774.040000	-0.000000087307	
774.240000	-0.000000087372	
774.440000	-0.000000087435	
774.640000	-0.000000087495	
774.840000	-0.000000087553	
775.040000	-0.000000087609	
775.240000	-0.000000087662	
775.440000	-0.000000087713	
775.640000	-0.000000087762	
775.840000	-0.000000087808	
776.040000	-0.000000087852	
776.240000	-0.000000087894	
776.440000	-0.000000087933	
776.640000	-0.000000087971	
776.840000	-0.000000088006	
777.040000	-0.000000088038	
777.240000	-0.000000088069	
777.440000	-0.000000088097	
777.640000	-0.000000088122	
777.840000	-0.000000088146	
778.040000	-0.000000088167	
778.240000	-0.000000088187	
778.440000	-0.000000088204	
778.640000	-0.000000088218	
778.840000	-0.000000088231	
779.040000	-0.000000088241	
779.240000	-0.000000088249	
779.440000	-0.000000088255	
779.640000	-0.000000088259	
779.840000	-0.000000088261	
780.040000	-0.000000088261	
780.240000	-0.000000088258	
780.440000	-0.000000088254	
780.640000	-0.000000088247	
780.840000	-0.000000088238	
781.040000	-0.000000088228	
781.240000	-0.000000088215	
781.440000	-0.000000088200	
781.640000	-0.000000088183	
781.840000	-0.000000088164	
782.040000	-0.000000088144	
782.240000	-0.000000088121	
782.440000	-0.000000088096	
782.640000	-0.000000088070	
782.840000	-0.000000088041	
783.040000	-0.000000088011	
783.240000	-0.000000087979	
783.440000	-0.000000087945	
783.640000	-0.000000087909	
783.840000	-0.000000087872	
784.040000	-0.000000087832	
784.240000	-0.000000087791	
784.440000	-0.000000087749	
784.640000	-0.000000087704	
784.840000	-0.000000087658	
785.040000	-0.000000087610	
785.240000	-0.000000087561	
785.440000	-0.000000087510	
785.640000	-0.000000087457	
785.840000	-0.000000087403	
786.040000	-0.000000087347	
786.240000	-0.000000087290	
786.440000	-0.000000087231	
786.640000	-0.000000087171	
786.840000	-0.000000087109	
787.040000	-0.000000087046	
787.240000	-0.000000086982	
787.440000	-0.000000086916	
787.640000	-0.000000086849	
787.840000	-0.000000086780	
788.040000	-0.000000086711	
788.240000	-0.000000086640	
788.440000	-0.000000086567	
788.640000	-0.000000086494	
788.840000	-0.000000086419	
789.040000	-0.000000086343	
789.240000	-0.000000086266	
789.440000	-0.000000086188	
789.640000	-0.000000086109	
789.840000	-0.000000086029	
790.040000	-0.000000085948	
790.240000	-0.000000085865	
790.440000	-0.000000085782	
790.640000	-0.000000085698	
790.840000	-0.000000085612	
791.040000	-0.000000085526	
791.240000	-0.000000085439	
791.440000	-0.000000085351	
791.640000	-0.000000085263	
791.840000	-0.000000085173	
792.040000	-0.000000085083	
792.240000	-0.000000084991	
792.440000	-0.000000084899	
792.640000	-0.000000084807	
792.840000	-0.000000084713	
793.040000	-0.000000084619	
793.240000	-0.000000084525	
793.440000	-0.000000084429	
793.640000	-0.000000084333	
793.840000	-0.000000084236	
794.040000	-0.000000084139	
794.240000	-0.000000084041	
794.440000	-0.000000083943	
794.640000	-0.000000083844	
794.840000	-0.000000083745	
795.040000	-0.000000083645	
795.240000	-0.000000083544	
795.440000	-0.000000083444	
795.640000	-0.000000083342	
795.840000	-0.000000083241	
796.040000	-0.000000083139	
796.240000	-0.000000083036	
796.440000	-0.000000082933	
796.640000	-0.000000082830	
796.840000	-0.000000082726	
797.040000	-0.000000082623	
797.240000	-0.000000082518	
797.440000	-0.000000082414	
797.640000	-0.000000082309	
797.840000	-0.000000082204	
798.040000	-0.000000082099	
798.240000	-0.000000081993	
798.440000	-0.000000081888	
798.640000	-0.000000081782	
798.840000	-0.000000081676	
799.040000	-0.000000081569	
799.240000	-0.000000081463	
799.440000	-0.000000081356	
799.640000	-0.000000081249	
799.840000	-0.000000081142	
800.040000	-0.000000081035	
800.240000	-0.000000080928	
800.440000	-0.000000080821	
800.640000	-0.000000080714	
800.840000	-0.000000080606	
801.040000	-0.000000080499	
801.240000	-0.000000080391	
801.440000	-0.000000080283	
801.640000	-0.000000080176	
801.840000	-0.000000080068	
802.040000	-0.000000079960	
802.240000	-0.000000079852	
802.440000	-0.000000079744	
802.640000	-0.000000079637	
802.840000	-0.000000079529	
803.040000	-0.000000079421	
803.240000	-0.000000079313	
803.440000	-0.000000079205	
803.640000	-0.000000079098	
803.840000	-0.000000078990	
804.040000	-0.000000078882	
804.240000	-0.000000078774	
804.440000	-0.000000078667	
804.640000	-0.000000078559	
804.840000	-0.000000078452	
805.040000	-0.000000078344	
805.240000	-0.000000078237	
805.440000	-0.000000078129	
805.640000	-0.000000078022	
805.840000	-0.000000077915	
806.040000	-0.000000077808	
806.240000	-0.000000077701	
806.440000	-0.000000077594	
806.640000	-0.000000077487	
806.840000	-0.000000077380	
807.040000	-0.000000077274	
807.240000	-0.000000077167	
807.440000	-0.000000077061	
807.640000	-0.000000076955	
807.840000	-0.000000076848	
808.040000	-0.000000076742	
808.240000	-0.000000076636	
808.440000	-0.000000076530	
808.640000	-0.000000076425	
808.840000	-0.000000076319	
809.040000	-0.000000076214	
809.240000	-0.000000076108	
809.440000	-0.000000076003	
809.640000	-0.000000075898	
809.840000	-0.000000075793	
810.040000	-0.000000075688	
810.240000	-0.000000075584	
810.440000	-0.000000075479	
810.640000	-0.000000075375	
810.840000	-0.000000075270	
811.040000	-0.000000075166	
811.240000	-0.000000075062	
811.440000	-0.000000074958	
811.640000	-0.000000074855	
811.840000	-0.000000074751	
812.040000	-0.000000074648	
812.240000	-0.000000074544	
812.440000	-0.000000074441	
812.640000	-0.000000074338	
812.840000	-0.000000074236	
813.040000	-0.000000074133	
813.240000	-0.000000074030	
813.440000	-0.000000073928	
813.640000	-0.000000073826	
813.840000	-0.000000073724	
814.040000	-0.000000073622	
814.240000	-0.000000073520	
814.440000	-0.000000073418	
814.640000	-0.000000073317	
814.840000	-0.000000073215	
815.040000	-0.000000073114	
815.240000	-0.000000073013	
815.440000	-0.000000072912	
815.640000	-0.000000072811	
815.840000	-0.000000072711	
816.040000	-0.000000072610	
816.240000	-0.000000072510	
816.440000	-0.000000072410	
816.640000	-0.000000072310	
816.840000	-0.000000072210	
817.040000	-0.000000072110	
817.240000	-0.000000072011	
817.440000	-0.000000071911	
817.640000	-0.000000071812	
817.840000	-0.000000071713	
818.040000	-0.000000071614	
818.240000	-0.000000071515	
818.440000	-0.000000071416	
818.640000	-0.000000071317	
818.840000	-0.000000071219	
819.040000	-0.000000071121	
819.240000	-0.000000071023	
819.440000	-0.000000070924	
819.640000	-0.000000070827	
819.840000	-0.000000070729	
820.040000	-0.000000070631	
820.240000	-0.000000070534	
820.440000	-0.000000070437	
820.640000	-0.000000070339	
820.840000	-0.000000070242	
821.040000	-0.000000070145	
821.240000	-0.000000070049	
821.440000	-0.000000069952	
821.640000	-0.000000069855	
821.840000	-0.000000069759	
822.040000	-0.000000069663	
822.240000	-0.000000069567	
822.440000	-0.000000069471	
822.640000	-0.000000069375	
822.840000	-0.000000069279	
823.040000	-0.000000069184	
823.240000	-0.000000069088	
823.440000	-0.000000068993	
823.640000	-0.000000068898	
823.840000	-0.000000068803	
824.040000	-0.000000068708	
824.240000	-0.000000068613	
824.440000	-0.000000068518	
824.640000	-0.000000068424	
824.840000	-0.000000068329	
825.040000	-0.000000068235	
825.240000	-0.000000068141	
825.440000	-0.000000068047	
825.640000	-0.000000067953	
825.840000	-0.000000067859	
826.040000	-0.000000067766	
826.240000	-0.000000067672	
826.440000	-0.000000067579	
826.640000	-0.000000067485	
826.840000	-0.000000067392	
827.040000	-0.000000067299	
827.240000	-0.000000067206	
827.440000	-0.000000067113	
827.640000	-0.000000067021	
827.840000	-0.000000066928	
828.040000	-0.000000066836	
828.240000	-0.000000066743	
828.440000	-0.000000066651	
828.640000	-0.000000066559	
828.840000	-0.000000066467	
829.040000	-0.000000066375	
829.240000	-0.000000066283	
829.440000	-0.000000066192	
829.640000	-0.000000066100	
829.840000	-0.000000066009	
830.040000	-0.000000065917	
830.240000	-0.000000065826	
830.440000	-0.000000065735	
830.640000	-0.000000065644	
830.840000	-0.000000065553	
831.040000	-0.000000065463	
831.240000	-0.000000065372	
831.440000	-0.000000065281	
831.640000	-0.000000065191	
831.840000	-0.000000065101	
832.040000	-0.000000065011	
832.240000	-0.000000064920	
832.440000	-0.000000064830	
832.640000	-0.000000064741	
832.840000	-0.000000064651	
833.040000	-0.000000064561	
833.240000	-0.000000064472	
833.440000	-0.000000064382	
833.640000	-0.000000064293	
833.840000	-0.000000064204	
834.040000	-0.000000064114	
834.240000	-0.000000064025	
834.440000	-0.000000063937	
834.640000	-0.000000063848	
834.840000	-0.000000063759	
835.040000	-0.000000063670	
835.240000	-0.000000063582	
835.440000	-0.000000063494	
835.640000	-0.000000063405	
835.840000	-0.000000063317	
836.040000	-0.000000063229	
836.240000	-0.000000063141	
836.440000	-0.000000063053	
836.640000	-0.000000062965	
836.840000	-0.000000062878	
837.040000	-0.000000062790	
837.240000	-0.000000062703	
837.440000	-0.000000062615	
837.640000	-0.000000062528	
837.840000	-0.000000062441	
838.040000	-0.000000062354	
838.240000	-0.000000062267	
838.440000	-0.000000062180	
838.640000	-0.000000062093	
838.840000	-0.000000062006	
839.040000	-0.000000061920	
839.240000	-0.000000061833	
839.440000	-0.000000061747	
839.640000	-0.000000061661	
839.840000	-0.000000061574	
840.040000	-0.000000061488	
840.240000	-0.000000061402	
840.440000	-0.000000061316	
840.640000	-0.000000061231	
840.840000	-0.000000061145	
841.040000	-0.000000061059	
841.240000	-0.000000060974	
841.440000	-0.000000060888	
841.640000	-0.000000060803	
841.840000	-0.000000060718	
842.040000	-0.000000060633	
842.240000	-0.000000060548	
842.440000	-0.000000060463	
842.640000	-0.000000060378	
842.840000	-0.000000060293	
843.040000	-0.000000060208	
843.240000	-0.000000060124	
843.440000	-0.000000060039	
843.640000	-0.000000059955	
843.840000	-0.000000059871	
844.040000	-0.000000059787	
844.240000	-0.000000059702	
844.440000	-0.000000059618	
844.640000	-0.000000059535	
844.840000	-0.000000059451	
845.040000	-0.000000059367	
845.240000	-0.000000059283	
845.440000	-0.000000059200	
845.640000	-0.000000059116	
845.840000	-0.000000059033	
846.040000	-0.000000058950	
846.240000	-0.000000058867	
846.440000	-0.000000058783	
846.640000	-0.000000058701	
846.840000	-0.000000058618	
847.040000	-0.000000058535	
847.240000	-0.000000058452	
847.440000	-0.000000058369	
847.640000	-0.000000058287	
847.840000	-0.000000058205	
848.040000	-0.000000058122	
848.240000	-0.000000058040	
848.440000	-0.000000057958	
848.640000	-0.000000057876	
848.840000	-0.000000057794	
849.040000	-0.000000057712	
849.240000	-0.000000057630	
849.440000	-0.000000057548	
849.640000	-0.000000057467	
849.840000	-0.000000057385	
850.040000	-0.000000057304	
850.240000	-0.000000057222	
850.440000	-0.000000057141	
850.640000	-0.000000057060	
850.840000	-0.000000056979	
851.040000	-0.000000056898	
851.240000	-0.000000056817	
851.440000	-0.000000056736	
851.640000	-0.000000056655	
851.840000	-0.000000056575	
852.040000	-0.000000056494	
852.240000	-0.000000056414	
852.440000	-0.000000056333	
852.640000	-0.000000056253	
852.840000	-0.000000056173	
853.040000	-0.000000056093	
853.240000	-0.000000056013	
853.440000	-0.000000055933	
853.640000	-0.000000055853	
853.840000	-0.000000055773	
854.040000	-0.000000055694	
854.240000	-0.000000055614	
854.440000	-0.000000055535	
854.640000	-0.000000055455	
854.840000	-0.000000055376	
855.040000	-0.000000055297	
855.240000	-0.000000055218	
855.440000	-0.000000055139	
855.640000	-0.000000055060	
855.840000	-0.000000054981	
856.040000	-0.000000054902	
856.240000	-0.000000054823	
856.440000	-0.000000054745	
856.640000	-0.000000054666	
856.840000	-0.000000054588	
857.040000	-0.000000054509	
857.240000	-0.000000054431	
857.440000	-0.000000054353	
857.640000	-0.000000054275	
857.840000	-0.000000054197	
858.040000	-0.000000054119	
858.240000	-0.000000054041	
858.440000	-0.000000053964	
858.640000	-0.000000053886	
858.840000	-0.000000053808	
859.040000	-0.000000053731	
859.240000	-0.000000053653	
859.440000	-0.000000053576	
859.640000	-0.000000053499	
859.840000	-0.000000053422	
879.840000	-0.000000046142	
899.840000	-0.000000039698	
919.840000	-0.000000034052	
939.840000	-0.000000029154	
959.840000	-0.000000024941	
979.840000	-0.000000021343	
999.840000	-0.000000018287	
1019.840000	-0.000000015703	
1039.840000	-0.000000013524	
1059.840000	-0.000000011692	
1079.840000	-0.000000010153	
1099.840000	-0.000000008861	
1119.840000	-0.000000007776	
1139.840000	-0.000000006865	
1159.840000	-0.000000006099	
1179.840000	-0.000000005454	
1199.840000	-0.000000004911	
1219.840000	-0.000000004452	
1239.840000	-0.000000004064	
1259.840000	-0.000000003736	
1279.840000	-0.000000003457	
1299.840000	-0.000000003220	
1319.840000	-0.000000003019	
1339.840000	-0.000000002847	
1359.840000	-0.000000002701	
1379.840000	-0.000000002576	
1399.840000	-0.000000002470	
1419.840000	-0.000000002379	
1439.840000	-0.000000002301	
1459.840000	-0.000000002235	
1479.840000	-0.000000002179	
1499.840000	-0.000000002131	
1519.840000	-0.000000002091	
1539.840000	-0.000000002057	
1559.840000	-0.000000002028	
1579.840000	-0.000000002004	
1599.840000	-0.000000001984	
1619.840000	-0.000000001967	
1639.840000	-0.000000001954	
1659.840000	-0.000000001943	
1679.840000	-0.000000001934	
1699.840000	-0.000000001927	
1719.840000	-0.000000001922	
1739.840000	-0.000000001918	
1759.840000	-0.000000001915	
1779.840000	-0.000000001913	
1799.840000	-0.000000001912	
1819.840000	-0.000000001912	
1839.840000	-0.000000001912	
1859.840000	-0.000000001913	
1879.840000	-0.000000001914	
1899.840000	-0.000000001915	
1919.840000	-0.000000001917	
1939.840000	-0.000000001919	
1959.840000	-0.000000001920	
1979.840000	-0.000000001922	
1999.840000	-0.000000001924	
2019.840000	-0.000000001926	
2039.840000	-0.000000001928	
2059.840000	-0.000000001930	
2079.840000	-0.000000001932	
2099.840000	-0.000000001933	
2119.840000	-0.000000001935	
2139.840000	-0.000000001936	
2159.840000	-0.000000001938	
2179.840000	-0.000000001939	
2199.840000	-0.000000001940	
2219.840000	-0.000000001941	
2239.840000	-0.000000001942	
2259.840000	-0.000000001943	
2279.840000	-0.000000001944	
2299.840000	-0.000000001945	
2319.840000	-0.000000001945	
2339.840000	-0.000000001946	
2359.840000	-0.000000001946	
2379.840000	-0.000000001947	
2399.840000	-0.000000001947	
2419.840000	-0.000000001947	
2439.840000	-0.000000001948	
2459.840000	-0.000000001948	
2479.840000	-0.000000001948	
2499.840000	-0.000000001948	
