0.000000	0.000000000000	
20.000000	0.000000013029	
40.000000	0.000000027208	
60.000000	0.000000039545	
80.000000	0.000000050352	
100.000000	0.000000059946	
120.000000	-0.000000247262	
140.000000	-0.000000546846	
160.000000	-0.000000779613	
180.000000	-0.000000947933	
200.000000	-0.000001055621	
220.000000	-0.000001107531	
240.000000	-0.000001108345	
260.000000	-0.000001062244	
280.000000	-0.000000972882	
300.000000	-0.000000843452	
320.000000	-0.000000676744	
340.000000	-0.000000473408	
360.000000	-0.000000236502	
380.000000	0.000000030797	
400.000000	0.000000326361	
420.000000	0.000000648622	
440.000000	0.000000996365	
460.000000	0.000001368634	
480.000000	0.000001764708	
500.000000	0.000002184102	
520.000000	0.000002660335	
540.000000	0.000003210238	
560.000000	0.000003829839	
580.000000	0.000004516595	
594.120000	0.000005043274	
594.320000	0.000005051012	
594.520000	0.000005058758	
594.720000	0.000005066513	
594.920000	0.000005074276	
595.120000	0.000005082048	
595.320000	0.000005089829	
595.520000	0.000005097619	
595.720000	0.000005105418	
595.920000	0.000005113225	
596.120000	0.000005121042	
596.320000	0.000005128868	
596.520000	0.000005136703	
596.720000	0.000005144547	
596.920000	0.000005152401	
597.120000	0.000005160264	
597.320000	0.000005168137	
597.520000	0.000005176019	
597.720000	0.000005183910	
597.920000	0.000005191812	
598.120000	0.000005199723	
598.320000	0.000005207645	
598.520000	0.000005215576	
598.720000	0.000005223517	
598.920000	0.000005231469	
599.120000	0.000005239431	
599.320000	0.000005247404	
599.520000	0.000005255387	
599.720000	0.000005263381	
599.920000	0.000005271386	
600.120000	0.000005279401	
600.320000	0.000005287428	
600.520000	0.000005295466	
600.720000	0.000005303516	
600.920000	0.000005311577	
601.120000	0.000005319650	
601.320000	0.000005327735	
601.520000	0.000005335832	
601.720000	0.000005343941	
601.920000	0.000005352063	
602.120000	0.000005360198	
602.320000	0.000005368346	
602.520000	0.000005376507	
602.720000	0.000005384681	
602.920000	0.000005392869	
603.120000	0.000005401071	
603.320000	0.000005409288	
603.520000	0.000005417519	
603.720000	0.000005425765	
603.920000	0.000005434027	
604.120000	0.000005442304	
604.320000	0.000005450597	
604.520000	0.000005458907	
604.720000	0.000005467234	
604.920000	0.000005475579	
605.120000	0.000005483942	
605.320000	0.000005492323	
605.520000	0.000005500724	
605.720000	0.000005509145	
605.920000	0.000005517586	
606.120000	0.000005526050	
606.320000	0.000005534535	
606.520000	0.000005543045	
606.720000	0.000005551579	
606.920000	0.000005560139	
607.120000	0.000005568726	
607.320000	0.000005577342	
607.520000	0.000005585989	
607.720000	0.000005594668	
607.920000	0.000005603382	
608.120000	0.000005612134	
608.320000	0.000005620926	
608.520000	0.000005629763	
608.720000	0.000005638649	
608.920000	0.000005647590	
609.120000	0.000005656593	
609.320000	0.000005665667	
609.520000	0.000005674825	
609.720000	0.000005684086	
609.920000	0.000005693479	
610.120000	0.000005703060	
610.320000	0.000005713035	
610.520000	0.000005726224	
610.720000	0.000005761867	
610.920000	0.000011282128	
611.120000	0.000069356692	
611.320000	0.000214908172	
611.520000	0.000457807097	
611.720000	0.000781180064	
611.920000	0.001146972586	
612.120000	0.001513311033	
612.320000	0.001842957858	
612.520000	0.002107652356	
612.720000	0.002299293036	
612.920000	0.002432729685	
613.120000	0.002528968560	
613.320000	0.002603107206	
633.320000	0.002788089328	
641.220000	0.002680360541	
641.420000	0.002677688940	
641.620000	0.002675020051	
641.820000	0.002672353870	
642.020000	0.002669690397	
642.220000	0.002667029626	
642.420000	0.002664371557	
642.620000	0.002661716185	
642.820000	0.002659063509	
643.020000	0.002656413525	
643.220000	0.002653766230	
643.420000	0.002651121622	
643.620000	0.002648479697	
643.820000	0.002645840454	
644.020000	0.002643203889	
644.220000	0.002640569999	
644.420000	0.002637938782	
644.620000	0.002635310236	
644.820000	0.002632684356	
645.020000	0.002630061140	
645.220000	0.002627440587	
645.420000	0.002624822692	
645.620000	0.002622207453	
645.820000	0.002619594867	
646.020000	0.002616984933	
646.220000	0.002614377646	
646.420000	0.002611773004	
646.620000	0.002609171005	
646.820000	0.002606571645	
647.020000	0.002603974922	
647.220000	0.002601380834	
647.420000	0.002598789377	
647.620000	0.002596200550	
647.820000	0.002593614348	
648.020000	0.002591030770	
648.220000	0.002588449813	
648.420000	0.002585871474	
648.620000	0.002583295751	
648.820000	0.002580722641	
649.020000	0.002578152141	
649.220000	0.002575584248	
649.420000	0.002573018961	
649.620000	0.002570456275	
649.820000	0.002567896190	
650.020000	0.002565338702	
650.220000	0.002562783808	
650.420000	0.002560231506	
650.620000	0.002557681794	
650.820000	0.002555134668	
651.020000	0.002552590127	
651.220000	0.002550048167	
651.420000	0.002547508787	
651.620000	0.002544971983	
651.820000	0.002542437753	
652.020000	0.002539906094	
652.220000	0.002537377005	
652.420000	0.002534850482	
652.620000	0.002532326523	
652.820000	0.002529805126	
653.020000	0.002527286288	
653.220000	0.002524770007	
653.420000	0.002522256280	
653.620000	0.002519745104	
653.820000	0.002517236479	
654.020000	0.002514730400	
654.220000	0.002512226866	
654.420000	0.002509725875	
654.620000	0.002507227423	
654.820000	0.002504731509	
655.020000	0.002502238131	
655.220000	0.002499747285	
655.420000	0.002497258971	
655.620000	0.002494773186	
655.820000	0.002492289927	
656.020000	0.002489809192	
656.220000	0.002487330980	
656.420000	0.002484855288	
656.620000	0.002482382114	
656.820000	0.002479911456	
657.020000	0.002477443312	
657.220000	0.002474977681	
657.420000	0.002472514560	
657.620000	0.002470053947	
657.820000	0.002467595842	
658.020000	0.002465140241	
658.220000	0.002462687145	
658.420000	0.002460236551	
658.620000	0.002457788457	
658.820000	0.002455342863	
659.020000	0.002452899768	
659.220000	0.002450459170	
659.420000	0.002448021069	
659.620000	0.002445585465	
659.820000	0.002443152356	
660.020000	0.002440721744	
660.220000	0.002438293628	
660.420000	0.002435868010	
660.620000	0.002433444891	
660.820000	0.002431024273	
661.020000	0.002428606160	
661.220000	0.002426190555	
661.420000	0.002423777466	
661.620000	0.002421366901	
661.820000	0.002418958874	
662.020000	0.002416553403	
662.220000	0.002414150520	
662.420000	0.002411750284	
662.620000	0.002409352872	
662.820000	0.002406960693	
663.020000	0.002404593985	
663.220000	0.002408524548	
663.420000	0.002465160963	
663.620000	0.002606483348	
663.820000	0.002843746808	
664.020000	0.003161439860	
664.220000	0.003521356368	
664.420000	0.003880700606	
664.620000	0.004203141075	
664.820000	0.004462891372	
665.020000	0.004653060352	
665.220000	0.004786996327	
665.420000	0.004884085252	
665.620000	0.004958859023	
665.820000	0.005019305961	
685.820000	0.004935001180	
688.540000	0.004868377017	
688.740000	0.004863514221	
688.940000	0.004858656338	
689.140000	0.004853803362	
689.340000	0.004848955288	
689.540000	0.004844112113	
689.740000	0.004839273831	
689.940000	0.004834440436	
690.140000	0.004829611924	
690.340000	0.004824788290	
690.540000	0.004819969530	
690.740000	0.004815155637	
690.940000	0.004810346607	
691.140000	0.004805542435	
691.340000	0.004800743116	
691.540000	0.004795948645	
691.740000	0.004791159017	
691.940000	0.004786374228	
692.140000	0.004781594271	
692.340000	0.004776819142	
692.540000	0.004772048836	
692.740000	0.004767283349	
692.940000	0.004762522674	
693.140000	0.004757766808	
693.340000	0.004753015744	
693.540000	0.004748269479	
693.740000	0.004743528007	
693.940000	0.004738791323	
694.140000	0.004734059422	
694.340000	0.004729332300	
694.540000	0.004724609951	
694.740000	0.004719892370	
694.940000	0.004715179553	
695.140000	0.004710471495	
695.340000	0.004705768190	
695.540000	0.004701069633	
695.740000	0.004696375821	
695.940000	0.004691686747	
696.140000	0.004687002408	
696.340000	0.004682322797	
696.540000	0.004677647911	
696.740000	0.004672977744	
696.940000	0.004668312291	
697.140000	0.004663651549	
697.340000	0.004658995510	
697.540000	0.004654344172	
697.740000	0.004649697529	
697.940000	0.004645055576	
698.140000	0.004640418308	
698.340000	0.004635785721	
698.540000	0.004631157809	
698.740000	0.004626534569	
698.940000	0.004621915994	
699.140000	0.004617302081	
699.340000	0.004612692825	
699.540000	0.004608088220	
699.740000	0.004603488262	
699.940000	0.004598892947	
700.140000	0.004594302269	
700.340000	0.004589716223	
700.540000	0.004585134806	
700.740000	0.004580558012	
700.940000	0.004575985836	
701.140000	0.004571418274	
701.340000	0.004566855322	
701.540000	0.004562296974	
701.740000	0.004557743225	
701.940000	0.004553194072	
702.140000	0.004548649509	
702.340000	0.004544109532	
702.540000	0.004539574135	
702.740000	0.004535043316	
702.940000	0.004530517068	
703.140000	0.004525995387	
703.340000	0.004521478269	
703.540000	0.004516965709	
703.740000	0.004512457702	
703.940000	0.004507954244	
704.140000	0.004503455330	
704.340000	0.004498960956	
704.540000	0.004494471116	
704.740000	0.004489985808	
704.940000	0.004485505025	
705.140000	0.004481028765	
705.340000	0.004476557021	
705.540000	0.004472089789	
705.740000	0.004467627066	
705.940000	0.004463168846	
706.140000	0.004458715126	
706.340000	0.004454265900	
706.540000	0.004449821164	
706.740000	0.004445380914	
706.940000	0.004440945146	
707.140000	0.004436513855	
707.340000	0.004432087037	
707.540000	0.004427664687	
707.740000	0.004423246801	
707.940000	0.004418833375	
708.140000	0.004414424405	
708.340000	0.004410019886	
708.540000	0.004405619814	
708.740000	0.004401224185	
708.940000	0.004396832994	
709.140000	0.004392446238	
709.340000	0.004388063912	
709.540000	0.004383686013	
709.740000	0.004379312535	
709.940000	0.004374943476	
710.140000	0.004370578831	
710.340000	0.004366218597	
710.540000	0.004361862768	
710.740000	0.004357511342	
710.940000	0.004353164315	
711.140000	0.004348821682	
711.340000	0.004344483441	
711.540000	0.004340149587	
711.740000	0.004335820117	
711.940000	0.004331495028	
712.140000	0.004327174316	
712.340000	0.004322857977	
712.540000	0.004318546010	
712.740000	0.004314238409	
712.940000	0.004309935174	
713.140000	0.004305636300	
713.340000	0.004301341786	
713.540000	0.004297051629	
713.740000	0.004292765828	
713.940000	0.004288484379	
714.140000	0.004284207282	
714.340000	0.004279934537	
714.540000	0.004275666141	
714.740000	0.004271402097	
714.940000	0.004267142405	
715.140000	0.004262887067	
715.340000	0.004258636087	
715.540000	0.004254389470	
715.740000	0.004250147225	
715.940000	0.004245909366	
716.140000	0.004241675910	
716.340000	0.004237446891	
716.540000	0.004233222366	
716.740000	0.004229002485	
716.940000	0.004224788919	
717.140000	0.004220597428	
717.340000	0.004221043285	
717.540000	0.004269428551	
717.740000	0.004398326420	
717.940000	0.004622204663	
718.140000	0.004929885333	
718.340000	0.005284701524	
718.540000	0.005642004763	
718.740000	0.005964675149	
718.940000	0.006227243564	
719.140000	0.006422066021	
719.340000	0.006560619984	
719.540000	0.006661267475	
719.740000	0.006738567452	
719.940000	0.006800822325	
720.140000	0.006852408820	
740.140000	0.006562559637	
743.440000	0.006455158793	
743.640000	0.006448706901	
743.840000	0.006442261512	
744.040000	0.006435822619	
744.240000	0.006429390215	
744.440000	0.006422964295	
744.640000	0.006416544851	
744.840000	0.006410131876	
745.040000	0.006403725365	
745.240000	0.006397325310	
745.440000	0.006390931704	
745.640000	0.006384544542	
745.840000	0.006378163816	
746.040000	0.006371789520	
746.240000	0.006365421647	
746.440000	0.006359060190	
746.640000	0.006352705143	
746.840000	0.006346356499	
747.040000	0.006340014251	
747.240000	0.006333678393	
747.440000	0.006327348918	
747.640000	0.006321025820	
747.840000	0.006314709091	
748.040000	0.006308398726	
748.240000	0.006302094717	
748.440000	0.006295797058	
748.640000	0.006289505743	
748.840000	0.006283220764	
749.040000	0.006276942115	
749.240000	0.006270669790	
749.440000	0.006264403782	
749.640000	0.006258144084	
749.840000	0.006251890690	
750.040000	0.006245643593	
750.240000	0.006239402786	
750.440000	0.006233168264	
750.640000	0.006226940019	
750.840000	0.006220718045	
751.040000	0.006214502336	
751.240000	0.006208292884	
751.440000	0.006202089684	
751.640000	0.006195892729	
751.840000	0.006189702012	
752.040000	0.006183517527	
752.240000	0.006177339267	
752.440000	0.006171167226	
752.640000	0.006165001397	
752.840000	0.006158841775	
753.040000	0.006152688351	
753.240000	0.006146541121	
753.440000	0.006140400077	
753.640000	0.006134265213	
753.840000	0.006128136522	
754.040000	0.006122013999	
754.240000	0.006115897636	
754.440000	0.006109787428	
754.640000	0.006103683368	
754.840000	0.006097585449	
755.040000	0.006091493665	
755.240000	0.006085408010	
755.440000	0.006079328477	
755.640000	0.006073255059	
755.840000	0.006067187752	
756.040000	0.006061126547	
756.240000	0.006055071440	
756.440000	0.006049022422	
756.640000	0.006042979489	
756.840000	0.006036942634	
757.040000	0.006030911850	
757.240000	0.006024887131	
757.440000	0.006018868470	
757.640000	0.006012855863	
757.840000	0.006006849301	
758.040000	0.006000848779	
758.240000	0.005994854291	
758.440000	0.005988865830	
758.640000	0.005982883390	
758.840000	0.005976906965	
759.040000	0.005970936548	
759.240000	0.005964972134	
759.440000	0.005959013715	
759.640000	0.005953061286	
759.840000	0.005947114841	
760.040000	0.005941174372	
760.240000	0.005935239875	
760.440000	0.005929311343	
760.640000	0.005923388769	
760.840000	0.005917472147	
761.040000	0.005911561472	
761.240000	0.005905656737	
761.440000	0.005899757935	
761.640000	0.005893865062	
761.840000	0.005887978109	
762.040000	0.005882097072	
762.240000	0.005876221944	
762.440000	0.005870352719	
762.640000	0.005864489391	
762.840000	0.005858631954	
763.040000	0.005852780401	
763.240000	0.005846934727	
763.440000	0.005841094925	
763.640000	0.005835260989	
763.840000	0.005829432914	
764.040000	0.005823610692	
764.240000	0.005817794318	
764.440000	0.005811983787	
764.640000	0.005806179091	
764.840000	0.005800380224	
765.040000	0.005794587182	
765.240000	0.005788799957	
765.440000	0.005783018543	
765.640000	0.005777242935	
765.840000	0.005771473126	
766.040000	0.005765709111	
766.240000	0.005759950883	
766.440000	0.005754198437	
766.640000	0.005748451766	
766.840000	0.005742710864	
767.040000	0.005736975725	
767.240000	0.005731246344	
767.440000	0.005725522714	
767.640000	0.005719804830	
767.840000	0.005714092685	
768.040000	0.005708386273	
768.240000	0.005702685589	
768.440000	0.005696990626	
768.640000	0.005691301379	
768.840000	0.005685617842	
769.040000	0.005679940008	
769.240000	0.005674267871	
769.440000	0.005668601427	
769.640000	0.005662940668	
769.840000	0.005657285590	
770.040000	0.005651636185	
770.240000	0.005645992449	
770.440000	0.005640354374	
770.640000	0.005634721957	
770.840000	0.005629095189	
771.040000	0.005623474066	
771.240000	0.005617858582	
771.440000	0.005612248731	
771.640000	0.005606644506	
771.840000	0.005601045903	
772.040000	0.005595452915	
772.240000	0.005589865537	
772.440000	0.005584283762	
772.640000	0.005578707585	
772.840000	0.005573137000	
773.040000	0.005567572000	
773.240000	0.005562012582	
773.440000	0.005556458737	
773.640000	0.005550910462	
773.840000	0.005545367749	
774.040000	0.005539830594	
774.240000	0.005534298989	
774.440000	0.005528772931	
774.640000	0.005523252412	
774.840000	0.005517737427	
775.040000	0.005512227970	
775.240000	0.005506724036	
775.440000	0.005501225619	
775.640000	0.005495732713	
775.840000	0.005490245312	
776.040000	0.005484763411	
776.240000	0.005479287003	
776.440000	0.005473816084	
776.640000	0.005468350647	
776.840000	0.005462890687	
777.040000	0.005457436198	
777.240000	0.005451987174	
777.440000	0.005446543610	
777.640000	0.005441105500	
777.840000	0.005435672838	
778.040000	0.005430245619	
778.240000	0.005424823837	
778.440000	0.005419407486	
778.640000	0.005413996561	
778.840000	0.005408591056	
779.040000	0.005403190966	
779.240000	0.005397796284	
779.440000	0.005392407006	
779.640000	0.005387023125	
779.840000	0.005381644637	
780.040000	0.005376271534	
780.240000	0.005370903813	
780.440000	0.005365541467	
780.640000	0.005360184490	
780.840000	0.005354832877	
781.040000	0.005349486623	
781.240000	0.005344145722	
781.440000	0.005338810169	
781.640000	0.005333479957	
781.840000	0.005328155082	
782.040000	0.005322835537	
782.240000	0.005317521318	
782.440000	0.005312212419	
782.640000	0.005306908834	
782.840000	0.005301610557	
783.040000	0.005296317584	
783.240000	0.005291029909	
783.440000	0.005285747526	
783.640000	0.005280470430	
783.840000	0.005275198615	
784.040000	0.005269932077	
784.240000	0.005264670808	
784.440000	0.005259414805	
784.640000	0.005254164062	
784.840000	0.005248918572	
785.040000	0.005243678332	
785.240000	0.005238443335	
785.440000	0.005233213575	
785.640000	0.005227989048	
785.840000	0.005222769749	
786.040000	0.005217555671	
786.240000	0.005212346810	
786.440000	0.005207143159	
786.640000	0.005201944714	
786.840000	0.005196751470	
787.040000	0.005191563421	
787.240000	0.005186380561	
787.440000	0.005181202885	
787.640000	0.005176030389	
787.840000	0.005170863066	
788.040000	0.005165700911	
788.240000	0.005160543920	
788.440000	0.005155392086	
788.640000	0.005150245405	
788.840000	0.005145103871	
789.040000	0.005139967478	
789.240000	0.005134836223	
789.440000	0.005129710099	
789.640000	0.005124589101	
789.840000	0.005119473224	
790.040000	0.005114362462	
790.240000	0.005109256811	
790.440000	0.005104156265	
790.640000	0.005099060819	
790.840000	0.005093970468	
791.040000	0.005088885207	
791.240000	0.005083805030	
791.440000	0.005078729932	
791.640000	0.005073659908	
791.840000	0.005068594954	
792.040000	0.005063535062	
792.240000	0.005058480230	
792.440000	0.005053430451	
792.640000	0.005048385720	
792.840000	0.005043346032	
793.040000	0.005038311382	
793.240000	0.005033281765	
793.440000	0.005028257176	
793.640000	0.005023237609	
793.840000	0.005018223060	
794.040000	0.005013213524	
794.240000	0.005008208995	
794.440000	0.005003209468	
794.640000	0.004998214939	
794.840000	0.004993225401	
795.040000	0.004988240851	
795.240000	0.004983261283	
795.440000	0.004978286692	
795.640000	0.004973317073	
795.840000	0.004968352421	
796.040000	0.004963392731	
796.240000	0.004958437997	
796.440000	0.004953488216	
796.640000	0.004948543381	
796.840000	0.004943603489	
797.040000	0.004938668533	
797.240000	0.004933738509	
797.440000	0.004928813413	
797.640000	0.004923893238	
797.840000	0.004918977980	
798.040000	0.004914067634	
798.240000	0.004909162196	
798.440000	0.004904261659	
798.640000	0.004899366020	
798.840000	0.004894475273	
799.040000	0.004889589414	
799.240000	0.004884708436	
799.440000	0.004879832337	
799.640000	0.004874961110	
799.840000	0.004870094751	
800.040000	0.004865233254	
800.240000	0.004860376616	
800.440000	0.004855524830	
800.640000	0.004850677893	
800.840000	0.004845835799	
801.040000	0.004840998543	
801.240000	0.004836166121	
801.440000	0.004831338527	
801.640000	0.004826515758	
801.840000	0.004821697807	
802.040000	0.004816884671	
802.240000	0.004812076344	
802.440000	0.004807272821	
802.640000	0.004802474098	
802.840000	0.004797680170	
803.040000	0.004792891032	
803.240000	0.004788106679	
803.440000	0.004783327107	
803.640000	0.004778552310	
803.840000	0.004773782284	
804.040000	0.004769017025	
804.240000	0.004764256526	
804.440000	0.004759500784	
804.640000	0.004754749794	
804.840000	0.004750003551	
805.040000	0.004745262050	
805.240000	0.004740525287	
805.440000	0.004735793256	
805.640000	0.004731065953	
805.840000	0.004726343374	
806.040000	0.004721625513	
806.240000	0.004716912366	
806.440000	0.004712203928	
806.640000	0.004707500194	
806.840000	0.004702801160	
807.040000	0.004698106822	
807.240000	0.004693417173	
807.440000	0.004688732210	
807.640000	0.004684051927	
807.840000	0.004679376321	
808.040000	0.004674705387	
808.240000	0.004670039119	
808.440000	0.004665377514	
808.640000	0.004660720566	
808.840000	0.004656068270	
809.040000	0.004651420623	
809.240000	0.004646777620	
809.440000	0.004642139255	
809.640000	0.004637505525	
809.840000	0.004632876424	
810.040000	0.004628251949	
810.240000	0.004623632093	
810.440000	0.004619016854	
810.640000	0.004614406225	
810.840000	0.004609800203	
811.040000	0.004605198783	
811.240000	0.004600601960	
811.440000	0.004596009730	
811.640000	0.004591422088	
811.840000	0.004586839030	
812.040000	0.004582260550	
812.240000	0.004577686645	
812.440000	0.004573117310	
812.640000	0.004568552540	
812.840000	0.004563992331	
813.040000	0.004559436677	
813.240000	0.004554885575	
813.440000	0.004550339021	
813.640000	0.004545797008	
813.840000	0.004541259534	
814.040000	0.004536726593	
814.240000	0.004532198181	
814.440000	0.004527674293	
814.640000	0.004523154924	
814.840000	0.004518640072	
815.040000	0.004514129730	
815.240000	0.004509623894	
815.440000	0.004505122560	
815.640000	0.004500625723	
815.840000	0.004496133379	
816.040000	0.004491645523	
816.240000	0.004487162151	
816.440000	0.004482683258	
816.640000	0.004478208840	
816.840000	0.004473738892	
817.040000	0.004469273410	
817.240000	0.004464812390	
817.440000	0.004460355826	
817.640000	0.004455903715	
817.840000	0.004451456053	
818.040000	0.004447012833	
818.240000	0.004442574053	
818.440000	0.004438139708	
818.640000	0.004433709792	
818.840000	0.004429284303	
819.040000	0.004424863235	
819.240000	0.004420446584	
819.440000	0.004416034346	
819.640000	0.004411626516	
819.840000	0.004407223089	
820.040000	0.004402824062	
820.240000	0.004398429430	
820.440000	0.004394039189	
820.640000	0.004389653334	
820.840000	0.004385271860	
821.040000	0.004380894764	
821.240000	0.004376522041	
821.440000	0.004372153687	
821.640000	0.004367789697	
821.840000	0.004363430067	
822.040000	0.004359074792	
822.240000	0.004354723869	
822.440000	0.004350377293	
822.640000	0.004346035059	
822.840000	0.004341697163	
823.040000	0.004337363601	
823.240000	0.004333034369	
823.440000	0.004328709462	
823.640000	0.004324388876	
823.840000	0.004320072606	
824.040000	0.004315760649	
824.240000	0.004311452999	
824.440000	0.004307149653	
824.640000	0.004302850607	
824.840000	0.004298555855	
825.040000	0.004294265394	
825.240000	0.004289979220	
825.440000	0.004285697328	
825.640000	0.004281419713	
825.840000	0.004277146373	
826.040000	0.004272877301	
826.240000	0.004268612495	
826.440000	0.004264351949	
826.640000	0.004260095660	
826.840000	0.004255843623	
827.040000	0.004251595834	
827.240000	0.004247352289	
827.440000	0.004243112983	
827.640000	0.004238877913	
827.840000	0.004234647073	
828.040000	0.004230420461	
828.240000	0.004226198071	
828.440000	0.004221979899	
828.640000	0.004217765942	
828.840000	0.004213556195	
829.040000	0.004209350653	
829.240000	0.004205149312	
829.440000	0.004200952169	
829.640000	0.004196759220	
829.840000	0.004192570459	
830.040000	0.004188385882	
830.240000	0.004184205487	
830.440000	0.004180029267	
830.640000	0.004175857220	
830.840000	0.004171689341	
831.040000	0.004167525626	
831.240000	0.004163366070	
831.440000	0.004159210670	
831.640000	0.004155059421	
831.840000	0.004150912320	
832.040000	0.004146769361	
832.240000	0.004142630542	
832.440000	0.004138495857	
832.640000	0.004134365303	
832.840000	0.004130238875	
833.040000	0.004126116570	
833.240000	0.004121998383	
833.440000	0.004117884310	
833.640000	0.004113774347	
833.840000	0.004109668490	
834.040000	0.004105566735	
834.240000	0.004101469078	
834.440000	0.004097375514	
834.640000	0.004093286040	
834.840000	0.004089200651	
835.040000	0.004085119343	
835.240000	0.004081042113	
835.440000	0.004076968956	
835.640000	0.004072899868	
835.840000	0.004068834845	
836.040000	0.004064773883	
836.240000	0.004060716977	
836.440000	0.004056664125	
836.640000	0.004052615321	
836.840000	0.004048570563	
837.040000	0.004044529845	
837.240000	0.004040493163	
837.440000	0.004036460514	
837.640000	0.004032431894	
837.840000	0.004028407298	
838.040000	0.004024386723	
838.240000	0.004020370164	
838.440000	0.004016357618	
838.640000	0.004012349080	
838.840000	0.004008344546	
839.040000	0.004004344013	
839.240000	0.004000347477	
839.440000	0.003996354933	
839.640000	0.003992366377	
839.840000	0.003988381806	
840.040000	0.003984401215	
840.240000	0.003980424601	
840.440000	0.003976451960	
840.640000	0.003972483286	
840.840000	0.003968518578	
841.040000	0.003964557830	
841.240000	0.003960601039	
841.440000	0.003956648200	
841.640000	0.003952699310	
841.840000	0.003948754365	
842.040000	0.003944813361	
842.240000	0.003940876293	
842.440000	0.003936943159	
842.640000	0.003933013953	
842.840000	0.003929088673	
843.040000	0.003925167313	
843.240000	0.003921249871	
843.440000	0.003917336343	
843.640000	0.003913426723	
843.840000	0.003909521010	
844.040000	0.003905619197	
844.240000	0.003901721283	
844.440000	0.003897827262	
844.640000	0.003893937131	
844.840000	0.003890050886	
845.040000	0.003886168523	
845.240000	0.003882290039	
845.440000	0.003878415428	
845.640000	0.003874544689	
845.840000	0.003870677815	
846.040000	0.003866814805	
846.240000	0.003862955653	
846.440000	0.003859100356	
846.640000	0.003855248911	
846.840000	0.003851401313	
847.040000	0.003847557558	
847.240000	0.003843717643	
847.440000	0.003839881563	
847.640000	0.003836049315	
847.840000	0.003832220896	
848.040000	0.003828396301	
848.240000	0.003824575526	
848.440000	0.003820758567	
848.640000	0.003816945422	
848.840000	0.003813136085	
849.040000	0.003809330554	
849.240000	0.003805528824	
849.440000	0.003801730891	
849.640000	0.003797936753	
849.840000	0.003794146404	
850.040000	0.003790359841	
850.240000	0.003786577061	
850.440000	0.003782798059	
850.640000	0.003779022832	
850.840000	0.003775251376	
851.040000	0.003771483687	
851.240000	0.003767719762	
851.440000	0.003763959597	
851.640000	0.003760203187	
851.840000	0.003756450530	
852.040000	0.003752701621	
852.240000	0.003748956457	
852.440000	0.003745215033	
852.640000	0.003741477347	
852.840000	0.003737743394	
853.040000	0.003734013171	
853.240000	0.003730286675	
853.440000	0.003726563900	
853.640000	0.003722844844	
853.840000	0.003719129502	
854.040000	0.003715417872	
854.240000	0.003711709949	
854.440000	0.003708005730	
854.640000	0.003704305211	
854.840000	0.003700608388	
855.040000	0.003696915258	
855.240000	0.003693225816	
855.440000	0.003689540060	
855.640000	0.003685857985	
855.840000	0.003682179588	
856.040000	0.003678504865	
856.240000	0.003674833813	
856.440000	0.003671166427	
856.640000	0.003667502705	
856.840000	0.003663842642	
857.040000	0.003660186234	
857.240000	0.003656533479	
857.440000	0.003652884373	
857.640000	0.003649238911	
857.840000	0.003645597090	
858.040000	0.003641958907	
858.240000	0.003638324358	
858.440000	0.003634693439	
858.640000	0.003631066146	
858.840000	0.003627442477	
859.040000	0.003623822427	
859.240000	0.003620205993	
859.440000	0.003616593171	
859.640000	0.003612983957	
859.840000	0.003609378349	
879.840000	0.003266418033	
899.840000	0.002956067714	
919.840000	0.002675221895	
939.840000	0.002421071556	
959.840000	0.002191075816	
979.840000	0.001982936258	
999.840000	0.001794573699	
1019.840000	0.001624107201	
1039.840000	0.001469835087	
1059.840000	0.001330217794	
1079.840000	0.001203862376	
1099.840000	0.001089508497	
1119.840000	0.000986015769	
1139.840000	0.000892352306	
1159.840000	0.000807584377	
1179.840000	0.000730867048	
1199.840000	0.000661435720	
1219.840000	0.000598598476	
1239.840000	0.000541729157	
1259.840000	0.000490261104	
1279.840000	0.000443681495	
1299.840000	0.000401526218	
1319.840000	0.000363375242	
1339.840000	0.000328848420	
1359.840000	0.000297601699	
1379.840000	0.000269323688	
1399.840000	0.000243732557	
1419.840000	0.000220573222	
1439.840000	0.000199614810	
1459.840000	0.000180648357	
1479.840000	0.000163484730	
1499.840000	0.000147952740	
1519.840000	0.000133897446	
1539.840000	0.000121178605	
1559.840000	0.000109669284	
1579.840000	0.000099254594	
1599.840000	0.000089830548	
1619.840000	0.000081303028	
1639.840000	0.000073586846	
1659.840000	0.000066604902	
1679.840000	0.000060287410	
1699.840000	0.000054571212	
1719.840000	0.000049399143	
1739.840000	0.000044719466	
1759.840000	0.000040485357	
1779.840000	0.000036654438	
1799.840000	0.000033188355	
1819.840000	0.000030052398	
1839.840000	0.000027215154	
1859.840000	0.000024648194	
1879.840000	0.000022325791	
1899.840000	0.000020224662	
1919.840000	0.000018323739	
1939.840000	0.000016603954	
1959.840000	0.000015048056	
1979.840000	0.000013640431	
1999.840000	0.000012366951	
2019.840000	0.000011214833	
2039.840000	0.000010172509	
2059.840000	0.000009229514	
2079.840000	0.000008376377	
2099.840000	0.000007604529	
2119.840000	0.000006906217	
2139.840000	0.000006274428	
2159.840000	0.000005702815	
2179.840000	0.000005185636	
2199.840000	0.000004717698	
2219.840000	0.000004294300	
2239.840000	0.000003911191	
2259.840000	0.000003564526	
2279.840000	0.000003250825	
2299.840000	0.000002966941	
2319.840000	0.000002710027	
2339.840000	0.000002477507	
2359.840000	0.000002267053	
2379.840000	0.000002076555	
2399.840000	0.000001904110	
2419.840000	0.000001747992	
2439.840000	0.000001606642	
2459.840000	0.000001478650	
2479.840000	0.000001362741	
2499.840000	0.000001257760	
