0.000000	0.000000000000	
20.000000	0.000015226817	
40.000000	0.000017247172	
60.000000	0.000016752702	
80.000000	0.000016172847	
100.000000	0.000015759006	
120.000000	0.038719701765	
140.000000	0.057232578330	
160.000000	0.066954666299	
180.000000	0.072092989842	
200.000000	0.074926272947	
220.000000	0.076851651401	
240.000000	0.078316203004	
260.000000	0.079482359248	
280.000000	0.080423459474	
300.000000	0.081181772651	
320.000000	0.081746263371	
340.000000	0.081317455476	
360.000000	0.081331306459	
380.000000	0.081458386042	
400.000000	0.081580538223	
420.000000	0.081661648202	
440.000000	0.081694666300	
460.000000	0.081682489033	
480.000000	0.081631305003	
500.000000	0.081548449645	
520.000000	0.074012736896	
540.000000	0.066968742527	
560.000000	0.060452143888	
580.000000	0.054475472787	
594.120000	0.050619165227	
594.320000	0.050567288223	
594.520000	0.050515507297	
594.720000	0.050463823877	
594.920000	0.050412239449	
595.120000	0.050360755568	
595.320000	0.050309373858	
595.520000	0.050258096013	
595.720000	0.050206923809	
595.920000	0.050155859100	
596.120000	0.050104903829	
596.320000	0.050054060033	
596.520000	0.050003329844	
596.720000	0.049952715501	
596.920000	0.049902219353	
597.120000	0.049851843869	
597.320000	0.049801591643	
597.520000	0.049751465403	
597.720000	0.049701468024	
597.920000	0.049651602532	
598.120000	0.049601872121	
598.320000	0.049552280160	
598.520000	0.049502830209	
598.720000	0.049453526030	
598.920000	0.049404371607	
599.120000	0.049355371159	
599.320000	0.049306529161	
599.520000	0.049257850360	
599.720000	0.049209339806	
599.920000	0.049161002867	
600.120000	0.049112845261	
600.320000	0.049064873090	
600.520000	0.049017092863	
600.720000	0.048969511545	
600.920000	0.048922136589	
601.120000	0.048874975987	
601.320000	0.048828038322	
601.520000	0.048781332821	
601.720000	0.048734869426	
601.920000	0.048688658860	
602.120000	0.048642712719	
602.320000	0.048597043554	
602.520000	0.048551664987	
602.720000	0.048506591826	
602.920000	0.048461840204	
603.120000	0.048417427741	
603.320000	0.048373373720	
603.520000	0.048329699303	
603.720000	0.048286427772	
603.920000	0.048243584818	
604.120000	0.048201198865	
604.320000	0.048159301472	
604.520000	0.048117927787	
604.720000	0.048077117101	
604.920000	0.048036913501	
605.120000	0.047997366662	
605.320000	0.047958532796	
605.520000	0.047920475817	
605.720000	0.047883268767	
605.920000	0.047846995583	
606.120000	0.047811753297	
606.320000	0.047777654818	
606.520000	0.047744832468	
606.720000	0.047713442549	
606.920000	0.047683671291	
607.120000	0.047655742735	
607.320000	0.047629929326	
607.520000	0.047606566405	
607.720000	0.047586072436	
607.920000	0.047568977872	
608.120000	0.047555967420	
608.320000	0.047547943836	
608.520000	0.047546127632	
608.720000	0.047552219646	
608.920000	0.047568680046	
609.120000	0.047599238776	
609.320000	0.047649909502	
609.520000	0.047731238658	
609.720000	0.047864144237	
609.920000	0.048099340536	
610.120000	0.048621598558	
610.320000	0.052672382486	
610.520000	0.069185099106	
610.720000	0.096337280966	
610.920000	0.190798722517	
611.120000	0.203585766837	
611.320000	0.192733824610	
611.520000	0.173375681293	
611.720000	0.155601625742	
611.920000	0.145146412838	
612.120000	0.136552971828	
612.320000	0.126718633613	
612.520000	0.113224642407	
612.720000	0.093170199016	
612.920000	0.077005651768	
613.120000	0.068235549791	
613.320000	0.062851891358	
633.320000	0.041650366945	
641.220000	0.038932893101	
641.420000	0.038873038953	
641.620000	0.038813553844	
641.820000	0.038754433557	
642.020000	0.038695673964	
642.220000	0.038637271023	
642.420000	0.038579220783	
642.620000	0.038521519380	
642.820000	0.038464163036	
643.020000	0.038407148062	
643.220000	0.038350470857	
643.420000	0.038294127907	
643.620000	0.038238115783	
643.820000	0.038182431147	
644.020000	0.038127070747	
644.220000	0.038072031420	
644.420000	0.038017310091	
644.620000	0.037962903773	
644.820000	0.037908809571	
645.020000	0.037855024678	
645.220000	0.037801546379	
645.420000	0.037748372052	
645.620000	0.037695499167	
645.820000	0.037642925288	
646.020000	0.037590648076	
646.220000	0.037538665287	
646.420000	0.037486974777	
646.620000	0.037435574503	
646.820000	0.037384462523	
647.020000	0.037333637001	
647.220000	0.037283096207	
647.420000	0.037232838520	
647.620000	0.037182862434	
647.820000	0.037133166555	
648.020000	0.037083749611	
648.220000	0.037034610450	
648.420000	0.036985748048	
648.620000	0.036937161512	
648.820000	0.036888850085	
649.020000	0.036840813148	
649.220000	0.036793050231	
649.420000	0.036745561018	
649.620000	0.036698345347	
649.820000	0.036651403228	
650.020000	0.036604734843	
650.220000	0.036558340556	
650.420000	0.036512220926	
650.620000	0.036466376713	
650.820000	0.036420808891	
651.020000	0.036375518662	
651.220000	0.036330507467	
651.420000	0.036285777002	
651.620000	0.036241329235	
651.820000	0.036197166421	
652.020000	0.036153291126	
652.220000	0.036109706247	
652.420000	0.036066415033	
652.620000	0.036023421119	
652.820000	0.035980728546	
653.020000	0.035938341804	
653.220000	0.035896265858	
653.420000	0.035854506198	
653.620000	0.035813068879	
653.820000	0.035771960573	
654.020000	0.035731188627	
654.220000	0.035690761126	
654.420000	0.035650686965	
654.620000	0.035610975934	
654.820000	0.035571638806	
655.020000	0.035532687446	
655.220000	0.035494134930	
655.420000	0.035455995683	
655.620000	0.035418285637	
655.820000	0.035381022411	
656.020000	0.035344225528	
656.220000	0.035307916652	
656.420000	0.035272119881	
656.620000	0.035236862077	
656.820000	0.035202173264	
657.020000	0.035168087093	
657.220000	0.035134641401	
657.420000	0.035101878878	
657.620000	0.035069847868	
657.820000	0.035038603347	
658.020000	0.035008208118	
658.220000	0.034978734281	
658.420000	0.034950265060	
658.620000	0.034922897103	
658.820000	0.034896743391	
659.020000	0.034871936973	
659.220000	0.034848635815	
659.420000	0.034827029176	
659.620000	0.034807346144	
659.820000	0.034789867222	
660.020000	0.034774940400	
660.220000	0.034763003910	
660.420000	0.034754619272	
660.620000	0.034750520712	
660.820000	0.034751691600	
661.020000	0.034759487592	
661.220000	0.034775845051	
661.420000	0.034803656058	
661.620000	0.034847498131	
661.820000	0.034915210180	
662.020000	0.035021834757	
662.220000	0.035201990693	
662.420000	0.035568813074	
662.620000	0.037336236755	
662.820000	0.050071635014	
663.020000	0.072759535353	
663.220000	0.146280710725	
663.420000	0.156262494098	
663.620000	0.147912323526	
663.820000	0.132778242218	
664.020000	0.118681804413	
664.220000	0.110642627110	
664.420000	0.104484864913	
664.620000	0.097652135862	
664.820000	0.088387790890	
665.020000	0.074591758927	
665.220000	0.062437955139	
665.420000	0.055649292423	
665.620000	0.051231617666	
665.820000	0.048593553940	
685.820000	0.030408085515	
688.540000	0.029441367112	
688.740000	0.029374751999	
688.940000	0.029308704837	
689.140000	0.029243217741	
689.340000	0.029178282950	
689.540000	0.029113892833	
689.740000	0.029050039881	
689.940000	0.028986716708	
690.140000	0.028923916047	
690.340000	0.028861630750	
690.540000	0.028799853785	
690.740000	0.028738578235	
690.940000	0.028677797294	
691.140000	0.028617504269	
691.340000	0.028557692576	
691.540000	0.028498355737	
691.740000	0.028439487383	
691.940000	0.028381081248	
692.140000	0.028323131170	
692.340000	0.028265631089	
692.540000	0.028208575047	
692.740000	0.028151957183	
692.940000	0.028095771738	
693.140000	0.028040013047	
693.340000	0.027984675542	
693.540000	0.027929753752	
693.740000	0.027875242298	
693.940000	0.027821135894	
694.140000	0.027767429347	
694.340000	0.027714117556	
694.540000	0.027661195508	
694.740000	0.027608658283	
694.940000	0.027556501046	
695.140000	0.027504719054	
695.340000	0.027453307649	
695.540000	0.027402262261	
695.740000	0.027351578406	
695.940000	0.027301251685	
696.140000	0.027251277787	
696.340000	0.027201652484	
696.540000	0.027152371631	
696.740000	0.027103431172	
696.940000	0.027054827129	
697.140000	0.027006555614	
697.340000	0.026958612817	
697.540000	0.026910995016	
697.740000	0.026863698570	
697.940000	0.026816719922	
698.140000	0.026770055600	
698.340000	0.026723702213	
698.540000	0.026677656458	
698.740000	0.026631915113	
698.940000	0.026586475043	
699.140000	0.026541333198	
699.340000	0.026496486612	
699.540000	0.026451932409	
699.740000	0.026407667797	
699.940000	0.026363690076	
700.140000	0.026319996631	
700.340000	0.026276584942	
700.540000	0.026233452577	
700.740000	0.026190597200	
700.940000	0.026148016568	
701.140000	0.026105708536	
701.340000	0.026063671055	
701.540000	0.026021902178	
701.740000	0.025980400062	
701.940000	0.025939162968	
702.140000	0.025898189264	
702.340000	0.025857477432	
702.540000	0.025817026065	
702.740000	0.025776833877	
702.940000	0.025736899701	
703.140000	0.025697222500	
703.340000	0.025657801363	
703.540000	0.025618635519	
703.740000	0.025579724337	
703.940000	0.025541067333	
704.140000	0.025502664177	
704.340000	0.025464514701	
704.540000	0.025426618907	
704.740000	0.025388976972	
704.940000	0.025351589264	
705.140000	0.025314456345	
705.340000	0.025277578988	
705.540000	0.025240958187	
705.740000	0.025204595170	
705.940000	0.025168491417	
706.140000	0.025132648672	
706.340000	0.025097068967	
706.540000	0.025061754634	
706.740000	0.025026708338	
706.940000	0.024991933092	
707.140000	0.024957432289	
707.340000	0.024923209734	
707.540000	0.024889269672	
707.740000	0.024855616833	
707.940000	0.024822256470	
708.140000	0.024789194408	
708.340000	0.024756437095	
708.540000	0.024723991668	
708.740000	0.024691866015	
708.940000	0.024660068853	
709.140000	0.024628609820	
709.340000	0.024597499570	
709.540000	0.024566749888	
709.740000	0.024536373822	
709.940000	0.024506385831	
710.140000	0.024476801961	
710.340000	0.024447640047	
710.540000	0.024418919943	
710.740000	0.024390663804	
710.940000	0.024362896402	
711.140000	0.024335645512	
711.340000	0.024308942363	
711.540000	0.024282822180	
711.740000	0.024257324837	
711.940000	0.024232495645	
712.140000	0.024208386311	
712.340000	0.024185056123	
712.540000	0.024162573412	
712.740000	0.024141017383	
712.940000	0.024120480429	
713.140000	0.024101071082	
713.340000	0.024082917830	
713.540000	0.024066174117	
713.740000	0.024051024984	
713.940000	0.024037696050	
714.140000	0.024026465866	
714.340000	0.024017683294	
714.540000	0.024011792534	
714.740000	0.024009370189	
714.940000	0.024011181994	
715.140000	0.024018273076	
715.340000	0.024032118473	
715.540000	0.024054889153	
715.740000	0.024089958233	
715.940000	0.024142962805	
716.140000	0.024224354450	
716.340000	0.024356915633	
716.540000	0.024607454749	
716.740000	0.025427661970	
716.940000	0.033966978076	
717.140000	0.049973668732	
717.340000	0.107851015333	
717.540000	0.118061572122	
717.740000	0.112941875501	
717.940000	0.101729854378	
718.140000	0.090442543482	
718.340000	0.084033500142	
718.540000	0.079708907528	
718.740000	0.075151705360	
718.940000	0.068967451169	
719.140000	0.059612405838	
719.340000	0.050354637188	
719.540000	0.044997212206	
719.740000	0.041402855936	
719.940000	0.039154490961	
720.140000	0.037759576358	
740.140000	0.021085646363	
743.440000	0.019979321635	
743.640000	0.019917744241	
743.840000	0.019856736365	
744.040000	0.019796289584	
744.240000	0.019736395597	
744.440000	0.019677046224	
744.640000	0.019618233405	
744.840000	0.019559949195	
745.040000	0.019502185762	
745.240000	0.019444935390	
745.440000	0.019388190472	
745.640000	0.019331943510	
745.840000	0.019276187113	
746.040000	0.019220913996	
746.240000	0.019166116978	
746.440000	0.019111788980	
746.640000	0.019057923024	
746.840000	0.019004512228	
747.040000	0.018951549812	
747.240000	0.018899029090	
747.440000	0.018846943468	
747.640000	0.018795286449	
747.840000	0.018744051625	
748.040000	0.018693232678	
748.240000	0.018642823381	
748.440000	0.018592817593	
748.640000	0.018543209258	
748.840000	0.018493992407	
749.040000	0.018445161152	
749.240000	0.018396709691	
749.440000	0.018348632300	
749.640000	0.018300923335	
749.840000	0.018253577231	
750.040000	0.018206588503	
750.240000	0.018159951739	
750.440000	0.018113661604	
750.640000	0.018067712836	
750.840000	0.018022100247	
751.040000	0.017976818721	
751.240000	0.017931863212	
751.440000	0.017887228745	
751.640000	0.017842910413	
751.840000	0.017798903377	
752.040000	0.017755202865	
752.240000	0.017711804171	
752.440000	0.017668702654	
752.640000	0.017625893736	
752.840000	0.017583372903	
753.040000	0.017541135704	
753.240000	0.017499177746	
753.440000	0.017457494701	
753.640000	0.017416082296	
753.840000	0.017374936319	
754.040000	0.017334052616	
754.240000	0.017293427088	
754.440000	0.017253055694	
754.640000	0.017212934447	
754.840000	0.017173059415	
755.040000	0.017133426720	
755.240000	0.017094032536	
755.440000	0.017054873091	
755.640000	0.017015944661	
755.840000	0.016977243577	
756.040000	0.016938766215	
756.240000	0.016900509005	
756.440000	0.016862468422	
756.640000	0.016824640991	
756.840000	0.016787023282	
757.040000	0.016749611914	
757.240000	0.016712403549	
757.440000	0.016675394895	
757.640000	0.016638582707	
757.840000	0.016601963779	
758.040000	0.016565534953	
758.240000	0.016529293110	
758.440000	0.016493235174	
758.640000	0.016457358112	
758.840000	0.016421658930	
759.040000	0.016386134674	
759.240000	0.016350782431	
759.440000	0.016315599325	
759.640000	0.016280582522	
759.840000	0.016245729221	
760.040000	0.016211036664	
760.240000	0.016176502125	
760.440000	0.016142122918	
760.640000	0.016107896391	
760.840000	0.016073819927	
761.040000	0.016039890946	
761.240000	0.016006106901	
761.440000	0.015972465279	
761.640000	0.015938963601	
761.840000	0.015905599420	
762.040000	0.015872370324	
762.240000	0.015839273930	
762.440000	0.015806307890	
762.640000	0.015773469886	
762.840000	0.015740757630	
763.040000	0.015708168866	
763.240000	0.015675701367	
763.440000	0.015643352937	
763.640000	0.015611121410	
763.840000	0.015579004647	
764.040000	0.015547000540	
764.240000	0.015515107007	
764.440000	0.015483321996	
764.640000	0.015451643482	
764.840000	0.015420069468	
765.040000	0.015388597984	
765.240000	0.015357227087	
765.440000	0.015325954859	
765.640000	0.015294779411	
765.840000	0.015263698879	
766.040000	0.015232711423	
766.240000	0.015201815231	
766.440000	0.015171008514	
766.640000	0.015140289512	
766.840000	0.015109656484	
767.040000	0.015079107720	
767.240000	0.015048641529	
767.440000	0.015018256247	
767.640000	0.014987950234	
767.840000	0.014957721872	
768.040000	0.014927569571	
768.240000	0.014897491758	
768.440000	0.014867486890	
768.640000	0.014837553442	
768.840000	0.014807689915	
769.040000	0.014777894833	
769.240000	0.014748166741	
769.440000	0.014718504207	
769.640000	0.014688905824	
769.840000	0.014659370204	
770.040000	0.014629895984	
770.240000	0.014600481822	
770.440000	0.014571126399	
770.640000	0.014541828418	
770.840000	0.014512586603	
771.040000	0.014483399701	
771.240000	0.014454266480	
771.440000	0.014425185732	
771.640000	0.014396156267	
771.840000	0.014367176922	
772.040000	0.014338246550	
772.240000	0.014309364031	
772.440000	0.014280528262	
772.640000	0.014251738164	
772.840000	0.014222992680	
773.040000	0.014194290774	
773.240000	0.014165631431	
773.440000	0.014137013658	
773.640000	0.014108436483	
773.840000	0.014079898956	
774.040000	0.014051400148	
774.240000	0.014022939152	
774.440000	0.013994515082	
774.640000	0.013966127073	
774.840000	0.013937774283	
775.040000	0.013909455889	
775.240000	0.013881171090	
775.440000	0.013852919108	
775.640000	0.013824699184	
775.840000	0.013796510581	
776.040000	0.013768352584	
776.240000	0.013740224499	
776.440000	0.013712125651	
776.640000	0.013684055388	
776.840000	0.013656013079	
777.040000	0.013627998113	
777.240000	0.013600009900	
777.440000	0.013572047872	
777.640000	0.013544111480	
777.840000	0.013516200196	
778.040000	0.013488313513	
778.240000	0.013460450945	
778.440000	0.013432612025	
778.640000	0.013404796305	
778.840000	0.013377003361	
779.040000	0.013349232785	
779.240000	0.013321484191	
779.440000	0.013293757211	
779.640000	0.013266051498	
779.840000	0.013238366722	
780.040000	0.013210702575	
780.240000	0.013183058766	
780.440000	0.013155435021	
780.640000	0.013127831089	
780.840000	0.013100246732	
781.040000	0.013072681734	
781.240000	0.013045135895	
781.440000	0.013017609031	
781.640000	0.012990100978	
781.840000	0.012962611587	
782.040000	0.012935140727	
782.240000	0.012907688281	
782.440000	0.012880254150	
782.640000	0.012852838251	
782.840000	0.012825440513	
783.040000	0.012798060885	
783.240000	0.012770699326	
783.440000	0.012743355813	
783.640000	0.012716030335	
783.840000	0.012688722894	
784.040000	0.012661433507	
784.240000	0.012634162203	
784.440000	0.012606909023	
784.640000	0.012579674022	
784.840000	0.012552457264	
785.040000	0.012525258826	
785.240000	0.012498078795	
785.440000	0.012470917270	
785.640000	0.012443774359	
785.840000	0.012416650180	
786.040000	0.012389544859	
786.240000	0.012362458533	
786.440000	0.012335391346	
786.640000	0.012308343452	
786.840000	0.012281315009	
787.040000	0.012254306185	
787.240000	0.012227317155	
787.440000	0.012200348100	
787.640000	0.012173399205	
787.840000	0.012146470664	
788.040000	0.012119562675	
788.240000	0.012092675438	
788.440000	0.012065809163	
788.640000	0.012038964058	
788.840000	0.012012140340	
789.040000	0.011985338226	
789.240000	0.011958557937	
789.440000	0.011931799697	
789.640000	0.011905063731	
789.840000	0.011878350268	
790.040000	0.011851659536	
790.240000	0.011824991767	
790.440000	0.011798347192	
790.640000	0.011771726043	
790.840000	0.011745128553	
791.040000	0.011718554954	
791.240000	0.011692005478	
791.440000	0.011665480357	
791.640000	0.011638979822	
791.840000	0.011612504103	
792.040000	0.011586053429	
792.240000	0.011559628026	
792.440000	0.011533228120	
792.640000	0.011506853933	
792.840000	0.011480505687	
793.040000	0.011454183601	
793.240000	0.011427887890	
793.440000	0.011401618768	
793.640000	0.011375376445	
793.840000	0.011349161128	
794.040000	0.011322973021	
794.240000	0.011296812325	
794.440000	0.011270679235	
794.640000	0.011244573947	
794.840000	0.011218496649	
795.040000	0.011192447526	
795.240000	0.011166426761	
795.440000	0.011140434530	
795.640000	0.011114471008	
795.840000	0.011088536363	
796.040000	0.011062630759	
796.240000	0.011036754359	
796.440000	0.011010907316	
796.640000	0.010985089783	
796.840000	0.010959301908	
797.040000	0.010933543831	
797.240000	0.010907815692	
797.440000	0.010882117623	
797.640000	0.010856449753	
797.840000	0.010830812207	
798.040000	0.010805205104	
798.240000	0.010779628558	
798.440000	0.010754082681	
798.640000	0.010728567578	
798.840000	0.010703083350	
799.040000	0.010677630093	
799.240000	0.010652207901	
799.440000	0.010626816860	
799.640000	0.010601457055	
799.840000	0.010576128563	
800.040000	0.010550831460	
800.240000	0.010525565815	
800.440000	0.010500331696	
800.640000	0.010475129162	
800.840000	0.010449958273	
801.040000	0.010424819082	
801.240000	0.010399711638	
801.440000	0.010374635986	
801.640000	0.010349592169	
801.840000	0.010324580225	
802.040000	0.010299600186	
802.240000	0.010274652084	
802.440000	0.010249735946	
802.640000	0.010224851793	
802.840000	0.010199999647	
803.040000	0.010175179523	
803.240000	0.010150391435	
803.440000	0.010125635390	
803.640000	0.010100911397	
803.840000	0.010076219459	
804.040000	0.010051559575	
804.240000	0.010026931742	
804.440000	0.010002335956	
804.640000	0.009977772207	
804.840000	0.009953240484	
805.040000	0.009928740774	
805.240000	0.009904273060	
805.440000	0.009879837322	
805.640000	0.009855433539	
805.840000	0.009831061687	
806.040000	0.009806721741	
806.240000	0.009782413671	
806.440000	0.009758137446	
806.640000	0.009733893034	
806.840000	0.009709680401	
807.040000	0.009685499509	
807.240000	0.009661350320	
807.440000	0.009637232792	
807.640000	0.009613146885	
807.840000	0.009589092553	
808.040000	0.009565069752	
808.240000	0.009541078434	
808.440000	0.009517118550	
808.640000	0.009493190051	
808.840000	0.009469292883	
809.040000	0.009445426996	
809.240000	0.009421592334	
809.440000	0.009397788842	
809.640000	0.009374016464	
809.840000	0.009350275141	
810.040000	0.009326564816	
810.240000	0.009302885428	
810.440000	0.009279236916	
810.640000	0.009255619219	
810.840000	0.009232032275	
811.040000	0.009208476019	
811.240000	0.009184950389	
811.440000	0.009161455318	
811.640000	0.009137990743	
811.840000	0.009114556595	
812.040000	0.009091152809	
812.240000	0.009067779318	
812.440000	0.009044436053	
812.640000	0.009021122946	
812.840000	0.008997839928	
813.040000	0.008974586931	
813.240000	0.008951363884	
813.440000	0.008928170718	
813.640000	0.008905007362	
813.840000	0.008881873746	
814.040000	0.008858769799	
814.240000	0.008835695450	
814.440000	0.008812650628	
814.640000	0.008789635262	
814.840000	0.008766649280	
815.040000	0.008743692610	
815.240000	0.008720765181	
815.440000	0.008697866921	
815.640000	0.008674997758	
815.840000	0.008652157621	
816.040000	0.008629346438	
816.240000	0.008606564136	
816.440000	0.008583810644	
816.640000	0.008561085891	
816.840000	0.008538389805	
817.040000	0.008515722314	
817.240000	0.008493083347	
817.440000	0.008470472833	
817.640000	0.008447890701	
817.840000	0.008425336879	
818.040000	0.008402811297	
818.240000	0.008380313885	
818.440000	0.008357844572	
818.640000	0.008335403287	
818.840000	0.008312989962	
819.040000	0.008290604526	
819.240000	0.008268246911	
819.440000	0.008245917046	
819.640000	0.008223614863	
819.840000	0.008201340293	
820.040000	0.008179093268	
820.240000	0.008156873721	
820.440000	0.008134681583	
820.640000	0.008112516787	
820.840000	0.008090379265	
821.040000	0.008068268952	
821.240000	0.008046185781	
821.440000	0.008024129685	
821.640000	0.008002100599	
821.840000	0.007980098458	
822.040000	0.007958123197	
822.240000	0.007936174750	
822.440000	0.007914253054	
822.640000	0.007892358045	
822.840000	0.007870489659	
823.040000	0.007848647833	
823.240000	0.007826832504	
823.440000	0.007805043610	
823.640000	0.007783281088	
823.840000	0.007761544877	
824.040000	0.007739834916	
824.240000	0.007718151143	
824.440000	0.007696493499	
824.640000	0.007674861923	
824.840000	0.007653256355	
825.040000	0.007631676736	
825.240000	0.007610123007	
825.440000	0.007588595109	
825.640000	0.007567092985	
825.840000	0.007545616576	
826.040000	0.007524165824	
826.240000	0.007502740674	
826.440000	0.007481341068	
826.640000	0.007459966950	
826.840000	0.007438618264	
827.040000	0.007417294954	
827.240000	0.007395996966	
827.440000	0.007374724245	
827.640000	0.007353476736	
827.840000	0.007332254385	
828.040000	0.007311057140	
828.240000	0.007289884946	
828.440000	0.007268737750	
828.640000	0.007247615501	
828.840000	0.007226518146	
829.040000	0.007205445633	
829.240000	0.007184397911	
829.440000	0.007163374929	
829.640000	0.007142376637	
829.840000	0.007121402983	
830.040000	0.007100453919	
830.240000	0.007079529394	
830.440000	0.007058629359	
830.640000	0.007037753765	
830.840000	0.007016902565	
831.040000	0.006996075708	
831.240000	0.006975273149	
831.440000	0.006954494838	
831.640000	0.006933740730	
831.840000	0.006913010776	
832.040000	0.006892304931	
832.240000	0.006871623148	
832.440000	0.006850965382	
832.640000	0.006830331586	
832.840000	0.006809721716	
833.040000	0.006789135727	
833.240000	0.006768573574	
833.440000	0.006748035212	
833.640000	0.006727520598	
833.840000	0.006707029688	
834.040000	0.006686562438	
834.240000	0.006666118806	
834.440000	0.006645698748	
834.640000	0.006625302222	
834.840000	0.006604929186	
835.040000	0.006584579598	
835.240000	0.006564253416	
835.440000	0.006543950598	
835.640000	0.006523671104	
835.840000	0.006503414893	
836.040000	0.006483181924	
836.240000	0.006462972157	
836.440000	0.006442785551	
836.640000	0.006422622068	
836.840000	0.006402481667	
837.040000	0.006382364309	
837.240000	0.006362269955	
837.440000	0.006342198566	
837.640000	0.006322150104	
837.840000	0.006302124531	
838.040000	0.006282121808	
838.240000	0.006262141897	
838.440000	0.006242184762	
838.640000	0.006222250364	
838.840000	0.006202338667	
839.040000	0.006182449634	
839.240000	0.006162583228	
839.440000	0.006142739412	
839.640000	0.006122918151	
839.840000	0.006103119409	
840.040000	0.006083343148	
840.240000	0.006063589335	
840.440000	0.006043857934	
840.640000	0.006024148909	
840.840000	0.006004462226	
841.040000	0.005984797850	
841.240000	0.005965155746	
841.440000	0.005945535879	
841.640000	0.005925938217	
841.840000	0.005906362725	
842.040000	0.005886809368	
842.240000	0.005867278114	
842.440000	0.005847768930	
842.640000	0.005828281781	
842.840000	0.005808816635	
843.040000	0.005789373459	
843.240000	0.005769952220	
843.440000	0.005750552886	
843.640000	0.005731175424	
843.840000	0.005711819803	
844.040000	0.005692485991	
844.240000	0.005673173954	
844.440000	0.005653883663	
844.640000	0.005634615085	
844.840000	0.005615368189	
845.040000	0.005596142944	
845.240000	0.005576939319	
845.440000	0.005557757283	
845.640000	0.005538596806	
845.840000	0.005519457856	
846.040000	0.005500340403	
846.240000	0.005481244418	
846.440000	0.005462169869	
846.640000	0.005443116728	
846.840000	0.005424084963	
847.040000	0.005405074546	
847.240000	0.005386085448	
847.440000	0.005367117637	
847.640000	0.005348171086	
847.840000	0.005329245765	
848.040000	0.005310341646	
848.240000	0.005291458698	
848.440000	0.005272596894	
848.640000	0.005253756205	
848.840000	0.005234936603	
849.040000	0.005216138058	
849.240000	0.005197360543	
849.440000	0.005178604030	
849.640000	0.005159868490	
849.840000	0.005141153896	
850.040000	0.005122460220	
850.240000	0.005103787435	
850.440000	0.005085135512	
850.640000	0.005066504425	
850.840000	0.005047894146	
851.040000	0.005029304647	
851.240000	0.005010735903	
851.440000	0.004992187885	
851.640000	0.004973660567	
851.840000	0.004955153922	
852.040000	0.004936667924	
852.240000	0.004918202545	
852.440000	0.004899757760	
852.640000	0.004881333542	
852.840000	0.004862929865	
853.040000	0.004844546703	
853.240000	0.004826184029	
853.440000	0.004807841818	
853.640000	0.004789520043	
853.840000	0.004771218679	
854.040000	0.004752937701	
854.240000	0.004734677082	
854.440000	0.004716436798	
854.640000	0.004698216822	
854.840000	0.004680017130	
855.040000	0.004661837695	
855.240000	0.004643678494	
855.440000	0.004625539501	
855.640000	0.004607420691	
855.840000	0.004589322039	
856.040000	0.004571243520	
856.240000	0.004553185109	
856.440000	0.004535146783	
856.640000	0.004517128516	
856.840000	0.004499130283	
857.040000	0.004481152061	
857.240000	0.004463193826	
857.440000	0.004445255552	
857.640000	0.004427337215	
857.840000	0.004409438792	
858.040000	0.004391560259	
858.240000	0.004373701591	
858.440000	0.004355862765	
858.640000	0.004338043757	
858.840000	0.004320244543	
859.040000	0.004302465099	
859.240000	0.004284705403	
859.440000	0.004266965429	
859.640000	0.004249245156	
859.840000	0.004231544559	
879.840000	0.002557084176	
899.840000	0.001058631274	
919.840000	-0.000281500391	
939.840000	-0.001478970400	
959.840000	-0.002547898474	
979.840000	-0.003501088904	
999.840000	-0.004350163245	
1019.840000	-0.005105659159	
1039.840000	-0.005777115529	
1059.840000	-0.006373151613	
1079.840000	-0.006901542291	
1099.840000	-0.007369288106	
1119.840000	-0.007782685787	
1139.840000	-0.008147397366	
1159.840000	-0.008468502274	
1179.840000	-0.008750555145	
1199.840000	-0.008997638485	
1219.840000	-0.009213409213	
1239.840000	-0.009401140975	
1259.840000	-0.009563762717	
1279.840000	-0.009703893519	
1299.840000	-0.009823874103	
1319.840000	-0.009925795305	
1339.840000	-0.010011523813	
1359.840000	-0.010082725450	
1379.840000	-0.010140886239	
1399.840000	-0.010187331464	
1419.840000	-0.010223242911	
1439.840000	-0.010249674432	
1459.840000	-0.010267565990	
1479.840000	-0.010277756289	
1499.840000	-0.010280994111	
1519.840000	-0.010277948462	
1539.840000	-0.010269217622	
1559.840000	-0.010255337209	
1579.840000	-0.010236787324	
1599.840000	-0.010213998889	
1619.840000	-0.010187359246	
1639.840000	-0.010157217095	
1659.840000	-0.010123886852	
1679.840000	-0.010087652483	
1699.840000	-0.010048770879	
1719.840000	-0.010007474833	
1739.840000	-0.009963975649	
1759.840000	-0.009918465455	
1779.840000	-0.009871119229	
1799.840000	-0.009822096594	
1819.840000	-0.009771543404	
1839.840000	-0.009719593138	
1859.840000	-0.009666368148	
1879.840000	-0.009611980756	
1899.840000	-0.009556534228	
1919.840000	-0.009500123648	
1939.840000	-0.009442836691	
1959.840000	-0.009384754312	
1979.840000	-0.009325951366	
1999.840000	-0.009266497156	
2019.840000	-0.009206455934	
2039.840000	-0.009145887341	
2059.840000	-0.009084846807	
2079.840000	-0.009023385912	
2099.840000	-0.008961552705	
2119.840000	-0.008899392002	
2139.840000	-0.008836945646	
2159.840000	-0.008774252748	
2179.840000	-0.008711349898	
2199.840000	-0.008648271369	
2219.840000	-0.008585049285	
2239.840000	-0.008521713791	
2259.840000	-0.008458293197	
2279.840000	-0.008394814107	
2299.840000	-0.008331301550	
2319.840000	-0.008267779083	
2339.840000	-0.008204268899	
2359.840000	-0.008140791914	
2379.840000	-0.008077367858	
2399.840000	-0.008014015350	
2419.840000	-0.007950751970	
2439.840000	-0.007887594326	
2459.840000	-0.007824558111	
2479.840000	-0.007761658166	
2499.840000	-0.007698908523	
