0.000000	-0.000156296585	
20.000000	-0.000154319645	
40.000000	-0.000153397013	
60.000000	-0.000152876313	
80.000000	-0.000152581323	
100.000000	-0.000152412225	
120.000000	-0.000238395415	
140.000000	-0.000275597125	
160.000000	-0.000285685939	
180.000000	-0.000279346509	
200.000000	-0.000264058143	
220.000000	-0.000244797695	
240.000000	-0.000224521330	
260.000000	-0.000204862026	
280.000000	-0.000186634022	
300.000000	-0.000170165251	
320.000000	-0.000155507848	
340.000000	-0.000142362932	
360.000000	-0.000130861443	
380.000000	-0.000120831474	
400.000000	-0.000112058164	
420.000000	-0.000104341455	
440.000000	-0.000097510241	
460.000000	-0.000091422424	
480.000000	-0.000085960878	
500.000000	-0.000081028706	
520.000000	-0.000075204572	
540.000000	-0.000069324632	
560.000000	-0.000063807168	
580.000000	-0.000058783592	
594.120000	-0.000055487518	
594.320000	-0.000055441546	
594.520000	-0.000055395573	
594.720000	-0.000055349596	
594.920000	-0.000055303615	
595.120000	-0.000055257627	
595.320000	-0.000055211631	
595.520000	-0.000055165625	
595.720000	-0.000055119608	
595.920000	-0.000055073577	
596.120000	-0.000055027531	
596.320000	-0.000054981468	
596.520000	-0.000054935386	
596.720000	-0.000054889282	
596.920000	-0.000054843154	
597.120000	-0.000054797000	
597.320000	-0.000054750818	
597.520000	-0.000054704605	
597.720000	-0.000054658358	
597.920000	-0.000054612074	
598.120000	-0.000054565751	
598.320000	-0.000054519385	
598.520000	-0.000054472973	
598.720000	-0.000054426512	
598.920000	-0.000054379999	
599.120000	-0.000054333429	
599.320000	-0.000054286798	
599.520000	-0.000054240103	
599.720000	-0.000054193339	
599.920000	-0.000054146502	
600.120000	-0.000054099585	
600.320000	-0.000054052586	
600.520000	-0.000054005497	
600.720000	-0.000053958313	
600.920000	-0.000053911027	
601.120000	-0.000053863634	
601.320000	-0.000053816126	
601.520000	-0.000053768496	
601.720000	-0.000053720736	
601.920000	-0.000053672836	
602.120000	-0.000053624788	
602.320000	-0.000053576582	
602.520000	-0.000053528208	
602.720000	-0.000053479653	
602.920000	-0.000053430905	
603.120000	-0.000053381952	
603.320000	-0.000053332777	
603.520000	-0.000053283366	
603.720000	-0.000053233701	
603.920000	-0.000053183763	
604.120000	-0.000053133530	
604.320000	-0.000053082981	
604.520000	-0.000053032089	
604.720000	-0.000052980827	
604.920000	-0.000052929163	
605.120000	-0.000052877062	
605.320000	-0.000052824486	
605.520000	-0.000052771389	
605.720000	-0.000052717721	
605.920000	-0.000052663427	
606.120000	-0.000052608440	
606.320000	-0.000052552685	
606.520000	-0.000052496074	
606.720000	-0.000052438506	
606.920000	-0.000052379860	
607.120000	-0.000052319991	
607.320000	-0.000052258727	
607.520000	-0.000052195856	
607.720000	-0.000052131117	
607.920000	-0.000052064185	
608.120000	-0.000051994640	
608.320000	-0.000051921937	
608.520000	-0.000051845348	
608.720000	-0.000051763869	
608.920000	-0.000051676061	
609.120000	-0.000051579773	
609.320000	-0.000051471574	
609.520000	-0.000051345522	
609.720000	-0.000051189980	
609.920000	-0.000050977114	
610.120000	-0.000050607003	
610.320000	-0.000048358800	
610.520000	-0.000039441104	
610.720000	-0.000024946841	
610.920000	0.000019751862	
611.120000	0.000020499338	
611.320000	0.000013388775	
611.520000	0.000006032687	
611.720000	0.000001120348	
611.920000	-0.000001093809	
612.120000	-0.000002305160	
612.320000	-0.000003175689	
612.520000	-0.000004102423	
612.720000	-0.000006000341	
612.920000	-0.000007561400	
613.120000	-0.000008512223	
613.320000	-0.000009218093	
633.320000	-0.000032150718	
641.220000	-0.000036014542	
641.420000	-0.000036089353	
641.620000	-0.000036163175	
641.820000	-0.000036236019	
642.020000	-0.000036307892	
642.220000	-0.000036378803	
642.420000	-0.000036448762	
642.620000	-0.000036517777	
642.820000	-0.000036585857	
643.020000	-0.000036653010	
643.220000	-0.000036719245	
643.420000	-0.000036784569	
643.620000	-0.000036848991	
643.820000	-0.000036912519	
644.020000	-0.000036975161	
644.220000	-0.000037036923	
644.420000	-0.000037097815	
644.620000	-0.000037157842	
644.820000	-0.000037217014	
645.020000	-0.000037275336	
645.220000	-0.000037332816	
645.420000	-0.000037389460	
645.620000	-0.000037445276	
645.820000	-0.000037500271	
646.020000	-0.000037554450	
646.220000	-0.000037607821	
646.420000	-0.000037660389	
646.620000	-0.000037712161	
646.820000	-0.000037763143	
647.020000	-0.000037813340	
647.220000	-0.000037862759	
647.420000	-0.000037911405	
647.620000	-0.000037959283	
647.820000	-0.000038006399	
648.020000	-0.000038052758	
648.220000	-0.000038098366	
648.420000	-0.000038143226	
648.620000	-0.000038187344	
648.820000	-0.000038230725	
649.020000	-0.000038273372	
649.220000	-0.000038315291	
649.420000	-0.000038356484	
649.620000	-0.000038396957	
649.820000	-0.000038436712	
650.020000	-0.000038475754	
650.220000	-0.000038514086	
650.420000	-0.000038551710	
650.620000	-0.000038588631	
650.820000	-0.000038624850	
651.020000	-0.000038660370	
651.220000	-0.000038695193	
651.420000	-0.000038729322	
651.620000	-0.000038762758	
651.820000	-0.000038795503	
652.020000	-0.000038827558	
652.220000	-0.000038858924	
652.420000	-0.000038889601	
652.620000	-0.000038919590	
652.820000	-0.000038948891	
653.020000	-0.000038977503	
653.220000	-0.000039005425	
653.420000	-0.000039032656	
653.620000	-0.000039059194	
653.820000	-0.000039085037	
654.020000	-0.000039110182	
654.220000	-0.000039134625	
654.420000	-0.000039158362	
654.620000	-0.000039181389	
654.820000	-0.000039203700	
655.020000	-0.000039225288	
655.220000	-0.000039246146	
655.420000	-0.000039266266	
655.620000	-0.000039285638	
655.820000	-0.000039304251	
656.020000	-0.000039322093	
656.220000	-0.000039339151	
656.420000	-0.000039355409	
656.620000	-0.000039370849	
656.820000	-0.000039385451	
657.020000	-0.000039399194	
657.220000	-0.000039412052	
657.420000	-0.000039423996	
657.620000	-0.000039434995	
657.820000	-0.000039445010	
658.020000	-0.000039454001	
658.220000	-0.000039461918	
658.420000	-0.000039468706	
658.620000	-0.000039474299	
658.820000	-0.000039478624	
659.020000	-0.000039481592	
659.220000	-0.000039483098	
659.420000	-0.000039483019	
659.620000	-0.000039481206	
659.820000	-0.000039477478	
660.020000	-0.000039471613	
660.220000	-0.000039463333	
660.420000	-0.000039452287	
660.620000	-0.000039438019	
660.820000	-0.000039419924	
661.020000	-0.000039397183	
661.220000	-0.000039368633	
661.420000	-0.000039332565	
661.620000	-0.000039286307	
661.820000	-0.000039225348	
662.020000	-0.000039141154	
662.220000	-0.000039014394	
662.420000	-0.000038782946	
662.620000	-0.000037794241	
662.820000	-0.000030897390	
663.020000	-0.000018710401	
663.220000	0.000016225742	
663.420000	0.000016649561	
663.620000	0.000010905928	
663.820000	0.000004931681	
664.020000	0.000000881296	
664.220000	-0.000000931359	
664.420000	-0.000001872037	
664.620000	-0.000002516530	
664.820000	-0.000003187895	
665.020000	-0.000004558311	
665.220000	-0.000005784130	
665.420000	-0.000006561333	
665.620000	-0.000007174545	
665.820000	-0.000007665755	
685.820000	-0.000030229694	
688.540000	-0.000031749672	
688.740000	-0.000031851608	
688.940000	-0.000031952272	
689.140000	-0.000032051678	
689.340000	-0.000032149838	
689.540000	-0.000032246766	
689.740000	-0.000032342476	
689.940000	-0.000032436979	
690.140000	-0.000032530289	
690.340000	-0.000032622419	
690.540000	-0.000032713380	
690.740000	-0.000032803185	
690.940000	-0.000032891847	
691.140000	-0.000032979377	
691.340000	-0.000033065786	
691.540000	-0.000033151088	
691.740000	-0.000033235293	
691.940000	-0.000033318412	
692.140000	-0.000033400458	
692.340000	-0.000033481441	
692.540000	-0.000033561371	
692.740000	-0.000033640261	
692.940000	-0.000033718120	
693.140000	-0.000033794959	
693.340000	-0.000033870789	
693.540000	-0.000033945619	
693.740000	-0.000034019461	
693.940000	-0.000034092323	
694.140000	-0.000034164217	
694.340000	-0.000034235151	
694.540000	-0.000034305135	
694.740000	-0.000034374179	
694.940000	-0.000034442292	
695.140000	-0.000034509483	
695.340000	-0.000034575762	
695.540000	-0.000034641137	
695.740000	-0.000034705617	
695.940000	-0.000034769211	
696.140000	-0.000034831928	
696.340000	-0.000034893775	
696.540000	-0.000034954762	
696.740000	-0.000035014896	
696.940000	-0.000035074186	
697.140000	-0.000035132639	
697.340000	-0.000035190264	
697.540000	-0.000035247067	
697.740000	-0.000035303058	
697.940000	-0.000035358242	
698.140000	-0.000035412628	
698.340000	-0.000035466223	
698.540000	-0.000035519033	
698.740000	-0.000035571066	
698.940000	-0.000035622329	
699.140000	-0.000035672829	
699.340000	-0.000035722571	
699.540000	-0.000035771562	
699.740000	-0.000035819810	
699.940000	-0.000035867319	
700.140000	-0.000035914097	
700.340000	-0.000035960149	
700.540000	-0.000036005480	
700.740000	-0.000036050098	
700.940000	-0.000036094006	
701.140000	-0.000036137211	
701.340000	-0.000036179719	
701.540000	-0.000036221533	
701.740000	-0.000036262659	
701.940000	-0.000036303103	
702.140000	-0.000036342869	
702.340000	-0.000036381960	
702.540000	-0.000036420383	
702.740000	-0.000036458141	
702.940000	-0.000036495238	
703.140000	-0.000036531679	
703.340000	-0.000036567467	
703.540000	-0.000036602605	
703.740000	-0.000036637098	
703.940000	-0.000036670948	
704.140000	-0.000036704158	
704.340000	-0.000036736732	
704.540000	-0.000036768672	
704.740000	-0.000036799981	
704.940000	-0.000036830661	
705.140000	-0.000036860713	
705.340000	-0.000036890140	
705.540000	-0.000036918944	
705.740000	-0.000036947124	
705.940000	-0.000036974684	
706.140000	-0.000037001622	
706.340000	-0.000037027940	
706.540000	-0.000037053638	
706.740000	-0.000037078714	
706.940000	-0.000037103170	
707.140000	-0.000037127003	
707.340000	-0.000037150212	
707.540000	-0.000037172795	
707.740000	-0.000037194749	
707.940000	-0.000037216073	
708.140000	-0.000037236761	
708.340000	-0.000037256810	
708.540000	-0.000037276215	
708.740000	-0.000037294971	
708.940000	-0.000037313071	
709.140000	-0.000037330507	
709.340000	-0.000037347272	
709.540000	-0.000037363357	
709.740000	-0.000037378750	
709.940000	-0.000037393440	
710.140000	-0.000037407414	
710.340000	-0.000037420657	
710.540000	-0.000037433153	
710.740000	-0.000037444881	
710.940000	-0.000037455823	
711.140000	-0.000037465953	
711.340000	-0.000037475246	
711.540000	-0.000037483670	
711.740000	-0.000037491193	
711.940000	-0.000037497774	
712.140000	-0.000037503371	
712.340000	-0.000037507933	
712.540000	-0.000037511401	
712.740000	-0.000037513710	
712.940000	-0.000037514781	
713.140000	-0.000037514524	
713.340000	-0.000037512832	
713.540000	-0.000037509580	
713.740000	-0.000037504616	
713.940000	-0.000037497757	
714.140000	-0.000037488781	
714.340000	-0.000037477409	
714.540000	-0.000037463292	
714.740000	-0.000037445983	
714.940000	-0.000037424891	
715.140000	-0.000037399222	
715.340000	-0.000037367867	
715.540000	-0.000037329217	
715.740000	-0.000037280804	
715.940000	-0.000037218559	
716.140000	-0.000037135051	
716.340000	-0.000037014326	
716.540000	-0.000036810378	
716.740000	-0.000036218303	
716.940000	-0.000030444270	
717.140000	-0.000019677026	
717.340000	0.000015237870	
717.540000	0.000016877364	
717.740000	0.000011535752	
717.940000	0.000005521574	
718.140000	0.000001176097	
718.340000	-0.000000823701	
718.540000	-0.000001788047	
718.740000	-0.000002400478	
718.940000	-0.000002959750	
719.140000	-0.000004170047	
719.340000	-0.000005355511	
719.540000	-0.000006120257	
719.740000	-0.000006727237	
719.940000	-0.000007218989	
720.140000	-0.000007638421	
740.140000	-0.000030374969	
743.440000	-0.000032214270	
743.640000	-0.000032314286	
743.840000	-0.000032413087	
744.040000	-0.000032510685	
744.240000	-0.000032607096	
744.440000	-0.000032702333	
744.640000	-0.000032796409	
744.840000	-0.000032889339	
745.040000	-0.000032981136	
745.240000	-0.000033071814	
745.440000	-0.000033161385	
745.640000	-0.000033249863	
745.840000	-0.000033337261	
746.040000	-0.000033423592	
746.240000	-0.000033508867	
746.440000	-0.000033593100	
746.640000	-0.000033676303	
746.840000	-0.000033758488	
747.040000	-0.000033839668	
747.240000	-0.000033919854	
747.440000	-0.000033999058	
747.640000	-0.000034077292	
747.840000	-0.000034154568	
748.040000	-0.000034230896	
748.240000	-0.000034306288	
748.440000	-0.000034380756	
748.640000	-0.000034454310	
748.840000	-0.000034526961	
749.040000	-0.000034598721	
749.240000	-0.000034669600	
749.440000	-0.000034739608	
749.640000	-0.000034808756	
749.840000	-0.000034877054	
750.040000	-0.000034944513	
750.240000	-0.000035011142	
750.440000	-0.000035076952	
750.640000	-0.000035141953	
750.840000	-0.000035206154	
751.040000	-0.000035269565	
751.240000	-0.000035332196	
751.440000	-0.000035394056	
751.640000	-0.000035455155	
751.840000	-0.000035515501	
752.040000	-0.000035575104	
752.240000	-0.000035633973	
752.440000	-0.000035692118	
752.640000	-0.000035749546	
752.840000	-0.000035806267	
753.040000	-0.000035862290	
753.240000	-0.000035917622	
753.440000	-0.000035972273	
753.640000	-0.000036026251	
753.840000	-0.000036079565	
754.040000	-0.000036132222	
754.240000	-0.000036184230	
754.440000	-0.000036235599	
754.640000	-0.000036286335	
754.840000	-0.000036336447	
755.040000	-0.000036385942	
755.240000	-0.000036434829	
755.440000	-0.000036483114	
755.640000	-0.000036530806	
755.840000	-0.000036577913	
756.040000	-0.000036624440	
756.240000	-0.000036670396	
756.440000	-0.000036715789	
756.640000	-0.000036760625	
756.840000	-0.000036804911	
757.040000	-0.000036848655	
757.240000	-0.000036891863	
757.440000	-0.000036934542	
757.640000	-0.000036976700	
757.840000	-0.000037018343	
758.040000	-0.000037059478	
758.240000	-0.000037100111	
758.440000	-0.000037140250	
758.640000	-0.000037179900	
758.840000	-0.000037219067	
759.040000	-0.000037257760	
759.240000	-0.000037295983	
759.440000	-0.000037333743	
759.640000	-0.000037371047	
759.840000	-0.000037407900	
760.040000	-0.000037444308	
760.240000	-0.000037480279	
760.440000	-0.000037515816	
760.640000	-0.000037550928	
760.840000	-0.000037585619	
761.040000	-0.000037619895	
761.240000	-0.000037653762	
761.440000	-0.000037687226	
761.640000	-0.000037720292	
761.840000	-0.000037752966	
762.040000	-0.000037785254	
762.240000	-0.000037817161	
762.440000	-0.000037848693	
762.640000	-0.000037879855	
762.840000	-0.000037910652	
763.040000	-0.000037941090	
763.240000	-0.000037971174	
763.440000	-0.000038000909	
763.640000	-0.000038030301	
763.840000	-0.000038059354	
764.040000	-0.000038088074	
764.240000	-0.000038116466	
764.440000	-0.000038144534	
764.640000	-0.000038172285	
764.840000	-0.000038199722	
765.040000	-0.000038226850	
765.240000	-0.000038253675	
765.440000	-0.000038280201	
765.640000	-0.000038306433	
765.840000	-0.000038332376	
766.040000	-0.000038358034	
766.240000	-0.000038383413	
766.440000	-0.000038408515	
766.640000	-0.000038433348	
766.840000	-0.000038457914	
767.040000	-0.000038482218	
767.240000	-0.000038506265	
767.440000	-0.000038530059	
767.640000	-0.000038553604	
767.840000	-0.000038576906	
768.040000	-0.000038599967	
768.240000	-0.000038622793	
768.440000	-0.000038645388	
768.640000	-0.000038667756	
768.840000	-0.000038689900	
769.040000	-0.000038711827	
769.240000	-0.000038733538	
769.440000	-0.000038755039	
769.640000	-0.000038776333	
769.840000	-0.000038797425	
770.040000	-0.000038818318	
770.240000	-0.000038839016	
770.440000	-0.000038859524	
770.640000	-0.000038879844	
770.840000	-0.000038899982	
771.040000	-0.000038919941	
771.240000	-0.000038939724	
771.440000	-0.000038959335	
771.640000	-0.000038978778	
771.840000	-0.000038998057	
772.040000	-0.000039017175	
772.240000	-0.000039036136	
772.440000	-0.000039054943	
772.640000	-0.000039073600	
772.840000	-0.000039092111	
773.040000	-0.000039110478	
773.240000	-0.000039128706	
773.440000	-0.000039146798	
773.640000	-0.000039164757	
773.840000	-0.000039182586	
774.040000	-0.000039200289	
774.240000	-0.000039217869	
774.440000	-0.000039235329	
774.640000	-0.000039252673	
774.840000	-0.000039269903	
775.040000	-0.000039287023	
775.240000	-0.000039304036	
775.440000	-0.000039320944	
775.640000	-0.000039337752	
775.840000	-0.000039354461	
776.040000	-0.000039371076	
776.240000	-0.000039387598	
776.440000	-0.000039404031	
776.640000	-0.000039420377	
776.840000	-0.000039436639	
777.040000	-0.000039452821	
777.240000	-0.000039468924	
777.440000	-0.000039484952	
777.640000	-0.000039500907	
777.840000	-0.000039516792	
778.040000	-0.000039532610	
778.240000	-0.000039548362	
778.440000	-0.000039564052	
778.640000	-0.000039579682	
778.840000	-0.000039595254	
779.040000	-0.000039610771	
779.240000	-0.000039626235	
779.440000	-0.000039641649	
779.640000	-0.000039657014	
779.840000	-0.000039672334	
780.040000	-0.000039687610	
780.240000	-0.000039702844	
780.440000	-0.000039718039	
780.640000	-0.000039733196	
780.840000	-0.000039748319	
781.040000	-0.000039763408	
781.240000	-0.000039778466	
781.440000	-0.000039793495	
781.640000	-0.000039808496	
781.840000	-0.000039823472	
782.040000	-0.000039838425	
782.240000	-0.000039853355	
782.440000	-0.000039868266	
782.640000	-0.000039883158	
782.840000	-0.000039898033	
783.040000	-0.000039912894	
783.240000	-0.000039927741	
783.440000	-0.000039942576	
783.640000	-0.000039957401	
783.840000	-0.000039972217	
784.040000	-0.000039987026	
784.240000	-0.000040001829	
784.440000	-0.000040016628	
784.640000	-0.000040031423	
784.840000	-0.000040046217	
785.040000	-0.000040061010	
785.240000	-0.000040075804	
785.440000	-0.000040090600	
785.640000	-0.000040105398	
785.840000	-0.000040120202	
786.040000	-0.000040135010	
786.240000	-0.000040149825	
786.440000	-0.000040164648	
786.640000	-0.000040179479	
786.840000	-0.000040194319	
787.040000	-0.000040209170	
787.240000	-0.000040224033	
787.440000	-0.000040238907	
787.640000	-0.000040253795	
787.840000	-0.000040268697	
788.040000	-0.000040283613	
788.240000	-0.000040298545	
788.440000	-0.000040313494	
788.640000	-0.000040328459	
788.840000	-0.000040343442	
789.040000	-0.000040358444	
789.240000	-0.000040373464	
789.440000	-0.000040388504	
789.640000	-0.000040403564	
789.840000	-0.000040418645	
790.040000	-0.000040433747	
790.240000	-0.000040448871	
790.440000	-0.000040464018	
790.640000	-0.000040479187	
790.840000	-0.000040494379	
791.040000	-0.000040509594	
791.240000	-0.000040524834	
791.440000	-0.000040540098	
791.640000	-0.000040555387	
791.840000	-0.000040570701	
792.040000	-0.000040586040	
792.240000	-0.000040601405	
792.440000	-0.000040616796	
792.640000	-0.000040632213	
792.840000	-0.000040647657	
793.040000	-0.000040663127	
793.240000	-0.000040678624	
793.440000	-0.000040694148	
793.640000	-0.000040709700	
793.840000	-0.000040725279	
794.040000	-0.000040740886	
794.240000	-0.000040756520	
794.440000	-0.000040772182	
794.640000	-0.000040787873	
794.840000	-0.000040803591	
795.040000	-0.000040819338	
795.240000	-0.000040835112	
795.440000	-0.000040850916	
795.640000	-0.000040866747	
795.840000	-0.000040882607	
796.040000	-0.000040898495	
796.240000	-0.000040914412	
796.440000	-0.000040930358	
796.640000	-0.000040946332	
796.840000	-0.000040962334	
797.040000	-0.000040978365	
797.240000	-0.000040994424	
797.440000	-0.000041010512	
797.640000	-0.000041026628	
797.840000	-0.000041042773	
798.040000	-0.000041058945	
798.240000	-0.000041075147	
798.440000	-0.000041091376	
798.640000	-0.000041107633	
798.840000	-0.000041123919	
799.040000	-0.000041140232	
799.240000	-0.000041156574	
799.440000	-0.000041172943	
799.640000	-0.000041189340	
799.840000	-0.000041205765	
800.040000	-0.000041222217	
800.240000	-0.000041238697	
800.440000	-0.000041255204	
800.640000	-0.000041271738	
800.840000	-0.000041288299	
801.040000	-0.000041304888	
801.240000	-0.000041321503	
801.440000	-0.000041338145	
801.640000	-0.000041354814	
801.840000	-0.000041371509	
802.040000	-0.000041388231	
802.240000	-0.000041404979	
802.440000	-0.000041421753	
802.640000	-0.000041438553	
802.840000	-0.000041455379	
803.040000	-0.000041472231	
803.240000	-0.000041489108	
803.440000	-0.000041506011	
803.640000	-0.000041522939	
803.840000	-0.000041539893	
804.040000	-0.000041556872	
804.240000	-0.000041573875	
804.440000	-0.000041590904	
804.640000	-0.000041607957	
804.840000	-0.000041625035	
805.040000	-0.000041642137	
805.240000	-0.000041659263	
805.440000	-0.000041676414	
805.640000	-0.000041693588	
805.840000	-0.000041710787	
806.040000	-0.000041728009	
806.240000	-0.000041745255	
806.440000	-0.000041762524	
806.640000	-0.000041779817	
806.840000	-0.000041797133	
807.040000	-0.000041814472	
807.240000	-0.000041831834	
807.440000	-0.000041849219	
807.640000	-0.000041866626	
807.840000	-0.000041884056	
808.040000	-0.000041901509	
808.240000	-0.000041918984	
808.440000	-0.000041936481	
808.640000	-0.000041954000	
808.840000	-0.000041971541	
809.040000	-0.000041989104	
809.240000	-0.000042006688	
809.440000	-0.000042024294	
809.640000	-0.000042041922	
809.840000	-0.000042059571	
810.040000	-0.000042077241	
810.240000	-0.000042094933	
810.440000	-0.000042112645	
810.640000	-0.000042130379	
810.840000	-0.000042148133	
811.040000	-0.000042165908	
811.240000	-0.000042183703	
811.440000	-0.000042201519	
811.640000	-0.000042219355	
811.840000	-0.000042237212	
812.040000	-0.000042255089	
812.240000	-0.000042272986	
812.440000	-0.000042290902	
812.640000	-0.000042308839	
812.840000	-0.000042326796	
813.040000	-0.000042344772	
813.240000	-0.000042362768	
813.440000	-0.000042380783	
813.640000	-0.000042398818	
813.840000	-0.000042416872	
814.040000	-0.000042434945	
814.240000	-0.000042453038	
814.440000	-0.000042471149	
814.640000	-0.000042489280	
814.840000	-0.000042507429	
815.040000	-0.000042525598	
815.240000	-0.000042543785	
815.440000	-0.000042561991	
815.640000	-0.000042580215	
815.840000	-0.000042598458	
816.040000	-0.000042616719	
816.240000	-0.000042634999	
816.440000	-0.000042653297	
816.640000	-0.000042671614	
816.840000	-0.000042689948	
817.040000	-0.000042708301	
817.240000	-0.000042726672	
817.440000	-0.000042745060	
817.640000	-0.000042763467	
817.840000	-0.000042781892	
818.040000	-0.000042800334	
818.240000	-0.000042818794	
818.440000	-0.000042837272	
818.640000	-0.000042855767	
818.840000	-0.000042874281	
819.040000	-0.000042892811	
819.240000	-0.000042911359	
819.440000	-0.000042929925	
819.640000	-0.000042948508	
819.840000	-0.000042967108	
820.040000	-0.000042985725	
820.240000	-0.000043004360	
820.440000	-0.000043023012	
820.640000	-0.000043041681	
820.840000	-0.000043060367	
821.040000	-0.000043079070	
821.240000	-0.000043097791	
821.440000	-0.000043116528	
821.640000	-0.000043135282	
821.840000	-0.000043154053	
822.040000	-0.000043172841	
822.240000	-0.000043191646	
822.440000	-0.000043210467	
822.640000	-0.000043229306	
822.840000	-0.000043248161	
823.040000	-0.000043267032	
823.240000	-0.000043285921	
823.440000	-0.000043304826	
823.640000	-0.000043323747	
823.840000	-0.000043342686	
824.040000	-0.000043361640	
824.240000	-0.000043380612	
824.440000	-0.000043399599	
824.640000	-0.000043418604	
824.840000	-0.000043437624	
825.040000	-0.000043456661	
825.240000	-0.000043475715	
825.440000	-0.000043494785	
825.640000	-0.000043513871	
825.840000	-0.000043532973	
826.040000	-0.000043552092	
826.240000	-0.000043571227	
826.440000	-0.000043590378	
826.640000	-0.000043609546	
826.840000	-0.000043628730	
827.040000	-0.000043647930	
827.240000	-0.000043667146	
827.440000	-0.000043686378	
827.640000	-0.000043705627	
827.840000	-0.000043724892	
828.040000	-0.000043744173	
828.240000	-0.000043763469	
828.440000	-0.000043782783	
828.640000	-0.000043802112	
828.840000	-0.000043821457	
829.040000	-0.000043840818	
829.240000	-0.000043860196	
829.440000	-0.000043879589	
829.640000	-0.000043898999	
829.840000	-0.000043918424	
830.040000	-0.000043937866	
830.240000	-0.000043957323	
830.440000	-0.000043976797	
830.640000	-0.000043996286	
830.840000	-0.000044015792	
831.040000	-0.000044035313	
831.240000	-0.000044054851	
831.440000	-0.000044074405	
831.640000	-0.000044093974	
831.840000	-0.000044113560	
832.040000	-0.000044133161	
832.240000	-0.000044152778	
832.440000	-0.000044172412	
832.640000	-0.000044192061	
832.840000	-0.000044211726	
833.040000	-0.000044231408	
833.240000	-0.000044251105	
833.440000	-0.000044270818	
833.640000	-0.000044290547	
833.840000	-0.000044310292	
834.040000	-0.000044330053	
834.240000	-0.000044349830	
834.440000	-0.000044369623	
834.640000	-0.000044389432	
834.840000	-0.000044409256	
835.040000	-0.000044429097	
835.240000	-0.000044448954	
835.440000	-0.000044468827	
835.640000	-0.000044488715	
835.840000	-0.000044508620	
836.040000	-0.000044528540	
836.240000	-0.000044548477	
836.440000	-0.000044568429	
836.640000	-0.000044588398	
836.840000	-0.000044608382	
837.040000	-0.000044628383	
837.240000	-0.000044648399	
837.440000	-0.000044668432	
837.640000	-0.000044688480	
837.840000	-0.000044708544	
838.040000	-0.000044728625	
838.240000	-0.000044748721	
838.440000	-0.000044768834	
838.640000	-0.000044788962	
838.840000	-0.000044809107	
839.040000	-0.000044829267	
839.240000	-0.000044849444	
839.440000	-0.000044869637	
839.640000	-0.000044889846	
839.840000	-0.000044910070	
840.040000	-0.000044930311	
840.240000	-0.000044950568	
840.440000	-0.000044970841	
840.640000	-0.000044991130	
840.840000	-0.000045011436	
841.040000	-0.000045031757	
841.240000	-0.000045052095	
841.440000	-0.000045072448	
841.640000	-0.000045092818	
841.840000	-0.000045113204	
842.040000	-0.000045133606	
842.240000	-0.000045154024	
842.440000	-0.000045174459	
842.640000	-0.000045194909	
842.840000	-0.000045215376	
843.040000	-0.000045235859	
843.240000	-0.000045256358	
843.440000	-0.000045276874	
843.640000	-0.000045297406	
843.840000	-0.000045317953	
844.040000	-0.000045338518	
844.240000	-0.000045359098	
844.440000	-0.000045379695	
844.640000	-0.000045400308	
844.840000	-0.000045420937	
845.040000	-0.000045441583	
845.240000	-0.000045462245	
845.440000	-0.000045482923	
845.640000	-0.000045503618	
845.840000	-0.000045524329	
846.040000	-0.000045545056	
846.240000	-0.000045565800	
846.440000	-0.000045586560	
846.640000	-0.000045607336	
846.840000	-0.000045628129	
847.040000	-0.000045648938	
847.240000	-0.000045669764	
847.440000	-0.000045690606	
847.640000	-0.000045711465	
847.840000	-0.000045732340	
848.040000	-0.000045753231	
848.240000	-0.000045774140	
848.440000	-0.000045795064	
848.640000	-0.000045816005	
848.840000	-0.000045836963	
849.040000	-0.000045857937	
849.240000	-0.000045878927	
849.440000	-0.000045899935	
849.640000	-0.000045920958	
849.840000	-0.000045941999	
850.040000	-0.000045963056	
850.240000	-0.000045984129	
850.440000	-0.000046005219	
850.640000	-0.000046026326	
850.840000	-0.000046047450	
851.040000	-0.000046068590	
851.240000	-0.000046089747	
851.440000	-0.000046110920	
851.640000	-0.000046132110	
851.840000	-0.000046153317	
852.040000	-0.000046174541	
852.240000	-0.000046195781	
852.440000	-0.000046217038	
852.640000	-0.000046238312	
852.840000	-0.000046259602	
853.040000	-0.000046280909	
853.240000	-0.000046302234	
853.440000	-0.000046323574	
853.640000	-0.000046344932	
853.840000	-0.000046366307	
854.040000	-0.000046387698	
854.240000	-0.000046409106	
854.440000	-0.000046430531	
854.640000	-0.000046451973	
854.840000	-0.000046473432	
855.040000	-0.000046494908	
855.240000	-0.000046516401	
855.440000	-0.000046537910	
855.640000	-0.000046559437	
855.840000	-0.000046580980	
856.040000	-0.000046602541	
856.240000	-0.000046624118	
856.440000	-0.000046645713	
856.640000	-0.000046667324	
856.840000	-0.000046688952	
857.040000	-0.000046710598	
857.240000	-0.000046732260	
857.440000	-0.000046753940	
857.640000	-0.000046775636	
857.840000	-0.000046797350	
858.040000	-0.000046819081	
858.240000	-0.000046840829	
858.440000	-0.000046862593	
858.640000	-0.000046884376	
858.840000	-0.000046906175	
859.040000	-0.000046927991	
859.240000	-0.000046949825	
859.440000	-0.000046971675	
859.640000	-0.000046993543	
859.840000	-0.000047015428	
879.840000	-0.000049292647	
899.840000	-0.000051751329	
919.840000	-0.000054396197	
939.840000	-0.000057227080	
959.840000	-0.000060239693	
979.840000	-0.000063426325	
999.840000	-0.000066776315	
1019.840000	-0.000070276339	
1039.840000	-0.000073910591	
1059.840000	-0.000077660929	
1079.840000	-0.000081507033	
1099.840000	-0.000085426626	
1119.840000	-0.000089395743	
1139.840000	-0.000093389104	
1159.840000	-0.000097380581	
1179.840000	-0.000101343705	
1199.840000	-0.000105252264	
1219.840000	-0.000109080914	
1239.840000	-0.000112805776	
1259.840000	-0.000116404987	
1279.840000	-0.000119859186	
1299.840000	-0.000123151892	
1319.840000	-0.000126269772	
1339.840000	-0.000129202775	
1359.840000	-0.000131944144	
1379.840000	-0.000134490305	
1399.840000	-0.000136840666	
1419.840000	-0.000138997326	
1439.840000	-0.000140964734	
1459.840000	-0.000142749321	
1479.840000	-0.000144359111	
1499.840000	-0.000145803349	
1519.840000	-0.000147092147	
1539.840000	-0.000148236166	
1559.840000	-0.000149246332	
1579.840000	-0.000150133598	
1599.840000	-0.000150908745	
1619.840000	-0.000151582229	
1639.840000	-0.000152164054	
1659.840000	-0.000152663692	
1679.840000	-0.000153090020	
1699.840000	-0.000153451286	
1719.840000	-0.000153755097	
1739.840000	-0.000154008419	
1759.840000	-0.000154217591	
1779.840000	-0.000154388346	
1799.840000	-0.000154525845	
1819.840000	-0.000154634707	
1839.840000	-0.000154719049	
1859.840000	-0.000154782519	
1879.840000	-0.000154828343	
1899.840000	-0.000154859352	
1919.840000	-0.000154878028	
1939.840000	-0.000154886531	
1959.840000	-0.000154886736	
1979.840000	-0.000154880262	
1999.840000	-0.000154868500	
2019.840000	-0.000154852639	
2039.840000	-0.000154833690	
2059.840000	-0.000154812506	
2079.840000	-0.000154789803	
2099.840000	-0.000154766176	
2119.840000	-0.000154742116	
2139.840000	-0.000154718022	
2159.840000	-0.000154694217	
2179.840000	-0.000154670954	
2199.840000	-0.000154648430	
2219.840000	-0.000154626792	
2239.840000	-0.000154606146	
2259.840000	-0.000154586562	
2279.840000	-0.000154568081	
2299.840000	-0.000154550722	
2319.840000	-0.000154534480	
2339.840000	-0.000154519336	
2359.840000	-0.000154505260	
2379.840000	-0.000154492208	
2399.840000	-0.000154480130	
2419.840000	-0.000154468972	
2439.840000	-0.000154458673	
2459.840000	-0.000154449171	
2479.840000	-0.000154440402	
2499.840000	-0.000154432302	
