0.000000	0.002764855361	
20.000000	0.002785861229	
40.000000	0.002785286150	
60.000000	0.002784674649	
80.000000	0.002784343116	
100.000000	0.002784174304	
120.000000	0.002092833043	
140.000000	0.002175785967	
160.000000	0.002261099716	
180.000000	0.002341124567	
200.000000	0.002413556388	
220.000000	0.002477995476	
240.000000	0.002535393551	
260.000000	0.002586810630	
280.000000	0.002633150191	
300.000000	0.002675140316	
320.000000	0.002713370315	
340.000000	0.002750866463	
360.000000	0.002783369471	
380.000000	0.002812634534	
400.000000	0.002839483355	
420.000000	0.002864363424	
440.000000	0.002887574497	
460.000000	0.002909353871	
480.000000	0.002929912121	
500.000000	0.002949451500	
520.000000	0.002997357068	
540.000000	0.003041622212	
560.000000	0.003083099982	
580.000000	0.003123284932	
594.120000	0.003153348879	
594.320000	0.003153814342	
594.520000	0.003154281823	
594.720000	0.003154751387	
594.920000	0.003155223104	
595.120000	0.003155697043	
595.320000	0.003156173281	
595.520000	0.003156651894	
595.720000	0.003157132964	
595.920000	0.003157616575	
596.120000	0.003158102816	
596.320000	0.003158591780	
596.520000	0.003159083564	
596.720000	0.003159578270	
596.920000	0.003160076005	
597.120000	0.003160576880	
597.320000	0.003161081015	
597.520000	0.003161588531	
597.720000	0.003162099561	
597.920000	0.003162614240	
598.120000	0.003163132713	
598.320000	0.003163655133	
598.520000	0.003164181660	
598.720000	0.003164712464	
598.920000	0.003165247725	
599.120000	0.003165787634	
599.320000	0.003166332390	
599.520000	0.003166882209	
599.720000	0.003167437318	
599.920000	0.003167997957	
600.120000	0.003168564385	
600.320000	0.003169136874	
600.520000	0.003169715717	
600.720000	0.003170301227	
600.920000	0.003170893738	
601.120000	0.003171493607	
601.320000	0.003172101220	
601.520000	0.003172716990	
601.720000	0.003173341361	
601.920000	0.003173974814	
602.120000	0.003174617867	
602.320000	0.003175271081	
602.520000	0.003175935065	
602.720000	0.003176610480	
602.920000	0.003177298046	
603.120000	0.003177998551	
603.320000	0.003178712855	
603.520000	0.003179441902	
603.720000	0.003180186730	
603.920000	0.003180948485	
604.120000	0.003181728435	
604.320000	0.003182527984	
604.520000	0.003183348700	
604.720000	0.003184192333	
604.920000	0.003185060845	
605.120000	0.003185956450	
605.320000	0.003186881650	
605.520000	0.003187839289	
605.720000	0.003188832618	
605.920000	0.003189865373	
606.120000	0.003190941870	
606.320000	0.003192067132	
606.520000	0.003193247045	
606.720000	0.003194488561	
606.920000	0.003195799961	
607.120000	0.003197191208	
607.320000	0.003198674415	
607.520000	0.003200264492	
607.720000	0.003201980042	
607.920000	0.003203844646	
608.120000	0.003205888739	
608.320000	0.003208152449	
608.520000	0.003210690025	
608.720000	0.003213577061	
608.920000	0.003216922898	
609.120000	0.003220893305	
609.320000	0.003225755539	
609.520000	0.003231978286	
609.720000	0.003240491114	
609.920000	0.003253547606	
610.120000	0.003279357925	
610.320000	0.003461956369	
610.520000	0.004198843846	
610.720000	0.005410308395	
610.920000	0.009620436379	
611.120000	0.010176597423	
611.320000	0.009641334680	
611.520000	0.008686163162	
611.720000	0.007775423022	
611.920000	0.007182589880	
612.120000	0.006676469782	
612.320000	0.006128749505	
612.520000	0.005438400537	
612.720000	0.004478897781	
612.920000	0.003718480033	
613.120000	0.003306280376	
613.320000	0.003056219966	
633.320000	0.003008646592	
641.220000	0.003089318168	
641.420000	0.003091014038	
641.620000	0.003092695656	
641.820000	0.003094363227	
642.020000	0.003096016955	
642.220000	0.003097657044	
642.420000	0.003099283698	
642.620000	0.003100897120	
642.820000	0.003102497514	
643.020000	0.003104085084	
643.220000	0.003105660033	
643.420000	0.003107222564	
643.620000	0.003108772882	
643.820000	0.003110311191	
644.020000	0.003111837693	
644.220000	0.003113352594	
644.420000	0.003114856098	
644.620000	0.003116348410	
644.820000	0.003117829736	
645.020000	0.003119300282	
645.220000	0.003120760254	
645.420000	0.003122209861	
645.620000	0.003123649311	
645.820000	0.003125078813	
646.020000	0.003126498578	
646.220000	0.003127908818	
646.420000	0.003129309746	
646.620000	0.003130701577	
646.820000	0.003132084527	
647.020000	0.003133458816	
647.220000	0.003134824663	
647.420000	0.003136182291	
647.620000	0.003137531926	
647.820000	0.003138873796	
648.020000	0.003140208130	
648.220000	0.003141535163	
648.420000	0.003142855133	
648.620000	0.003144168281	
648.820000	0.003145474852	
649.020000	0.003146775095	
649.220000	0.003148069265	
649.420000	0.003149357622	
649.620000	0.003150640431	
649.820000	0.003151917963	
650.020000	0.003153190495	
650.220000	0.003154458313	
650.420000	0.003155721708	
650.620000	0.003156980983	
650.820000	0.003158236446	
651.020000	0.003159488418	
651.220000	0.003160737228	
651.420000	0.003161983218	
651.620000	0.003163226741	
651.820000	0.003164468167	
652.020000	0.003165707876	
652.220000	0.003166946267	
652.420000	0.003168183756	
652.620000	0.003169420777	
652.820000	0.003170657786	
653.020000	0.003171895260	
653.220000	0.003173133704	
653.420000	0.003174373646	
653.620000	0.003175615646	
653.820000	0.003176860298	
654.020000	0.003178108229	
654.220000	0.003179360109	
654.420000	0.003180616650	
654.620000	0.003181878614	
654.820000	0.003183146817	
655.020000	0.003184422134	
655.220000	0.003185705509	
655.420000	0.003186997961	
655.620000	0.003188300592	
655.820000	0.003189614601	
656.020000	0.003190941292	
656.220000	0.003192282091	
656.420000	0.003193638564	
656.620000	0.003195012431	
656.820000	0.003196405594	
657.020000	0.003197820160	
657.220000	0.003199258478	
657.420000	0.003200723172	
657.620000	0.003202217191	
657.820000	0.003203743865	
658.020000	0.003205306971	
658.220000	0.003206910822	
658.420000	0.003208560370	
658.620000	0.003210261340	
658.820000	0.003212020395	
659.020000	0.003213845355	
659.220000	0.003215745475	
659.420000	0.003217731812	
659.620000	0.003219817718	
659.820000	0.003222019512	
660.020000	0.003224357401	
660.220000	0.003226856797	
660.420000	0.003229550221	
660.620000	0.003232480157	
660.820000	0.003235703459	
661.020000	0.003239298461	
661.220000	0.003243376995	
661.420000	0.003248106038	
661.620000	0.003253749813	
661.820000	0.003260760731	
662.020000	0.003270006884	
662.220000	0.003283486030	
662.420000	0.003307726910	
662.620000	0.003412787655	
662.820000	0.004151212280	
663.020000	0.005465709218	
663.220000	0.009719954258	
663.420000	0.010276539834	
663.620000	0.009723373412	
663.820000	0.008726478426	
664.020000	0.007758133723	
664.220000	0.007132072523	
664.420000	0.006621525794	
664.620000	0.006090111678	
664.820000	0.005443742476	
665.020000	0.004563998201	
665.220000	0.003809908237	
665.420000	0.003389256542	
665.620000	0.003119829424	
665.820000	0.002962827196	
685.820000	0.003013706701	
688.540000	0.003046666137	
688.740000	0.003048925729	
688.940000	0.003051163926	
689.140000	0.003053380933	
689.340000	0.003055576961	
689.540000	0.003057752218	
689.740000	0.003059906915	
689.940000	0.003062041261	
690.140000	0.003064155467	
690.340000	0.003066249745	
690.540000	0.003068324304	
690.740000	0.003070379358	
690.940000	0.003072415117	
691.140000	0.003074431792	
691.340000	0.003076429596	
691.540000	0.003078408740	
691.740000	0.003080369434	
691.940000	0.003082311891	
692.140000	0.003084236320	
692.340000	0.003086142934	
692.540000	0.003088031942	
692.740000	0.003089903554	
692.940000	0.003091757981	
693.140000	0.003093595432	
693.340000	0.003095416117	
693.540000	0.003097220244	
693.740000	0.003099008021	
693.940000	0.003100779658	
694.140000	0.003102535362	
694.340000	0.003104275341	
694.540000	0.003105999801	
694.740000	0.003107708949	
694.940000	0.003109402993	
695.140000	0.003111082138	
695.340000	0.003112746589	
695.540000	0.003114396553	
695.740000	0.003116032235	
695.940000	0.003117653840	
696.140000	0.003119261572	
696.340000	0.003120855637	
696.540000	0.003122436238	
696.740000	0.003124003581	
696.940000	0.003125557870	
697.140000	0.003127099309	
697.340000	0.003128628103	
697.540000	0.003130144457	
697.740000	0.003131648574	
697.940000	0.003133140661	
698.140000	0.003134620922	
698.340000	0.003136089564	
698.540000	0.003137546792	
698.740000	0.003138992813	
698.940000	0.003140427835	
699.140000	0.003141852066	
699.340000	0.003143265714	
699.540000	0.003144668991	
699.740000	0.003146062106	
699.940000	0.003147445273	
700.140000	0.003148818705	
700.340000	0.003150182616	
700.540000	0.003151537225	
700.740000	0.003152882749	
700.940000	0.003154219409	
701.140000	0.003155547427	
701.340000	0.003156867030	
701.540000	0.003158178445	
701.740000	0.003159481902	
701.940000	0.003160777635	
702.140000	0.003162065881	
702.340000	0.003163346880	
702.540000	0.003164620878	
702.740000	0.003165888123	
702.940000	0.003167148867	
703.140000	0.003168403370	
703.340000	0.003169651896	
703.540000	0.003170894712	
703.740000	0.003172132096	
703.940000	0.003173364330	
704.140000	0.003174591703	
704.340000	0.003175814514	
704.540000	0.003177033068	
704.740000	0.003178247681	
704.940000	0.003179458678	
705.140000	0.003180666396	
705.340000	0.003181871183	
705.540000	0.003183073400	
705.740000	0.003184273421	
705.940000	0.003185471636	
706.140000	0.003186668450	
706.340000	0.003187864287	
706.540000	0.003189059590	
706.740000	0.003190254822	
706.940000	0.003191450470	
707.140000	0.003192647044	
707.340000	0.003193845085	
707.540000	0.003195045160	
707.740000	0.003196247871	
707.940000	0.003197453854	
708.140000	0.003198663788	
708.340000	0.003199878393	
708.540000	0.003201098437	
708.740000	0.003202324744	
708.940000	0.003203558194	
709.140000	0.003204799735	
709.340000	0.003206050388	
709.540000	0.003207311256	
709.740000	0.003208583533	
709.940000	0.003209868518	
710.140000	0.003211167624	
710.340000	0.003212482397	
710.540000	0.003213814532	
710.740000	0.003215165894	
710.940000	0.003216538542	
711.140000	0.003217934758	
711.340000	0.003219357081	
711.540000	0.003220808348	
711.740000	0.003222291743	
711.940000	0.003223810857	
712.140000	0.003225369758	
712.340000	0.003226973085	
712.540000	0.003228626150	
712.740000	0.003230335087	
712.940000	0.003232107014	
713.140000	0.003233950265	
713.340000	0.003235874673	
713.540000	0.003237891949	
713.740000	0.003240016176	
713.940000	0.003242264495	
714.140000	0.003244658029	
714.340000	0.003247223194	
714.540000	0.003249993584	
714.740000	0.003253012767	
714.940000	0.003256338556	
715.140000	0.003260049814	
715.340000	0.003264257798	
715.540000	0.003269126213	
715.740000	0.003274909370	
715.940000	0.003282032244	
716.140000	0.003291282778	
716.340000	0.003304378659	
716.540000	0.003326357524	
716.740000	0.003391285083	
716.940000	0.004038640818	
717.140000	0.005250412556	
717.340000	0.009625838175	
717.540000	0.010371760851	
717.740000	0.009897059607	
717.940000	0.008894566228	
718.140000	0.007843883181	
718.340000	0.007151316086	
718.540000	0.006625573824	
718.740000	0.006105684531	
718.940000	0.005495496869	
719.140000	0.004682244646	
719.340000	0.003914350213	
719.540000	0.003471011177	
719.740000	0.003179387259	
719.940000	0.003001973789	
720.140000	0.002897403790	
740.140000	0.002986596003	
743.440000	0.003026388035	
743.640000	0.003028585553	
743.840000	0.003030759711	
744.040000	0.003032910696	
744.240000	0.003035038693	
744.440000	0.003037143889	
744.640000	0.003039226470	
744.840000	0.003041286623	
745.040000	0.003043324534	
745.240000	0.003045340391	
745.440000	0.003047334379	
745.640000	0.003049306686	
745.840000	0.003051257496	
746.040000	0.003053186995	
746.240000	0.003055095369	
746.440000	0.003056982801	
746.640000	0.003058849477	
746.840000	0.003060695578	
747.040000	0.003062521288	
747.240000	0.003064326789	
747.440000	0.003066112261	
747.640000	0.003067877884	
747.840000	0.003069623837	
748.040000	0.003071350299	
748.240000	0.003073057447	
748.440000	0.003074745457	
748.640000	0.003076414503	
748.840000	0.003078064760	
749.040000	0.003079696400	
749.240000	0.003081309594	
749.440000	0.003082904513	
749.640000	0.003084481326	
749.840000	0.003086040201	
750.040000	0.003087581303	
750.240000	0.003089104798	
750.440000	0.003090610850	
750.640000	0.003092099621	
750.840000	0.003093571272	
751.040000	0.003095025961	
751.240000	0.003096463849	
751.440000	0.003097885090	
751.640000	0.003099289840	
751.840000	0.003100678254	
752.040000	0.003102050482	
752.240000	0.003103406677	
752.440000	0.003104746986	
752.640000	0.003106071559	
752.840000	0.003107380540	
753.040000	0.003108674075	
753.240000	0.003109952308	
753.440000	0.003111215378	
753.640000	0.003112463428	
753.840000	0.003113696594	
754.040000	0.003114915015	
754.240000	0.003116118825	
754.440000	0.003117308159	
754.640000	0.003118483148	
754.840000	0.003119643924	
755.040000	0.003120790616	
755.240000	0.003121923351	
755.440000	0.003123042256	
755.640000	0.003124147454	
755.840000	0.003125239070	
756.040000	0.003126317225	
756.240000	0.003127382038	
756.440000	0.003128433627	
756.640000	0.003129472111	
756.840000	0.003130497603	
757.040000	0.003131510219	
757.240000	0.003132510069	
757.440000	0.003133497265	
757.640000	0.003134471916	
757.840000	0.003135434130	
758.040000	0.003136384013	
758.240000	0.003137321669	
758.440000	0.003138247203	
758.640000	0.003139160715	
758.840000	0.003140062307	
759.040000	0.003140952076	
759.240000	0.003141830121	
759.440000	0.003142696537	
759.640000	0.003143551418	
759.840000	0.003144394859	
760.040000	0.003145226950	
760.240000	0.003146047782	
760.440000	0.003146857444	
760.640000	0.003147656023	
760.840000	0.003148443606	
761.040000	0.003149220277	
761.240000	0.003149986120	
761.440000	0.003150741216	
761.640000	0.003151485647	
761.840000	0.003152219492	
762.040000	0.003152942829	
762.240000	0.003153655736	
762.440000	0.003154358287	
762.640000	0.003155050557	
762.840000	0.003155732619	
763.040000	0.003156404546	
763.240000	0.003157066407	
763.440000	0.003157718273	
763.640000	0.003158360211	
763.840000	0.003158992289	
764.040000	0.003159614573	
764.240000	0.003160227128	
764.440000	0.003160830017	
764.640000	0.003161423303	
764.840000	0.003162007048	
765.040000	0.003162581311	
765.240000	0.003163146154	
765.440000	0.003163701633	
765.640000	0.003164247807	
765.840000	0.003164784732	
766.040000	0.003165312463	
766.240000	0.003165831056	
766.440000	0.003166340562	
766.640000	0.003166841037	
766.840000	0.003167332530	
767.040000	0.003167815093	
767.240000	0.003168288777	
767.440000	0.003168753630	
767.640000	0.003169209701	
767.840000	0.003169657038	
768.040000	0.003170095688	
768.240000	0.003170525697	
768.440000	0.003170947111	
768.640000	0.003171359974	
768.840000	0.003171764332	
769.040000	0.003172160226	
769.240000	0.003172547702	
769.440000	0.003172926800	
769.640000	0.003173297564	
769.840000	0.003173660034	
770.040000	0.003174014251	
770.240000	0.003174360256	
770.440000	0.003174698090	
770.640000	0.003175027791	
770.840000	0.003175349398	
771.040000	0.003175662952	
771.240000	0.003175968489	
771.440000	0.003176266050	
771.640000	0.003176555671	
771.840000	0.003176837391	
772.040000	0.003177111247	
772.240000	0.003177377276	
772.440000	0.003177635516	
772.640000	0.003177886005	
772.840000	0.003178128778	
773.040000	0.003178363874	
773.240000	0.003178591329	
773.440000	0.003178811180	
773.640000	0.003179023464	
773.840000	0.003179228219	
774.040000	0.003179425481	
774.240000	0.003179615288	
774.440000	0.003179797678	
774.640000	0.003179972687	
774.840000	0.003180140354	
775.040000	0.003180300717	
775.240000	0.003180453814	
775.440000	0.003180599684	
775.640000	0.003180738365	
775.840000	0.003180869897	
776.040000	0.003180994320	
776.240000	0.003181111673	
776.440000	0.003181221997	
776.640000	0.003181325332	
776.840000	0.003181421720	
777.040000	0.003181511203	
777.240000	0.003181593822	
777.440000	0.003181669621	
777.640000	0.003181738642	
777.840000	0.003181800929	
778.040000	0.003181856527	
778.240000	0.003181905481	
778.440000	0.003181947835	
778.640000	0.003181983636	
778.840000	0.003182012931	
779.040000	0.003182035767	
779.240000	0.003182052192	
779.440000	0.003182062254	
779.640000	0.003182066003	
779.840000	0.003182063487	
780.040000	0.003182054759	
780.240000	0.003182039869	
780.440000	0.003182018868	
780.640000	0.003181991809	
780.840000	0.003181958746	
781.040000	0.003181919732	
781.240000	0.003181874821	
781.440000	0.003181824068	
781.640000	0.003181767529	
781.840000	0.003181705261	
782.040000	0.003181637319	
782.240000	0.003181563763	
782.440000	0.003181484649	
782.640000	0.003181400036	
782.840000	0.003181309984	
783.040000	0.003181214553	
783.240000	0.003181113803	
783.440000	0.003181007794	
783.640000	0.003180896588	
783.840000	0.003180780247	
784.040000	0.003180658834	
784.240000	0.003180532410	
784.440000	0.003180401040	
784.640000	0.003180264786	
784.840000	0.003180123712	
785.040000	0.003179977884	
785.240000	0.003179827365	
785.440000	0.003179672220	
785.640000	0.003179512515	
785.840000	0.003179348314	
786.040000	0.003179179684	
786.240000	0.003179006691	
786.440000	0.003178829399	
786.640000	0.003178647875	
786.840000	0.003178462186	
787.040000	0.003178272398	
787.240000	0.003178078577	
787.440000	0.003177880788	
787.640000	0.003177679099	
787.840000	0.003177473576	
788.040000	0.003177264284	
788.240000	0.003177051290	
788.440000	0.003176834660	
788.640000	0.003176614459	
788.840000	0.003176390753	
789.040000	0.003176163607	
789.240000	0.003175933086	
789.440000	0.003175699254	
789.640000	0.003175462178	
789.840000	0.003175221919	
790.040000	0.003174978543	
790.240000	0.003174732112	
790.440000	0.003174482690	
790.640000	0.003174230339	
790.840000	0.003173975121	
791.040000	0.003173717097	
791.240000	0.003173456329	
791.440000	0.003173192878	
791.640000	0.003172926802	
791.840000	0.003172658162	
792.040000	0.003172387017	
792.240000	0.003172113424	
792.440000	0.003171837442	
792.640000	0.003171559127	
792.840000	0.003171278536	
793.040000	0.003170995724	
793.240000	0.003170710746	
793.440000	0.003170423656	
793.640000	0.003170134509	
793.840000	0.003169843357	
794.040000	0.003169550252	
794.240000	0.003169255245	
794.440000	0.003168958387	
794.640000	0.003168659729	
794.840000	0.003168359318	
795.040000	0.003168057203	
795.240000	0.003167753433	
795.440000	0.003167448053	
795.640000	0.003167141110	
795.840000	0.003166832648	
796.040000	0.003166522713	
796.240000	0.003166211347	
796.440000	0.003165898594	
796.640000	0.003165584496	
796.840000	0.003165269093	
797.040000	0.003164952427	
797.240000	0.003164634536	
797.440000	0.003164315460	
797.640000	0.003163995236	
797.840000	0.003163673903	
798.040000	0.003163351495	
798.240000	0.003163028049	
798.440000	0.003162703601	
798.640000	0.003162378183	
798.840000	0.003162051829	
799.040000	0.003161724572	
799.240000	0.003161396443	
799.440000	0.003161067474	
799.640000	0.003160737696	
799.840000	0.003160407136	
800.040000	0.003160075826	
800.240000	0.003159743792	
800.440000	0.003159411061	
800.640000	0.003159077662	
800.840000	0.003158743620	
801.040000	0.003158408959	
801.240000	0.003158073706	
801.440000	0.003157737883	
801.640000	0.003157401515	
801.840000	0.003157064624	
802.040000	0.003156727232	
802.240000	0.003156389360	
802.440000	0.003156051030	
802.640000	0.003155712261	
802.840000	0.003155373073	
803.040000	0.003155033486	
803.240000	0.003154693518	
803.440000	0.003154353186	
803.640000	0.003154012509	
803.840000	0.003153671502	
804.040000	0.003153330183	
804.240000	0.003152988566	
804.440000	0.003152646668	
804.640000	0.003152304503	
804.840000	0.003151962085	
805.040000	0.003151619428	
805.240000	0.003151276546	
805.440000	0.003150933451	
805.640000	0.003150590155	
805.840000	0.003150246671	
806.040000	0.003149903011	
806.240000	0.003149559184	
806.440000	0.003149215203	
806.640000	0.003148871078	
806.840000	0.003148526817	
807.040000	0.003148182432	
807.240000	0.003147837930	
807.440000	0.003147493322	
807.640000	0.003147148615	
807.840000	0.003146803817	
808.040000	0.003146458937	
808.240000	0.003146113981	
808.440000	0.003145768958	
808.640000	0.003145423873	
808.840000	0.003145078734	
809.040000	0.003144733547	
809.240000	0.003144388317	
809.440000	0.003144043050	
809.640000	0.003143697753	
809.840000	0.003143352429	
810.040000	0.003143007084	
810.240000	0.003142661723	
810.440000	0.003142316350	
810.640000	0.003141970970	
810.840000	0.003141625586	
811.040000	0.003141280201	
811.240000	0.003140934821	
811.440000	0.003140589448	
811.640000	0.003140244085	
811.840000	0.003139898736	
812.040000	0.003139553402	
812.240000	0.003139208088	
812.440000	0.003138862795	
812.640000	0.003138517525	
812.840000	0.003138172281	
813.040000	0.003137827065	
813.240000	0.003137481879	
813.440000	0.003137136724	
813.640000	0.003136791602	
813.840000	0.003136446514	
814.040000	0.003136101462	
814.240000	0.003135756447	
814.440000	0.003135411469	
814.640000	0.003135066531	
814.840000	0.003134721632	
815.040000	0.003134376774	
815.240000	0.003134031957	
815.440000	0.003133687182	
815.640000	0.003133342448	
815.840000	0.003132997758	
816.040000	0.003132653109	
816.240000	0.003132308504	
816.440000	0.003131963942	
816.640000	0.003131619423	
816.840000	0.003131274948	
817.040000	0.003130930515	
817.240000	0.003130586125	
817.440000	0.003130241777	
817.640000	0.003129897472	
817.840000	0.003129553209	
818.040000	0.003129208987	
818.240000	0.003128864806	
818.440000	0.003128520666	
818.640000	0.003128176566	
818.840000	0.003127832506	
819.040000	0.003127488484	
819.240000	0.003127144500	
819.440000	0.003126800554	
819.640000	0.003126456645	
819.840000	0.003126112771	
820.040000	0.003125768932	
820.240000	0.003125425128	
820.440000	0.003125081357	
820.640000	0.003124737618	
820.840000	0.003124393911	
821.040000	0.003124050235	
821.240000	0.003123706588	
821.440000	0.003123362970	
821.640000	0.003123019379	
821.840000	0.003122675815	
822.040000	0.003122332277	
822.240000	0.003121988763	
822.440000	0.003121645272	
822.640000	0.003121301804	
822.840000	0.003120958358	
823.040000	0.003120614931	
823.240000	0.003120271524	
823.440000	0.003119928134	
823.640000	0.003119584762	
823.840000	0.003119241405	
824.040000	0.003118898063	
824.240000	0.003118554734	
824.440000	0.003118211418	
824.640000	0.003117868112	
824.840000	0.003117524817	
825.040000	0.003117181531	
825.240000	0.003116838253	
825.440000	0.003116494981	
825.640000	0.003116151715	
825.840000	0.003115808454	
826.040000	0.003115465195	
826.240000	0.003115121939	
826.440000	0.003114778684	
826.640000	0.003114435428	
826.840000	0.003114092172	
827.040000	0.003113748913	
827.240000	0.003113405651	
827.440000	0.003113062384	
827.640000	0.003112719112	
827.840000	0.003112375833	
828.040000	0.003112032546	
828.240000	0.003111689250	
828.440000	0.003111345945	
828.640000	0.003111002628	
828.840000	0.003110659300	
829.040000	0.003110315958	
829.240000	0.003109972603	
829.440000	0.003109629232	
829.640000	0.003109285845	
829.840000	0.003108942441	
830.040000	0.003108599019	
830.240000	0.003108255578	
830.440000	0.003107912117	
830.640000	0.003107568635	
830.840000	0.003107225131	
831.040000	0.003106881605	
831.240000	0.003106538054	
831.440000	0.003106194478	
831.640000	0.003105850877	
831.840000	0.003105507250	
832.040000	0.003105163595	
832.240000	0.003104819911	
832.440000	0.003104476199	
832.640000	0.003104132456	
832.840000	0.003103788682	
833.040000	0.003103444877	
833.240000	0.003103101039	
833.440000	0.003102757168	
833.640000	0.003102413262	
833.840000	0.003102069322	
834.040000	0.003101725346	
834.240000	0.003101381333	
834.440000	0.003101037283	
834.640000	0.003100693195	
834.840000	0.003100349069	
835.040000	0.003100004902	
835.240000	0.003099660696	
835.440000	0.003099316448	
835.640000	0.003098972159	
835.840000	0.003098627828	
836.040000	0.003098283453	
836.240000	0.003097939035	
836.440000	0.003097594573	
836.640000	0.003097250066	
836.840000	0.003096905513	
837.040000	0.003096560914	
837.240000	0.003096216268	
837.440000	0.003095871575	
837.640000	0.003095526833	
837.840000	0.003095182043	
838.040000	0.003094837204	
838.240000	0.003094492315	
838.440000	0.003094147376	
838.640000	0.003093802386	
838.840000	0.003093457344	
839.040000	0.003093112251	
839.240000	0.003092767105	
839.440000	0.003092421906	
839.640000	0.003092076653	
839.840000	0.003091731347	
840.040000	0.003091385987	
840.240000	0.003091040571	
840.440000	0.003090695100	
840.640000	0.003090349573	
840.840000	0.003090003990	
841.040000	0.003089658350	
841.240000	0.003089312654	
841.440000	0.003088966899	
841.640000	0.003088621087	
841.840000	0.003088275216	
842.040000	0.003087929286	
842.240000	0.003087583298	
842.440000	0.003087237249	
842.640000	0.003086891141	
842.840000	0.003086544972	
843.040000	0.003086198743	
843.240000	0.003085852453	
843.440000	0.003085506101	
843.640000	0.003085159688	
843.840000	0.003084813213	
844.040000	0.003084466675	
844.240000	0.003084120075	
844.440000	0.003083773412	
844.640000	0.003083426685	
844.840000	0.003083079895	
845.040000	0.003082733041	
845.240000	0.003082386123	
845.440000	0.003082039140	
845.640000	0.003081692093	
845.840000	0.003081344981	
846.040000	0.003080997804	
846.240000	0.003080650561	
846.440000	0.003080303252	
846.640000	0.003079955878	
846.840000	0.003079608437	
847.040000	0.003079260930	
847.240000	0.003078913357	
847.440000	0.003078565716	
847.640000	0.003078218009	
847.840000	0.003077870234	
848.040000	0.003077522392	
848.240000	0.003077174482	
848.440000	0.003076826504	
848.640000	0.003076478458	
848.840000	0.003076130345	
849.040000	0.003075782162	
849.240000	0.003075433912	
849.440000	0.003075085592	
849.640000	0.003074737204	
849.840000	0.003074388747	
850.040000	0.003074040220	
850.240000	0.003073691625	
850.440000	0.003073342960	
850.640000	0.003072994225	
850.840000	0.003072645421	
851.040000	0.003072296547	
851.240000	0.003071947603	
851.440000	0.003071598589	
851.640000	0.003071249504	
851.840000	0.003070900350	
852.040000	0.003070551125	
852.240000	0.003070201830	
852.440000	0.003069852464	
852.640000	0.003069503028	
852.840000	0.003069153520	
853.040000	0.003068803942	
853.240000	0.003068454294	
853.440000	0.003068104574	
853.640000	0.003067754783	
853.840000	0.003067404921	
854.040000	0.003067054988	
854.240000	0.003066704984	
854.440000	0.003066354908	
854.640000	0.003066004761	
854.840000	0.003065654543	
855.040000	0.003065304253	
855.240000	0.003064953892	
855.440000	0.003064603459	
855.640000	0.003064252955	
855.840000	0.003063902379	
856.040000	0.003063551732	
856.240000	0.003063201013	
856.440000	0.003062850222	
856.640000	0.003062499360	
856.840000	0.003062148426	
857.040000	0.003061797421	
857.240000	0.003061446343	
857.440000	0.003061095194	
857.640000	0.003060743973	
857.840000	0.003060392681	
858.040000	0.003060041317	
858.240000	0.003059689881	
858.440000	0.003059338373	
858.640000	0.003058986794	
858.840000	0.003058635143	
859.040000	0.003058283420	
859.240000	0.003057931626	
859.440000	0.003057579760	
859.640000	0.003057227823	
859.840000	0.003056875813	
879.840000	0.003021326507	
899.840000	0.002985182315	
919.840000	0.002948638725	
939.840000	0.002911920990	
959.840000	0.002875258235	
979.840000	0.002838871578	
999.840000	0.002802968921	
1019.840000	0.002767742763	
1039.840000	0.002733369414	
1059.840000	0.002700008705	
1079.840000	0.002667803866	
1099.840000	0.002636881231	
1119.840000	0.002607350459	
1139.840000	0.002579303722	
1159.840000	0.002552815498	
1179.840000	0.002527942404	
1199.840000	0.002504722735	
1219.840000	0.002483176767	
1239.840000	0.002463307312	
1259.840000	0.002445100548	
1279.840000	0.002428527227	
1299.840000	0.002413544209	
1319.840000	0.002400096259	
1339.840000	0.002388118017	
1359.840000	0.002377536075	
1379.840000	0.002368271040	
1399.840000	0.002360239526	
1419.840000	0.002353355996	
1439.840000	0.002347534398	
1459.840000	0.002342689585	
1479.840000	0.002338738484	
1499.840000	0.002335601028	
1519.840000	0.002333200865	
1539.840000	0.002331465861	
1559.840000	0.002330328424	
1579.840000	0.002329725679	
1599.840000	0.002329599511	
1619.840000	0.002329896525	
1639.840000	0.002330567912	
1659.840000	0.002331569269	
1679.840000	0.002332860380	
1699.840000	0.002334404965	
1719.840000	0.002336170418	
1739.840000	0.002338127539	
1759.840000	0.002340250264	
1779.840000	0.002342515403	
1799.840000	0.002344902387	
1819.840000	0.002347393026	
1839.840000	0.002349971281	
1859.840000	0.002352623050	
1879.840000	0.002355335973	
1899.840000	0.002358099243	
1919.840000	0.002360903444	
1939.840000	0.002363740394	
1959.840000	0.002366603005	
1979.840000	0.002369485158	
1999.840000	0.002372381589	
2019.840000	0.002375287781	
2039.840000	0.002378199878	
2059.840000	0.002381114599	
2079.840000	0.002384029163	
2099.840000	0.002386941226	
2119.840000	0.002389848822	
2139.840000	0.002392750310	
2159.840000	0.002395644331	
2179.840000	0.002398529764	
2199.840000	0.002401405697	
2219.840000	0.002404271388	
2239.840000	0.002407126248	
2259.840000	0.002409969808	
2279.840000	0.002412801703	
2299.840000	0.002415621658	
2319.840000	0.002418429466	
2339.840000	0.002421224977	
2359.840000	0.002424008090	
2379.840000	0.002426778742	
2399.840000	0.002429536895	
2419.840000	0.002432282538	
2439.840000	0.002435015672	
2459.840000	0.002437736313	
2479.840000	0.002440444483	
2499.840000	0.002443140208	
