0.000000	0.000060782219	
20.000000	0.000062579207	
40.000000	0.000062881520	
60.000000	0.000062882165	
80.000000	0.000062848736	
100.000000	0.000062825429	
120.000000	0.000024581347	
140.000000	0.000021902801	
160.000000	0.000024635572	
180.000000	0.000028914074	
200.000000	0.000033849466	
220.000000	0.000039141914	
240.000000	0.000044688387	
260.000000	0.000050450390	
280.000000	0.000056410231	
300.000000	0.000062556492	
320.000000	0.000068879784	
340.000000	0.000075631944	
360.000000	0.000082408809	
380.000000	0.000089210744	
400.000000	0.000096095490	
420.000000	0.000103097977	
440.000000	0.000110236448	
460.000000	0.000117522911	
480.000000	0.000124969475	
500.000000	0.000132592285	
520.000000	0.000145620989	
540.000000	0.000160562978	
560.000000	0.000176092720	
580.000000	0.000192135514	
594.120000	0.000204219089	
594.320000	0.000204400461	
594.520000	0.000204582283	
594.720000	0.000204764568	
594.920000	0.000204947328	
595.120000	0.000205130574	
595.320000	0.000205314319	
595.520000	0.000205498578	
595.720000	0.000205683362	
595.920000	0.000205868688	
596.120000	0.000206054568	
596.320000	0.000206241020	
596.520000	0.000206428059	
596.720000	0.000206615702	
596.920000	0.000206803967	
597.120000	0.000206992871	
597.320000	0.000207182434	
597.520000	0.000207372677	
597.720000	0.000207563619	
597.920000	0.000207755283	
598.120000	0.000207947691	
598.320000	0.000208140869	
598.520000	0.000208334840	
598.720000	0.000208529632	
598.920000	0.000208725272	
599.120000	0.000208921789	
599.320000	0.000209119215	
599.520000	0.000209317582	
599.720000	0.000209516924	
599.920000	0.000209717277	
600.120000	0.000209918679	
600.320000	0.000210121172	
600.520000	0.000210324797	
600.720000	0.000210529601	
600.920000	0.000210735631	
601.120000	0.000210942939	
601.320000	0.000211151579	
601.520000	0.000211361611	
601.720000	0.000211573096	
601.920000	0.000211786100	
602.120000	0.000212000696	
602.320000	0.000212216960	
602.520000	0.000212434973	
602.720000	0.000212654826	
602.920000	0.000212876613	
603.120000	0.000213100438	
603.320000	0.000213326413	
603.520000	0.000213554661	
603.720000	0.000213785313	
603.920000	0.000214018515	
604.120000	0.000214254426	
604.320000	0.000214493221	
604.520000	0.000214735090	
604.720000	0.000214980246	
604.920000	0.000215228926	
605.120000	0.000215481390	
605.320000	0.000215737933	
605.520000	0.000215998884	
605.720000	0.000216264613	
605.920000	0.000216535544	
606.120000	0.000216812156	
606.320000	0.000217095003	
606.520000	0.000217384722	
606.720000	0.000217682057	
606.920000	0.000217987879	
607.120000	0.000218303224	
607.320000	0.000218629330	
607.520000	0.000218967696	
607.720000	0.000219320164	
607.920000	0.000219689027	
608.120000	0.000220077195	
608.320000	0.000220488435	
608.520000	0.000220927742	
608.720000	0.000221401943	
608.920000	0.000221920707	
609.120000	0.000222498380	
609.320000	0.000223157569	
609.520000	0.000223936962	
609.720000	0.000224911315	
609.920000	0.000226256715	
610.120000	0.000228593594	
610.320000	0.000242349838	
610.520000	0.000301919218	
610.720000	0.000438377396	
610.920000	0.003911061355	
611.120000	0.010364403606	
611.320000	0.015570348008	
611.520000	0.018519183612	
611.720000	0.019296953067	
611.920000	0.019253189002	
612.120000	0.018606583920	
612.320000	0.017341165986	
612.520000	0.015373947760	
612.720000	0.012524724596	
612.920000	0.010244574889	
613.120000	0.008966145993	
613.320000	0.008155730949	
633.320000	0.001657647906	
641.220000	0.000978771466	
641.420000	0.000966582072	
641.620000	0.000954590751	
641.820000	0.000942794491	
642.020000	0.000931190320	
642.220000	0.000919775310	
642.420000	0.000908546575	
642.620000	0.000897501269	
642.820000	0.000886636588	
643.020000	0.000875949770	
643.220000	0.000865438090	
643.420000	0.000855098865	
643.620000	0.000844929450	
643.820000	0.000834927237	
644.020000	0.000825089660	
644.220000	0.000815414186	
644.420000	0.000805898323	
644.620000	0.000796539614	
644.820000	0.000787335639	
645.020000	0.000778284011	
645.220000	0.000769382383	
645.420000	0.000760628440	
645.620000	0.000752019903	
645.820000	0.000743554524	
646.020000	0.000735230093	
646.220000	0.000727044432	
646.420000	0.000718995393	
646.620000	0.000711080864	
646.820000	0.000703298764	
647.020000	0.000695647043	
647.220000	0.000688123684	
647.420000	0.000680726699	
647.620000	0.000673454132	
647.820000	0.000666304057	
648.020000	0.000659274577	
648.220000	0.000652363825	
648.420000	0.000645569965	
648.620000	0.000638891187	
648.820000	0.000632325711	
649.020000	0.000625871787	
649.220000	0.000619527689	
649.420000	0.000613291721	
649.620000	0.000607162216	
649.820000	0.000601137530	
650.020000	0.000595216050	
650.220000	0.000589396186	
650.420000	0.000583676377	
650.620000	0.000578055086	
650.820000	0.000572530805	
651.020000	0.000567102048	
651.220000	0.000561767356	
651.420000	0.000556525296	
651.620000	0.000551374459	
651.820000	0.000546313462	
652.020000	0.000541340946	
652.220000	0.000536455578	
652.420000	0.000531656048	
652.620000	0.000526941073	
652.820000	0.000522309392	
653.020000	0.000517759771	
653.220000	0.000513290999	
653.420000	0.000508901892	
653.620000	0.000504591289	
653.820000	0.000500358055	
654.020000	0.000496201080	
654.220000	0.000492119281	
654.420000	0.000488111601	
654.620000	0.000484177008	
654.820000	0.000480314500	
655.020000	0.000476523101	
655.220000	0.000472801864	
655.420000	0.000469149874	
655.620000	0.000465566244	
655.820000	0.000462050121	
656.020000	0.000458600687	
656.220000	0.000455217159	
656.420000	0.000451898792	
656.620000	0.000448644882	
656.820000	0.000445454771	
657.020000	0.000442327847	
657.220000	0.000439263552	
657.420000	0.000436261386	
657.620000	0.000433320913	
657.820000	0.000430441771	
658.020000	0.000427623679	
658.220000	0.000424866454	
658.420000	0.000422170020	
658.620000	0.000419534431	
658.820000	0.000416959892	
659.020000	0.000414446791	
659.220000	0.000411995738	
659.420000	0.000409607615	
659.620000	0.000407283644	
659.820000	0.000405025478	
660.020000	0.000402835328	
660.220000	0.000400716139	
660.420000	0.000398671846	
660.620000	0.000396707748	
660.820000	0.000394831094	
661.020000	0.000393052005	
661.220000	0.000391385029	
661.420000	0.000389851912	
661.620000	0.000388486938	
661.820000	0.000387348348	
662.020000	0.000386546609	
662.220000	0.000386332134	
662.420000	0.000387507848	
662.620000	0.000398461184	
662.820000	0.000488870927	
663.020000	0.000692850402	
663.220000	0.004648493299	
663.420000	0.011254227202	
663.620000	0.016499193547	
663.820000	0.019407279473	
664.020000	0.020033879799	
664.220000	0.019827217843	
664.420000	0.019088341394	
664.620000	0.017802107336	
664.820000	0.015897061834	
665.020000	0.013189956970	
665.220000	0.010850901071	
665.420000	0.009502751128	
665.620000	0.008608354797	
665.820000	0.008044086904	
685.820000	0.001693140092	
688.540000	0.001405733492	
688.740000	0.001386938002	
688.940000	0.001368438837	
689.140000	0.001350231654	
689.340000	0.001332312171	
689.540000	0.001314676162	
689.740000	0.001297319455	
689.940000	0.001280237937	
690.140000	0.001263427546	
690.340000	0.001246884278	
690.540000	0.001230604181	
690.740000	0.001214583354	
690.940000	0.001198817952	
691.140000	0.001183304181	
691.340000	0.001168038295	
691.540000	0.001153016604	
691.740000	0.001138235464	
691.940000	0.001123691282	
692.140000	0.001109380515	
692.340000	0.001095299668	
692.540000	0.001081445292	
692.740000	0.001067813988	
692.940000	0.001054402403	
693.140000	0.001041207229	
693.340000	0.001028225206	
693.540000	0.001015453119	
693.740000	0.001002887795	
693.940000	0.000990526109	
694.140000	0.000978364978	
694.340000	0.000966401361	
694.540000	0.000954632262	
694.740000	0.000943054726	
694.940000	0.000931665841	
695.140000	0.000920462734	
695.340000	0.000909442574	
695.540000	0.000898602571	
695.740000	0.000887939974	
695.940000	0.000877452072	
696.140000	0.000867136192	
696.340000	0.000856989701	
696.540000	0.000847010001	
696.740000	0.000837194534	
696.940000	0.000827540780	
697.140000	0.000818046253	
697.340000	0.000808708504	
697.540000	0.000799525120	
697.740000	0.000790493724	
697.940000	0.000781611974	
698.140000	0.000772877560	
698.340000	0.000764288210	
698.540000	0.000755841682	
698.740000	0.000747535769	
698.940000	0.000739368298	
699.140000	0.000731337125	
699.340000	0.000723440142	
699.540000	0.000715675270	
699.740000	0.000708040462	
699.940000	0.000700533703	
700.140000	0.000693153006	
700.340000	0.000685896418	
700.540000	0.000678762012	
700.740000	0.000671747893	
700.940000	0.000664852193	
701.140000	0.000658073076	
701.340000	0.000651408731	
701.540000	0.000644857377	
701.740000	0.000638417260	
701.940000	0.000632086655	
702.140000	0.000625863862	
702.340000	0.000619747209	
702.540000	0.000613735051	
702.740000	0.000607825769	
702.940000	0.000602017768	
703.140000	0.000596309483	
703.340000	0.000590699370	
703.540000	0.000585185913	
703.740000	0.000579767621	
703.940000	0.000574443025	
704.140000	0.000569210684	
704.340000	0.000564069178	
704.540000	0.000559017115	
704.740000	0.000554053124	
704.940000	0.000549175858	
705.140000	0.000544383994	
705.340000	0.000539676233	
705.540000	0.000535051299	
705.740000	0.000530507939	
705.940000	0.000526044924	
706.140000	0.000521661045	
706.340000	0.000517355121	
706.540000	0.000513125990	
706.740000	0.000508972515	
706.940000	0.000504893581	
707.140000	0.000500888098	
707.340000	0.000496954997	
707.540000	0.000493093234	
707.740000	0.000489301789	
707.940000	0.000485579664	
708.140000	0.000481925888	
708.340000	0.000478339514	
708.540000	0.000474819618	
708.740000	0.000471365305	
708.940000	0.000467975706	
709.140000	0.000464649979	
709.340000	0.000461387309	
709.540000	0.000458186912	
709.740000	0.000455048037	
709.940000	0.000451969961	
710.140000	0.000448952000	
710.340000	0.000445993503	
710.540000	0.000443093861	
710.740000	0.000440252504	
710.940000	0.000437468911	
711.140000	0.000434742608	
711.340000	0.000432073178	
711.540000	0.000429460264	
711.740000	0.000426903577	
711.940000	0.000424402905	
712.140000	0.000421958123	
712.340000	0.000419569207	
712.540000	0.000417236248	
712.740000	0.000414959474	
712.940000	0.000412739274	
713.140000	0.000410576230	
713.340000	0.000408471157	
713.540000	0.000406425157	
713.740000	0.000404439687	
713.940000	0.000402516657	
714.140000	0.000400658552	
714.340000	0.000398868617	
714.540000	0.000397151107	
714.740000	0.000395511666	
714.940000	0.000393957893	
715.140000	0.000392500239	
715.340000	0.000391153489	
715.540000	0.000389939354	
715.740000	0.000388891351	
715.940000	0.000388064939	
716.140000	0.000387561577	
716.340000	0.000387598796	
716.540000	0.000388801644	
716.740000	0.000395282078	
716.940000	0.000473478416	
717.140000	0.000653745474	
717.340000	0.004204668326	
717.540000	0.010952356405	
717.740000	0.016484918967	
717.940000	0.019690738605	
718.140000	0.020414180981	
718.340000	0.020122921887	
718.540000	0.019355548964	
718.740000	0.018100965749	
718.940000	0.016290930232	
719.140000	0.013747972690	
719.340000	0.011331078683	
719.540000	0.009892998100	
719.740000	0.008918559604	
719.940000	0.008286275650	
720.140000	0.007869136123	
740.140000	0.001677600382	
743.440000	0.001339656677	
743.640000	0.001321861442	
743.840000	0.001304346194	
744.040000	0.001287106828	
744.240000	0.001270139294	
744.440000	0.001253439594	
744.640000	0.001237003781	
744.840000	0.001220827964	
745.040000	0.001204908300	
745.240000	0.001189240998	
745.440000	0.001173822316	
745.640000	0.001158648565	
745.840000	0.001143716103	
746.040000	0.001129021335	
746.240000	0.001114560716	
746.440000	0.001100330750	
746.640000	0.001086327984	
746.840000	0.001072549016	
747.040000	0.001058990486	
747.240000	0.001045649082	
747.440000	0.001032521536	
747.640000	0.001019604625	
747.840000	0.001006895169	
748.040000	0.000994390031	
748.240000	0.000982086119	
748.440000	0.000969980382	
748.640000	0.000958069811	
748.840000	0.000946351439	
749.040000	0.000934822339	
749.240000	0.000923479625	
749.440000	0.000912320452	
749.640000	0.000901342014	
749.840000	0.000890541543	
750.040000	0.000879916311	
750.240000	0.000869463627	
750.440000	0.000859180839	
750.640000	0.000849065331	
750.840000	0.000839114526	
751.040000	0.000829325881	
751.240000	0.000819696890	
751.440000	0.000810225082	
751.640000	0.000800908021	
751.840000	0.000791743308	
752.040000	0.000782728575	
752.240000	0.000773861489	
752.440000	0.000765139752	
752.640000	0.000756561095	
752.840000	0.000748123287	
753.040000	0.000739824124	
753.240000	0.000731661437	
753.440000	0.000723633088	
753.640000	0.000715736968	
753.840000	0.000707971000	
754.040000	0.000700333137	
754.240000	0.000692821363	
754.440000	0.000685433689	
754.640000	0.000678168157	
754.840000	0.000671022836	
755.040000	0.000663995826	
755.240000	0.000657085250	
755.440000	0.000650289264	
755.640000	0.000643606049	
755.840000	0.000637033811	
756.040000	0.000630570784	
756.240000	0.000624215230	
756.440000	0.000617965433	
756.640000	0.000611819706	
756.840000	0.000605776384	
757.040000	0.000599833829	
757.240000	0.000593990427	
757.440000	0.000588244587	
757.640000	0.000582594742	
757.840000	0.000577039349	
758.040000	0.000571576890	
758.240000	0.000566205865	
758.440000	0.000560924800	
758.640000	0.000555732244	
758.840000	0.000550626764	
759.040000	0.000545606952	
759.240000	0.000540671421	
759.440000	0.000535818803	
759.640000	0.000531047751	
759.840000	0.000526356941	
760.040000	0.000521745066	
760.240000	0.000517210840	
760.440000	0.000512752998	
760.640000	0.000508370291	
760.840000	0.000504061493	
761.040000	0.000499825392	
761.240000	0.000495660799	
761.440000	0.000491566541	
761.640000	0.000487541463	
761.840000	0.000483584427	
762.040000	0.000479694315	
762.240000	0.000475870022	
762.440000	0.000472110465	
762.640000	0.000468414574	
762.840000	0.000464781296	
763.040000	0.000461209595	
763.240000	0.000457698451	
763.440000	0.000454246859	
763.640000	0.000450853831	
763.840000	0.000447518391	
764.040000	0.000444239583	
764.240000	0.000441016461	
764.440000	0.000437848096	
764.640000	0.000434733574	
764.840000	0.000431671994	
765.040000	0.000428662468	
765.240000	0.000425704125	
765.440000	0.000422796105	
765.640000	0.000419937562	
765.840000	0.000417127663	
766.040000	0.000414365588	
766.240000	0.000411650530	
766.440000	0.000408981695	
766.640000	0.000406358301	
766.840000	0.000403779578	
767.040000	0.000401244768	
767.240000	0.000398753126	
767.440000	0.000396303917	
767.640000	0.000393896419	
767.840000	0.000391529920	
768.040000	0.000389203720	
768.240000	0.000386917130	
768.440000	0.000384669472	
768.640000	0.000382460078	
768.840000	0.000380288291	
769.040000	0.000378153464	
769.240000	0.000376054962	
769.440000	0.000373992156	
769.640000	0.000371964432	
769.840000	0.000369971182	
770.040000	0.000368011809	
770.240000	0.000366085726	
770.440000	0.000364192353	
770.640000	0.000362331122	
770.840000	0.000360501474	
771.040000	0.000358702855	
771.240000	0.000356934725	
771.440000	0.000355196549	
771.640000	0.000353487803	
771.840000	0.000351807968	
772.040000	0.000350156538	
772.240000	0.000348533011	
772.440000	0.000346936896	
772.640000	0.000345367706	
772.840000	0.000343824967	
773.040000	0.000342308209	
773.240000	0.000340816971	
773.440000	0.000339350798	
773.640000	0.000337909244	
773.840000	0.000336491870	
774.040000	0.000335098243	
774.240000	0.000333727938	
774.440000	0.000332380537	
774.640000	0.000331055629	
774.840000	0.000329752808	
775.040000	0.000328471676	
775.240000	0.000327211842	
775.440000	0.000325972921	
775.640000	0.000324754534	
775.840000	0.000323556308	
776.040000	0.000322377876	
776.240000	0.000321218878	
776.440000	0.000320078961	
776.640000	0.000318957774	
776.840000	0.000317854976	
777.040000	0.000316770229	
777.240000	0.000315703203	
777.440000	0.000314653570	
777.640000	0.000313621012	
777.840000	0.000312605212	
778.040000	0.000311605862	
778.240000	0.000310622656	
778.440000	0.000309655296	
778.640000	0.000308703487	
778.840000	0.000307766941	
779.040000	0.000306845372	
779.240000	0.000305938503	
779.440000	0.000305046057	
779.640000	0.000304167766	
779.840000	0.000303303364	
780.040000	0.000302452591	
780.240000	0.000301615190	
780.440000	0.000300790911	
780.640000	0.000299979505	
780.840000	0.000299180731	
781.040000	0.000298394349	
781.240000	0.000297620126	
781.440000	0.000296857831	
781.640000	0.000296107239	
781.840000	0.000295368126	
782.040000	0.000294640275	
782.240000	0.000293923472	
782.440000	0.000293217507	
782.640000	0.000292522173	
782.840000	0.000291837267	
783.040000	0.000291162590	
783.240000	0.000290497946	
783.440000	0.000289843145	
783.640000	0.000289197997	
783.840000	0.000288562317	
784.040000	0.000287935924	
784.240000	0.000287318640	
784.440000	0.000286710290	
784.640000	0.000286110703	
784.840000	0.000285519709	
785.040000	0.000284937145	
785.240000	0.000284362847	
785.440000	0.000283796657	
785.640000	0.000283238419	
785.840000	0.000282687979	
786.040000	0.000282145188	
786.240000	0.000281609898	
786.440000	0.000281081965	
786.640000	0.000280561248	
786.840000	0.000280047606	
787.040000	0.000279540904	
787.240000	0.000279041009	
787.440000	0.000278547789	
787.640000	0.000278061116	
787.840000	0.000277580863	
788.040000	0.000277106908	
788.240000	0.000276639130	
788.440000	0.000276177409	
788.640000	0.000275721629	
788.840000	0.000275271676	
789.040000	0.000274827439	
789.240000	0.000274388808	
789.440000	0.000273955675	
789.640000	0.000273527936	
789.840000	0.000273105487	
790.040000	0.000272688227	
790.240000	0.000272276057	
790.440000	0.000271868880	
790.640000	0.000271466602	
790.840000	0.000271069128	
791.040000	0.000270676367	
791.240000	0.000270288231	
791.440000	0.000269904631	
791.640000	0.000269525481	
791.840000	0.000269150699	
792.040000	0.000268780200	
792.240000	0.000268413905	
792.440000	0.000268051734	
792.640000	0.000267693610	
792.840000	0.000267339457	
793.040000	0.000266989201	
793.240000	0.000266642769	
793.440000	0.000266300089	
793.640000	0.000265961092	
793.840000	0.000265625709	
794.040000	0.000265293874	
794.240000	0.000264965521	
794.440000	0.000264640585	
794.640000	0.000264319003	
794.840000	0.000264000714	
795.040000	0.000263685658	
795.240000	0.000263373774	
795.440000	0.000263065006	
795.640000	0.000262759296	
795.840000	0.000262456589	
796.040000	0.000262156830	
796.240000	0.000261859967	
796.440000	0.000261565946	
796.640000	0.000261274716	
796.840000	0.000260986228	
797.040000	0.000260700432	
797.240000	0.000260417279	
797.440000	0.000260136724	
797.640000	0.000259858720	
797.840000	0.000259583221	
798.040000	0.000259310183	
798.240000	0.000259039563	
798.440000	0.000258771317	
798.640000	0.000258505406	
798.840000	0.000258241786	
799.040000	0.000257980420	
799.240000	0.000257721266	
799.440000	0.000257464287	
799.640000	0.000257209446	
799.840000	0.000256956705	
800.040000	0.000256706027	
800.240000	0.000256457379	
800.440000	0.000256210724	
800.640000	0.000255966029	
800.840000	0.000255723260	
801.040000	0.000255482385	
801.240000	0.000255243371	
801.440000	0.000255006187	
801.640000	0.000254770803	
801.840000	0.000254537187	
802.040000	0.000254305311	
802.240000	0.000254075145	
802.440000	0.000253846660	
802.640000	0.000253619830	
802.840000	0.000253394625	
803.040000	0.000253171020	
803.240000	0.000252948989	
803.440000	0.000252728504	
803.640000	0.000252509541	
803.840000	0.000252292075	
804.040000	0.000252076081	
804.240000	0.000251861536	
804.440000	0.000251648415	
804.640000	0.000251436697	
804.840000	0.000251226358	
805.040000	0.000251017376	
805.240000	0.000250809729	
805.440000	0.000250603396	
805.640000	0.000250398355	
805.840000	0.000250194587	
806.040000	0.000249992071	
806.240000	0.000249790787	
806.440000	0.000249590715	
806.640000	0.000249391837	
806.840000	0.000249194134	
807.040000	0.000248997586	
807.240000	0.000248802177	
807.440000	0.000248607888	
807.640000	0.000248414701	
807.840000	0.000248222600	
808.040000	0.000248031568	
808.240000	0.000247841588	
808.440000	0.000247652644	
808.640000	0.000247464720	
808.840000	0.000247277799	
809.040000	0.000247091868	
809.240000	0.000246906910	
809.440000	0.000246722910	
809.640000	0.000246539855	
809.840000	0.000246357729	
810.040000	0.000246176518	
810.240000	0.000245996209	
810.440000	0.000245816788	
810.640000	0.000245638241	
810.840000	0.000245460555	
811.040000	0.000245283718	
811.240000	0.000245107716	
811.440000	0.000244932537	
811.640000	0.000244758169	
811.840000	0.000244584598	
812.040000	0.000244411815	
812.240000	0.000244239806	
812.440000	0.000244068560	
812.640000	0.000243898067	
812.840000	0.000243728314	
813.040000	0.000243559290	
813.240000	0.000243390986	
813.440000	0.000243223390	
813.640000	0.000243056491	
813.840000	0.000242890281	
814.040000	0.000242724748	
814.240000	0.000242559882	
814.440000	0.000242395674	
814.640000	0.000242232114	
814.840000	0.000242069192	
815.040000	0.000241906900	
815.240000	0.000241745228	
815.440000	0.000241584167	
815.640000	0.000241423708	
815.840000	0.000241263842	
816.040000	0.000241104562	
816.240000	0.000240945857	
816.440000	0.000240787721	
816.640000	0.000240630144	
816.840000	0.000240473119	
817.040000	0.000240316637	
817.240000	0.000240160692	
817.440000	0.000240005274	
817.640000	0.000239850377	
817.840000	0.000239695993	
818.040000	0.000239542115	
818.240000	0.000239388735	
818.440000	0.000239235847	
818.640000	0.000239083442	
818.840000	0.000238931515	
819.040000	0.000238780059	
819.240000	0.000238629066	
819.440000	0.000238478531	
819.640000	0.000238328446	
819.840000	0.000238178806	
820.040000	0.000238029603	
820.240000	0.000237880833	
820.440000	0.000237732488	
820.640000	0.000237584562	
820.840000	0.000237437050	
821.040000	0.000237289946	
821.240000	0.000237143244	
821.440000	0.000236996938	
821.640000	0.000236851023	
821.840000	0.000236705493	
822.040000	0.000236560343	
822.240000	0.000236415567	
822.440000	0.000236271161	
822.640000	0.000236127119	
822.840000	0.000235983435	
823.040000	0.000235840106	
823.240000	0.000235697125	
823.440000	0.000235554488	
823.640000	0.000235412190	
823.840000	0.000235270227	
824.040000	0.000235128594	
824.240000	0.000234987286	
824.440000	0.000234846298	
824.640000	0.000234705627	
824.840000	0.000234565267	
825.040000	0.000234425215	
825.240000	0.000234285466	
825.440000	0.000234146016	
825.640000	0.000234006860	
825.840000	0.000233867995	
826.040000	0.000233729417	
826.240000	0.000233591122	
826.440000	0.000233453105	
826.640000	0.000233315364	
826.840000	0.000233177893	
827.040000	0.000233040690	
827.240000	0.000232903751	
827.440000	0.000232767071	
827.640000	0.000232630648	
827.840000	0.000232494478	
828.040000	0.000232358558	
828.240000	0.000232222884	
828.440000	0.000232087452	
828.640000	0.000231952260	
828.840000	0.000231817303	
829.040000	0.000231682580	
829.240000	0.000231548086	
829.440000	0.000231413819	
829.640000	0.000231279775	
829.840000	0.000231145952	
830.040000	0.000231012346	
830.240000	0.000230878955	
830.440000	0.000230745775	
830.640000	0.000230612804	
830.840000	0.000230480038	
831.040000	0.000230347476	
831.240000	0.000230215114	
831.440000	0.000230082950	
831.640000	0.000229950981	
831.840000	0.000229819204	
832.040000	0.000229687616	
832.240000	0.000229556216	
832.440000	0.000229425001	
832.640000	0.000229293968	
832.840000	0.000229163115	
833.040000	0.000229032439	
833.240000	0.000228901938	
833.440000	0.000228771610	
833.640000	0.000228641452	
833.840000	0.000228511462	
834.040000	0.000228381639	
834.240000	0.000228251979	
834.440000	0.000228122480	
834.640000	0.000227993141	
834.840000	0.000227863960	
835.040000	0.000227734933	
835.240000	0.000227606060	
835.440000	0.000227477338	
835.640000	0.000227348765	
835.840000	0.000227220339	
836.040000	0.000227092059	
836.240000	0.000226963923	
836.440000	0.000226835927	
836.640000	0.000226708072	
836.840000	0.000226580355	
837.040000	0.000226452774	
837.240000	0.000226325327	
837.440000	0.000226198013	
837.640000	0.000226070830	
837.840000	0.000225943776	
838.040000	0.000225816850	
838.240000	0.000225690050	
838.440000	0.000225563375	
838.640000	0.000225436822	
838.840000	0.000225310391	
839.040000	0.000225184080	
839.240000	0.000225057886	
839.440000	0.000224931810	
839.640000	0.000224805849	
839.840000	0.000224680002	
840.040000	0.000224554267	
840.240000	0.000224428644	
840.440000	0.000224303130	
840.640000	0.000224177724	
840.840000	0.000224052426	
841.040000	0.000223927233	
841.240000	0.000223802145	
841.440000	0.000223677159	
841.640000	0.000223552276	
841.840000	0.000223427494	
842.040000	0.000223302810	
842.240000	0.000223178225	
842.440000	0.000223053738	
842.640000	0.000222929346	
842.840000	0.000222805049	
843.040000	0.000222680845	
843.240000	0.000222556734	
843.440000	0.000222432715	
843.640000	0.000222308785	
843.840000	0.000222184946	
844.040000	0.000222061194	
844.240000	0.000221937530	
844.440000	0.000221813952	
844.640000	0.000221690459	
844.840000	0.000221567051	
845.040000	0.000221443725	
845.240000	0.000221320483	
845.440000	0.000221197321	
845.640000	0.000221074241	
845.840000	0.000220951240	
846.040000	0.000220828317	
846.240000	0.000220705473	
846.440000	0.000220582705	
846.640000	0.000220460014	
846.840000	0.000220337398	
847.040000	0.000220214856	
847.240000	0.000220092389	
847.440000	0.000219969994	
847.640000	0.000219847671	
847.840000	0.000219725420	
848.040000	0.000219603239	
848.240000	0.000219481129	
848.440000	0.000219359087	
848.640000	0.000219237114	
848.840000	0.000219115208	
849.040000	0.000218993370	
849.240000	0.000218871598	
849.440000	0.000218749892	
849.640000	0.000218628250	
849.840000	0.000218506673	
850.040000	0.000218385160	
850.240000	0.000218263710	
850.440000	0.000218142322	
850.640000	0.000218020996	
850.840000	0.000217899732	
851.040000	0.000217778528	
851.240000	0.000217657384	
851.440000	0.000217536300	
851.640000	0.000217415274	
851.840000	0.000217294308	
852.040000	0.000217173399	
852.240000	0.000217052547	
852.440000	0.000216931752	
852.640000	0.000216811014	
852.840000	0.000216690331	
853.040000	0.000216569704	
853.240000	0.000216449132	
853.440000	0.000216328614	
853.640000	0.000216208150	
853.840000	0.000216087739	
854.040000	0.000215967381	
854.240000	0.000215847076	
854.440000	0.000215726823	
854.640000	0.000215606621	
854.840000	0.000215486471	
855.040000	0.000215366372	
855.240000	0.000215246323	
855.440000	0.000215126324	
855.640000	0.000215006374	
855.840000	0.000214886474	
856.040000	0.000214766623	
856.240000	0.000214646820	
856.440000	0.000214527066	
856.640000	0.000214407359	
856.840000	0.000214287699	
857.040000	0.000214168087	
857.240000	0.000214048521	
857.440000	0.000213929002	
857.640000	0.000213809529	
857.840000	0.000213690101	
858.040000	0.000213570719	
858.240000	0.000213451383	
858.440000	0.000213332090	
858.640000	0.000213212843	
858.840000	0.000213093640	
859.040000	0.000212974480	
859.240000	0.000212855365	
859.440000	0.000212736292	
859.640000	0.000212617263	
859.840000	0.000212498277	
879.840000	0.000200788739	
899.840000	0.000189427433	
919.840000	0.000178454725	
939.840000	0.000167937941	
959.840000	0.000157936553	
979.840000	0.000148493819	
999.840000	0.000139636186	
1019.840000	0.000131375199	
1039.840000	0.000123710110	
1059.840000	0.000116630512	
1079.840000	0.000110118698	
1099.840000	0.000104151674	
1119.840000	0.000098702852	
1139.840000	0.000093743362	
1159.840000	0.000089243055	
1179.840000	0.000085171350	
1199.840000	0.000081497792	
1219.840000	0.000078192503	
1239.840000	0.000075226529	
1259.840000	0.000072572078	
1279.840000	0.000070202683	
1299.840000	0.000068093312	
1319.840000	0.000066220432	
1339.840000	0.000064562038	
1359.840000	0.000063097653	
1379.840000	0.000061808311	
1399.840000	0.000060676517	
1419.840000	0.000059686196	
1439.840000	0.000058822629	
1459.840000	0.000058072385	
1479.840000	0.000057423243	
1499.840000	0.000056864118	
1519.840000	0.000056384974	
1539.840000	0.000055976753	
1559.840000	0.000055631293	
1579.840000	0.000055341256	
1599.840000	0.000055100055	
1619.840000	0.000054901789	
1639.840000	0.000054741183	
1659.840000	0.000054613524	
1679.840000	0.000054514613	
1699.840000	0.000054440716	
1719.840000	0.000054388513	
1739.840000	0.000054355063	
1759.840000	0.000054337763	
1779.840000	0.000054334316	
1799.840000	0.000054342696	
1819.840000	0.000054361123	
1839.840000	0.000054388036	
1859.840000	0.000054422068	
1879.840000	0.000054462028	
1899.840000	0.000054506881	
1919.840000	0.000054555726	
1939.840000	0.000054607789	
1959.840000	0.000054662401	
1979.840000	0.000054718988	
1999.840000	0.000054777063	
2019.840000	0.000054836210	
2039.840000	0.000054896080	
2059.840000	0.000054956379	
2079.840000	0.000055016862	
2099.840000	0.000055077328	
2119.840000	0.000055137613	
2139.840000	0.000055197585	
2159.840000	0.000055257138	
2179.840000	0.000055316192	
2199.840000	0.000055374685	
2219.840000	0.000055432573	
2239.840000	0.000055489825	
2259.840000	0.000055546425	
2279.840000	0.000055602363	
2299.840000	0.000055657640	
2319.840000	0.000055712263	
2339.840000	0.000055766242	
2359.840000	0.000055819595	
2379.840000	0.000055872340	
2399.840000	0.000055924499	
2419.840000	0.000055976095	
2439.840000	0.000056027153	
2459.840000	0.000056077696	
2479.840000	0.000056127750	
2499.840000	0.000056177340	
