0.000000	0.027129417546	
20.000000	0.027116544927	
40.000000	0.027114909568	
60.000000	0.027115411885	
80.000000	0.027115986772	
100.000000	0.027116420949	
120.000000	0.027746835183	
140.000000	0.028434281363	
160.000000	0.028916393829	
180.000000	0.029392903239	
200.000000	0.029879040762	
220.000000	0.030378584690	
240.000000	0.030890092790	
260.000000	0.031411013552	
280.000000	0.031938937014	
300.000000	0.032471834546	
320.000000	0.033008036113	
340.000000	0.033536230688	
360.000000	0.034064801223	
380.000000	0.034594220556	
400.000000	0.035123149631	
420.000000	0.035650614731	
440.000000	0.036175940796	
460.000000	0.036698616773	
480.000000	0.037218234338	
500.000000	0.037734463130	
520.000000	0.038170249259	
540.000000	0.038551056293	
560.000000	0.038893431389	
580.000000	0.039201918352	
594.120000	0.039400376913	
594.320000	0.039403071827	
594.520000	0.039405763373	
594.720000	0.039408451541	
594.920000	0.039411136321	
595.120000	0.039413817703	
595.320000	0.039416495674	
595.520000	0.039419170224	
595.720000	0.039421841339	
595.920000	0.039424509008	
596.120000	0.039427173217	
596.320000	0.039429833951	
596.520000	0.039432491197	
596.720000	0.039435144939	
596.920000	0.039437795160	
597.120000	0.039440441845	
597.320000	0.039443084975	
597.520000	0.039445724533	
597.720000	0.039448360498	
597.920000	0.039450992852	
598.120000	0.039453621573	
598.320000	0.039456246638	
598.520000	0.039458868025	
598.720000	0.039461485709	
598.920000	0.039464099665	
599.120000	0.039466709866	
599.320000	0.039469316283	
599.520000	0.039471918887	
599.720000	0.039474517645	
599.920000	0.039477112526	
600.120000	0.039479703495	
600.320000	0.039482290514	
600.520000	0.039484873545	
600.720000	0.039487452546	
600.920000	0.039490027475	
601.120000	0.039492598285	
601.320000	0.039495164928	
601.520000	0.039497727351	
601.720000	0.039500285501	
601.920000	0.039502839317	
602.120000	0.039505388739	
602.320000	0.039507933699	
602.520000	0.039510474127	
602.720000	0.039513009948	
602.920000	0.039515541079	
603.120000	0.039518067435	
603.320000	0.039520588922	
603.520000	0.039523105440	
603.720000	0.039525616879	
603.920000	0.039528123125	
604.120000	0.039530624049	
604.320000	0.039533119515	
604.520000	0.039535609374	
604.720000	0.039538093464	
604.920000	0.039540571606	
605.120000	0.039543043607	
605.320000	0.039545509252	
605.520000	0.039547968306	
605.720000	0.039550420507	
605.920000	0.039552865566	
606.120000	0.039555303158	
606.320000	0.039557732922	
606.520000	0.039560154448	
606.720000	0.039562567273	
606.920000	0.039564970868	
607.120000	0.039567364629	
607.320000	0.039569747855	
607.520000	0.039572119728	
607.720000	0.039574479287	
607.920000	0.039576825386	
608.120000	0.039579156646	
608.320000	0.039581471377	
608.520000	0.039583767477	
608.720000	0.039586042273	
608.920000	0.039588292282	
609.120000	0.039590512813	
609.320000	0.039592697280	
609.520000	0.039594835911	
609.720000	0.039596912976	
609.920000	0.039598899702	
610.120000	0.039600728903	
610.320000	0.039602039489	
610.520000	0.039598792165	
610.720000	0.039587598920	
610.920000	0.039528657863	
611.120000	0.039202974935	
611.320000	0.038356387679	
611.520000	0.036967749343	
611.720000	0.035238285818	
611.920000	0.033400842306	
612.120000	0.031630331358	
612.320000	0.030073872457	
612.520000	0.028836754015	
612.720000	0.027976772598	
612.920000	0.027473355693	
613.120000	0.027197024227	
613.320000	0.027060661407	
633.320000	0.036620883704	
641.220000	0.038243389822	
641.420000	0.038274275036	
641.620000	0.038304743676	
641.820000	0.038334801276	
642.020000	0.038364453307	
642.220000	0.038393705176	
642.420000	0.038422562223	
642.620000	0.038451029729	
642.820000	0.038479112908	
643.020000	0.038506816914	
643.220000	0.038534146839	
643.420000	0.038561107713	
643.620000	0.038587704505	
643.820000	0.038613942123	
644.020000	0.038639825419	
644.220000	0.038665359180	
644.420000	0.038690548138	
644.620000	0.038715396967	
644.820000	0.038739910280	
645.020000	0.038764092637	
645.220000	0.038787948537	
645.420000	0.038811482426	
645.620000	0.038834698693	
645.820000	0.038857601672	
646.020000	0.038880195642	
646.220000	0.038902484828	
646.420000	0.038924473401	
646.620000	0.038946165481	
646.820000	0.038967565132	
647.020000	0.038988676368	
647.220000	0.039009503150	
647.420000	0.039030049390	
647.620000	0.039050318948	
647.820000	0.039070315632	
648.020000	0.039090043203	
648.220000	0.039109505372	
648.420000	0.039128705801	
648.620000	0.039147648103	
648.820000	0.039166335845	
649.020000	0.039184772544	
649.220000	0.039202961672	
649.420000	0.039220906655	
649.620000	0.039238610871	
649.820000	0.039256077654	
650.020000	0.039273310292	
650.220000	0.039290312028	
650.420000	0.039307086063	
650.620000	0.039323635549	
650.820000	0.039339963601	
651.020000	0.039356073285	
651.220000	0.039371967627	
651.420000	0.039387649611	
651.620000	0.039403122178	
651.820000	0.039418388228	
652.020000	0.039433450617	
652.220000	0.039448312163	
652.420000	0.039462975643	
652.620000	0.039477443791	
652.820000	0.039491719302	
653.020000	0.039505804833	
653.220000	0.039519702998	
653.420000	0.039533416372	
653.620000	0.039546947493	
653.820000	0.039560298858	
654.020000	0.039573472923	
654.220000	0.039586472107	
654.420000	0.039599298790	
654.620000	0.039611955313	
654.820000	0.039624443975	
655.020000	0.039636767039	
655.220000	0.039648926727	
655.420000	0.039660925222	
655.620000	0.039672764664	
655.820000	0.039684447156	
656.020000	0.039695974759	
656.220000	0.039707349490	
656.420000	0.039718573325	
656.620000	0.039729648196	
656.820000	0.039740575990	
657.020000	0.039751358547	
657.220000	0.039761997661	
657.420000	0.039772495072	
657.620000	0.039782852470	
657.820000	0.039793071488	
658.020000	0.039803153700	
658.220000	0.039813100615	
658.420000	0.039822913674	
658.620000	0.039832594241	
658.820000	0.039842143596	
659.020000	0.039851562927	
659.220000	0.039860853314	
659.420000	0.039870015717	
659.620000	0.039879050952	
659.820000	0.039887959669	
660.020000	0.039896742317	
660.220000	0.039905399100	
660.420000	0.039913929915	
660.620000	0.039922334267	
660.820000	0.039930611151	
661.020000	0.039938758873	
661.220000	0.039946774778	
661.420000	0.039954654815	
661.620000	0.039962392790	
661.820000	0.039969978995	
662.020000	0.039977397361	
662.220000	0.039984618497	
662.420000	0.039991576839	
662.620000	0.039998006301	
662.820000	0.040000204686	
663.020000	0.039992891504	
663.220000	0.039929357585	
663.420000	0.039578930637	
663.620000	0.038680649984	
663.820000	0.037224820077	
664.020000	0.035433006528	
664.220000	0.033554207746	
664.420000	0.031762687859	
664.620000	0.030195721516	
664.820000	0.028946346937	
665.020000	0.028063482695	
665.220000	0.027532323167	
665.420000	0.027235653765	
665.620000	0.027085911024	
665.820000	0.027032098840	
685.820000	0.037182776119	
688.540000	0.037861152016	
688.740000	0.037906263633	
688.940000	0.037950763985	
689.140000	0.037994660822	
689.340000	0.038037961812	
689.540000	0.038080674544	
689.740000	0.038122806531	
689.940000	0.038164365205	
690.140000	0.038205357919	
690.340000	0.038245791951	
690.540000	0.038285674499	
690.740000	0.038325012684	
690.940000	0.038363813552	
691.140000	0.038402084070	
691.340000	0.038439831131	
691.540000	0.038477061552	
691.740000	0.038513782074	
691.940000	0.038549999363	
692.140000	0.038585720012	
692.340000	0.038620950539	
692.540000	0.038655697390	
692.740000	0.038689966936	
692.940000	0.038723765478	
693.140000	0.038757099242	
693.340000	0.038789974385	
693.540000	0.038822396992	
693.740000	0.038854373078	
693.940000	0.038885908588	
694.140000	0.038917009397	
694.340000	0.038947681312	
694.540000	0.038977930070	
694.740000	0.039007761343	
694.940000	0.039037180732	
695.140000	0.039066193774	
695.340000	0.039094805939	
695.540000	0.039123022632	
695.740000	0.039150849190	
695.940000	0.039178290890	
696.140000	0.039205352941	
696.340000	0.039232040490	
696.540000	0.039258358621	
696.740000	0.039284312356	
696.940000	0.039309906655	
697.140000	0.039335146416	
697.340000	0.039360036477	
697.540000	0.039384581616	
697.740000	0.039408786550	
697.940000	0.039432655939	
698.140000	0.039456194383	
698.340000	0.039479406425	
698.540000	0.039502296549	
698.740000	0.039524869183	
698.940000	0.039547128700	
699.140000	0.039569079415	
699.340000	0.039590725590	
699.540000	0.039612071429	
699.740000	0.039633121085	
699.940000	0.039653878657	
700.140000	0.039674348189	
700.340000	0.039694533673	
700.540000	0.039714439051	
700.740000	0.039734068211	
700.940000	0.039753424990	
701.140000	0.039772513176	
701.340000	0.039791336506	
701.540000	0.039809898669	
701.740000	0.039828203301	
701.940000	0.039846253995	
702.140000	0.039864054290	
702.340000	0.039881607683	
702.540000	0.039898917620	
702.740000	0.039915987502	
702.940000	0.039932820683	
703.140000	0.039949420473	
703.340000	0.039965790134	
703.540000	0.039981932886	
703.740000	0.039997851902	
703.940000	0.040013550313	
704.140000	0.040029031206	
704.340000	0.040044297624	
704.540000	0.040059352568	
704.740000	0.040074198995	
704.940000	0.040088839824	
705.140000	0.040103277928	
705.340000	0.040117516141	
705.540000	0.040131557255	
705.740000	0.040145404023	
705.940000	0.040159059157	
706.140000	0.040172525327	
706.340000	0.040185805166	
706.540000	0.040198901267	
706.740000	0.040211816182	
706.940000	0.040224552427	
707.140000	0.040237112477	
707.340000	0.040249498768	
707.540000	0.040261713700	
707.740000	0.040273759632	
707.940000	0.040285638887	
708.140000	0.040297353748	
708.340000	0.040308906461	
708.540000	0.040320299232	
708.740000	0.040331534232	
708.940000	0.040342613589	
709.140000	0.040353539396	
709.340000	0.040364313706	
709.540000	0.040374938531	
709.740000	0.040385415844	
709.940000	0.040395747579	
710.140000	0.040405935627	
710.340000	0.040415981838	
710.540000	0.040425888017	
710.740000	0.040435655928	
710.940000	0.040445287285	
711.140000	0.040454783759	
711.340000	0.040464146968	
711.540000	0.040473378480	
711.740000	0.040482479805	
711.940000	0.040491452399	
712.140000	0.040500297652	
712.340000	0.040509016887	
712.540000	0.040517611354	
712.740000	0.040526082221	
712.940000	0.040534430568	
713.140000	0.040542657371	
713.340000	0.040550763493	
713.540000	0.040558749665	
713.740000	0.040566616465	
713.940000	0.040574364286	
714.140000	0.040581993307	
714.340000	0.040589503438	
714.540000	0.040596894259	
714.740000	0.040604164930	
714.940000	0.040611314062	
715.140000	0.040618339537	
715.340000	0.040625238229	
715.540000	0.040632005560	
715.740000	0.040638634771	
715.940000	0.040645115590	
716.140000	0.040651431575	
716.340000	0.040657553932	
716.540000	0.040663422907	
716.740000	0.040668846866	
716.940000	0.040671141748	
717.140000	0.040663842462	
717.340000	0.040607281752	
717.540000	0.040278909104	
717.740000	0.039395077246	
717.940000	0.037918521805	
718.140000	0.036075313411	
718.340000	0.034141339445	
718.540000	0.032300517026	
718.740000	0.030687218936	
718.940000	0.029390588994	
719.140000	0.028455878192	
719.340000	0.027876056412	
719.540000	0.027545666208	
719.740000	0.027372975455	
719.940000	0.027304379491	
720.140000	0.027304817538	
740.140000	0.037743820410	
743.440000	0.038555558947	
743.640000	0.038599074517	
743.840000	0.038641990979	
744.040000	0.038684316055	
744.240000	0.038726057385	
744.440000	0.038767222529	
744.640000	0.038807818965	
744.840000	0.038847854091	
745.040000	0.038887335225	
745.240000	0.038926269603	
745.440000	0.038964664385	
745.640000	0.039002526650	
745.840000	0.039039863400	
746.040000	0.039076681556	
746.240000	0.039112987966	
746.440000	0.039148789397	
746.640000	0.039184092541	
746.840000	0.039218904016	
747.040000	0.039253230362	
747.240000	0.039287078044	
747.440000	0.039320453454	
747.640000	0.039353362910	
747.840000	0.039385812656	
748.040000	0.039417808863	
748.240000	0.039449357632	
748.440000	0.039480464989	
748.640000	0.039511136892	
748.840000	0.039541379227	
749.040000	0.039571197810	
749.240000	0.039600598388	
749.440000	0.039629586639	
749.640000	0.039658168174	
749.840000	0.039686348535	
750.040000	0.039714133198	
750.240000	0.039741527572	
750.440000	0.039768537000	
750.640000	0.039795166761	
750.840000	0.039821422068	
751.040000	0.039847308072	
751.240000	0.039872829857	
751.440000	0.039897992448	
751.640000	0.039922800806	
751.840000	0.039947259830	
752.040000	0.039971374360	
752.240000	0.039995149172	
752.440000	0.040018588987	
752.640000	0.040041698462	
752.840000	0.040064482198	
753.040000	0.040086944737	
753.240000	0.040109090565	
753.440000	0.040130924110	
753.640000	0.040152449743	
753.840000	0.040173671781	
754.040000	0.040194594484	
754.240000	0.040215222059	
754.440000	0.040235558658	
754.640000	0.040255608380	
754.840000	0.040275375272	
755.040000	0.040294863327	
755.240000	0.040314076489	
755.440000	0.040333018647	
755.640000	0.040351693642	
755.840000	0.040370105266	
756.040000	0.040388257259	
756.240000	0.040406153314	
756.440000	0.040423797073	
756.640000	0.040441192135	
756.840000	0.040458342046	
757.040000	0.040475250309	
757.240000	0.040491920380	
757.440000	0.040508355669	
757.640000	0.040524559542	
757.840000	0.040540535317	
758.040000	0.040556286273	
758.240000	0.040571815640	
758.440000	0.040587126609	
758.640000	0.040602222327	
758.840000	0.040617105899	
759.040000	0.040631780387	
759.240000	0.040646248815	
759.440000	0.040660514163	
759.640000	0.040674579374	
759.840000	0.040688447348	
760.040000	0.040702120949	
760.240000	0.040715603000	
760.440000	0.040728896288	
760.640000	0.040742003561	
760.840000	0.040754927528	
761.040000	0.040767670865	
761.240000	0.040780236208	
761.440000	0.040792626160	
761.640000	0.040804843286	
761.840000	0.040816890117	
762.040000	0.040828769149	
762.240000	0.040840482846	
762.440000	0.040852033636	
762.640000	0.040863423913	
762.840000	0.040874656040	
763.040000	0.040885732347	
763.240000	0.040896655131	
763.440000	0.040907426658	
763.640000	0.040918049164	
763.840000	0.040928524851	
764.040000	0.040938855894	
764.240000	0.040949044435	
764.440000	0.040959092588	
764.640000	0.040969002437	
764.840000	0.040978776038	
765.040000	0.040988415416	
765.240000	0.040997922571	
765.440000	0.041007299473	
765.640000	0.041016548065	
765.840000	0.041025670263	
766.040000	0.041034667956	
766.240000	0.041043543008	
766.440000	0.041052297254	
766.640000	0.041060932506	
766.840000	0.041069450548	
767.040000	0.041077853143	
767.240000	0.041086142024	
767.440000	0.041094318905	
767.640000	0.041102385470	
767.840000	0.041110343386	
768.040000	0.041118194290	
768.240000	0.041125939800	
768.440000	0.041133581510	
768.640000	0.041141120991	
768.840000	0.041148559792	
769.040000	0.041155899441	
769.240000	0.041163141443	
769.440000	0.041170287283	
769.640000	0.041177338423	
769.840000	0.041184296305	
770.040000	0.041191162352	
770.240000	0.041197937964	
770.440000	0.041204624524	
770.640000	0.041211223393	
770.840000	0.041217735913	
771.040000	0.041224163408	
771.240000	0.041230507182	
771.440000	0.041236768520	
771.640000	0.041242948690	
771.840000	0.041249048939	
772.040000	0.041255070500	
772.240000	0.041261014586	
772.440000	0.041266882391	
772.640000	0.041272675096	
772.840000	0.041278393860	
773.040000	0.041284039830	
773.240000	0.041289614133	
773.440000	0.041295117881	
773.640000	0.041300552171	
773.840000	0.041305918081	
774.040000	0.041311216676	
774.240000	0.041316449004	
774.440000	0.041321616100	
774.640000	0.041326718982	
774.840000	0.041331758653	
775.040000	0.041336736102	
775.240000	0.041341652303	
775.440000	0.041346508216	
775.640000	0.041351304789	
775.840000	0.041356042952	
776.040000	0.041360723624	
776.240000	0.041365347710	
776.440000	0.041369916101	
776.640000	0.041374429677	
776.840000	0.041378889302	
777.040000	0.041383295829	
777.240000	0.041387650097	
777.440000	0.041391952934	
777.640000	0.041396205156	
777.840000	0.041400407565	
778.040000	0.041404560951	
778.240000	0.041408666095	
778.440000	0.041412723763	
778.640000	0.041416734711	
778.840000	0.041420699684	
779.040000	0.041424619415	
779.240000	0.041428494625	
779.440000	0.041432326027	
779.640000	0.041436114320	
779.840000	0.041439860195	
780.040000	0.041443564330	
780.240000	0.041447227394	
780.440000	0.041450850047	
780.640000	0.041454432935	
780.840000	0.041457976699	
781.040000	0.041461481967	
781.240000	0.041464949357	
781.440000	0.041468379479	
781.640000	0.041471772933	
781.840000	0.041475130310	
782.040000	0.041478452191	
782.240000	0.041481739148	
782.440000	0.041484991745	
782.640000	0.041488210535	
782.840000	0.041491396066	
783.040000	0.041494548874	
783.240000	0.041497669487	
783.440000	0.041500758427	
783.640000	0.041503816204	
783.840000	0.041506843323	
784.040000	0.041509840280	
784.240000	0.041512807561	
784.440000	0.041515745648	
784.640000	0.041518655013	
784.840000	0.041521536119	
785.040000	0.041524389425	
785.240000	0.041527215379	
785.440000	0.041530014425	
785.640000	0.041532786996	
785.840000	0.041535533522	
786.040000	0.041538254423	
786.240000	0.041540950113	
786.440000	0.041543621000	
786.640000	0.041546267483	
786.840000	0.041548889957	
787.040000	0.041551488809	
787.240000	0.041554064420	
787.440000	0.041556617163	
787.640000	0.041559147408	
787.840000	0.041561655517	
788.040000	0.041564141845	
788.240000	0.041566606742	
788.440000	0.041569050552	
788.640000	0.041571473613	
788.840000	0.041573876258	
789.040000	0.041576258814	
789.240000	0.041578621601	
789.440000	0.041580964935	
789.640000	0.041583289127	
789.840000	0.041585594482	
790.040000	0.041587881299	
790.240000	0.041590149872	
790.440000	0.041592400491	
790.640000	0.041594633441	
790.840000	0.041596849001	
791.040000	0.041599047446	
791.240000	0.041601229045	
791.440000	0.041603394064	
791.640000	0.041605542762	
791.840000	0.041607675397	
792.040000	0.041609792219	
792.240000	0.041611893476	
792.440000	0.041613979410	
792.640000	0.041616050259	
792.840000	0.041618106258	
793.040000	0.041620147638	
793.240000	0.041622174623	
793.440000	0.041624187436	
793.640000	0.041626186295	
793.840000	0.041628171414	
794.040000	0.041630143004	
794.240000	0.041632101272	
794.440000	0.041634046419	
794.640000	0.041635978647	
794.840000	0.041637898150	
795.040000	0.041639805121	
795.240000	0.041641699748	
795.440000	0.041643582218	
795.640000	0.041645452713	
795.840000	0.041647311411	
796.040000	0.041649158489	
796.240000	0.041650994119	
796.440000	0.041652818470	
796.640000	0.041654631710	
796.840000	0.041656434001	
797.040000	0.041658225504	
797.240000	0.041660006378	
797.440000	0.041661776777	
797.640000	0.041663536852	
797.840000	0.041665286755	
798.040000	0.041667026630	
798.240000	0.041668756624	
798.440000	0.041670476876	
798.640000	0.041672187527	
798.840000	0.041673888712	
799.040000	0.041675580567	
799.240000	0.041677263222	
799.440000	0.041678936807	
799.640000	0.041680601450	
799.840000	0.041682257275	
800.040000	0.041683904404	
800.240000	0.041685542959	
800.440000	0.041687173058	
800.640000	0.041688794816	
800.840000	0.041690408348	
801.040000	0.041692013766	
801.240000	0.041693611181	
801.440000	0.041695200701	
801.640000	0.041696782431	
801.840000	0.041698356477	
802.040000	0.041699922941	
802.240000	0.041701481925	
802.440000	0.041703033526	
802.640000	0.041704577843	
802.840000	0.041706114971	
803.040000	0.041707645004	
803.240000	0.041709168034	
803.440000	0.041710684153	
803.640000	0.041712193449	
803.840000	0.041713696011	
804.040000	0.041715191923	
804.240000	0.041716681272	
804.440000	0.041718164140	
804.640000	0.041719640609	
804.840000	0.041721110759	
805.040000	0.041722574670	
805.240000	0.041724032418	
805.440000	0.041725484081	
805.640000	0.041726929733	
805.840000	0.041728369449	
806.040000	0.041729803300	
806.240000	0.041731231359	
806.440000	0.041732653694	
806.640000	0.041734070376	
806.840000	0.041735481471	
807.040000	0.041736887048	
807.240000	0.041738287170	
807.440000	0.041739681903	
807.640000	0.041741071309	
807.840000	0.041742455452	
808.040000	0.041743834393	
808.240000	0.041745208191	
808.440000	0.041746576907	
808.640000	0.041747940598	
808.840000	0.041749299322	
809.040000	0.041750653136	
809.240000	0.041752002094	
809.440000	0.041753346252	
809.640000	0.041754685664	
809.840000	0.041756020381	
810.040000	0.041757350457	
810.240000	0.041758675942	
810.440000	0.041759996887	
810.640000	0.041761313341	
810.840000	0.041762625354	
811.040000	0.041763932972	
811.240000	0.041765236244	
811.440000	0.041766535216	
811.640000	0.041767829934	
811.840000	0.041769120442	
812.040000	0.041770406785	
812.240000	0.041771689008	
812.440000	0.041772967151	
812.640000	0.041774241259	
812.840000	0.041775511373	
813.040000	0.041776777533	
813.240000	0.041778039780	
813.440000	0.041779298154	
813.640000	0.041780552694	
813.840000	0.041781803438	
814.040000	0.041783050425	
814.240000	0.041784293692	
814.440000	0.041785533275	
814.640000	0.041786769211	
814.840000	0.041788001535	
815.040000	0.041789230283	
815.240000	0.041790455490	
815.440000	0.041791677188	
815.640000	0.041792895413	
815.840000	0.041794110197	
816.040000	0.041795321573	
816.240000	0.041796529572	
816.440000	0.041797734227	
816.640000	0.041798935569	
816.840000	0.041800133628	
817.040000	0.041801328434	
817.240000	0.041802520018	
817.440000	0.041803708409	
817.640000	0.041804893635	
817.840000	0.041806075726	
818.040000	0.041807254709	
818.240000	0.041808430613	
818.440000	0.041809603463	
818.640000	0.041810773289	
818.840000	0.041811940114	
819.040000	0.041813103967	
819.240000	0.041814264873	
819.440000	0.041815422857	
819.640000	0.041816577944	
819.840000	0.041817730159	
820.040000	0.041818879526	
820.240000	0.041820026069	
820.440000	0.041821169812	
820.640000	0.041822310778	
820.840000	0.041823448990	
821.040000	0.041824584471	
821.240000	0.041825717243	
821.440000	0.041826847328	
821.640000	0.041827974747	
821.840000	0.041829099523	
822.040000	0.041830221677	
822.240000	0.041831341228	
822.440000	0.041832458198	
822.640000	0.041833572607	
822.840000	0.041834684475	
823.040000	0.041835793821	
823.240000	0.041836900665	
823.440000	0.041838005027	
823.640000	0.041839106924	
823.840000	0.041840206376	
824.040000	0.041841303401	
824.240000	0.041842398017	
824.440000	0.041843490242	
824.640000	0.041844580093	
824.840000	0.041845667589	
825.040000	0.041846752746	
825.240000	0.041847835581	
825.440000	0.041848916110	
825.640000	0.041849994351	
825.840000	0.041851070319	
826.040000	0.041852144031	
826.240000	0.041853215502	
826.440000	0.041854284748	
826.640000	0.041855351784	
826.840000	0.041856416626	
827.040000	0.041857479288	
827.240000	0.041858539786	
827.440000	0.041859598133	
827.640000	0.041860654345	
827.840000	0.041861708435	
828.040000	0.041862760417	
828.240000	0.041863810306	
828.440000	0.041864858115	
828.640000	0.041865903857	
828.840000	0.041866947546	
829.040000	0.041867989195	
829.240000	0.041869028816	
829.440000	0.041870066423	
829.640000	0.041871102028	
829.840000	0.041872135644	
830.040000	0.041873167282	
830.240000	0.041874196956	
830.440000	0.041875224676	
830.640000	0.041876250455	
830.840000	0.041877274305	
831.040000	0.041878296236	
831.240000	0.041879316261	
831.440000	0.041880334390	
831.640000	0.041881350635	
831.840000	0.041882365007	
832.040000	0.041883377515	
832.240000	0.041884388171	
832.440000	0.041885396986	
832.640000	0.041886403970	
832.840000	0.041887409133	
833.040000	0.041888412484	
833.240000	0.041889414035	
833.440000	0.041890413795	
833.640000	0.041891411774	
833.840000	0.041892407981	
834.040000	0.041893402426	
834.240000	0.041894395117	
834.440000	0.041895386066	
834.640000	0.041896375280	
834.840000	0.041897362768	
835.040000	0.041898348540	
835.240000	0.041899332604	
835.440000	0.041900314969	
835.640000	0.041901295644	
835.840000	0.041902274637	
836.040000	0.041903251956	
836.240000	0.041904227609	
836.440000	0.041905201605	
836.640000	0.041906173953	
836.840000	0.041907144659	
837.040000	0.041908113731	
837.240000	0.041909081178	
837.440000	0.041910047007	
837.640000	0.041911011226	
837.840000	0.041911973841	
838.040000	0.041912934861	
838.240000	0.041913894293	
838.440000	0.041914852144	
838.640000	0.041915808421	
838.840000	0.041916763131	
839.040000	0.041917716282	
839.240000	0.041918667879	
839.440000	0.041919617929	
839.640000	0.041920566441	
839.840000	0.041921513419	
840.040000	0.041922458871	
840.240000	0.041923402802	
840.440000	0.041924345220	
840.640000	0.041925286131	
840.840000	0.041926225541	
841.040000	0.041927163455	
841.240000	0.041928099881	
841.440000	0.041929034824	
841.640000	0.041929968290	
841.840000	0.041930900285	
842.040000	0.041931830815	
842.240000	0.041932759885	
842.440000	0.041933687501	
842.640000	0.041934613669	
842.840000	0.041935538394	
843.040000	0.041936461682	
843.240000	0.041937383538	
843.440000	0.041938303968	
843.640000	0.041939222976	
843.840000	0.041940140567	
844.040000	0.041941056748	
844.240000	0.041941971523	
844.440000	0.041942884898	
844.640000	0.041943796876	
844.840000	0.041944707463	
845.040000	0.041945616665	
845.240000	0.041946524485	
845.440000	0.041947430928	
845.640000	0.041948336000	
845.840000	0.041949239704	
846.040000	0.041950142046	
846.240000	0.041951043029	
846.440000	0.041951942659	
846.640000	0.041952840940	
846.840000	0.041953737876	
847.040000	0.041954633472	
847.240000	0.041955527731	
847.440000	0.041956420658	
847.640000	0.041957312258	
847.840000	0.041958202534	
848.040000	0.041959091490	
848.240000	0.041959979131	
848.440000	0.041960865461	
848.640000	0.041961750483	
848.840000	0.041962634201	
849.040000	0.041963516620	
849.240000	0.041964397743	
849.440000	0.041965277574	
849.640000	0.041966156116	
849.840000	0.041967033374	
850.040000	0.041967909350	
850.240000	0.041968784050	
850.440000	0.041969657475	
850.640000	0.041970529631	
850.840000	0.041971400519	
851.040000	0.041972270145	
851.240000	0.041973138511	
851.440000	0.041974005620	
851.640000	0.041974871476	
851.840000	0.041975736083	
852.040000	0.041976599443	
852.240000	0.041977461560	
852.440000	0.041978322437	
852.640000	0.041979182077	
852.840000	0.041980040484	
853.040000	0.041980897660	
853.240000	0.041981753609	
853.440000	0.041982608333	
853.640000	0.041983461837	
853.840000	0.041984314122	
854.040000	0.041985165192	
854.240000	0.041986015049	
854.440000	0.041986863697	
854.640000	0.041987711138	
854.840000	0.041988557375	
855.040000	0.041989402412	
855.240000	0.041990246250	
855.440000	0.041991088893	
855.640000	0.041991930344	
855.840000	0.041992770604	
856.040000	0.041993609677	
856.240000	0.041994447566	
856.440000	0.041995284272	
856.640000	0.041996119800	
856.840000	0.041996954150	
857.040000	0.041997787326	
857.240000	0.041998619330	
857.440000	0.041999450166	
857.640000	0.042000279834	
857.840000	0.042001108338	
858.040000	0.042001935680	
858.240000	0.042002761863	
858.440000	0.042003586889	
858.640000	0.042004410760	
858.840000	0.042005233478	
859.040000	0.042006055047	
859.240000	0.042006875467	
859.440000	0.042007694743	
859.640000	0.042008512875	
859.840000	0.042009329866	
879.840000	0.042085577814	
899.840000	0.042151895042	
919.840000	0.042209158639	
939.840000	0.042257994721	
959.840000	0.042298920143	
979.840000	0.042332389038	
999.840000	0.042358811537	
1019.840000	0.042378562876	
1039.840000	0.042391988708	
1059.840000	0.042399408808	
1079.840000	0.042401120075	
1099.840000	0.042397397473	
1119.840000	0.042388499142	
1139.840000	0.042374671669	
1159.840000	0.042356146175	
1179.840000	0.042333142276	
1199.840000	0.042305870725	
1219.840000	0.042274535157	
1239.840000	0.042239333370	
1259.840000	0.042200458329	
1279.840000	0.042158098818	
1299.840000	0.042112439784	
1319.840000	0.042063662383	
1339.840000	0.042011943809	
1359.840000	0.041957456944	
1379.840000	0.041900369907	
1399.840000	0.041840845559	
1419.840000	0.041779041014	
1439.840000	0.041715107207	
1459.840000	0.041649188536	
1479.840000	0.041581422600	
1499.840000	0.041511940047	
1519.840000	0.041440864518	
1539.840000	0.041368312685	
1559.840000	0.041294394374	
1579.840000	0.041219212753	
1599.840000	0.041142864572	
1619.840000	0.041065440449	
1639.840000	0.040987025173	
1659.840000	0.040907698032	
1679.840000	0.040827533147	
1699.840000	0.040746599801	
1719.840000	0.040664962769	
1739.840000	0.040582682631	
1759.840000	0.040499816084	
1779.840000	0.040416416223	
1799.840000	0.040332532817	
1819.840000	0.040248212570	
1839.840000	0.040163499349	
1859.840000	0.040078434415	
1879.840000	0.039993056625	
1899.840000	0.039907402618	
1919.840000	0.039821506992	
1939.840000	0.039735402462	
1959.840000	0.039649120003	
1979.840000	0.039562688986	
1999.840000	0.039476137299	
2019.840000	0.039389491452	
2039.840000	0.039302776683	
2059.840000	0.039216017045	
2079.840000	0.039129235491	
2099.840000	0.039042453945	
2119.840000	0.038955693373	
2139.840000	0.038868973844	
2159.840000	0.038782314583	
2179.840000	0.038695734026	
2199.840000	0.038609249860	
2219.840000	0.038522879068	
2239.840000	0.038436637970	
2259.840000	0.038350542248	
2279.840000	0.038264606987	
2299.840000	0.038178846699	
2319.840000	0.038093275348	
2339.840000	0.038007906377	
2359.840000	0.037922752729	
2379.840000	0.037837826864	
2399.840000	0.037753140783	
2419.840000	0.037668706042	
2439.840000	0.037584533768	
2459.840000	0.037500634674	
2479.840000	0.037417019076	
2499.840000	0.037333696899	
