0.000000	3.000000000000	
20.000000	3.000268737716	
40.000000	3.000315336645	
60.000000	3.000319436088	
80.000000	3.000322100769	
100.000000	3.000327639167	
120.000000	3.001532512949	
140.000000	3.012756759074	
160.000000	3.033864626091	
180.000000	3.058404926660	
200.000000	3.084451412806	
220.000000	3.111261097597	
240.000000	3.138539248715	
260.000000	3.166143432571	
280.000000	3.193985291915	
300.000000	3.221998948569	
320.000000	3.250130492332	
340.000000	3.278246632306	
360.000000	3.306194831935	
380.000000	3.334033690363	
400.000000	3.361795665547	
420.000000	3.389482110110	
440.000000	3.417081859754	
460.000000	3.444580673792	
480.000000	3.471964870535	
500.000000	3.499222612826	
520.000000	3.525914706600	
540.000000	3.550675903957	
560.000000	3.573303138766	
580.000000	3.593919774320	
594.120000	3.607375701520	
594.320000	3.607560380373	
594.520000	3.607744905686	
594.720000	3.607929278128	
594.920000	3.608113498382	
595.120000	3.608297567152	
595.320000	3.608481485157	
595.520000	3.608665253139	
595.720000	3.608848871856	
595.920000	3.609032342088	
596.120000	3.609215664639	
596.320000	3.609398840335	
596.520000	3.609581870024	
596.720000	3.609764754583	
596.920000	3.609947494914	
597.120000	3.610130091947	
597.320000	3.610312546641	
597.520000	3.610494859988	
597.720000	3.610677033013	
597.920000	3.610859066775	
598.120000	3.611040962368	
598.320000	3.611222720929	
598.520000	3.611404343633	
598.720000	3.611585831700	
598.920000	3.611767186396	
599.120000	3.611948409035	
599.320000	3.612129500985	
599.520000	3.612310463669	
599.720000	3.612491298568	
599.920000	3.612672007228	
600.120000	3.612852591260	
600.320000	3.613033052350	
600.520000	3.613213392256	
600.720000	3.613393612824	
600.920000	3.613573715985	
601.120000	3.613753703765	
601.320000	3.613933578293	
601.520000	3.614113341810	
601.720000	3.614292996672	
601.920000	3.614472545366	
602.120000	3.614651990519	
602.320000	3.614831334906	
602.520000	3.615010581469	
602.720000	3.615189733327	
602.920000	3.615368793797	
603.120000	3.615547766407	
603.320000	3.615726654920	
603.520000	3.615905463358	
603.720000	3.616084196024	
603.920000	3.616262857539	
604.120000	3.616441452869	
604.320000	3.616619987368	
604.520000	3.616798466821	
604.720000	3.616976897497	
604.920000	3.617155286208	
605.120000	3.617333640378	
605.320000	3.617511968127	
605.520000	3.617690278363	
605.720000	3.617868580899	
605.920000	3.618046886588	
606.120000	3.618225207484	
606.320000	3.618403557041	
606.520000	3.618581950355	
606.720000	3.618760404457	
606.920000	3.618938938686	
607.120000	3.619117575153	
607.320000	3.619296339334	
607.520000	3.619475260842	
607.720000	3.619654374431	
607.920000	3.619833721355	
608.120000	3.620013351212	
608.320000	3.620193324534	
608.520000	3.620373716522	
608.720000	3.620554622601	
608.920000	3.620736167062	
609.120000	3.620918517180	
609.320000	3.621101907867	
609.520000	3.621286688637	
609.720000	3.621473424891	
609.920000	3.621663162615	
610.120000	3.621858418386	
610.320000	3.622075582737	
610.520000	3.622461529136	
610.720000	3.623130513098	
610.920000	3.625551289125	
611.120000	3.635557749266	
611.320000	3.659054393416	
611.520000	3.696138675051	
611.720000	3.741807118047	
611.920000	3.790529753307	
612.120000	3.837858658880	
612.320000	3.879785863604	
612.520000	3.913277994959	
612.720000	3.936523159327	
612.920000	3.950209846864	
613.120000	3.957883183928	
613.320000	3.961797321597	
633.320000	3.733670592641	
641.220000	3.701051511785	
641.420000	3.700480711210	
641.620000	3.699920215193	
641.820000	3.699369879731	
642.020000	3.698829562669	
642.220000	3.698299123676	
642.420000	3.697778424228	
642.620000	3.697267327589	
642.820000	3.696765698795	
643.020000	3.696273404630	
643.220000	3.695790313611	
643.420000	3.695316295971	
643.620000	3.694851223636	
643.820000	3.694394970212	
644.020000	3.693947410962	
644.220000	3.693508422794	
644.420000	3.693077884237	
644.620000	3.692655675428	
644.820000	3.692241678092	
645.020000	3.691835775527	
645.220000	3.691437852584	
645.420000	3.691047795653	
645.620000	3.690665492643	
645.820000	3.690290832968	
646.020000	3.689923707528	
646.220000	3.689564008696	
646.420000	3.689211630299	
646.620000	3.688866467602	
646.820000	3.688528417294	
647.020000	3.688197377471	
647.220000	3.687873247621	
647.420000	3.687555928609	
647.620000	3.687245322660	
647.820000	3.686941333349	
648.020000	3.686643865579	
648.220000	3.686352825572	
648.420000	3.686068120855	
648.620000	3.685789660243	
648.820000	3.685517353825	
649.020000	3.685251112954	
649.220000	3.684990850230	
649.420000	3.684736479490	
649.620000	3.684487915794	
649.820000	3.684245075409	
650.020000	3.684007875803	
650.220000	3.683776235628	
650.420000	3.683550074713	
650.620000	3.683329314046	
650.820000	3.683113875769	
651.020000	3.682903683165	
651.220000	3.682698660649	
651.420000	3.682498733754	
651.620000	3.682303829127	
651.820000	3.682113874516	
652.020000	3.681928798764	
652.220000	3.681748531800	
652.420000	3.681573004628	
652.620000	3.681402149328	
652.820000	3.681235899042	
653.020000	3.681074187973	
653.220000	3.680916951375	
653.420000	3.680764125557	
653.620000	3.680615647874	
653.820000	3.680471456723	
654.020000	3.680331491549	
654.220000	3.680195692839	
654.420000	3.680064002127	
654.620000	3.679936361994	
654.820000	3.679812716076	
655.020000	3.679693009069	
655.220000	3.679577186735	
655.420000	3.679465195919	
655.620000	3.679356984559	
655.820000	3.679252501703	
656.020000	3.679151697534	
656.220000	3.679054523388	
656.420000	3.678960931791	
656.620000	3.678870876492	
656.820000	3.678784312506	
657.020000	3.678701196164	
657.220000	3.678621485173	
657.420000	3.678545138690	
657.620000	3.678472117404	
657.820000	3.678402383642	
658.020000	3.678335901487	
658.220000	3.678272636924	
658.420000	3.678212558025	
658.620000	3.678155635155	
658.820000	3.678101841245	
659.020000	3.678051152115	
659.220000	3.678003546883	
659.420000	3.677959008477	
659.620000	3.677917524290	
659.820000	3.677879087018	
660.020000	3.677843695773	
660.220000	3.677811357544	
660.420000	3.677782089200	
660.620000	3.677755920267	
660.820000	3.677732896898	
661.020000	3.677713087727	
661.220000	3.677696592863	
661.420000	3.677683558376	
661.620000	3.677674201143	
661.820000	3.677668855125	
662.020000	3.677668068109	
662.220000	3.677672842865	
662.420000	3.677685460519	
662.620000	3.677716468390	
662.820000	3.677898726432	
663.020000	3.678398437990	
663.220000	3.680877172290	
663.420000	3.691546224451	
663.620000	3.716620150343	
663.820000	3.755914496068	
664.020000	3.803840955079	
664.220000	3.854365785287	
664.420000	3.902983966489	
664.620000	3.945869801712	
664.820000	3.980260761449	
665.020000	4.004547262967	
665.220000	4.019203621250	
665.420000	4.027526670672	
665.620000	4.031823747680	
665.820000	4.033481994425	
685.820000	3.779895965936	
688.540000	3.764737429589	
688.740000	3.763746032606	
688.940000	3.762770348966	
689.140000	3.761810165796	
689.340000	3.760865272773	
689.540000	3.759935462102	
689.740000	3.759020528494	
689.940000	3.758120269148	
690.140000	3.757234483727	
690.340000	3.756362974335	
690.540000	3.755505545497	
690.740000	3.754662004137	
690.940000	3.753832159555	
691.140000	3.753015823407	
691.340000	3.752212809680	
691.540000	3.751422934673	
691.740000	3.750646016972	
691.940000	3.749881877432	
692.140000	3.749130339150	
692.340000	3.748391227448	
692.540000	3.747664369846	
692.740000	3.746949596046	
692.940000	3.746246737903	
693.140000	3.745555629412	
693.340000	3.744876106676	
693.540000	3.744208007894	
693.740000	3.743551173333	
693.940000	3.742905445309	
694.140000	3.742270668167	
694.340000	3.741646688256	
694.540000	3.741033353910	
694.740000	3.740430515429	
694.940000	3.739838025052	
695.140000	3.739255736944	
695.340000	3.738683507169	
695.540000	3.738121193673	
695.740000	3.737568656260	
695.940000	3.737025756577	
696.140000	3.736492358088	
696.340000	3.735968326059	
696.540000	3.735453527534	
696.740000	3.734947831319	
696.940000	3.734451107959	
697.140000	3.733963229721	
697.340000	3.733484070573	
697.540000	3.733013506167	
697.740000	3.732551413817	
697.940000	3.732097672484	
698.140000	3.731652162755	
698.340000	3.731214766823	
698.540000	3.730785368474	
698.740000	3.730363853063	
698.940000	3.729950107501	
699.140000	3.729544020232	
699.340000	3.729145481222	
699.540000	3.728754381935	
699.740000	3.728370615323	
699.940000	3.727994075800	
700.140000	3.727624659235	
700.340000	3.727262262928	
700.540000	3.726906785597	
700.740000	3.726558127361	
700.940000	3.726216189726	
701.140000	3.725880875564	
701.340000	3.725552089104	
701.540000	3.725229735912	
701.740000	3.724913722879	
701.940000	3.724603958203	
702.140000	3.724300351376	
702.340000	3.724002813172	
702.540000	3.723711255628	
702.740000	3.723425592032	
702.940000	3.723145736912	
703.140000	3.722871606020	
703.340000	3.722603116317	
703.540000	3.722340185965	
703.740000	3.722082734311	
703.940000	3.721830681874	
704.140000	3.721583950337	
704.340000	3.721342462530	
704.540000	3.721106142425	
704.740000	3.720874915117	
704.940000	3.720648706822	
705.140000	3.720427444861	
705.340000	3.720211057651	
705.540000	3.719999474697	
705.740000	3.719792626583	
705.940000	3.719590444961	
706.140000	3.719392862547	
706.340000	3.719199813111	
706.540000	3.719011231470	
706.740000	3.718827053482	
706.940000	3.718647216042	
707.140000	3.718471657076	
707.340000	3.718300315538	
707.540000	3.718133131403	
707.740000	3.717970045672	
707.940000	3.717811000365	
708.140000	3.717655938524	
708.340000	3.717504804212	
708.540000	3.717357542521	
708.740000	3.717214099569	
708.940000	3.717074422514	
709.140000	3.716938459559	
709.340000	3.716806159961	
709.540000	3.716677474048	
709.740000	3.716552353233	
709.940000	3.716430750036	
710.140000	3.716312618107	
710.340000	3.716197912252	
710.540000	3.716086588472	
710.740000	3.715978603998	
710.940000	3.715873917342	
711.140000	3.715772488350	
711.340000	3.715674278271	
711.540000	3.715579249831	
711.740000	3.715487367330	
711.940000	3.715398596749	
712.140000	3.715312905885	
712.340000	3.715230264502	
712.540000	3.715150644530	
712.740000	3.715074020287	
712.940000	3.715000368764	
713.140000	3.714929669971	
713.340000	3.714861907363	
713.540000	3.714797068380	
713.740000	3.714735145126	
713.940000	3.714676135243	
714.140000	3.714620043047	
714.340000	3.714566881035	
714.540000	3.714516671914	
714.740000	3.714469451403	
714.940000	3.714425272196	
715.140000	3.714384209748	
715.340000	3.714346371047	
715.540000	3.714311908529	
715.740000	3.714281043504	
715.940000	3.714254108722	
716.140000	3.714231634423	
716.340000	3.714214552222	
716.540000	3.714204829053	
716.740000	3.714209301342	
716.940000	3.714325196692	
717.140000	3.714747527982	
717.340000	3.716895223465	
717.540000	3.726918466303	
717.740000	3.751775623037	
717.940000	3.791943273197	
718.140000	3.841626283257	
718.340000	3.894035281989	
718.540000	3.944416886142	
718.740000	3.988983102293	
718.940000	4.025037122348	
719.140000	4.051042526699	
719.340000	4.067184659582	
719.540000	4.076500749695	
719.740000	4.081441934745	
719.940000	4.083482380967	
720.140000	4.083591258682	
740.140000	3.814390258883	
743.440000	3.795385893279	
743.640000	3.794382494020	
743.840000	3.793394652787	
744.040000	3.792422155845	
744.240000	3.791464792075	
744.440000	3.790522352957	
744.640000	3.789594632544	
744.840000	3.788681427435	
745.040000	3.787782536754	
745.240000	3.786897762126	
745.440000	3.786026907649	
745.640000	3.785169779873	
745.840000	3.784326187778	
746.040000	3.783495942742	
746.240000	3.782678858524	
746.440000	3.781874751238	
746.640000	3.781083439327	
746.840000	3.780304743540	
747.040000	3.779538486911	
747.240000	3.778784494728	
747.440000	3.778042594517	
747.640000	3.777312616014	
747.840000	3.776594391142	
748.040000	3.775887753987	
748.240000	3.775192540777	
748.440000	3.774508589854	
748.640000	3.773835741658	
748.840000	3.773173838696	
749.040000	3.772522725524	
749.240000	3.771882248724	
749.440000	3.771252256879	
749.640000	3.770632600552	
749.840000	3.770023132264	
750.040000	3.769423706472	
750.240000	3.768834179543	
750.440000	3.768254409738	
750.640000	3.767684257187	
750.840000	3.767123583866	
751.040000	3.766572253581	
751.240000	3.766030131938	
751.440000	3.765497086331	
751.640000	3.764972985915	
751.840000	3.764457701588	
752.040000	3.763951105968	
752.240000	3.763453073377	
752.440000	3.762963479814	
752.640000	3.762482202941	
752.840000	3.762009122061	
753.040000	3.761544118095	
753.240000	3.761087073570	
753.440000	3.760637872590	
753.640000	3.760196400825	
753.840000	3.759762545487	
754.040000	3.759336195313	
754.240000	3.758917240546	
754.440000	3.758505572917	
754.640000	3.758101085625	
754.840000	3.757703673320	
755.040000	3.757313232086	
755.240000	3.756929659421	
755.440000	3.756552854219	
755.640000	3.756182716757	
755.840000	3.755819148673	
756.040000	3.755462052948	
756.240000	3.755111333896	
756.440000	3.754766897139	
756.640000	3.754428649595	
756.840000	3.754096499462	
757.040000	3.753770356198	
757.240000	3.753450130509	
757.440000	3.753135734330	
757.640000	3.752827080812	
757.840000	3.752524084303	
758.040000	3.752226660335	
758.240000	3.751934725610	
758.440000	3.751648197981	
758.640000	3.751366996440	
758.840000	3.751091041102	
759.040000	3.750820253192	
759.240000	3.750554555027	
759.440000	3.750293870007	
759.640000	3.750038122596	
759.840000	3.749787238311	
760.040000	3.749541143706	
760.240000	3.749299766362	
760.440000	3.749063034867	
760.640000	3.748830878812	
760.840000	3.748603228768	
761.040000	3.748380016280	
761.240000	3.748161173851	
761.440000	3.747946634929	
761.640000	3.747736333899	
761.840000	3.747530206061	
762.040000	3.747328187630	
762.240000	3.747130215713	
762.440000	3.746936228303	
762.640000	3.746746164266	
762.840000	3.746559963329	
763.040000	3.746377566068	
763.240000	3.746198913897	
763.440000	3.746023949057	
763.640000	3.745852614606	
763.840000	3.745684854403	
764.040000	3.745520613104	
764.240000	3.745359836147	
764.440000	3.745202469741	
764.640000	3.745048460859	
764.840000	3.744897757224	
765.040000	3.744750307302	
765.240000	3.744606060287	
765.440000	3.744464966099	
765.640000	3.744326975365	
765.840000	3.744192039417	
766.040000	3.744060110277	
766.240000	3.743931140651	
766.440000	3.743805083917	
766.640000	3.743681894120	
766.840000	3.743561525956	
767.040000	3.743443934770	
767.240000	3.743329076544	
767.440000	3.743216907887	
767.640000	3.743107386030	
767.840000	3.743000468813	
768.040000	3.742896114680	
768.240000	3.742794282671	
768.440000	3.742694932409	
768.640000	3.742598024100	
768.840000	3.742503518517	
769.040000	3.742411376996	
769.240000	3.742321561429	
769.440000	3.742234034255	
769.640000	3.742148758451	
769.840000	3.742065697528	
770.040000	3.741984815523	
770.240000	3.741906076987	
770.440000	3.741829446984	
770.640000	3.741754891082	
770.840000	3.741682375344	
771.040000	3.741611866324	
771.240000	3.741543331059	
771.440000	3.741476737060	
771.640000	3.741412052311	
771.840000	3.741349245258	
772.040000	3.741288284804	
772.240000	3.741229140303	
772.440000	3.741171781554	
772.640000	3.741116178792	
772.840000	3.741062302689	
773.040000	3.741010124338	
773.240000	3.740959615258	
773.440000	3.740910747379	
773.640000	3.740863493044	
773.840000	3.740817824996	
774.040000	3.740773716378	
774.240000	3.740731140727	
774.440000	3.740690071965	
774.640000	3.740650484399	
774.840000	3.740612352710	
775.040000	3.740575651954	
775.240000	3.740540357552	
775.440000	3.740506445288	
775.640000	3.740473891302	
775.840000	3.740442672088	
776.040000	3.740412764485	
776.240000	3.740384145679	
776.440000	3.740356793189	
776.640000	3.740330684873	
776.840000	3.740305798915	
777.040000	3.740282113825	
777.240000	3.740259608434	
777.440000	3.740238261889	
777.640000	3.740218053648	
777.840000	3.740198963479	
778.040000	3.740180971454	
778.240000	3.740164057942	
778.440000	3.740148203612	
778.640000	3.740133389421	
778.840000	3.740119596618	
779.040000	3.740106806735	
779.240000	3.740095001582	
779.440000	3.740084163251	
779.640000	3.740074274104	
779.840000	3.740065316772	
780.040000	3.740057274156	
780.240000	3.740050129416	
780.440000	3.740043865974	
780.640000	3.740038467506	
780.840000	3.740033917942	
781.040000	3.740030201461	
781.240000	3.740027302487	
781.440000	3.740025205688	
781.640000	3.740023895971	
781.840000	3.740023358480	
782.040000	3.740023578593	
782.240000	3.740024541916	
782.440000	3.740026234286	
782.640000	3.740028641760	
782.840000	3.740031750621	
783.040000	3.740035547367	
783.240000	3.740040018714	
783.440000	3.740045151589	
783.640000	3.740050933130	
783.840000	3.740057350682	
784.040000	3.740064391795	
784.240000	3.740072044220	
784.440000	3.740080295907	
784.640000	3.740089135004	
784.840000	3.740098549851	
785.040000	3.740108528981	
785.240000	3.740119061113	
785.440000	3.740130135154	
785.640000	3.740141740195	
785.840000	3.740153865507	
786.040000	3.740166500539	
786.240000	3.740179634919	
786.440000	3.740193258445	
786.640000	3.740207361090	
786.840000	3.740221932993	
787.040000	3.740236964460	
787.240000	3.740252445964	
787.440000	3.740268368137	
787.640000	3.740284721772	
787.840000	3.740301497819	
788.040000	3.740318687384	
788.240000	3.740336281725	
788.440000	3.740354272252	
788.640000	3.740372650521	
788.840000	3.740391408237	
789.040000	3.740410537249	
789.240000	3.740430029548	
789.440000	3.740449877263	
789.640000	3.740470072664	
789.840000	3.740490608156	
790.040000	3.740511476276	
790.240000	3.740532669695	
790.440000	3.740554181214	
790.640000	3.740576003759	
790.840000	3.740598130387	
791.040000	3.740620554273	
791.240000	3.740643268719	
791.440000	3.740666267144	
791.640000	3.740689543086	
791.840000	3.740713090201	
792.040000	3.740736902257	
792.240000	3.740760973136	
792.440000	3.740785296831	
792.640000	3.740809867444	
792.840000	3.740834679183	
793.040000	3.740859726364	
793.240000	3.740885003405	
793.440000	3.740910504827	
793.640000	3.740936225249	
793.840000	3.740962159393	
794.040000	3.740988302075	
794.240000	3.741014648207	
794.440000	3.741041192795	
794.640000	3.741067930936	
794.840000	3.741094857821	
795.040000	3.741121968727	
795.240000	3.741149259019	
795.440000	3.741176724149	
795.640000	3.741204359652	
795.840000	3.741232161148	
796.040000	3.741260124337	
796.240000	3.741288245000	
796.440000	3.741316518996	
796.640000	3.741344942262	
796.840000	3.741373510810	
797.040000	3.741402220727	
797.240000	3.741431068174	
797.440000	3.741460049382	
797.640000	3.741489160655	
797.840000	3.741518398364	
798.040000	3.741547758949	
798.240000	3.741577238918	
798.440000	3.741606834841	
798.640000	3.741636543356	
798.840000	3.741666361162	
799.040000	3.741696285021	
799.240000	3.741726311754	
799.440000	3.741756438245	
799.640000	3.741786661434	
799.840000	3.741816978318	
800.040000	3.741847385951	
800.240000	3.741877881443	
800.440000	3.741908461958	
800.640000	3.741939124713	
800.840000	3.741969866976	
801.040000	3.742000686068	
801.240000	3.742031579360	
801.440000	3.742062544270	
801.640000	3.742093578266	
801.840000	3.742124678865	
802.040000	3.742155843627	
802.240000	3.742187070160	
802.440000	3.742218356116	
802.640000	3.742249699190	
802.840000	3.742281097121	
803.040000	3.742312547690	
803.240000	3.742344048719	
803.440000	3.742375598071	
803.640000	3.742407193647	
803.840000	3.742438833389	
804.040000	3.742470515276	
804.240000	3.742502237325	
804.440000	3.742533997590	
804.640000	3.742565794159	
804.840000	3.742597625159	
805.040000	3.742629488748	
805.240000	3.742661383119	
805.440000	3.742693306500	
805.640000	3.742725257148	
805.840000	3.742757233356	
806.040000	3.742789233446	
806.240000	3.742821255771	
806.440000	3.742853298714	
806.640000	3.742885360688	
806.840000	3.742917440136	
807.040000	3.742949535527	
807.240000	3.742981645360	
807.440000	3.743013768160	
807.640000	3.743045902479	
807.840000	3.743078046897	
808.040000	3.743110200016	
808.240000	3.743142360468	
808.440000	3.743174526905	
808.640000	3.743206698007	
808.840000	3.743238872476	
809.040000	3.743271049038	
809.240000	3.743303226441	
809.440000	3.743335403457	
809.640000	3.743367578879	
809.840000	3.743399751522	
810.040000	3.743431920221	
810.240000	3.743464083834	
810.440000	3.743496241238	
810.640000	3.743528391330	
810.840000	3.743560533027	
811.040000	3.743592665265	
811.240000	3.743624786999	
811.440000	3.743656897202	
811.640000	3.743688994868	
811.840000	3.743721079004	
812.040000	3.743753148639	
812.240000	3.743785202816	
812.440000	3.743817240597	
812.640000	3.743849261059	
812.840000	3.743881263297	
813.040000	3.743913246420	
813.240000	3.743945209554	
813.440000	3.743977151840	
813.640000	3.744009072434	
813.840000	3.744040970506	
814.040000	3.744072845243	
814.240000	3.744104695842	
814.440000	3.744136521519	
814.640000	3.744168321500	
814.840000	3.744200095026	
815.040000	3.744231841352	
815.240000	3.744263559743	
815.440000	3.744295249481	
815.640000	3.744326909857	
815.840000	3.744358540177	
816.040000	3.744390139756	
816.240000	3.744421707924	
816.440000	3.744453244021	
816.640000	3.744484747398	
816.840000	3.744516217420	
817.040000	3.744547653460	
817.240000	3.744579054902	
817.440000	3.744610421144	
817.640000	3.744641751591	
817.840000	3.744673045659	
818.040000	3.744704302775	
818.240000	3.744735522377	
818.440000	3.744766703909	
818.640000	3.744797846829	
818.840000	3.744828950601	
819.040000	3.744860014701	
819.240000	3.744891038612	
819.440000	3.744922021827	
819.640000	3.744952963848	
819.840000	3.744983864186	
820.040000	3.745014722358	
820.240000	3.745045537893	
820.440000	3.745076310326	
820.640000	3.745107039200	
820.840000	3.745137724068	
821.040000	3.745168364487	
821.240000	3.745198960027	
821.440000	3.745229510261	
821.640000	3.745260014771	
821.840000	3.745290473147	
822.040000	3.745320884986	
822.240000	3.745351249891	
822.440000	3.745381567474	
822.640000	3.745411837351	
822.840000	3.745442059148	
823.040000	3.745472232495	
823.240000	3.745502357029	
823.440000	3.745532432396	
823.640000	3.745562458244	
823.840000	3.745592434231	
824.040000	3.745622360020	
824.240000	3.745652235278	
824.440000	3.745682059681	
824.640000	3.745711832909	
824.840000	3.745741554648	
825.040000	3.745771224590	
825.240000	3.745800842432	
825.440000	3.745830407878	
825.640000	3.745859920635	
825.840000	3.745889380418	
826.040000	3.745918786944	
826.240000	3.745948139938	
826.440000	3.745977439129	
826.640000	3.746006684251	
826.840000	3.746035875043	
827.040000	3.746065011248	
827.240000	3.746094092614	
827.440000	3.746123118896	
827.640000	3.746152089850	
827.840000	3.746181005240	
828.040000	3.746209864831	
828.240000	3.746238668395	
828.440000	3.746267415707	
828.640000	3.746296106547	
828.840000	3.746324740700	
829.040000	3.746353317952	
829.240000	3.746381838097	
829.440000	3.746410300930	
829.640000	3.746438706251	
829.840000	3.746467053866	
830.040000	3.746495343580	
830.240000	3.746523575206	
830.440000	3.746551748560	
830.640000	3.746579863460	
830.840000	3.746607919729	
831.040000	3.746635917192	
831.240000	3.746663855681	
831.440000	3.746691735027	
831.640000	3.746719555067	
831.840000	3.746747315642	
832.040000	3.746775016593	
832.240000	3.746802657768	
832.440000	3.746830239017	
832.640000	3.746857760191	
832.840000	3.746885221147	
833.040000	3.746912621743	
833.240000	3.746939961842	
833.440000	3.746967241309	
833.640000	3.746994460010	
833.840000	3.747021617818	
834.040000	3.747048714604	
834.240000	3.747075750246	
834.440000	3.747102724623	
834.640000	3.747129637617	
834.840000	3.747156489111	
835.040000	3.747183278993	
835.240000	3.747210007153	
835.440000	3.747236673483	
835.640000	3.747263277877	
835.840000	3.747289820233	
836.040000	3.747316300451	
836.240000	3.747342718433	
836.440000	3.747369074082	
836.640000	3.747395367307	
836.840000	3.747421598016	
837.040000	3.747447766120	
837.240000	3.747473871534	
837.440000	3.747499914172	
837.640000	3.747525893953	
837.840000	3.747551810798	
838.040000	3.747577664628	
838.240000	3.747603455368	
838.440000	3.747629182944	
838.640000	3.747654847285	
838.840000	3.747680448320	
839.040000	3.747705985984	
839.240000	3.747731460209	
839.440000	3.747756870931	
839.640000	3.747782218090	
839.840000	3.747807501625	
840.040000	3.747832721478	
840.240000	3.747857877592	
840.440000	3.747882969913	
840.640000	3.747907998388	
840.840000	3.747932962965	
841.040000	3.747957863595	
841.240000	3.747982700230	
841.440000	3.748007472824	
841.640000	3.748032181333	
841.840000	3.748056825713	
842.040000	3.748081405924	
842.240000	3.748105921924	
842.440000	3.748130373677	
842.640000	3.748154761144	
842.840000	3.748179084291	
843.040000	3.748203343084	
843.240000	3.748227537491	
843.440000	3.748251667480	
843.640000	3.748275733021	
843.840000	3.748299734087	
844.040000	3.748323670651	
844.240000	3.748347542687	
844.440000	3.748371350171	
844.640000	3.748395093080	
844.840000	3.748418771392	
845.040000	3.748442385087	
845.240000	3.748465934145	
845.440000	3.748489418550	
845.640000	3.748512838284	
845.840000	3.748536193331	
846.040000	3.748559483677	
846.240000	3.748582709310	
846.440000	3.748605870216	
846.640000	3.748628966386	
846.840000	3.748651997809	
847.040000	3.748674964476	
847.240000	3.748697866380	
847.440000	3.748720703514	
847.640000	3.748743475872	
847.840000	3.748766183451	
848.040000	3.748788826246	
848.240000	3.748811404254	
848.440000	3.748833917475	
848.640000	3.748856365908	
848.840000	3.748878749552	
849.040000	3.748901068410	
849.240000	3.748923322483	
849.440000	3.748945511774	
849.640000	3.748967636288	
849.840000	3.748989696029	
850.040000	3.749011691003	
850.240000	3.749033621217	
850.440000	3.749055486678	
850.640000	3.749077287394	
850.840000	3.749099023374	
851.040000	3.749120694629	
851.240000	3.749142301169	
851.440000	3.749163843005	
851.640000	3.749185320149	
851.840000	3.749206732616	
852.040000	3.749228080417	
852.240000	3.749249363569	
852.440000	3.749270582085	
852.640000	3.749291735982	
852.840000	3.749312825277	
853.040000	3.749333849986	
853.240000	3.749354810128	
853.440000	3.749375705721	
853.640000	3.749396536785	
853.840000	3.749417303339	
854.040000	3.749438005405	
854.240000	3.749458643003	
854.440000	3.749479216155	
854.640000	3.749499724884	
854.840000	3.749520169212	
855.040000	3.749540549164	
855.240000	3.749560864763	
855.440000	3.749581116034	
855.640000	3.749601303004	
855.840000	3.749621425696	
856.040000	3.749641484139	
856.240000	3.749661478359	
856.440000	3.749681408383	
856.640000	3.749701274241	
856.840000	3.749721075959	
857.040000	3.749740813567	
857.240000	3.749760487096	
857.440000	3.749780096574	
857.640000	3.749799642032	
857.840000	3.749819123503	
858.040000	3.749838541016	
858.240000	3.749857894604	
858.440000	3.749877184299	
858.640000	3.749896410134	
858.840000	3.749915572143	
859.040000	3.749934670359	
859.240000	3.749953704816	
859.440000	3.749972675549	
859.640000	3.749991582593	
859.840000	3.750010425982	
879.840000	3.751580693529	
899.840000	3.752563150681	
919.840000	3.753012244300	
939.840000	3.752980837033	
959.840000	3.752517698180	
979.840000	3.751667116589	
999.840000	3.750469067990	
1019.840000	3.748959535740	
1039.840000	3.747170864953	
1059.840000	3.745132107985	
1079.840000	3.742869345583	
1099.840000	3.740406023269	
1119.840000	3.737763147459	
1139.840000	3.734959441475	
1159.840000	3.732011709921	
1179.840000	3.728934976719	
1199.840000	3.725742631221	
1219.840000	3.722446574613	
1239.840000	3.719057358410	
1259.840000	3.715584312199	
1279.840000	3.712035663959	
1299.840000	3.708418654186	
1319.840000	3.704739644324	
1339.840000	3.701004219522	
1359.840000	3.697217285370	
1379.840000	3.693383158015	
1399.840000	3.689505647082	
1419.840000	3.685588130899	
1439.840000	3.681633623725	
1459.840000	3.677644834941	
1479.840000	3.673624220367	
1499.840000	3.669574026120	
1519.840000	3.665496325560	
1539.840000	3.661393049993	
1559.840000	3.657266013862	
1579.840000	3.653116935153	
1599.840000	3.648947451729	
1619.840000	3.644759134246	
1639.840000	3.640553496241	
1659.840000	3.636332001920	
1679.840000	3.632096072085	
1699.840000	3.627847088583	
1719.840000	3.623586397586	
1739.840000	3.619315311973	
1759.840000	3.615035113015	
1779.840000	3.610747051532	
1799.840000	3.606452348673	
1819.840000	3.602152196406	
1839.840000	3.597847757819	
1859.840000	3.593540167292	
1879.840000	3.589230530586	
1899.840000	3.584919924895	
1919.840000	3.580609398881	
1939.840000	3.576299972720	
1959.840000	3.571992638172	
1979.840000	3.567688358674	
1999.840000	3.563388069481	
2019.840000	3.559092677837	
2039.840000	3.554803063198	
2059.840000	3.550520077488	
2079.840000	3.546244545395	
2099.840000	3.541977264705	
2119.840000	3.537719006670	
2139.840000	3.533470516401	
2159.840000	3.529232513296	
2179.840000	3.525005691480	
2199.840000	3.520790720271	
2219.840000	3.516588244665	
2239.840000	3.512398885826	
2259.840000	3.508223241589	
2279.840000	3.504061886977	
2299.840000	3.499915374714	
2319.840000	3.495784235744	
2339.840000	3.491668979754	
2359.840000	3.487570095694	
2379.840000	3.483488052290	
2399.840000	3.479423298566	
2419.840000	3.475376264345	
2439.840000	3.471347360758	
2459.840000	3.467336980741	
2479.840000	3.463345499519	
2499.840000	3.459373275096	
