0.000000	0.320073266685	
20.000000	0.324335262769	
40.000000	0.324298414768	
60.000000	0.324158658109	
80.000000	0.324074794309	
100.000000	0.324028374352	
120.000000	0.201629807687	
140.000000	0.210723227698	
160.000000	0.227478686329	
180.000000	0.244927144472	
200.000000	0.262065989653	
220.000000	0.278426834460	
240.000000	0.293953355745	
260.000000	0.308693468550	
280.000000	0.322708936409	
300.000000	0.336052792727	
320.000000	0.348766220556	
340.000000	0.361422061819	
360.000000	0.373021527960	
380.000000	0.383865796191	
400.000000	0.394096469263	
420.000000	0.403770523740	
440.000000	0.412914351668	
460.000000	0.421544364308	
480.000000	0.429674661280	
500.000000	0.437319970369	
520.000000	0.450892504187	
540.000000	0.462885859335	
560.000000	0.473213629424	
580.000000	0.482114084417	
594.120000	0.487961143378	
594.320000	0.488046210437	
594.520000	0.488131482854	
594.720000	0.488216970578	
594.920000	0.488302683946	
595.120000	0.488388633704	
595.320000	0.488474831031	
595.520000	0.488561287558	
595.720000	0.488648015396	
595.920000	0.488735027160	
596.120000	0.488822336001	
596.320000	0.488909955635	
596.520000	0.488997900371	
596.720000	0.489086185154	
596.920000	0.489174825597	
597.120000	0.489263838023	
597.320000	0.489353239507	
597.520000	0.489443047924	
597.720000	0.489533282002	
597.920000	0.489623961371	
598.120000	0.489715106625	
598.320000	0.489806739385	
598.520000	0.489898882369	
598.720000	0.489991559464	
598.920000	0.490084795809	
599.120000	0.490178617884	
599.320000	0.490273053603	
599.520000	0.490368132423	
599.720000	0.490463885454	
599.920000	0.490560345587	
600.120000	0.490657547631	
600.320000	0.490755528459	
600.520000	0.490854327181	
600.720000	0.490953985320	
600.920000	0.491054547013	
601.120000	0.491156059237	
601.320000	0.491258572050	
601.520000	0.491362138867	
601.720000	0.491466816760	
601.920000	0.491572666801	
602.120000	0.491679754434	
602.320000	0.491788149902	
602.520000	0.491897928720	
602.720000	0.492009172208	
602.920000	0.492121968100	
603.120000	0.492236411223	
603.320000	0.492352604273	
603.520000	0.492470658705	
603.720000	0.492590695738	
603.920000	0.492712847522	
604.120000	0.492837258474	
604.320000	0.492964086825	
604.520000	0.493093506422	
604.720000	0.493225708821	
604.920000	0.493360905755	
605.120000	0.493499332037	
605.320000	0.493641248996	
605.520000	0.493786948588	
605.720000	0.493936758324	
605.920000	0.494091047224	
606.120000	0.494250233074	
606.320000	0.494414791338	
606.520000	0.494585266189	
606.720000	0.494762284320	
606.920000	0.494946572397	
607.120000	0.495138979390	
607.320000	0.495340505522	
607.520000	0.495552340340	
607.720000	0.495775913627	
607.920000	0.496012964761	
608.120000	0.496265639257	
608.320000	0.496536626500	
608.520000	0.496829362050	
608.720000	0.497148335210	
608.920000	0.497499576602	
609.120000	0.497891472192	
609.320000	0.498336215264	
609.520000	0.498852633776	
609.720000	0.499472417821	
609.920000	0.500256691027	
610.120000	0.501358223428	
610.320000	0.503692754097	
610.520000	0.520072296337	
610.720000	0.523841619524	
610.920000	0.000000676830	
611.120000	0.000000106414	
611.320000	0.000000540543	
611.520000	0.000010023923	
611.720000	0.000161005769	
611.920000	0.000876146465	
612.120000	0.003190014329	
612.320000	0.010151286373	
612.520000	0.028432471233	
612.720000	0.059140715319	
612.920000	0.086196837462	
613.120000	0.116064349213	
613.320000	0.147381441143	
633.320000	0.254447971644	
641.220000	0.264567711374	
641.420000	0.264803139228	
641.620000	0.265037593223	
641.820000	0.265271082326	
642.020000	0.265503615754	
642.220000	0.265735202965	
642.420000	0.265965853646	
642.620000	0.266195577704	
642.820000	0.266424385260	
643.020000	0.266652286641	
643.220000	0.266879292372	
643.420000	0.267105413176	
643.620000	0.267330659965	
643.820000	0.267555043842	
644.020000	0.267778576092	
644.220000	0.268001268189	
644.420000	0.268223131786	
644.620000	0.268444178724	
644.820000	0.268664421026	
645.020000	0.268883870902	
645.220000	0.269102540752	
645.420000	0.269320443166	
645.620000	0.269537590931	
645.820000	0.269753997034	
646.020000	0.269969674668	
646.220000	0.270184637237	
646.420000	0.270398898366	
646.620000	0.270612471905	
646.820000	0.270825371940	
647.020000	0.271037612805	
647.220000	0.271249209086	
647.420000	0.271460175640	
647.620000	0.271670527603	
647.820000	0.271880280406	
648.020000	0.272089449789	
648.220000	0.272298051818	
648.420000	0.272506102902	
648.620000	0.272713619813	
648.820000	0.272920619705	
649.020000	0.273127120139	
649.220000	0.273333139105	
649.420000	0.273538695049	
649.620000	0.273743806900	
649.820000	0.273948494104	
650.020000	0.274152776653	
650.220000	0.274356675121	
650.420000	0.274560210706	
650.620000	0.274763405271	
650.820000	0.274966281385	
651.020000	0.275168862379	
651.220000	0.275371172394	
651.420000	0.275573236445	
651.620000	0.275775080477	
651.820000	0.275976731442	
652.020000	0.276178217371	
652.220000	0.276379567453	
652.420000	0.276580812135	
652.620000	0.276781983210	
652.820000	0.276983113935	
653.020000	0.277184239146	
653.220000	0.277385395389	
653.420000	0.277586621071	
653.620000	0.277787956615	
653.820000	0.277989444642	
654.020000	0.278191130167	
654.220000	0.278393060821	
654.420000	0.278595287096	
654.620000	0.278797862620	
654.820000	0.279000844465	
655.020000	0.279204293493	
655.220000	0.279408274744	
655.420000	0.279612857878	
655.620000	0.279818117678	
655.820000	0.280024134609	
656.020000	0.280230995473	
656.220000	0.280438794149	
656.420000	0.280647632443	
656.620000	0.280857621073	
656.820000	0.281068880809	
657.020000	0.281281543798	
657.220000	0.281495755119	
657.420000	0.281711674601	
657.620000	0.281929478986	
657.820000	0.282149364487	
658.020000	0.282371549859	
658.220000	0.282596280090	
658.420000	0.282823830893	
658.620000	0.283054514182	
658.820000	0.283288684850	
659.020000	0.283526749196	
659.220000	0.283769175538	
659.420000	0.284016507735	
659.620000	0.284269382609	
659.820000	0.284528552752	
660.020000	0.284794916835	
660.220000	0.285069560636	
660.420000	0.285353813739	
660.620000	0.285649329797	
660.820000	0.285958203365	
661.020000	0.286283145711	
661.220000	0.286627760215	
661.420000	0.286996995624	
661.620000	0.287397940333	
661.820000	0.287841334128	
662.020000	0.288344794767	
662.220000	0.288940999257	
662.420000	0.289705687316	
662.620000	0.290966280335	
662.820000	0.298087860023	
663.020000	0.293939517452	
663.220000	0.000000242756	
663.420000	0.000000040596	
663.620000	0.000000220273	
663.820000	0.000004575764	
664.020000	0.000086448997	
664.220000	0.000517015988	
664.420000	0.001897489590	
664.620000	0.005833357500	
664.820000	0.015620135635	
665.020000	0.032588879963	
665.220000	0.048727041528	
665.420000	0.066237643850	
665.620000	0.084845595313	
665.820000	0.102898058939	
685.820000	0.165789205788	
688.540000	0.169209594120	
688.740000	0.169456728908	
688.940000	0.169703204564	
689.140000	0.169949014348	
689.340000	0.170194152425	
689.540000	0.170438613802	
689.740000	0.170682394268	
689.940000	0.170925490333	
690.140000	0.171167899181	
690.340000	0.171409618621	
690.540000	0.171650647044	
690.740000	0.171890983381	
690.940000	0.172130627068	
691.140000	0.172369578009	
691.340000	0.172607836550	
691.540000	0.172845403443	
691.740000	0.173082279825	
691.940000	0.173318467192	
692.140000	0.173553967375	
692.340000	0.173788782521	
692.540000	0.174022915073	
692.740000	0.174256367753	
692.940000	0.174489143544	
693.140000	0.174721245679	
693.340000	0.174952677623	
693.540000	0.175183443063	
693.740000	0.175413545896	
693.940000	0.175642990219	
694.140000	0.175871780318	
694.340000	0.176099920660	
694.540000	0.176327415885	
694.740000	0.176554270800	
694.940000	0.176780490368	
695.140000	0.177006079708	
695.340000	0.177231044086	
695.540000	0.177455388909	
695.740000	0.177679119726	
695.940000	0.177902242217	
696.140000	0.178124762198	
696.340000	0.178346685609	
696.540000	0.178568018521	
696.740000	0.178788767127	
696.940000	0.179008937743	
697.140000	0.179228536810	
697.340000	0.179447570886	
697.540000	0.179666046655	
697.740000	0.179883970917	
697.940000	0.180101350598	
698.140000	0.180318192745	
698.340000	0.180534504529	
698.540000	0.180750293246	
698.740000	0.180965566320	
698.940000	0.181180331306	
699.140000	0.181394595891	
699.340000	0.181608367898	
699.540000	0.181821655291	
699.740000	0.182034466176	
699.940000	0.182246808809	
700.140000	0.182458691600	
700.340000	0.182670123118	
700.540000	0.182881112097	
700.740000	0.183091667444	
700.940000	0.183301798244	
701.140000	0.183511513772	
701.340000	0.183720823494	
701.540000	0.183929737086	
701.740000	0.184138264437	
701.940000	0.184346415660	
702.140000	0.184554201108	
702.340000	0.184761631384	
702.540000	0.184968717351	
702.740000	0.185175470154	
702.940000	0.185381901230	
703.140000	0.185588022325	
703.340000	0.185793845517	
703.540000	0.185999383230	
703.740000	0.186204648259	
703.940000	0.186409653790	
704.140000	0.186614413428	
704.340000	0.186818941222	
704.540000	0.187023251694	
704.740000	0.187227359869	
704.940000	0.187431281311	
705.140000	0.187635032162	
705.340000	0.187838629175	
705.540000	0.188042089764	
705.740000	0.188245432050	
705.940000	0.188448674909	
706.140000	0.188651838035	
706.340000	0.188854941993	
706.540000	0.189058008294	
706.740000	0.189261059464	
706.940000	0.189464119128	
707.140000	0.189667212096	
707.340000	0.189870364463	
707.540000	0.190073603716	
707.740000	0.190276958855	
707.940000	0.190480460523	
708.140000	0.190684141155	
708.340000	0.190888035139	
708.540000	0.191092178999	
708.740000	0.191296611599	
708.940000	0.191501374369	
709.140000	0.191706511560	
709.340000	0.191912070532	
709.540000	0.192118102079	
709.740000	0.192324660796	
709.940000	0.192531805497	
710.140000	0.192739599686	
710.340000	0.192948112108	
710.540000	0.193157417366	
710.740000	0.193367596644	
710.940000	0.193578738536	
711.140000	0.193790940016	
711.340000	0.194004307561	
711.540000	0.194218958480	
711.740000	0.194435022474	
711.940000	0.194652643485	
712.140000	0.194871981914	
712.340000	0.195093217274	
712.540000	0.195316551409	
712.740000	0.195542212413	
712.940000	0.195770459459	
713.140000	0.196001588784	
713.340000	0.196235941206	
713.540000	0.196473911642	
713.740000	0.196715961340	
713.940000	0.196962633794	
714.140000	0.197214575784	
714.340000	0.197472565688	
714.540000	0.197737552325	
714.740000	0.198010709522	
714.940000	0.198293514821	
715.140000	0.198587866689	
715.340000	0.198896265848	
715.540000	0.199222109246	
715.740000	0.199570195643	
715.940000	0.199947664734	
716.140000	0.200365935527	
716.340000	0.200845378470	
716.540000	0.201429900830	
716.740000	0.202268176300	
716.940000	0.205624725868	
717.140000	0.206472648236	
717.340000	0.000000212304	
717.540000	0.000000020006	
717.740000	0.000000087122	
717.940000	0.000001816955	
718.140000	0.000043610011	
718.340000	0.000320137077	
718.540000	0.001239674932	
718.740000	0.003795693441	
718.940000	0.010040995515	
719.140000	0.021477148616	
719.340000	0.033377636375	
719.540000	0.046060948177	
719.740000	0.059741636745	
719.940000	0.073282745442	
720.140000	0.085758638969	
740.140000	0.129340792249	
743.440000	0.133302222906	
743.640000	0.133537837745	
743.840000	0.133772878143	
744.040000	0.134007337758	
744.240000	0.134241210826	
744.440000	0.134474492125	
744.640000	0.134707176931	
744.840000	0.134939260990	
745.040000	0.135170740478	
745.240000	0.135401611978	
745.440000	0.135631872450	
745.640000	0.135861519203	
745.840000	0.136090549875	
746.040000	0.136318962408	
746.240000	0.136546755029	
746.440000	0.136773926231	
746.640000	0.137000474756	
746.840000	0.137226399577	
747.040000	0.137451699881	
747.240000	0.137676375061	
747.440000	0.137900424697	
747.640000	0.138123848545	
747.840000	0.138346646527	
748.040000	0.138568818718	
748.240000	0.138790365337	
748.440000	0.139011286740	
748.640000	0.139231583405	
748.840000	0.139451255931	
749.040000	0.139670305023	
749.240000	0.139888731492	
749.440000	0.140106536240	
749.640000	0.140323720263	
749.840000	0.140540284637	
750.040000	0.140756230514	
750.240000	0.140971559121	
750.440000	0.141186271749	
750.640000	0.141400369752	
750.840000	0.141613854541	
751.040000	0.141826727580	
751.240000	0.142038990382	
751.440000	0.142250644504	
751.640000	0.142461691546	
751.840000	0.142672133143	
752.040000	0.142881970968	
752.240000	0.143091206724	
752.440000	0.143299842140	
752.640000	0.143507878973	
752.840000	0.143715319004	
753.040000	0.143922164030	
753.240000	0.144128415869	
753.440000	0.144334076352	
753.640000	0.144539147327	
753.840000	0.144743630648	
754.040000	0.144947528181	
754.240000	0.145150841797	
754.440000	0.145353573374	
754.640000	0.145555724792	
754.840000	0.145757297932	
755.040000	0.145958294676	
755.240000	0.146158716902	
755.440000	0.146358566488	
755.640000	0.146557845305	
755.840000	0.146756555217	
756.040000	0.146954698083	
756.240000	0.147152275751	
756.440000	0.147349290060	
756.640000	0.147545742838	
756.840000	0.147741635900	
757.040000	0.147936971049	
757.240000	0.148131750070	
757.440000	0.148325974737	
757.640000	0.148519646804	
757.840000	0.148712768010	
758.040000	0.148905340074	
758.240000	0.149097364699	
758.440000	0.149288843563	
758.640000	0.149479778329	
758.840000	0.149670170635	
759.040000	0.149860022098	
759.240000	0.150049334314	
759.440000	0.150238108852	
759.640000	0.150426347261	
759.840000	0.150614051063	
760.040000	0.150801221756	
760.240000	0.150987860814	
760.440000	0.151173969682	
760.640000	0.151359549782	
760.840000	0.151544602506	
761.040000	0.151729129222	
761.240000	0.151913131269	
761.440000	0.152096609958	
761.640000	0.152279566572	
761.840000	0.152462002367	
762.040000	0.152643918570	
762.240000	0.152825316379	
762.440000	0.153006196962	
762.640000	0.153186561460	
762.840000	0.153366410984	
763.040000	0.153545746617	
763.240000	0.153724569410	
763.440000	0.153902880387	
763.640000	0.154080680543	
763.840000	0.154257970843	
764.040000	0.154434752223	
764.240000	0.154611025589	
764.440000	0.154786791820	
764.640000	0.154962051765	
764.840000	0.155136806244	
765.040000	0.155311056051	
765.240000	0.155484801950	
765.440000	0.155658044677	
765.640000	0.155830784942	
765.840000	0.156003023425	
766.040000	0.156174760784	
766.240000	0.156345997645	
766.440000	0.156516734613	
766.640000	0.156686972264	
766.840000	0.156856711152	
767.040000	0.157025951804	
767.240000	0.157194694724	
767.440000	0.157362940394	
767.640000	0.157530689272	
767.840000	0.157697941793	
768.040000	0.157864698375	
768.240000	0.158030959410	
768.440000	0.158196725275	
768.640000	0.158361996324	
768.840000	0.158526772897	
769.040000	0.158691055314	
769.240000	0.158854843880	
769.440000	0.159018138882	
769.640000	0.159180940597	
769.840000	0.159343249286	
770.040000	0.159505065197	
770.240000	0.159666388569	
770.440000	0.159827219629	
770.640000	0.159987558594	
770.840000	0.160147405677	
771.040000	0.160306761081	
771.240000	0.160465625005	
771.440000	0.160623997643	
771.640000	0.160781879185	
771.840000	0.160939269824	
772.040000	0.161096169747	
772.240000	0.161252579146	
772.440000	0.161408498214	
772.640000	0.161563927148	
772.840000	0.161718866151	
773.040000	0.161873315432	
773.240000	0.162027275209	
773.440000	0.162180745709	
773.640000	0.162333727171	
773.840000	0.162486219848	
774.040000	0.162638224003	
774.240000	0.162789739921	
774.440000	0.162940767899	
774.640000	0.163091308257	
774.840000	0.163241361334	
775.040000	0.163390927490	
775.240000	0.163540007112	
775.440000	0.163688600608	
775.640000	0.163836708418	
775.840000	0.163984331006	
776.040000	0.164131468869	
776.240000	0.164278122533	
776.440000	0.164424292561	
776.640000	0.164569979546	
776.840000	0.164715184121	
777.040000	0.164859906954	
777.240000	0.165004148754	
777.440000	0.165147910269	
777.640000	0.165291192291	
777.840000	0.165433995652	
778.040000	0.165576321231	
778.240000	0.165718169952	
778.440000	0.165859542788	
778.640000	0.166000440757	
778.840000	0.166140864929	
779.040000	0.166280816424	
779.240000	0.166420296413	
779.440000	0.166559306121	
779.640000	0.166697846824	
779.840000	0.166835919857	
780.040000	0.166973526605	
780.240000	0.167110668513	
780.440000	0.167247347082	
780.640000	0.167383563868	
780.840000	0.167519320490	
781.040000	0.167654618619	
781.240000	0.167789459991	
781.440000	0.167923846398	
781.640000	0.168057779691	
781.840000	0.168191261783	
782.040000	0.168324294645	
782.240000	0.168456880310	
782.440000	0.168589020868	
782.640000	0.168720718471	
782.840000	0.168851975330	
783.040000	0.168982793714	
783.240000	0.169113175953	
783.440000	0.169243124434	
783.640000	0.169372641603	
783.840000	0.169501729963	
784.040000	0.169630392072	
784.240000	0.169758630548	
784.440000	0.169886448059	
784.640000	0.170013847333	
784.840000	0.170140831145	
785.040000	0.170267402328	
785.240000	0.170393563764	
785.440000	0.170519318382	
785.640000	0.170644669165	
785.840000	0.170769619140	
786.040000	0.170894171381	
786.240000	0.171018329006	
786.440000	0.171142095177	
786.640000	0.171265473098	
786.840000	0.171388466012	
787.040000	0.171511077201	
787.240000	0.171633309984	
787.440000	0.171755167714	
787.640000	0.171876653778	
787.840000	0.171997771595	
788.040000	0.172118524613	
788.240000	0.172238916307	
788.440000	0.172358950180	
788.640000	0.172478629758	
788.840000	0.172597958589	
789.040000	0.172716940240	
789.240000	0.172835578299	
789.440000	0.172953876368	
789.640000	0.173071838065	
789.840000	0.173189467020	
790.040000	0.173306766871	
790.240000	0.173423741268	
790.440000	0.173540393866	
790.640000	0.173656728325	
790.840000	0.173772748306	
791.040000	0.173888457473	
791.240000	0.174003859488	
791.440000	0.174118958010	
791.640000	0.174233756692	
791.840000	0.174348259183	
792.040000	0.174462469120	
792.240000	0.174576390133	
792.440000	0.174690025839	
792.640000	0.174803379840	
792.840000	0.174916455725	
793.040000	0.175029257064	
793.240000	0.175141787409	
793.440000	0.175254050294	
793.640000	0.175366049228	
793.840000	0.175477787700	
794.040000	0.175589269173	
794.240000	0.175700497085	
794.440000	0.175811474846	
794.640000	0.175922205838	
794.840000	0.176032693416	
795.040000	0.176142940900	
795.240000	0.176252951581	
795.440000	0.176362728716	
795.640000	0.176472275529	
795.840000	0.176581595210	
796.040000	0.176690690910	
796.240000	0.176799565746	
796.440000	0.176908222797	
796.640000	0.177016665104	
796.840000	0.177124895670	
797.040000	0.177232917455	
797.240000	0.177340733383	
797.440000	0.177448346335	
797.640000	0.177555759151	
797.840000	0.177662974631	
798.040000	0.177769995529	
798.240000	0.177876824561	
798.440000	0.177983464396	
798.640000	0.178089917665	
798.840000	0.178196186950	
799.040000	0.178302274794	
799.240000	0.178408183693	
799.440000	0.178513916101	
799.640000	0.178619474427	
799.840000	0.178724861038	
800.040000	0.178830078255	
800.240000	0.178935128355	
800.440000	0.179040013573	
800.640000	0.179144736098	
800.840000	0.179249298076	
801.040000	0.179353701612	
801.240000	0.179457948763	
801.440000	0.179562041547	
801.640000	0.179665981937	
801.840000	0.179769771863	
802.040000	0.179873413215	
802.240000	0.179976907840	
802.440000	0.180080257541	
802.640000	0.180183464083	
802.840000	0.180286529188	
803.040000	0.180389454538	
803.240000	0.180492241777	
803.440000	0.180594892505	
803.640000	0.180697408287	
803.840000	0.180799790646	
804.040000	0.180902041069	
804.240000	0.181004161003	
804.440000	0.181106151861	
804.640000	0.181208015016	
804.840000	0.181309751805	
805.040000	0.181411363532	
805.240000	0.181512851463	
805.440000	0.181614216830	
805.640000	0.181715460832	
805.840000	0.181816584632	
806.040000	0.181917589363	
806.240000	0.182018476124	
806.440000	0.182119245981	
806.640000	0.182219899972	
806.840000	0.182320439099	
807.040000	0.182420864340	
807.240000	0.182521176639	
807.440000	0.182621376913	
807.640000	0.182721466049	
807.840000	0.182821444908	
808.040000	0.182921314322	
808.240000	0.183021075097	
808.440000	0.183120728014	
808.640000	0.183220273826	
808.840000	0.183319713262	
809.040000	0.183419047028	
809.240000	0.183518275803	
809.440000	0.183617400245	
809.640000	0.183716420989	
809.840000	0.183815338647	
810.040000	0.183914153809	
810.240000	0.184012867044	
810.440000	0.184111478900	
810.640000	0.184209989906	
810.840000	0.184308400570	
811.040000	0.184406711382	
811.240000	0.184504922811	
811.440000	0.184603035310	
811.640000	0.184701049314	
811.840000	0.184798965239	
812.040000	0.184896783487	
812.240000	0.184994504441	
812.440000	0.185092128470	
812.640000	0.185189655926	
812.840000	0.185287087147	
813.040000	0.185384422456	
813.240000	0.185481662163	
813.440000	0.185578806563	
813.640000	0.185675855937	
813.840000	0.185772810555	
814.040000	0.185869670673	
814.240000	0.185966436536	
814.440000	0.186063108376	
814.640000	0.186159686415	
814.840000	0.186256170862	
815.040000	0.186352561917	
815.240000	0.186448859769	
815.440000	0.186545064598	
815.640000	0.186641176572	
815.840000	0.186737195852	
816.040000	0.186833122589	
816.240000	0.186928956926	
816.440000	0.187024698995	
816.640000	0.187120348924	
816.840000	0.187215906829	
817.040000	0.187311372822	
817.240000	0.187406747006	
817.440000	0.187502029476	
817.640000	0.187597220323	
817.840000	0.187692319628	
818.040000	0.187787327469	
818.240000	0.187882243917	
818.440000	0.187977069035	
818.640000	0.188071802885	
818.840000	0.188166445518	
819.040000	0.188260996986	
819.240000	0.188355457331	
819.440000	0.188449826592	
819.640000	0.188544104806	
819.840000	0.188638292002	
820.040000	0.188732388207	
820.240000	0.188826393443	
820.440000	0.188920307729	
820.640000	0.189014131081	
820.840000	0.189107863510	
821.040000	0.189201505025	
821.240000	0.189295055631	
821.440000	0.189388515331	
821.640000	0.189481884125	
821.840000	0.189575162011	
822.040000	0.189668348981	
822.240000	0.189761445030	
822.440000	0.189854450147	
822.640000	0.189947364320	
822.840000	0.190040187535	
823.040000	0.190132919776	
823.240000	0.190225561025	
823.440000	0.190318111264	
823.640000	0.190410570471	
823.840000	0.190502938624	
824.040000	0.190595215699	
824.240000	0.190687401672	
824.440000	0.190779496517	
824.640000	0.190871500206	
824.840000	0.190963412712	
825.040000	0.191055234005	
825.240000	0.191146964056	
825.440000	0.191238602835	
825.640000	0.191330150310	
825.840000	0.191421606450	
826.040000	0.191512971222	
826.240000	0.191604244594	
826.440000	0.191695426532	
826.640000	0.191786517004	
826.840000	0.191877515975	
827.040000	0.191968423411	
827.240000	0.192059239280	
827.440000	0.192149963546	
827.640000	0.192240596175	
827.840000	0.192331137133	
828.040000	0.192421586385	
828.240000	0.192511943899	
828.440000	0.192602209639	
828.640000	0.192692383572	
828.840000	0.192782465663	
829.040000	0.192872455881	
829.240000	0.192962354191	
829.440000	0.193052160561	
829.640000	0.193141874957	
829.840000	0.193231497349	
830.040000	0.193321027703	
830.240000	0.193410465989	
830.440000	0.193499812176	
830.640000	0.193589066233	
830.840000	0.193678228131	
831.040000	0.193767297839	
831.240000	0.193856275328	
831.440000	0.193945160571	
831.640000	0.194033953539	
831.840000	0.194122654205	
832.040000	0.194211262543	
832.240000	0.194299778526	
832.440000	0.194388202128	
832.640000	0.194476533326	
832.840000	0.194564772094	
833.040000	0.194652918409	
833.240000	0.194740972249	
833.440000	0.194828933591	
833.640000	0.194916802413	
833.840000	0.195004578696	
834.040000	0.195092262418	
834.240000	0.195179853560	
834.440000	0.195267352104	
834.640000	0.195354758031	
834.840000	0.195442071325	
835.040000	0.195529291969	
835.240000	0.195616419947	
835.440000	0.195703455244	
835.640000	0.195790397846	
835.840000	0.195877247739	
836.040000	0.195964004911	
836.240000	0.196050669349	
836.440000	0.196137241042	
836.640000	0.196223719979	
836.840000	0.196310106151	
837.040000	0.196396399548	
837.240000	0.196482600163	
837.440000	0.196568707986	
837.640000	0.196654723013	
837.840000	0.196740645236	
838.040000	0.196826474650	
838.240000	0.196912211250	
838.440000	0.196997855032	
838.640000	0.197083405994	
838.840000	0.197168864132	
839.040000	0.197254229445	
839.240000	0.197339501932	
839.440000	0.197424681592	
839.640000	0.197509768426	
839.840000	0.197594762434	
840.040000	0.197679663619	
840.240000	0.197764471983	
840.440000	0.197849187529	
840.640000	0.197933810261	
840.840000	0.198018340183	
841.040000	0.198102777301	
841.240000	0.198187121619	
841.440000	0.198271373146	
841.640000	0.198355531888	
841.840000	0.198439597852	
842.040000	0.198523571047	
842.240000	0.198607451483	
842.440000	0.198691239169	
842.640000	0.198774934115	
842.840000	0.198858536332	
843.040000	0.198942045832	
843.240000	0.199025462627	
843.440000	0.199108786730	
843.640000	0.199192018155	
843.840000	0.199275156914	
844.040000	0.199358203023	
844.240000	0.199441156498	
844.440000	0.199524017353	
844.640000	0.199606785605	
844.840000	0.199689461271	
845.040000	0.199772044368	
845.240000	0.199854534915	
845.440000	0.199936932930	
845.640000	0.200019238431	
845.840000	0.200101451439	
846.040000	0.200183571974	
846.240000	0.200265600057	
846.440000	0.200347535707	
846.640000	0.200429378948	
846.840000	0.200511129802	
847.040000	0.200592788290	
847.240000	0.200674354437	
847.440000	0.200755828266	
847.640000	0.200837209801	
847.840000	0.200918499066	
848.040000	0.200999696087	
848.240000	0.201080800890	
848.440000	0.201161813500	
848.640000	0.201242733943	
848.840000	0.201323562248	
849.040000	0.201404298440	
849.240000	0.201484942548	
849.440000	0.201565494600	
849.640000	0.201645954625	
849.840000	0.201726322651	
850.040000	0.201806598708	
850.240000	0.201886782826	
850.440000	0.201966875036	
850.640000	0.202046875367	
850.840000	0.202126783851	
851.040000	0.202206600520	
851.240000	0.202286325404	
851.440000	0.202365958537	
851.640000	0.202445499951	
851.840000	0.202524949679	
852.040000	0.202604307754	
852.240000	0.202683574210	
852.440000	0.202762749080	
852.640000	0.202841832400	
852.840000	0.202920824204	
853.040000	0.202999724526	
853.240000	0.203078533403	
853.440000	0.203157250870	
853.640000	0.203235876962	
853.840000	0.203314411717	
854.040000	0.203392855171	
854.240000	0.203471207361	
854.440000	0.203549468325	
854.640000	0.203627638099	
854.840000	0.203705716722	
855.040000	0.203783704231	
855.240000	0.203861600667	
855.440000	0.203939406066	
855.640000	0.204017120468	
855.840000	0.204094743914	
856.040000	0.204172276441	
856.240000	0.204249718090	
856.440000	0.204327068902	
856.640000	0.204404328916	
856.840000	0.204481498174	
857.040000	0.204558576716	
857.240000	0.204635564583	
857.440000	0.204712461818	
857.640000	0.204789268461	
857.840000	0.204865984554	
858.040000	0.204942610141	
858.240000	0.205019145263	
858.440000	0.205095589963	
858.640000	0.205171944284	
858.840000	0.205248208268	
859.040000	0.205324381960	
859.240000	0.205400465404	
859.440000	0.205476458642	
859.640000	0.205552361718	
859.840000	0.205628174678	
879.840000	0.212762721592	
899.840000	0.219048861589	
919.840000	0.224545263694	
939.840000	0.229313451016	
959.840000	0.233415879619	
979.840000	0.236914974061	
999.840000	0.239872544366	
1019.840000	0.242349330414	
1039.840000	0.244404580674	
1059.840000	0.246095622445	
1079.840000	0.247477427554	
1099.840000	0.248602174017	
1119.840000	0.249518883897	
1139.840000	0.250273013756	
1159.840000	0.250906135779	
1179.840000	0.251455728448	
1199.840000	0.251954946641	
1219.840000	0.252432553737	
1239.840000	0.252912946548	
1259.840000	0.253416254131	
1279.840000	0.253958526414	
1299.840000	0.254551996147	
1319.840000	0.255205401147	
1339.840000	0.255924350613	
1359.840000	0.256711718172	
1379.840000	0.257568044728	
1399.840000	0.258491935837	
1419.840000	0.259480440779	
1439.840000	0.260529403514	
1459.840000	0.261633778814	
1479.840000	0.262787909821	
1499.840000	0.263985765809	
1519.840000	0.265221141002	
1539.840000	0.266487816755	
1559.840000	0.267779690399	
1579.840000	0.269090874554	
1599.840000	0.270415770913	
1619.840000	0.271749122398	
1639.840000	0.273086047339	
1659.840000	0.274422059001	
1679.840000	0.275753073343	
1699.840000	0.277075407550	
1719.840000	0.278385771448	
1739.840000	0.279681253592	
1759.840000	0.280959303497	
1779.840000	0.282217711214	
1799.840000	0.283454585218	
1819.840000	0.284668329387	
1839.840000	0.285857619682	
1859.840000	0.287021381004	
1879.840000	0.288158764596	
1899.840000	0.289269126247	
1919.840000	0.290352005507	
1939.840000	0.291407106045	
1959.840000	0.292434277226	
1979.840000	0.293433496956	
1999.840000	0.294404855809	
2019.840000	0.295348542425	
2039.840000	0.296264830145	
2059.840000	0.297154064840	
2079.840000	0.298016653884	
2099.840000	0.298853056203	
2119.840000	0.299663773333	
2139.840000	0.300449341434	
2159.840000	0.301210324173	
2179.840000	0.301947306411	
2199.840000	0.302660888642	
2219.840000	0.303351682104	
2239.840000	0.304020304506	
2259.840000	0.304667376317	
2279.840000	0.305293517556	
2299.840000	0.305899345039	
2319.840000	0.306485470032	
2339.840000	0.307052496263	
2359.840000	0.307601018267	
2379.840000	0.308131620007	
2399.840000	0.308644873753	
2419.840000	0.309141339189	
2439.840000	0.309621562709	
2459.840000	0.310086076887	
2479.840000	0.310535400096	
2499.840000	0.310970036259	
