0.000000	0.000000000095	
20.000000	0.000000000096	
40.000000	0.000000000096	
60.000000	0.000000000096	
80.000000	0.000000000096	
100.000000	0.000000000096	
120.000000	0.000000000072	
140.000000	0.000000000075	
160.000000	0.000000000078	
180.000000	0.000000000080	
200.000000	0.000000000083	
220.000000	0.000000000085	
240.000000	0.000000000087	
260.000000	0.000000000089	
280.000000	0.000000000090	
300.000000	0.000000000092	
320.000000	0.000000000093	
340.000000	0.000000000094	
360.000000	0.000000000096	
380.000000	0.000000000097	
400.000000	0.000000000098	
420.000000	0.000000000098	
440.000000	0.000000000099	
460.000000	0.000000000100	
480.000000	0.000000000101	
500.000000	0.000000000101	
520.000000	0.000000000103	
540.000000	0.000000000105	
560.000000	0.000000000106	
580.000000	0.000000000107	
594.120000	0.000000000108	
594.320000	0.000000000109	
594.520000	0.000000000109	
594.720000	0.000000000109	
594.920000	0.000000000109	
595.120000	0.000000000109	
595.320000	0.000000000109	
595.520000	0.000000000109	
595.720000	0.000000000109	
595.920000	0.000000000109	
596.120000	0.000000000109	
596.320000	0.000000000109	
596.520000	0.000000000109	
596.720000	0.000000000109	
596.920000	0.000000000109	
597.120000	0.000000000109	
597.320000	0.000000000109	
597.520000	0.000000000109	
597.720000	0.000000000109	
597.920000	0.000000000109	
598.120000	0.000000000109	
598.320000	0.000000000109	
598.520000	0.000000000109	
598.720000	0.000000000109	
598.920000	0.000000000109	
599.120000	0.000000000109	
599.320000	0.000000000109	
599.520000	0.000000000109	
599.720000	0.000000000109	
599.920000	0.000000000109	
600.120000	0.000000000109	
600.320000	0.000000000109	
600.520000	0.000000000109	
600.720000	0.000000000109	
600.920000	0.000000000109	
601.120000	0.000000000109	
601.320000	0.000000000109	
601.520000	0.000000000109	
601.720000	0.000000000109	
601.920000	0.000000000109	
602.120000	0.000000000109	
602.320000	0.000000000109	
602.520000	0.000000000109	
602.720000	0.000000000109	
602.920000	0.000000000109	
603.120000	0.000000000109	
603.320000	0.000000000109	
603.520000	0.000000000109	
603.720000	0.000000000109	
603.920000	0.000000000109	
604.120000	0.000000000109	
604.320000	0.000000000110	
604.520000	0.000000000110	
604.720000	0.000000000110	
604.920000	0.000000000110	
605.120000	0.000000000110	
605.320000	0.000000000110	
605.520000	0.000000000110	
605.720000	0.000000000110	
605.920000	0.000000000110	
606.120000	0.000000000110	
606.320000	0.000000000110	
606.520000	0.000000000110	
606.720000	0.000000000110	
606.920000	0.000000000110	
607.120000	0.000000000110	
607.320000	0.000000000110	
607.520000	0.000000000110	
607.720000	0.000000000110	
607.920000	0.000000000110	
608.120000	0.000000000110	
608.320000	0.000000000110	
608.520000	0.000000000110	
608.720000	0.000000000111	
608.920000	0.000000000111	
609.120000	0.000000000111	
609.320000	0.000000000111	
609.520000	0.000000000111	
609.720000	0.000000000112	
609.920000	0.000000000112	
610.120000	0.000000000113	
610.320000	0.000000000119	
610.520000	0.000000000144	
610.720000	0.000000000186	
610.920000	0.000000000331	
611.120000	0.000000000350	
611.320000	0.000000000332	
611.520000	0.000000000299	
611.720000	0.000000000268	
611.920000	0.000000000248	
612.120000	0.000000000230	
612.320000	0.000000000212	
612.520000	0.000000000188	
612.720000	0.000000000155	
612.920000	0.000000000129	
613.120000	0.000000000115	
613.320000	0.000000000107	
633.320000	0.000000000129	
641.220000	0.000000000142	
641.420000	0.000000000143	
641.620000	0.000000000143	
641.820000	0.000000000143	
642.020000	0.000000000144	
642.220000	0.000000000144	
642.420000	0.000000000144	
642.620000	0.000000000145	
642.820000	0.000000000145	
643.020000	0.000000000145	
643.220000	0.000000000146	
643.420000	0.000000000146	
643.620000	0.000000000146	
643.820000	0.000000000146	
644.020000	0.000000000147	
644.220000	0.000000000147	
644.420000	0.000000000147	
644.620000	0.000000000148	
644.820000	0.000000000148	
645.020000	0.000000000148	
645.220000	0.000000000149	
645.420000	0.000000000149	
645.620000	0.000000000149	
645.820000	0.000000000149	
646.020000	0.000000000150	
646.220000	0.000000000150	
646.420000	0.000000000150	
646.620000	0.000000000151	
646.820000	0.000000000151	
647.020000	0.000000000151	
647.220000	0.000000000152	
647.420000	0.000000000152	
647.620000	0.000000000152	
647.820000	0.000000000152	
648.020000	0.000000000153	
648.220000	0.000000000153	
648.420000	0.000000000153	
648.620000	0.000000000154	
648.820000	0.000000000154	
649.020000	0.000000000154	
649.220000	0.000000000154	
649.420000	0.000000000155	
649.620000	0.000000000155	
649.820000	0.000000000155	
650.020000	0.000000000156	
650.220000	0.000000000156	
650.420000	0.000000000156	
650.620000	0.000000000156	
650.820000	0.000000000157	
651.020000	0.000000000157	
651.220000	0.000000000157	
651.420000	0.000000000158	
651.620000	0.000000000158	
651.820000	0.000000000158	
652.020000	0.000000000159	
652.220000	0.000000000159	
652.420000	0.000000000159	
652.620000	0.000000000159	
652.820000	0.000000000160	
653.020000	0.000000000160	
653.220000	0.000000000160	
653.420000	0.000000000161	
653.620000	0.000000000161	
653.820000	0.000000000161	
654.020000	0.000000000161	
654.220000	0.000000000162	
654.420000	0.000000000162	
654.620000	0.000000000162	
654.820000	0.000000000163	
655.020000	0.000000000163	
655.220000	0.000000000163	
655.420000	0.000000000163	
655.620000	0.000000000164	
655.820000	0.000000000164	
656.020000	0.000000000164	
656.220000	0.000000000165	
656.420000	0.000000000165	
656.620000	0.000000000165	
656.820000	0.000000000165	
657.020000	0.000000000166	
657.220000	0.000000000166	
657.420000	0.000000000166	
657.620000	0.000000000167	
657.820000	0.000000000167	
658.020000	0.000000000167	
658.220000	0.000000000167	
658.420000	0.000000000168	
658.620000	0.000000000168	
658.820000	0.000000000168	
659.020000	0.000000000169	
659.220000	0.000000000169	
659.420000	0.000000000169	
659.620000	0.000000000170	
659.820000	0.000000000170	
660.020000	0.000000000170	
660.220000	0.000000000171	
660.420000	0.000000000171	
660.620000	0.000000000171	
660.820000	0.000000000172	
661.020000	0.000000000172	
661.220000	0.000000000173	
661.420000	0.000000000173	
661.620000	0.000000000174	
661.820000	0.000000000174	
662.020000	0.000000000175	
662.220000	0.000000000176	
662.420000	0.000000000177	
662.620000	0.000000000183	
662.820000	0.000000000223	
663.020000	0.000000000294	
663.220000	0.000000000524	
663.420000	0.000000000555	
663.620000	0.000000000525	
663.820000	0.000000000472	
664.020000	0.000000000421	
664.220000	0.000000000387	
664.420000	0.000000000360	
664.620000	0.000000000332	
664.820000	0.000000000298	
665.020000	0.000000000251	
665.220000	0.000000000210	
665.420000	0.000000000187	
665.620000	0.000000000173	
665.820000	0.000000000165	
685.820000	0.000000000230	
688.540000	0.000000000241	
688.740000	0.000000000242	
688.940000	0.000000000242	
689.140000	0.000000000243	
689.340000	0.000000000244	
689.540000	0.000000000245	
689.740000	0.000000000246	
689.940000	0.000000000246	
690.140000	0.000000000247	
690.340000	0.000000000248	
690.540000	0.000000000249	
690.740000	0.000000000249	
690.940000	0.000000000250	
691.140000	0.000000000251	
691.340000	0.000000000252	
691.540000	0.000000000253	
691.740000	0.000000000253	
691.940000	0.000000000254	
692.140000	0.000000000255	
692.340000	0.000000000256	
692.540000	0.000000000256	
692.740000	0.000000000257	
692.940000	0.000000000258	
693.140000	0.000000000259	
693.340000	0.000000000259	
693.540000	0.000000000260	
693.740000	0.000000000261	
693.940000	0.000000000262	
694.140000	0.000000000262	
694.340000	0.000000000263	
694.540000	0.000000000264	
694.740000	0.000000000265	
694.940000	0.000000000265	
695.140000	0.000000000266	
695.340000	0.000000000267	
695.540000	0.000000000268	
695.740000	0.000000000268	
695.940000	0.000000000269	
696.140000	0.000000000270	
696.340000	0.000000000271	
696.540000	0.000000000271	
696.740000	0.000000000272	
696.940000	0.000000000273	
697.140000	0.000000000273	
697.340000	0.000000000274	
697.540000	0.000000000275	
697.740000	0.000000000276	
697.940000	0.000000000276	
698.140000	0.000000000277	
698.340000	0.000000000278	
698.540000	0.000000000279	
698.740000	0.000000000279	
698.940000	0.000000000280	
699.140000	0.000000000281	
699.340000	0.000000000281	
699.540000	0.000000000282	
699.740000	0.000000000283	
699.940000	0.000000000284	
700.140000	0.000000000284	
700.340000	0.000000000285	
700.540000	0.000000000286	
700.740000	0.000000000286	
700.940000	0.000000000287	
701.140000	0.000000000288	
701.340000	0.000000000288	
701.540000	0.000000000289	
701.740000	0.000000000290	
701.940000	0.000000000291	
702.140000	0.000000000291	
702.340000	0.000000000292	
702.540000	0.000000000293	
702.740000	0.000000000293	
702.940000	0.000000000294	
703.140000	0.000000000295	
703.340000	0.000000000295	
703.540000	0.000000000296	
703.740000	0.000000000297	
703.940000	0.000000000298	
704.140000	0.000000000298	
704.340000	0.000000000299	
704.540000	0.000000000300	
704.740000	0.000000000300	
704.940000	0.000000000301	
705.140000	0.000000000302	
705.340000	0.000000000302	
705.540000	0.000000000303	
705.740000	0.000000000304	
705.940000	0.000000000304	
706.140000	0.000000000305	
706.340000	0.000000000306	
706.540000	0.000000000307	
706.740000	0.000000000307	
706.940000	0.000000000308	
707.140000	0.000000000309	
707.340000	0.000000000309	
707.540000	0.000000000310	
707.740000	0.000000000311	
707.940000	0.000000000311	
708.140000	0.000000000312	
708.340000	0.000000000313	
708.540000	0.000000000313	
708.740000	0.000000000314	
708.940000	0.000000000315	
709.140000	0.000000000315	
709.340000	0.000000000316	
709.540000	0.000000000317	
709.740000	0.000000000317	
709.940000	0.000000000318	
710.140000	0.000000000319	
710.340000	0.000000000319	
710.540000	0.000000000320	
710.740000	0.000000000321	
710.940000	0.000000000322	
711.140000	0.000000000322	
711.340000	0.000000000323	
711.540000	0.000000000324	
711.740000	0.000000000324	
711.940000	0.000000000325	
712.140000	0.000000000326	
712.340000	0.000000000326	
712.540000	0.000000000327	
712.740000	0.000000000328	
712.940000	0.000000000329	
713.140000	0.000000000329	
713.340000	0.000000000330	
713.540000	0.000000000331	
713.740000	0.000000000332	
713.940000	0.000000000332	
714.140000	0.000000000333	
714.340000	0.000000000334	
714.540000	0.000000000335	
714.740000	0.000000000336	
714.940000	0.000000000337	
715.140000	0.000000000338	
715.340000	0.000000000339	
715.540000	0.000000000340	
715.740000	0.000000000341	
715.940000	0.000000000342	
716.140000	0.000000000344	
716.340000	0.000000000345	
716.540000	0.000000000348	
716.740000	0.000000000356	
716.940000	0.000000000424	
717.140000	0.000000000552	
717.340000	0.000000001014	
717.540000	0.000000001094	
717.740000	0.000000001046	
717.940000	0.000000000942	
718.140000	0.000000000832	
718.340000	0.000000000760	
718.540000	0.000000000706	
718.740000	0.000000000653	
718.940000	0.000000000589	
719.140000	0.000000000503	
719.340000	0.000000000422	
719.540000	0.000000000376	
719.740000	0.000000000345	
719.940000	0.000000000327	
720.140000	0.000000000317	
740.140000	0.000000000445	
743.440000	0.000000000470	
743.640000	0.000000000471	
743.840000	0.000000000473	
744.040000	0.000000000474	
744.240000	0.000000000476	
744.440000	0.000000000477	
744.640000	0.000000000479	
744.840000	0.000000000480	
745.040000	0.000000000482	
745.240000	0.000000000483	
745.440000	0.000000000484	
745.640000	0.000000000486	
745.840000	0.000000000487	
746.040000	0.000000000489	
746.240000	0.000000000490	
746.440000	0.000000000492	
746.640000	0.000000000493	
746.840000	0.000000000494	
747.040000	0.000000000496	
747.240000	0.000000000497	
747.440000	0.000000000499	
747.640000	0.000000000500	
747.840000	0.000000000501	
748.040000	0.000000000503	
748.240000	0.000000000504	
748.440000	0.000000000506	
748.640000	0.000000000507	
748.840000	0.000000000508	
749.040000	0.000000000510	
749.240000	0.000000000511	
749.440000	0.000000000513	
749.640000	0.000000000514	
749.840000	0.000000000515	
750.040000	0.000000000517	
750.240000	0.000000000518	
750.440000	0.000000000519	
750.640000	0.000000000521	
750.840000	0.000000000522	
751.040000	0.000000000523	
751.240000	0.000000000525	
751.440000	0.000000000526	
751.640000	0.000000000527	
751.840000	0.000000000529	
752.040000	0.000000000530	
752.240000	0.000000000531	
752.440000	0.000000000533	
752.640000	0.000000000534	
752.840000	0.000000000535	
753.040000	0.000000000537	
753.240000	0.000000000538	
753.440000	0.000000000539	
753.640000	0.000000000540	
753.840000	0.000000000542	
754.040000	0.000000000543	
754.240000	0.000000000544	
754.440000	0.000000000546	
754.640000	0.000000000547	
754.840000	0.000000000548	
755.040000	0.000000000549	
755.240000	0.000000000551	
755.440000	0.000000000552	
755.640000	0.000000000553	
755.840000	0.000000000554	
756.040000	0.000000000556	
756.240000	0.000000000557	
756.440000	0.000000000558	
756.640000	0.000000000559	
756.840000	0.000000000561	
757.040000	0.000000000562	
757.240000	0.000000000563	
757.440000	0.000000000564	
757.640000	0.000000000566	
757.840000	0.000000000567	
758.040000	0.000000000568	
758.240000	0.000000000569	
758.440000	0.000000000571	
758.640000	0.000000000572	
758.840000	0.000000000573	
759.040000	0.000000000574	
759.240000	0.000000000575	
759.440000	0.000000000577	
759.640000	0.000000000578	
759.840000	0.000000000579	
760.040000	0.000000000580	
760.240000	0.000000000581	
760.440000	0.000000000582	
760.640000	0.000000000584	
760.840000	0.000000000585	
761.040000	0.000000000586	
761.240000	0.000000000587	
761.440000	0.000000000588	
761.640000	0.000000000589	
761.840000	0.000000000591	
762.040000	0.000000000592	
762.240000	0.000000000593	
762.440000	0.000000000594	
762.640000	0.000000000595	
762.840000	0.000000000596	
763.040000	0.000000000597	
763.240000	0.000000000599	
763.440000	0.000000000600	
763.640000	0.000000000601	
763.840000	0.000000000602	
764.040000	0.000000000603	
764.240000	0.000000000604	
764.440000	0.000000000605	
764.640000	0.000000000606	
764.840000	0.000000000608	
765.040000	0.000000000609	
765.240000	0.000000000610	
765.440000	0.000000000611	
765.640000	0.000000000612	
765.840000	0.000000000613	
766.040000	0.000000000614	
766.240000	0.000000000615	
766.440000	0.000000000616	
766.640000	0.000000000617	
766.840000	0.000000000618	
767.040000	0.000000000619	
767.240000	0.000000000621	
767.440000	0.000000000622	
767.640000	0.000000000623	
767.840000	0.000000000624	
768.040000	0.000000000625	
768.240000	0.000000000626	
768.440000	0.000000000627	
768.640000	0.000000000628	
768.840000	0.000000000629	
769.040000	0.000000000630	
769.240000	0.000000000631	
769.440000	0.000000000632	
769.640000	0.000000000633	
769.840000	0.000000000634	
770.040000	0.000000000635	
770.240000	0.000000000636	
770.440000	0.000000000637	
770.640000	0.000000000638	
770.840000	0.000000000639	
771.040000	0.000000000640	
771.240000	0.000000000641	
771.440000	0.000000000642	
771.640000	0.000000000643	
771.840000	0.000000000644	
772.040000	0.000000000645	
772.240000	0.000000000646	
772.440000	0.000000000647	
772.640000	0.000000000648	
772.840000	0.000000000649	
773.040000	0.000000000650	
773.240000	0.000000000651	
773.440000	0.000000000652	
773.640000	0.000000000653	
773.840000	0.000000000654	
774.040000	0.000000000655	
774.240000	0.000000000656	
774.440000	0.000000000656	
774.640000	0.000000000657	
774.840000	0.000000000658	
775.040000	0.000000000659	
775.240000	0.000000000660	
775.440000	0.000000000661	
775.640000	0.000000000662	
775.840000	0.000000000663	
776.040000	0.000000000664	
776.240000	0.000000000665	
776.440000	0.000000000666	
776.640000	0.000000000667	
776.840000	0.000000000667	
777.040000	0.000000000668	
777.240000	0.000000000669	
777.440000	0.000000000670	
777.640000	0.000000000671	
777.840000	0.000000000672	
778.040000	0.000000000673	
778.240000	0.000000000674	
778.440000	0.000000000675	
778.640000	0.000000000675	
778.840000	0.000000000676	
779.040000	0.000000000677	
779.240000	0.000000000678	
779.440000	0.000000000679	
779.640000	0.000000000680	
779.840000	0.000000000681	
780.040000	0.000000000681	
780.240000	0.000000000682	
780.440000	0.000000000683	
780.640000	0.000000000684	
780.840000	0.000000000685	
781.040000	0.000000000686	
781.240000	0.000000000686	
781.440000	0.000000000687	
781.640000	0.000000000688	
781.840000	0.000000000689	
782.040000	0.000000000690	
782.240000	0.000000000690	
782.440000	0.000000000691	
782.640000	0.000000000692	
782.840000	0.000000000693	
783.040000	0.000000000694	
783.240000	0.000000000694	
783.440000	0.000000000695	
783.640000	0.000000000696	
783.840000	0.000000000697	
784.040000	0.000000000698	
784.240000	0.000000000698	
784.440000	0.000000000699	
784.640000	0.000000000700	
784.840000	0.000000000701	
785.040000	0.000000000701	
785.240000	0.000000000702	
785.440000	0.000000000703	
785.640000	0.000000000704	
785.840000	0.000000000704	
786.040000	0.000000000705	
786.240000	0.000000000706	
786.440000	0.000000000707	
786.640000	0.000000000707	
786.840000	0.000000000708	
787.040000	0.000000000709	
787.240000	0.000000000710	
787.440000	0.000000000710	
787.640000	0.000000000711	
787.840000	0.000000000712	
788.040000	0.000000000712	
788.240000	0.000000000713	
788.440000	0.000000000714	
788.640000	0.000000000715	
788.840000	0.000000000715	
789.040000	0.000000000716	
789.240000	0.000000000717	
789.440000	0.000000000717	
789.640000	0.000000000718	
789.840000	0.000000000719	
790.040000	0.000000000719	
790.240000	0.000000000720	
790.440000	0.000000000721	
790.640000	0.000000000721	
790.840000	0.000000000722	
791.040000	0.000000000723	
791.240000	0.000000000723	
791.440000	0.000000000724	
791.640000	0.000000000725	
791.840000	0.000000000725	
792.040000	0.000000000726	
792.240000	0.000000000727	
792.440000	0.000000000727	
792.640000	0.000000000728	
792.840000	0.000000000729	
793.040000	0.000000000729	
793.240000	0.000000000730	
793.440000	0.000000000731	
793.640000	0.000000000731	
793.840000	0.000000000732	
794.040000	0.000000000733	
794.240000	0.000000000733	
794.440000	0.000000000734	
794.640000	0.000000000734	
794.840000	0.000000000735	
795.040000	0.000000000736	
795.240000	0.000000000736	
795.440000	0.000000000737	
795.640000	0.000000000737	
795.840000	0.000000000738	
796.040000	0.000000000739	
796.240000	0.000000000739	
796.440000	0.000000000740	
796.640000	0.000000000740	
796.840000	0.000000000741	
797.040000	0.000000000742	
797.240000	0.000000000742	
797.440000	0.000000000743	
797.640000	0.000000000743	
797.840000	0.000000000744	
798.040000	0.000000000745	
798.240000	0.000000000745	
798.440000	0.000000000746	
798.640000	0.000000000746	
798.840000	0.000000000747	
799.040000	0.000000000747	
799.240000	0.000000000748	
799.440000	0.000000000749	
799.640000	0.000000000749	
799.840000	0.000000000750	
800.040000	0.000000000750	
800.240000	0.000000000751	
800.440000	0.000000000751	
800.640000	0.000000000752	
800.840000	0.000000000753	
801.040000	0.000000000753	
801.240000	0.000000000754	
801.440000	0.000000000754	
801.640000	0.000000000755	
801.840000	0.000000000755	
802.040000	0.000000000756	
802.240000	0.000000000756	
802.440000	0.000000000757	
802.640000	0.000000000757	
802.840000	0.000000000758	
803.040000	0.000000000758	
803.240000	0.000000000759	
803.440000	0.000000000759	
803.640000	0.000000000760	
803.840000	0.000000000760	
804.040000	0.000000000761	
804.240000	0.000000000762	
804.440000	0.000000000762	
804.640000	0.000000000763	
804.840000	0.000000000763	
805.040000	0.000000000764	
805.240000	0.000000000764	
805.440000	0.000000000765	
805.640000	0.000000000765	
805.840000	0.000000000766	
806.040000	0.000000000766	
806.240000	0.000000000767	
806.440000	0.000000000767	
806.640000	0.000000000767	
806.840000	0.000000000768	
807.040000	0.000000000768	
807.240000	0.000000000769	
807.440000	0.000000000769	
807.640000	0.000000000770	
807.840000	0.000000000770	
808.040000	0.000000000771	
808.240000	0.000000000771	
808.440000	0.000000000772	
808.640000	0.000000000772	
808.840000	0.000000000773	
809.040000	0.000000000773	
809.240000	0.000000000774	
809.440000	0.000000000774	
809.640000	0.000000000775	
809.840000	0.000000000775	
810.040000	0.000000000775	
810.240000	0.000000000776	
810.440000	0.000000000776	
810.640000	0.000000000777	
810.840000	0.000000000777	
811.040000	0.000000000778	
811.240000	0.000000000778	
811.440000	0.000000000779	
811.640000	0.000000000779	
811.840000	0.000000000779	
812.040000	0.000000000780	
812.240000	0.000000000780	
812.440000	0.000000000781	
812.640000	0.000000000781	
812.840000	0.000000000782	
813.040000	0.000000000782	
813.240000	0.000000000782	
813.440000	0.000000000783	
813.640000	0.000000000783	
813.840000	0.000000000784	
814.040000	0.000000000784	
814.240000	0.000000000784	
814.440000	0.000000000785	
814.640000	0.000000000785	
814.840000	0.000000000786	
815.040000	0.000000000786	
815.240000	0.000000000786	
815.440000	0.000000000787	
815.640000	0.000000000787	
815.840000	0.000000000788	
816.040000	0.000000000788	
816.240000	0.000000000788	
816.440000	0.000000000789	
816.640000	0.000000000789	
816.840000	0.000000000790	
817.040000	0.000000000790	
817.240000	0.000000000790	
817.440000	0.000000000791	
817.640000	0.000000000791	
817.840000	0.000000000792	
818.040000	0.000000000792	
818.240000	0.000000000792	
818.440000	0.000000000793	
818.640000	0.000000000793	
818.840000	0.000000000793	
819.040000	0.000000000794	
819.240000	0.000000000794	
819.440000	0.000000000794	
819.640000	0.000000000795	
819.840000	0.000000000795	
820.040000	0.000000000796	
820.240000	0.000000000796	
820.440000	0.000000000796	
820.640000	0.000000000797	
820.840000	0.000000000797	
821.040000	0.000000000797	
821.240000	0.000000000798	
821.440000	0.000000000798	
821.640000	0.000000000798	
821.840000	0.000000000799	
822.040000	0.000000000799	
822.240000	0.000000000799	
822.440000	0.000000000800	
822.640000	0.000000000800	
822.840000	0.000000000800	
823.040000	0.000000000801	
823.240000	0.000000000801	
823.440000	0.000000000801	
823.640000	0.000000000802	
823.840000	0.000000000802	
824.040000	0.000000000802	
824.240000	0.000000000803	
824.440000	0.000000000803	
824.640000	0.000000000803	
824.840000	0.000000000803	
825.040000	0.000000000804	
825.240000	0.000000000804	
825.440000	0.000000000804	
825.640000	0.000000000805	
825.840000	0.000000000805	
826.040000	0.000000000805	
826.240000	0.000000000806	
826.440000	0.000000000806	
826.640000	0.000000000806	
826.840000	0.000000000806	
827.040000	0.000000000807	
827.240000	0.000000000807	
827.440000	0.000000000807	
827.640000	0.000000000808	
827.840000	0.000000000808	
828.040000	0.000000000808	
828.240000	0.000000000808	
828.440000	0.000000000809	
828.640000	0.000000000809	
828.840000	0.000000000809	
829.040000	0.000000000810	
829.240000	0.000000000810	
829.440000	0.000000000810	
829.640000	0.000000000810	
829.840000	0.000000000811	
830.040000	0.000000000811	
830.240000	0.000000000811	
830.440000	0.000000000811	
830.640000	0.000000000812	
830.840000	0.000000000812	
831.040000	0.000000000812	
831.240000	0.000000000812	
831.440000	0.000000000813	
831.640000	0.000000000813	
831.840000	0.000000000813	
832.040000	0.000000000813	
832.240000	0.000000000814	
832.440000	0.000000000814	
832.640000	0.000000000814	
832.840000	0.000000000814	
833.040000	0.000000000815	
833.240000	0.000000000815	
833.440000	0.000000000815	
833.640000	0.000000000815	
833.840000	0.000000000816	
834.040000	0.000000000816	
834.240000	0.000000000816	
834.440000	0.000000000816	
834.640000	0.000000000816	
834.840000	0.000000000817	
835.040000	0.000000000817	
835.240000	0.000000000817	
835.440000	0.000000000817	
835.640000	0.000000000818	
835.840000	0.000000000818	
836.040000	0.000000000818	
836.240000	0.000000000818	
836.440000	0.000000000818	
836.640000	0.000000000819	
836.840000	0.000000000819	
837.040000	0.000000000819	
837.240000	0.000000000819	
837.440000	0.000000000819	
837.640000	0.000000000820	
837.840000	0.000000000820	
838.040000	0.000000000820	
838.240000	0.000000000820	
838.440000	0.000000000820	
838.640000	0.000000000821	
838.840000	0.000000000821	
839.040000	0.000000000821	
839.240000	0.000000000821	
839.440000	0.000000000821	
839.640000	0.000000000821	
839.840000	0.000000000822	
840.040000	0.000000000822	
840.240000	0.000000000822	
840.440000	0.000000000822	
840.640000	0.000000000822	
840.840000	0.000000000823	
841.040000	0.000000000823	
841.240000	0.000000000823	
841.440000	0.000000000823	
841.640000	0.000000000823	
841.840000	0.000000000823	
842.040000	0.000000000824	
842.240000	0.000000000824	
842.440000	0.000000000824	
842.640000	0.000000000824	
842.840000	0.000000000824	
843.040000	0.000000000824	
843.240000	0.000000000824	
843.440000	0.000000000825	
843.640000	0.000000000825	
843.840000	0.000000000825	
844.040000	0.000000000825	
844.240000	0.000000000825	
844.440000	0.000000000825	
844.640000	0.000000000825	
844.840000	0.000000000826	
845.040000	0.000000000826	
845.240000	0.000000000826	
845.440000	0.000000000826	
845.640000	0.000000000826	
845.840000	0.000000000826	
846.040000	0.000000000826	
846.240000	0.000000000827	
846.440000	0.000000000827	
846.640000	0.000000000827	
846.840000	0.000000000827	
847.040000	0.000000000827	
847.240000	0.000000000827	
847.440000	0.000000000827	
847.640000	0.000000000827	
847.840000	0.000000000828	
848.040000	0.000000000828	
848.240000	0.000000000828	
848.440000	0.000000000828	
848.640000	0.000000000828	
848.840000	0.000000000828	
849.040000	0.000000000828	
849.240000	0.000000000828	
849.440000	0.000000000828	
849.640000	0.000000000829	
849.840000	0.000000000829	
850.040000	0.000000000829	
850.240000	0.000000000829	
850.440000	0.000000000829	
850.640000	0.000000000829	
850.840000	0.000000000829	
851.040000	0.000000000829	
851.240000	0.000000000829	
851.440000	0.000000000829	
851.640000	0.000000000829	
851.840000	0.000000000830	
852.040000	0.000000000830	
852.240000	0.000000000830	
852.440000	0.000000000830	
852.640000	0.000000000830	
852.840000	0.000000000830	
853.040000	0.000000000830	
853.240000	0.000000000830	
853.440000	0.000000000830	
853.640000	0.000000000830	
853.840000	0.000000000830	
854.040000	0.000000000830	
854.240000	0.000000000831	
854.440000	0.000000000831	
854.640000	0.000000000831	
854.840000	0.000000000831	
855.040000	0.000000000831	
855.240000	0.000000000831	
855.440000	0.000000000831	
855.640000	0.000000000831	
855.840000	0.000000000831	
856.040000	0.000000000831	
856.240000	0.000000000831	
856.440000	0.000000000831	
856.640000	0.000000000831	
856.840000	0.000000000831	
857.040000	0.000000000831	
857.240000	0.000000000831	
857.440000	0.000000000831	
857.640000	0.000000000831	
857.840000	0.000000000832	
858.040000	0.000000000832	
858.240000	0.000000000832	
858.440000	0.000000000832	
858.640000	0.000000000832	
858.840000	0.000000000832	
859.040000	0.000000000832	
859.240000	0.000000000832	
859.440000	0.000000000832	
859.640000	0.000000000832	
859.840000	0.000000000832	
879.840000	0.000000000829	
899.840000	0.000000000815	
919.840000	0.000000000792	
939.840000	0.000000000764	
959.840000	0.000000000731	
979.840000	0.000000000696	
999.840000	0.000000000660	
1019.840000	0.000000000623	
1039.840000	0.000000000586	
1059.840000	0.000000000550	
1079.840000	0.000000000516	
1099.840000	0.000000000483	
1119.840000	0.000000000452	
1139.840000	0.000000000423	
1159.840000	0.000000000396	
1179.840000	0.000000000370	
1199.840000	0.000000000347	
1219.840000	0.000000000325	
1239.840000	0.000000000305	
1259.840000	0.000000000287	
1279.840000	0.000000000270	
1299.840000	0.000000000255	
1319.840000	0.000000000241	
1339.840000	0.000000000228	
1359.840000	0.000000000216	
1379.840000	0.000000000205	
1399.840000	0.000000000195	
1419.840000	0.000000000186	
1439.840000	0.000000000178	
1459.840000	0.000000000170	
1479.840000	0.000000000163	
1499.840000	0.000000000157	
1519.840000	0.000000000151	
1539.840000	0.000000000145	
1559.840000	0.000000000140	
1579.840000	0.000000000136	
1599.840000	0.000000000132	
1619.840000	0.000000000128	
1639.840000	0.000000000124	
1659.840000	0.000000000121	
1679.840000	0.000000000118	
1699.840000	0.000000000115	
1719.840000	0.000000000113	
1739.840000	0.000000000111	
1759.840000	0.000000000108	
1779.840000	0.000000000106	
1799.840000	0.000000000105	
1819.840000	0.000000000103	
1839.840000	0.000000000101	
1859.840000	0.000000000100	
1879.840000	0.000000000099	
1899.840000	0.000000000098	
1919.840000	0.000000000096	
1939.840000	0.000000000095	
1959.840000	0.000000000095	
1979.840000	0.000000000094	
1999.840000	0.000000000093	
2019.840000	0.000000000092	
2039.840000	0.000000000092	
2059.840000	0.000000000091	
2079.840000	0.000000000090	
2099.840000	0.000000000090	
2119.840000	0.000000000089	
2139.840000	0.000000000089	
2159.840000	0.000000000089	
2179.840000	0.000000000088	
2199.840000	0.000000000088	
2219.840000	0.000000000088	
2239.840000	0.000000000087	
2259.840000	0.000000000087	
2279.840000	0.000000000087	
2299.840000	0.000000000087	
2319.840000	0.000000000087	
2339.840000	0.000000000086	
2359.840000	0.000000000086	
2379.840000	0.000000000086	
2399.840000	0.000000000086	
2419.840000	0.000000000086	
2439.840000	0.000000000086	
2459.840000	0.000000000086	
2479.840000	0.000000000086	
2499.840000	0.000000000086	
