0.000000	4.500000000000	
20.000000	4.500010755612	
40.000000	4.500029955951	
60.000000	4.500049981698	
80.000000	4.500070027170	
100.000000	4.500090118433	
120.000000	4.517940808750	
140.000000	4.550041573872	
160.000000	4.589515661623	
180.000000	4.633306642665	
200.000000	4.679357088048	
220.000000	4.726827618955	
240.000000	4.775313179959	
260.000000	4.824571226823	
280.000000	4.874429455125	
300.000000	4.924752304401	
320.000000	4.975427357774	
340.000000	5.025965089298	
360.000000	5.076405230647	
380.000000	5.126835415270	
400.000000	5.177257696804	
420.000000	5.227643729991	
440.000000	5.277956903264	
460.000000	5.328160686080	
480.000000	5.378221554879	
500.000000	5.428109891051	
520.000000	5.474895604579	
540.000000	5.517569213448	
560.000000	5.556345102444	
580.000000	5.591486047525	
600.000000	5.623257396184	
620.000000	5.651911198244	
624.720000	5.658244507799	
624.920000	5.658509364903	
625.120000	5.658773939018	
625.320000	5.659038230358	
625.520000	5.659302239138	
625.720000	5.659565965572	
625.920000	5.659829409874	
626.120000	5.660092572257	
626.320000	5.660355452936	
626.520000	5.660618052122	
626.720000	5.660880370029	
626.920000	5.661142406870	
627.120000	5.661404162857	
627.320000	5.661665638201	
627.520000	5.661926833116	
627.720000	5.662187747811	
627.920000	5.662448382500	
628.120000	5.662708737393	
628.320000	5.662968812700	
628.520000	5.663228608632	
628.720000	5.663488125401	
628.920000	5.663747363214	
629.120000	5.664006322283	
629.320000	5.664265002818	
629.520000	5.664523405026	
629.720000	5.664781529118	
629.920000	5.665039375302	
630.120000	5.665296943786	
630.320000	5.665554234780	
630.520000	5.665811248490	
630.720000	5.666067985124	
630.920000	5.666324444891	
631.120000	5.666580627997	
631.320000	5.666836534649	
631.520000	5.667092165055	
631.720000	5.667347519419	
631.920000	5.667602597949	
632.120000	5.667857400850	
632.320000	5.668111928329	
632.520000	5.668366180590	
632.720000	5.668620157838	
632.920000	5.668873860279	
633.120000	5.669127288117	
633.320000	5.669380441557	
633.520000	5.669633320801	
633.720000	5.669885926055	
633.920000	5.670138257522	
634.120000	5.670390315405	
634.320000	5.670642099908	
634.520000	5.670893611232	
634.720000	5.671144849580	
634.920000	5.671395815155	
635.120000	5.671646508159	
635.320000	5.671896928793	
635.520000	5.672147077258	
635.720000	5.672396953757	
635.920000	5.672646558489	
636.120000	5.672895891656	
636.320000	5.673144953458	
636.520000	5.673393744095	
636.720000	5.673642263767	
636.920000	5.673890512673	
637.120000	5.674138491012	
637.320000	5.674386198985	
637.520000	5.674633636789	
637.720000	5.674880804623	
637.920000	5.675127702686	
638.120000	5.675374331175	
638.320000	5.675620690288	
638.520000	5.675866780223	
638.720000	5.676112601177	
638.920000	5.676358153346	
639.120000	5.676603436927	
639.320000	5.676848452118	
639.520000	5.677093199113	
639.720000	5.677337678109	
639.920000	5.677581889302	
640.120000	5.677825832886	
640.320000	5.678069509057	
640.520000	5.678312918010	
640.720000	5.678556059939	
640.920000	5.678798935039	
641.120000	5.679041543502	
641.320000	5.679283885524	
641.520000	5.679525961298	
641.720000	5.679767771017	
641.920000	5.680009314874	
642.120000	5.680250593061	
642.320000	5.680491605771	
642.520000	5.680732353196	
642.720000	5.680972835529	
642.920000	5.681213052960	
643.120000	5.681453005681	
643.320000	5.681692693883	
643.520000	5.681932117757	
643.720000	5.682171277494	
643.920000	5.682410173283	
644.120000	5.682648805316	
644.320000	5.682887173781	
644.520000	5.683125278868	
644.720000	5.683363120767	
644.920000	5.683600699666	
645.120000	5.683838015755	
645.320000	5.684075069221	
645.520000	5.684311860253	
645.720000	5.684548389039	
645.920000	5.684784655766	
646.120000	5.685020660622	
646.320000	5.685256403795	
646.520000	5.685491885470	
646.720000	5.685727105835	
646.920000	5.685962065077	
647.120000	5.686196763380	
647.320000	5.686431200931	
647.520000	5.686665377916	
647.720000	5.686899294521	
647.920000	5.687132950929	
648.120000	5.687366347326	
648.320000	5.687599483896	
648.520000	5.687832360825	
648.720000	5.688064978295	
648.920000	5.688297336492	
649.120000	5.688529435597	
649.320000	5.688761275795	
649.520000	5.688992857269	
649.720000	5.689224180201	
649.920000	5.689455244774	
650.120000	5.689686051171	
650.320000	5.689916599573	
650.520000	5.690146890162	
650.720000	5.690376923120	
650.920000	5.690606698627	
651.120000	5.690836216866	
651.320000	5.691065478017	
651.520000	5.691294482259	
651.720000	5.691523229775	
651.920000	5.691751720743	
652.120000	5.691979955344	
652.320000	5.692207933757	
652.520000	5.692435656161	
652.720000	5.692663122736	
652.920000	5.692890333660	
653.120000	5.693117289112	
653.320000	5.693343989271	
653.520000	5.693570434313	
653.720000	5.693796624418	
653.920000	5.694022559763	
654.120000	5.694248240525	
654.320000	5.694473666882	
654.520000	5.694698839009	
654.720000	5.694923757085	
654.920000	5.695148421286	
655.120000	5.695372831787	
655.320000	5.695596988764	
655.520000	5.695820892394	
655.720000	5.696044542852	
655.920000	5.696267940313	
656.120000	5.696491084953	
656.320000	5.696713976945	
656.520000	5.696936616466	
656.720000	5.697159003688	
656.920000	5.697381138787	
657.120000	5.697603021936	
657.320000	5.697824653309	
657.520000	5.698046033079	
657.720000	5.698267161420	
657.920000	5.698488038504	
658.120000	5.698708664505	
658.320000	5.698929039595	
658.520000	5.699149163947	
658.720000	5.699369037732	
658.920000	5.699588661123	
659.120000	5.699808034292	
659.320000	5.700027157409	
659.520000	5.700246030647	
659.720000	5.700464654176	
659.920000	5.700683028168	
660.120000	5.700901152792	
660.320000	5.701119028220	
660.520000	5.701336654622	
660.720000	5.701554032168	
660.920000	5.701771161028	
661.120000	5.701988041371	
661.320000	5.702204673367	
661.520000	5.702421057186	
661.720000	5.702637192996	
661.920000	5.702853080967	
662.120000	5.703068721266	
662.320000	5.703284114063	
662.520000	5.703499259526	
662.720000	5.703714157823	
662.920000	5.703928809122	
663.120000	5.704143213591	
663.320000	5.704357371397	
663.520000	5.704571282708	
663.720000	5.704784947691	
663.920000	5.704998366513	
664.120000	5.705211539341	
664.320000	5.705424466342	
664.520000	5.705637147682	
664.720000	5.705849583527	
664.920000	5.706061774043	
665.120000	5.706273719398	
665.320000	5.706485419755	
665.520000	5.706696875282	
665.720000	5.706908086144	
665.920000	5.707119052505	
666.120000	5.707329774531	
666.320000	5.707540252388	
666.520000	5.707750486239	
666.720000	5.707960476250	
666.920000	5.708170222585	
667.120000	5.708379725408	
667.320000	5.708588984884	
667.520000	5.708798001177	
667.720000	5.709006774451	
667.920000	5.709215304868	
668.120000	5.709423592594	
668.320000	5.709631637792	
668.520000	5.709839440624	
668.720000	5.710047001255	
668.920000	5.710254319846	
669.120000	5.710461396562	
669.320000	5.710668231564	
669.520000	5.710874825016	
669.720000	5.711081177080	
669.920000	5.711287287918	
670.120000	5.711493157693	
670.320000	5.711698786566	
670.520000	5.711904174700	
670.720000	5.712109322256	
670.920000	5.712314229397	
671.120000	5.712518896284	
671.320000	5.712723323078	
671.520000	5.712927509941	
671.720000	5.713131457034	
671.920000	5.713335164518	
672.120000	5.713538632555	
672.320000	5.713741861305	
672.520000	5.713944850928	
672.720000	5.714147601587	
672.920000	5.714350113441	
673.120000	5.714552386651	
673.320000	5.714754421377	
673.520000	5.714956217780	
673.720000	5.715157776020	
673.920000	5.715359096256	
674.120000	5.715560178650	
674.320000	5.715761023360	
674.520000	5.715961630548	
674.720000	5.716162000371	
674.920000	5.716362132991	
675.120000	5.716562028566	
675.320000	5.716761687257	
675.520000	5.716961109222	
675.720000	5.717160294622	
675.920000	5.717359243614	
676.120000	5.717557956358	
676.320000	5.717756433015	
676.520000	5.717954673741	
676.720000	5.718152678697	
676.920000	5.718350448041	
677.120000	5.718547981932	
677.320000	5.718745280529	
677.520000	5.718942343991	
677.720000	5.719139172475	
677.920000	5.719335766141	
678.120000	5.719532125147	
678.320000	5.719728249652	
678.520000	5.719924139813	
678.720000	5.720119795790	
678.920000	5.720315217740	
679.120000	5.720510405822	
679.320000	5.720705360193	
679.520000	5.720900081012	
679.720000	5.721094568437	
679.920000	5.721288822627	
680.120000	5.721482843738	
680.320000	5.721676631928	
680.520000	5.721870187357	
680.720000	5.722063510180	
680.920000	5.722256600558	
681.120000	5.722449458646	
681.320000	5.722642084602	
681.520000	5.722834478586	
681.720000	5.723026640753	
681.920000	5.723218571262	
682.120000	5.723410270270	
682.320000	5.723601737935	
682.520000	5.723792974414	
682.720000	5.723983979865	
682.920000	5.724174754445	
683.120000	5.724365298312	
683.320000	5.724555611623	
683.520000	5.724745694535	
683.720000	5.724935547207	
683.920000	5.725125169794	
684.120000	5.725314562456	
684.320000	5.725503725348	
684.520000	5.725692658628	
684.720000	5.725881362454	
684.920000	5.726069836983	
685.120000	5.726258082371	
685.320000	5.726446098777	
685.520000	5.726633886358	
685.720000	5.726821445270	
685.920000	5.727008775672	
686.120000	5.727195877719	
686.320000	5.727382751570	
686.520000	5.727569397382	
686.720000	5.727755815312	
686.920000	5.727942005517	
687.120000	5.728127968154	
687.320000	5.728313703380	
687.520000	5.728499211353	
687.720000	5.728684492231	
687.920000	5.728869546169	
688.120000	5.729054373325	
688.320000	5.729238973857	
688.520000	5.729423347922	
688.720000	5.729607495677	
688.920000	5.729791417279	
689.120000	5.729975112885	
689.320000	5.730158582653	
689.520000	5.730341826740	
689.720000	5.730524845303	
689.920000	5.730707638499	
690.120000	5.730890206487	
690.320000	5.731072549422	
690.520000	5.731254667462	
690.720000	5.731436560766	
690.920000	5.731618229489	
691.120000	5.731799673789	
691.320000	5.731980893824	
691.520000	5.732161889752	
691.720000	5.732342661728	
691.920000	5.732523209912	
692.120000	5.732703534459	
692.320000	5.732883635529	
692.520000	5.733063513277	
692.720000	5.733243167862	
692.920000	5.733422599442	
693.120000	5.733601808173	
693.320000	5.733780794213	
693.520000	5.733959557719	
693.720000	5.734138098850	
693.920000	5.734316417763	
694.120000	5.734494514616	
694.320000	5.734672389565	
694.520000	5.734850042769	
694.720000	5.735027474386	
694.920000	5.735204684573	
695.120000	5.735381673488	
695.320000	5.735558441288	
695.520000	5.735734988131	
695.720000	5.735911314176	
695.920000	5.736087419580	
696.120000	5.736263304501	
696.320000	5.736438969096	
696.520000	5.736614413523	
696.720000	5.736789637942	
696.920000	5.736964642508	
697.120000	5.737139427381	
697.320000	5.737313992718	
697.520000	5.737488338677	
697.720000	5.737662465417	
697.920000	5.737836373095	
698.120000	5.738010061870	
698.320000	5.738183531899	
698.520000	5.738356783340	
698.720000	5.738529816353	
698.920000	5.738702631094	
699.120000	5.738875227723	
699.320000	5.739047606396	
699.520000	5.739219767274	
699.720000	5.739391710513	
699.920000	5.739563436273	
700.120000	5.739734944710	
700.320000	5.739906235985	
700.520000	5.740077310255	
700.720000	5.740248167678	
700.920000	5.740418808413	
701.120000	5.740589232619	
701.320000	5.740759440453	
701.520000	5.740929432075	
701.720000	5.741099207642	
701.920000	5.741268767313	
702.120000	5.741438111248	
702.320000	5.741607239603	
702.520000	5.741776152539	
702.720000	5.741944850213	
702.920000	5.742113332784	
703.120000	5.742281600410	
703.320000	5.742449653252	
703.520000	5.742617491466	
703.720000	5.742785115212	
703.920000	5.742952524648	
704.120000	5.743119719934	
704.320000	5.743286701228	
704.520000	5.743453468688	
704.720000	5.743620022474	
704.920000	5.743786362744	
705.120000	5.743952489658	
705.320000	5.744118403373	
705.520000	5.744284104049	
705.720000	5.744449591845	
705.920000	5.744614866919	
706.120000	5.744779929430	
706.320000	5.744944779538	
706.520000	5.745109417402	
706.720000	5.745273843179	
706.920000	5.745438057030	
707.120000	5.745602059113	
707.320000	5.745765849586	
707.520000	5.745929428610	
707.720000	5.746092796343	
707.920000	5.746255952944	
708.120000	5.746418898572	
708.320000	5.746581633386	
708.520000	5.746744157546	
708.720000	5.746906471209	
708.920000	5.747068574536	
709.120000	5.747230467685	
709.320000	5.747392150815	
709.520000	5.747553624086	
709.720000	5.747714887656	
709.920000	5.747875941685	
710.120000	5.748036786331	
710.320000	5.748197421754	
710.520000	5.748357848113	
710.720000	5.748518065567	
710.920000	5.748678074275	
711.120000	5.748837874396	
711.320000	5.748997466089	
711.520000	5.749156849514	
711.720000	5.749316024829	
711.920000	5.749474992193	
712.120000	5.749633751766	
712.320000	5.749792303707	
712.520000	5.749950648175	
712.720000	5.750108785329	
712.920000	5.750266715327	
713.120000	5.750424438330	
713.320000	5.750581954496	
713.520000	5.750739263984	
713.720000	5.750896366954	
713.920000	5.751053263564	
714.120000	5.751209953974	
714.320000	5.751366438342	
714.520000	5.751522716828	
714.720000	5.751678789590	
714.920000	5.751834656788	
715.120000	5.751990318581	
715.320000	5.752145775128	
715.520000	5.752301026587	
715.720000	5.752456073118	
715.920000	5.752610914879	
716.120000	5.752765552031	
716.320000	5.752919984730	
716.520000	5.753074213138	
716.720000	5.753228237412	
716.920000	5.753382057711	
717.120000	5.753535674194	
717.320000	5.753689087021	
717.520000	5.753842296349	
717.720000	5.753995302339	
717.920000	5.754148105148	
718.120000	5.754300704936	
718.320000	5.754453101861	
718.520000	5.754605296082	
718.720000	5.754757287758	
718.920000	5.754909077047	
719.120000	5.755060664109	
719.320000	5.755212049101	
719.520000	5.755363232183	
719.720000	5.755514213514	
719.920000	5.755664993251	
720.120000	5.755815571554	
720.320000	5.755965948581	
720.520000	5.756116124490	
720.720000	5.756266099441	
720.920000	5.756415873591	
721.120000	5.756565447099	
721.320000	5.756714820124	
721.520000	5.756863992823	
721.720000	5.757012965356	
721.920000	5.757161737881	
722.120000	5.757310310555	
722.320000	5.757458683538	
722.520000	5.757606856987	
722.720000	5.757754831062	
722.920000	5.757902605919	
723.120000	5.758050181717	
723.320000	5.758197558615	
723.520000	5.758344736770	
723.720000	5.758491716340	
723.920000	5.758638497484	
724.120000	5.758785080360	
724.320000	5.758931465125	
724.520000	5.759077651937	
724.720000	5.759223640954	
724.920000	5.759369432335	
725.120000	5.759515026237	
725.320000	5.759660422817	
725.520000	5.759805622234	
725.720000	5.759950624645	
725.920000	5.760095430208	
726.120000	5.760240039080	
726.320000	5.760384451419	
726.520000	5.760528667383	
726.720000	5.760672687129	
726.920000	5.760816510815	
727.120000	5.760960138597	
727.320000	5.761103570634	
727.520000	5.761246807082	
727.720000	5.761389848099	
727.920000	5.761532693843	
728.120000	5.761675344470	
728.320000	5.761817800137	
728.520000	5.761960061002	
728.720000	5.762102127221	
728.920000	5.762243998952	
729.120000	5.762385676352	
729.320000	5.762527159577	
729.520000	5.762668448785	
729.720000	5.762809544132	
729.920000	5.762950445774	
730.120000	5.763091153870	
730.320000	5.763231668575	
730.520000	5.763371990045	
730.720000	5.763512118439	
730.920000	5.763652053911	
731.120000	5.763791796619	
731.320000	5.763931346719	
731.520000	5.764070704367	
731.720000	5.764209869719	
731.920000	5.764348842933	
732.120000	5.764487624163	
732.320000	5.764626213566	
732.520000	5.764764611299	
732.720000	5.764902817517	
732.920000	5.765040832376	
733.120000	5.765178656033	
733.320000	5.765316288642	
733.520000	5.765453730361	
733.720000	5.765590981343	
733.920000	5.765728041747	
734.120000	5.765864911726	
734.320000	5.766001591436	
734.520000	5.766138081033	
734.720000	5.766274380673	
734.920000	5.766410490511	
735.120000	5.766546410702	
735.320000	5.766682141401	
735.520000	5.766817682764	
735.720000	5.766953034946	
735.920000	5.767088198102	
736.120000	5.767223172387	
736.320000	5.767357957956	
736.520000	5.767492554963	
736.720000	5.767626963564	
736.920000	5.767761183914	
737.120000	5.767895216167	
737.320000	5.768029060477	
737.520000	5.768162717000	
737.720000	5.768296185890	
737.920000	5.768429467301	
738.120000	5.768562561389	
738.320000	5.768695468306	
738.520000	5.768828188207	
738.720000	5.768960721248	
738.920000	5.769093067581	
739.120000	5.769225227360	
739.320000	5.769357200741	
739.520000	5.769488987876	
739.720000	5.769620588920	
739.920000	5.769752004026	
740.120000	5.769883233348	
740.320000	5.770014277040	
740.520000	5.770145135255	
740.720000	5.770275808147	
740.920000	5.770406295869	
741.120000	5.770536598575	
741.320000	5.770666716418	
741.520000	5.770796649551	
741.720000	5.770926398128	
741.920000	5.771055962301	
742.120000	5.771185342223	
742.320000	5.771314538048	
742.520000	5.771443549929	
742.720000	5.771572378017	
742.920000	5.771701022466	
743.120000	5.771829483429	
743.320000	5.771957761058	
743.520000	5.772085855506	
743.720000	5.772213766924	
743.920000	5.772341495466	
744.120000	5.772469041284	
744.320000	5.772596404530	
744.520000	5.772723585356	
744.720000	5.772850583914	
744.920000	5.772977400356	
745.120000	5.773104034835	
745.320000	5.773230487501	
745.520000	5.773356758507	
745.720000	5.773482848005	
745.920000	5.773608756145	
746.120000	5.773734483080	
746.320000	5.773860028961	
746.520000	5.773985393940	
746.720000	5.774110578167	
746.920000	5.774235581795	
747.120000	5.774360404973	
747.320000	5.774485047853	
747.520000	5.774609510587	
747.720000	5.774733793325	
747.920000	5.774857896218	
748.120000	5.774981819417	
748.320000	5.775105563072	
748.520000	5.775229127334	
748.720000	5.775352512353	
748.920000	5.775475718281	
749.120000	5.775598745266	
749.320000	5.775721593461	
749.520000	5.775844263014	
749.720000	5.775966754077	
749.920000	5.776089066798	
750.120000	5.776211201328	
750.320000	5.776333157817	
750.520000	5.776454936415	
750.720000	5.776576537271	
750.920000	5.776697960536	
751.120000	5.776819206357	
751.320000	5.776940274886	
751.520000	5.777061166272	
751.720000	5.777181880663	
751.920000	5.777302418209	
752.120000	5.777422779059	
752.320000	5.777542963362	
752.520000	5.777662971268	
752.720000	5.777782802924	
752.920000	5.777902458481	
753.120000	5.778021938086	
753.320000	5.778141241888	
753.520000	5.778260370036	
753.720000	5.778379322679	
753.920000	5.778498099964	
754.120000	5.778616702040	
754.320000	5.778735129056	
754.520000	5.778853381158	
754.720000	5.778971458496	
754.920000	5.779089361218	
755.120000	5.779207089471	
755.320000	5.779324643403	
755.520000	5.779442023161	
755.720000	5.779559228894	
755.920000	5.779676260749	
756.120000	5.779793118874	
756.320000	5.779909803415	
756.520000	5.780026314520	
756.720000	5.780142652336	
756.920000	5.780258817011	
757.120000	5.780374808692	
757.320000	5.780490627524	
757.520000	5.780606273656	
757.720000	5.780721747234	
757.920000	5.780837048404	
758.120000	5.780952177313	
758.320000	5.781067134109	
758.520000	5.781181918936	
758.720000	5.781296531942	
758.920000	5.781410973273	
759.120000	5.781525243074	
759.320000	5.781639341492	
759.520000	5.781753268673	
759.720000	5.781867024763	
759.920000	5.781980609908	
760.120000	5.782094024253	
760.320000	5.782207267943	
760.520000	5.782320341125	
760.720000	5.782433243944	
760.920000	5.782545976545	
761.120000	5.782658539074	
761.320000	5.782770931675	
761.520000	5.782883154494	
761.720000	5.782995207676	
761.920000	5.783107091366	
762.120000	5.783218805707	
762.320000	5.783330350847	
762.520000	5.783441726927	
762.720000	5.783552934095	
762.920000	5.783663972493	
763.120000	5.783774842266	
763.320000	5.783885543559	
763.520000	5.783996076515	
763.720000	5.784106441280	
763.920000	5.784216637996	
764.120000	5.784326666807	
764.320000	5.784436527858	
764.520000	5.784546221293	
764.720000	5.784655747254	
764.920000	5.784765105886	
765.120000	5.784874297331	
765.320000	5.784983321734	
765.520000	5.785092179238	
765.720000	5.785200869985	
765.920000	5.785309394119	
766.120000	5.785417751782	
766.320000	5.785525943119	
766.520000	5.785633968271	
766.720000	5.785741827381	
766.920000	5.785849520592	
767.120000	5.785957048047	
767.320000	5.786064409887	
767.520000	5.786171606256	
767.720000	5.786278637295	
767.920000	5.786385503147	
768.120000	5.786492203954	
768.320000	5.786598739858	
768.520000	5.786705111000	
768.720000	5.786811317523	
768.920000	5.786917359567	
769.120000	5.787023237276	
769.320000	5.787128950790	
769.520000	5.787234500251	
769.720000	5.787339885800	
769.920000	5.787445107578	
770.120000	5.787550165727	
770.320000	5.787655060387	
770.520000	5.787759791700	
770.720000	5.787864359806	
770.920000	5.787968764847	
771.120000	5.788073006962	
771.320000	5.788177086293	
771.520000	5.788281002980	
771.720000	5.788384757163	
771.920000	5.788488348983	
772.120000	5.788591778580	
772.320000	5.788695046094	
772.520000	5.788798151665	
772.720000	5.788901095433	
772.920000	5.789003877537	
773.120000	5.789106498119	
773.320000	5.789208957316	
773.520000	5.789311255270	
773.720000	5.789413392119	
773.920000	5.789515368002	
774.120000	5.789617183060	
774.320000	5.789718837430	
774.520000	5.789820331253	
774.720000	5.789921664667	
774.920000	5.790022837811	
775.120000	5.790123850825	
775.320000	5.790224703845	
775.520000	5.790325397012	
775.720000	5.790425930464	
775.920000	5.790526304339	
776.120000	5.790626518776	
776.320000	5.790726573912	
776.520000	5.790826469887	
776.720000	5.790926206837	
776.920000	5.791025784901	
777.120000	5.791125204218	
777.320000	5.791224464923	
777.520000	5.791323567156	
777.720000	5.791422511054	
777.920000	5.791521296754	
778.120000	5.791619924394	
778.320000	5.791718394111	
778.520000	5.791816706042	
778.720000	5.791914860324	
778.920000	5.792012857094	
779.120000	5.792110696490	
779.320000	5.792208378648	
779.520000	5.792305903704	
779.720000	5.792403271796	
779.920000	5.792500483060	
780.120000	5.792597537632	
780.320000	5.792694435648	
780.520000	5.792791177246	
780.720000	5.792887762560	
780.920000	5.792984191728	
781.120000	5.793080464885	
781.320000	5.793176582166	
781.520000	5.793272543708	
781.720000	5.793368349647	
781.920000	5.793464000117	
782.120000	5.793559495255	
782.320000	5.793654835196	
782.520000	5.793750020074	
782.720000	5.793845050026	
782.920000	5.793939925186	
783.120000	5.794034645690	
783.320000	5.794129211672	
783.520000	5.794223623266	
783.720000	5.794317880609	
783.920000	5.794411983834	
784.120000	5.794505933076	
784.320000	5.794599728469	
784.520000	5.794693370147	
784.720000	5.794786858246	
784.920000	5.794880192899	
785.120000	5.794973374239	
785.320000	5.795066402402	
785.520000	5.795159277520	
785.720000	5.795251999728	
785.920000	5.795344569159	
786.120000	5.795436985947	
786.320000	5.795529250225	
786.520000	5.795621362127	
786.720000	5.795713321786	
786.920000	5.795805129334	
787.120000	5.795896784906	
787.320000	5.795988288634	
787.520000	5.796079640651	
787.720000	5.796170841090	
787.920000	5.796261890083	
788.120000	5.796352787763	
788.320000	5.796443534263	
788.520000	5.796534129715	
788.720000	5.796624574251	
788.920000	5.796714868003	
789.120000	5.796805011105	
789.320000	5.796895003686	
789.520000	5.796984845881	
789.720000	5.797074537819	
789.920000	5.797164079634	
790.120000	5.797253471457	
790.320000	5.797342713419	
790.520000	5.797431805651	
790.720000	5.797520748286	
790.920000	5.797609541454	
791.120000	5.797698185286	
791.320000	5.797786679914	
791.520000	5.797875025468	
791.720000	5.797963222080	
791.920000	5.798051269880	
792.120000	5.798139168998	
792.320000	5.798226919566	
792.520000	5.798314521714	
792.720000	5.798401975572	
792.920000	5.798489281270	
793.120000	5.798576438939	
793.320000	5.798663448709	
793.520000	5.798750310710	
793.720000	5.798837025071	
793.920000	5.798923591923	
794.120000	5.799010011394	
794.320000	5.799096283616	
794.520000	5.799182408717	
794.720000	5.799268386827	
794.920000	5.799354218074	
795.120000	5.799439902589	
795.320000	5.799525440501	
795.520000	5.799610831937	
795.720000	5.799696077028	
795.920000	5.799781175903	
796.120000	5.799866128689	
796.320000	5.799950935516	
796.520000	5.800035596512	
796.720000	5.800120111805	
796.920000	5.800204481524	
797.120000	5.800288705798	
797.320000	5.800372784754	
797.520000	5.800456718520	
797.720000	5.800540507225	
797.920000	5.800624150996	
798.120000	5.800707649961	
798.320000	5.800791004248	
798.520000	5.800874213984	
798.720000	5.800957279297	
798.920000	5.801040200315	
799.120000	5.801122977163	
799.320000	5.801205609971	
799.520000	5.801288098864	
799.720000	5.801370443970	
799.920000	5.801452645416	
800.120000	5.801534703329	
800.320000	5.801616617834	
800.520000	5.801698389060	
820.520000	5.809173264844	
840.520000	5.815337524841	
860.520000	5.820303520621	
880.520000	5.824174590593	
900.520000	5.827045500732	
920.520000	5.829002935625	
940.520000	5.830126018260	
960.520000	5.830486842889	
980.520000	5.830151008701	
1000.520000	5.829178143979	
1020.520000	5.827622412692	
1040.520000	5.825532997202	
1060.520000	5.822954552885	
1080.520000	5.819927634362	
1100.520000	5.816489085529	
1120.520000	5.812672396349	
1140.520000	5.808508033234	
1160.520000	5.804023738389	
1180.520000	5.799244799840	
1200.520000	5.794194294578	
1220.520000	5.788893307657	
1240.520000	5.783361129179	
1260.520000	5.777615431230	
1280.520000	5.771672426755	
1300.520000	5.765547012208	
1320.520000	5.759252895653	
1340.520000	5.752802711846	
1360.520000	5.746208125618	
1380.520000	5.739479924775	
1400.520000	5.732628103573	
1420.520000	5.725661937691	
1440.520000	5.718590051558	
1460.520000	5.711420478777	
1480.520000	5.704160716326	
1500.520000	5.696817773153	
1520.520000	5.689398213729	
1540.520000	5.681908197064	
1560.520000	5.674353511657	
1580.520000	5.666739606817	
1600.520000	5.659071620714	
1620.520000	5.651354405545	
1640.520000	5.643592550103	
1660.520000	5.635790400052	
1680.520000	5.627952076147	
1700.520000	5.620081490642	
1720.520000	5.612182362076	
1740.520000	5.604258228624	
1760.520000	5.596312460162	
1780.520000	5.588348269205	
1800.520000	5.580368720820	
1820.520000	5.572376741643	
1840.520000	5.564375128090	
1860.520000	5.556366553840	
1880.520000	5.548353576685	
1900.520000	5.540338644797	
1920.520000	5.532324102475	
1940.520000	5.524312195438	
1960.520000	5.516305075694	
1980.520000	5.508304806036	
2000.520000	5.500313364197	
2020.520000	5.492332646711	
2040.520000	5.484364472484	
2060.520000	5.476410586129	
2080.520000	5.468472661070	
2100.520000	5.460552302446	
2120.520000	5.452651049821	
2140.520000	5.444770379741	
2160.520000	5.436911708122	
2180.520000	5.429076392515	
2200.520000	5.421265734226	
2220.520000	5.413480980338	
2240.520000	5.405723325613	
2260.520000	5.397993914303	
2280.520000	5.390293841873	
2300.520000	5.382624156636	
2320.520000	5.374985861320	
2340.520000	5.367379914556	
2360.520000	5.359807232310	
2380.520000	5.352268689252	
2400.520000	5.344765120064	
2420.520000	5.337297320706	
2440.520000	5.329866049629	
2460.520000	5.322472028938	
2480.520000	5.315115945524	
