0.000000	136.500000000000	
20.000000	136.499928295842	
40.000000	136.499800292777	
60.000000	136.499666785575	
80.000000	136.499533145114	
100.000000	136.499399197573	
120.000000	136.380394466551	
140.000000	136.166390768549	
160.000000	135.903240442917	
180.000000	135.611329988807	
200.000000	135.304385325358	
220.000000	134.988009971121	
240.000000	134.664909717452	
260.000000	134.336705092464	
280.000000	134.004546983387	
300.000000	133.669340349643	
320.000000	133.331835194212	
340.000000	132.995295130059	
360.000000	132.659455070994	
380.000000	132.323730321716	
400.000000	131.988106537585	
420.000000	131.652771929074	
440.000000	131.317969758260	
460.000000	130.983942715078	
480.000000	130.650913424073	
500.000000	130.319078465134	
520.000000	130.007970914101	
540.000000	129.724319806665	
560.000000	129.466694742837	
580.000000	129.233342270478	
600.000000	129.022491433434	
620.000000	128.832459681496	
624.720000	128.790477019991	
624.920000	128.788721490335	
625.120000	128.786967850521	
625.320000	128.785216099117	
625.520000	128.783466234690	
625.720000	128.781718255811	
625.920000	128.779972161051	
626.120000	128.778227948984	
626.320000	128.776485618184	
626.520000	128.774745167229	
626.720000	128.773006594696	
626.920000	128.771269899166	
627.120000	128.769535079221	
627.320000	128.767802133444	
627.520000	128.766071060420	
627.720000	128.764341858737	
627.920000	128.762614526982	
628.120000	128.760889063746	
628.320000	128.759165467621	
628.520000	128.757443737202	
628.720000	128.755723871082	
628.920000	128.754005867860	
629.120000	128.752289726134	
629.320000	128.750575444505	
629.520000	128.748863021576	
629.720000	128.747152455949	
629.920000	128.745443746232	
630.120000	128.743736891031	
630.320000	128.742031888955	
630.520000	128.740328738616	
630.720000	128.738627438627	
630.920000	128.736927987601	
631.120000	128.735230384154	
631.320000	128.733534626906	
631.520000	128.731840714474	
631.720000	128.730148645481	
631.920000	128.728458418550	
632.120000	128.726770032305	
632.320000	128.725083485372	
632.520000	128.723398776381	
632.720000	128.721715903962	
632.920000	128.720034866745	
633.120000	128.718355663365	
633.320000	128.716678292457	
633.520000	128.715002752657	
633.720000	128.713329042606	
633.920000	128.711657160942	
634.120000	128.709987106309	
634.320000	128.708318877351	
634.520000	128.706652472712	
634.720000	128.704987891042	
634.920000	128.703325130989	
635.120000	128.701664191204	
635.320000	128.700005070340	
635.520000	128.698347767052	
635.720000	128.696692279996	
635.920000	128.695038607830	
636.120000	128.693386749214	
636.320000	128.691736702810	
636.520000	128.690088467281	
636.720000	128.688442041292	
636.920000	128.686797423510	
637.120000	128.685154612604	
637.320000	128.683513607245	
637.520000	128.681874406104	
637.720000	128.680237007856	
637.920000	128.678601411176	
638.120000	128.676967614743	
638.320000	128.675335617234	
638.520000	128.673705417332	
638.720000	128.672077013719	
638.920000	128.670450405080	
639.120000	128.668825590102	
639.320000	128.667202567471	
639.520000	128.665581335879	
639.720000	128.663961894018	
639.920000	128.662344240579	
640.120000	128.660728374260	
640.320000	128.659114293756	
640.520000	128.657501997767	
640.720000	128.655891484993	
640.920000	128.654282754137	
641.120000	128.652675803902	
641.320000	128.651070632995	
641.520000	128.649467240123	
641.720000	128.647865623995	
641.920000	128.646265783323	
642.120000	128.644667716820	
642.320000	128.643071423200	
642.520000	128.641476901179	
642.720000	128.639884149477	
642.920000	128.638293166813	
643.120000	128.636703951908	
643.320000	128.635116503487	
643.520000	128.633530820274	
643.720000	128.631946900996	
643.920000	128.630364744383	
644.120000	128.628784349165	
644.320000	128.627205714074	
644.520000	128.625628837844	
644.720000	128.624053719212	
644.920000	128.622480356913	
645.120000	128.620908749689	
645.320000	128.619338896279	
645.520000	128.617770795428	
645.720000	128.616204445878	
645.920000	128.614639846377	
646.120000	128.613076995672	
646.320000	128.611515892513	
646.520000	128.609956535652	
646.720000	128.608398923842	
646.920000	128.606843055838	
647.120000	128.605288930396	
647.320000	128.603736546275	
647.520000	128.602185902235	
647.720000	128.600636997038	
647.920000	128.599089829447	
648.120000	128.597544398227	
648.320000	128.596000702147	
648.520000	128.594458739973	
648.720000	128.592918510477	
648.920000	128.591380012431	
649.120000	128.589843244608	
649.320000	128.588308205784	
649.520000	128.586774894736	
649.720000	128.585243310243	
649.920000	128.583713451086	
650.120000	128.582185316046	
650.320000	128.580658903907	
650.520000	128.579134213456	
650.720000	128.577611243479	
650.920000	128.576089992766	
651.120000	128.574570460106	
651.320000	128.573052644292	
651.520000	128.571536544118	
651.720000	128.570022158379	
651.920000	128.568509485873	
652.120000	128.566998525398	
652.320000	128.565489275755	
652.520000	128.563981735745	
652.720000	128.562475904173	
652.920000	128.560971779844	
653.120000	128.559469361564	
653.320000	128.557968648142	
653.520000	128.556469638389	
653.720000	128.554972331115	
653.920000	128.553476725135	
654.120000	128.551982819263	
654.320000	128.550490612316	
654.520000	128.549000103111	
654.720000	128.547511290469	
654.920000	128.546024173210	
655.120000	128.544538750158	
655.320000	128.543055020136	
655.520000	128.541572981970	
655.720000	128.540092634488	
655.920000	128.538613976519	
656.120000	128.537137006893	
656.320000	128.535661724442	
656.520000	128.534188128000	
656.720000	128.532716216401	
656.920000	128.531245988482	
657.120000	128.529777443081	
657.320000	128.528310579037	
657.520000	128.526845395192	
657.720000	128.525381890388	
657.920000	128.523920063468	
658.120000	128.522459913278	
658.320000	128.521001438664	
658.520000	128.519544638476	
658.720000	128.518089511562	
658.920000	128.516636056774	
659.120000	128.515184272964	
659.320000	128.513734158986	
659.520000	128.512285713695	
659.720000	128.510838935948	
659.920000	128.509393824604	
660.120000	128.507950378520	
660.320000	128.506508596560	
660.520000	128.505068477583	
660.720000	128.503630020455	
660.920000	128.502193224040	
661.120000	128.500758087203	
661.320000	128.499324608814	
661.520000	128.497892787739	
661.720000	128.496462622851	
661.920000	128.495034113020	
662.120000	128.493607257118	
662.320000	128.492182054020	
662.520000	128.490758502601	
662.720000	128.489336601738	
662.920000	128.487916350308	
663.120000	128.486497747191	
663.320000	128.485080791267	
663.520000	128.483665481416	
663.720000	128.482251816523	
663.920000	128.480839795470	
664.120000	128.479429417144	
664.320000	128.478020680429	
664.520000	128.476613584214	
664.720000	128.475208127387	
664.920000	128.473804308839	
665.120000	128.472402127458	
665.320000	128.471001582139	
665.520000	128.469602671774	
665.720000	128.468205395257	
665.920000	128.466809751483	
666.120000	128.465415739350	
666.320000	128.464023357754	
666.520000	128.462632605594	
666.720000	128.461243481769	
666.920000	128.459855985181	
667.120000	128.458470114732	
667.320000	128.457085869322	
667.520000	128.455703247858	
667.720000	128.454322249243	
667.920000	128.452942872382	
668.120000	128.451565116184	
668.320000	128.450188979554	
668.520000	128.448814461403	
668.720000	128.447441560639	
668.920000	128.446070276174	
669.120000	128.444700606917	
669.320000	128.443332551783	
669.520000	128.441966109684	
669.720000	128.440601279533	
669.920000	128.439238060247	
670.120000	128.437876450741	
670.320000	128.436516449932	
670.520000	128.435158056737	
670.720000	128.433801270075	
670.920000	128.432446088864	
671.120000	128.431092512025	
671.320000	128.429740538479	
671.520000	128.428390167148	
671.720000	128.427041396953	
671.920000	128.425694226817	
672.120000	128.424348655665	
672.320000	128.423004682422	
672.520000	128.421662306012	
672.720000	128.420321525361	
672.920000	128.418982339397	
673.120000	128.417644747046	
673.320000	128.416308747237	
673.520000	128.414974338899	
673.720000	128.413641520961	
673.920000	128.412310292353	
674.120000	128.410980652006	
674.320000	128.409652598850	
674.520000	128.408326131820	
674.720000	128.407001249845	
674.920000	128.405677951860	
675.120000	128.404356236799	
675.320000	128.403036103596	
675.520000	128.401717551185	
675.720000	128.400400578502	
675.920000	128.399085184482	
676.120000	128.397771368063	
676.320000	128.396459128181	
676.520000	128.395148463773	
676.720000	128.393839373778	
676.920000	128.392531857133	
677.120000	128.391225912778	
677.320000	128.389921539651	
677.520000	128.388618736693	
677.720000	128.387317502844	
677.920000	128.386017837044	
678.120000	128.384719738235	
678.320000	128.383423205356	
678.520000	128.382128237352	
678.720000	128.380834833162	
678.920000	128.379542991731	
679.120000	128.378252712000	
679.320000	128.376963992914	
679.520000	128.375676833415	
679.720000	128.374391232447	
679.920000	128.373107188955	
680.120000	128.371824701883	
680.320000	128.370543770176	
680.520000	128.369264392779	
680.720000	128.367986568637	
680.920000	128.366710296696	
681.120000	128.365435575902	
681.320000	128.364162405200	
681.520000	128.362890783538	
681.720000	128.361620709861	
681.920000	128.360352183117	
682.120000	128.359085202252	
682.320000	128.357819766213	
682.520000	128.356555873949	
682.720000	128.355293524406	
682.920000	128.354032716532	
683.120000	128.352773449276	
683.320000	128.351515721585	
683.520000	128.350259532407	
683.720000	128.349004880690	
683.920000	128.347751765384	
684.120000	128.346500185437	
684.320000	128.345250139797	
684.520000	128.344001627413	
684.720000	128.342754647235	
684.920000	128.341509198210	
685.120000	128.340265279289	
685.320000	128.339022889420	
685.520000	128.337782027553	
685.720000	128.336542692636	
685.920000	128.335304883620	
686.120000	128.334068599453	
686.320000	128.332833839085	
686.520000	128.331600601465	
686.720000	128.330368885544	
686.920000	128.329138690269	
687.120000	128.327910014591	
687.320000	128.326682857460	
687.520000	128.325457217824	
687.720000	128.324233094633	
687.920000	128.323010486838	
688.120000	128.321789393386	
688.320000	128.320569813228	
688.520000	128.319351745313	
688.720000	128.318135188591	
688.920000	128.316920142010	
689.120000	128.315706604521	
689.320000	128.314494575071	
689.520000	128.313284052612	
689.720000	128.312075036090	
689.920000	128.310867524456	
690.120000	128.309661516659	
690.320000	128.308457011648	
690.520000	128.307254008370	
690.720000	128.306052505776	
690.920000	128.304852502813	
691.120000	128.303653998431	
691.320000	128.302456991577	
691.520000	128.301261481201	
691.720000	128.300067466249	
691.920000	128.298874945672	
692.120000	128.297683918416	
692.320000	128.296494383429	
692.520000	128.295306339660	
692.720000	128.294119786055	
692.920000	128.292934721563	
693.120000	128.291751145131	
693.320000	128.290569055706	
693.520000	128.289388452236	
693.720000	128.288209333668	
693.920000	128.287031698948	
694.120000	128.285855547023	
694.320000	128.284680876839	
694.520000	128.283507687345	
694.720000	128.282335977485	
694.920000	128.281165746205	
695.120000	128.279996992453	
695.320000	128.278829715174	
695.520000	128.277663913313	
695.720000	128.276499585817	
695.920000	128.275336731630	
696.120000	128.274175349698	
696.320000	128.273015438967	
696.520000	128.271856998380	
696.720000	128.270700026883	
696.920000	128.269544523421	
697.120000	128.268390486939	
697.320000	128.267237916379	
697.520000	128.266086810687	
697.720000	128.264937168807	
697.920000	128.263788989683	
698.120000	128.262642272258	
698.320000	128.261497015476	
698.520000	128.260353218280	
698.720000	128.259210879613	
698.920000	128.258069998420	
699.120000	128.256930573641	
699.320000	128.255792604221	
699.520000	128.254656089102	
699.720000	128.253521027226	
699.920000	128.252387417536	
700.120000	128.251255258973	
700.320000	128.250124550481	
700.520000	128.248995290999	
700.720000	128.247867479471	
700.920000	128.246741114838	
701.120000	128.245616196041	
701.320000	128.244492722022	
701.520000	128.243370691721	
701.720000	128.242250104079	
701.920000	128.241130958037	
702.120000	128.240013252536	
702.320000	128.238896986517	
702.520000	128.237782158919	
702.720000	128.236668768684	
702.920000	128.235556814750	
703.120000	128.234446296058	
703.320000	128.233337211549	
703.520000	128.232229560160	
703.720000	128.231123340833	
703.920000	128.230018552506	
704.120000	128.228915194119	
704.320000	128.227813264612	
704.520000	128.226712762922	
704.720000	128.225613687990	
704.920000	128.224516038754	
705.120000	128.223419814152	
705.320000	128.222325013124	
705.520000	128.221231634608	
705.720000	128.220139677542	
705.920000	128.219049140865	
706.120000	128.217960023515	
706.320000	128.216872324430	
706.520000	128.215786042548	
706.720000	128.214701176807	
706.920000	128.213617726146	
707.120000	128.212535689501	
707.320000	128.211455065810	
707.520000	128.210375854012	
707.720000	128.209298053044	
707.920000	128.208221661843	
708.120000	128.207146679346	
708.320000	128.206073104492	
708.520000	128.205000936217	
708.720000	128.203930173459	
708.920000	128.202860815154	
709.120000	128.201792860241	
709.320000	128.200726307655	
709.520000	128.199661156335	
709.720000	128.198597405218	
709.920000	128.197535053239	
710.120000	128.196474099337	
710.320000	128.195414542448	
710.520000	128.194356381509	
710.720000	128.193299615457	
710.920000	128.192244243228	
711.120000	128.191190263761	
711.320000	128.190137675991	
711.520000	128.189086478856	
711.720000	128.188036671291	
711.920000	128.186988252235	
712.120000	128.185941220624	
712.320000	128.184895575395	
712.520000	128.183851315484	
712.720000	128.182808439829	
712.920000	128.181766947367	
713.120000	128.180726837034	
713.320000	128.179688107767	
713.520000	128.178650758504	
713.720000	128.177614788181	
713.920000	128.176580195736	
714.120000	128.175546980106	
714.320000	128.174515140227	
714.520000	128.173484675037	
714.720000	128.172455583474	
714.920000	128.171427864474	
715.120000	128.170401516975	
715.320000	128.169376539915	
715.520000	128.168352932231	
715.720000	128.167330692860	
715.920000	128.166309820741	
716.120000	128.165290314810	
716.320000	128.164272174007	
716.520000	128.163255397268	
716.720000	128.162239983533	
716.920000	128.161225931738	
717.120000	128.160213240823	
717.320000	128.159201909726	
717.520000	128.158191937384	
717.720000	128.157183322737	
717.920000	128.156176064724	
718.120000	128.155170162283	
718.320000	128.154165614353	
718.520000	128.153162419873	
718.720000	128.152160577782	
718.920000	128.151160087021	
719.120000	128.150160946527	
719.320000	128.149163155241	
719.520000	128.148166712103	
719.720000	128.147171616053	
719.920000	128.146177866029	
720.120000	128.145185460974	
720.320000	128.144194399827	
720.520000	128.143204681529	
720.720000	128.142216305021	
720.920000	128.141229269242	
721.120000	128.140243573136	
721.320000	128.139259215642	
721.520000	128.138276195703	
721.720000	128.137294512260	
721.920000	128.136314164254	
722.120000	128.135335150629	
722.320000	128.134357470325	
722.520000	128.133381122286	
722.720000	128.132406105455	
722.920000	128.131432418773	
723.120000	128.130460061185	
723.320000	128.129489031633	
723.520000	128.128519329062	
723.720000	128.127550952414	
723.920000	128.126583900634	
724.120000	128.125618172666	
724.320000	128.124653767455	
724.520000	128.123690683944	
724.720000	128.122728921080	
724.920000	128.121768477808	
725.120000	128.120809353072	
725.320000	128.119851545818	
725.520000	128.118895054993	
725.720000	128.117939879543	
725.920000	128.116986018414	
726.120000	128.116033470553	
726.320000	128.115082234907	
726.520000	128.114132310423	
726.720000	128.113183696048	
726.920000	128.112236390732	
727.120000	128.111290393421	
727.320000	128.110345703065	
727.520000	128.109402318611	
727.720000	128.108460239010	
727.920000	128.107519463210	
728.120000	128.106579990160	
728.320000	128.105641818812	
728.520000	128.104704948115	
728.720000	128.103769377019	
728.920000	128.102835104476	
729.120000	128.101902129436	
729.320000	128.100970450851	
729.520000	128.100040067673	
729.720000	128.099110978855	
729.920000	128.098183183348	
730.120000	128.097256680105	
730.320000	128.096331468079	
730.520000	128.095407546225	
730.720000	128.094484913495	
730.920000	128.093563568844	
731.120000	128.092643511226	
731.320000	128.091724739597	
731.520000	128.090807252910	
731.720000	128.089891050123	
731.920000	128.088976130191	
732.120000	128.088062492069	
732.320000	128.087150134716	
732.520000	128.086239057087	
732.720000	128.085329258140	
732.920000	128.084420736833	
733.120000	128.083513492124	
733.320000	128.082607522972	
733.520000	128.081702828335	
733.720000	128.080799407172	
733.920000	128.079897258444	
734.120000	128.078996381109	
734.320000	128.078096774130	
734.520000	128.077198436465	
734.720000	128.076301367078	
734.920000	128.075405564928	
735.120000	128.074511028979	
735.320000	128.073617758192	
735.520000	128.072725751531	
735.720000	128.071835007959	
735.920000	128.070945526438	
736.120000	128.070057305934	
736.320000	128.069170345411	
736.520000	128.068284643833	
736.720000	128.067400200166	
736.920000	128.066517013376	
737.120000	128.065635082428	
737.320000	128.064754406290	
737.520000	128.063874983928	
737.720000	128.062996814309	
737.920000	128.062119896402	
738.120000	128.061244229175	
738.320000	128.060369811596	
738.520000	128.059496642635	
738.720000	128.058624721262	
738.920000	128.057754046445	
739.120000	128.056884617156	
739.320000	128.056016432367	
739.520000	128.055149491047	
739.720000	128.054283792169	
739.920000	128.053419334705	
740.120000	128.052556117629	
740.320000	128.051694139912	
740.520000	128.050833400530	
740.720000	128.049973898456	
740.920000	128.049115632664	
741.120000	128.048258602130	
741.320000	128.047402805829	
741.520000	128.046548242738	
741.720000	128.045694911832	
741.920000	128.044842812089	
742.120000	128.043991942486	
742.320000	128.043142302001	
742.520000	128.042293889612	
742.720000	128.041446704298	
742.920000	128.040600745040	
743.120000	128.039756010815	
743.320000	128.038912500606	
743.520000	128.038070213392	
743.720000	128.037229148155	
743.920000	128.036389303876	
744.120000	128.035550679539	
744.320000	128.034713274125	
744.520000	128.033877086618	
744.720000	128.033042116002	
744.920000	128.032208361262	
745.120000	128.031375821381	
745.320000	128.030544495345	
745.520000	128.029714382140	
745.720000	128.028885480753	
745.920000	128.028057790169	
746.120000	128.027231309378	
746.320000	128.026406037365	
746.520000	128.025581973120	
746.720000	128.024759115631	
746.920000	128.023937463888	
747.120000	128.023117016881	
747.320000	128.022297773600	
747.520000	128.021479733037	
747.720000	128.020662894181	
747.920000	128.019847256027	
748.120000	128.019032817565	
748.320000	128.018219577789	
748.520000	128.017407535693	
748.720000	128.016596690271	
748.920000	128.015787040517	
749.120000	128.014978585427	
749.320000	128.014171323996	
749.520000	128.013365255221	
749.720000	128.012560378097	
749.920000	128.011756691624	
750.120000	128.010954194797	
750.320000	128.010152886617	
750.520000	128.009352766081	
750.720000	128.008553832189	
750.920000	128.007756083941	
751.120000	128.006959520338	
751.320000	128.006164140381	
751.520000	128.005369943072	
751.720000	128.004576927412	
751.920000	128.003785092405	
752.120000	128.002994437053	
752.320000	128.002204960361	
752.520000	128.001416661333	
752.720000	128.000629538974	
752.920000	127.999843592290	
753.120000	127.999058820286	
753.320000	127.998275221970	
753.520000	127.997492796348	
753.720000	127.996711542428	
753.920000	127.995931459219	
754.120000	127.995152545729	
754.320000	127.994374800968	
754.520000	127.993598223946	
754.720000	127.992822813674	
754.920000	127.992048569162	
755.120000	127.991275489422	
755.320000	127.990503573468	
755.520000	127.989732820310	
755.720000	127.988963228964	
755.920000	127.988194798443	
756.120000	127.987427527761	
756.320000	127.986661415934	
756.520000	127.985896461977	
756.720000	127.985132664907	
756.920000	127.984370023740	
757.120000	127.983608537495	
757.320000	127.982848205188	
757.520000	127.982089025839	
757.720000	127.981330998467	
757.920000	127.980574122092	
758.120000	127.979818395734	
758.320000	127.979063818414	
758.520000	127.978310389153	
758.720000	127.977558106974	
758.920000	127.976806970899	
759.120000	127.976056979952	
759.320000	127.975308133157	
759.520000	127.974560429537	
759.720000	127.973813868118	
759.920000	127.973068447926	
760.120000	127.972324167987	
760.320000	127.971581027328	
760.520000	127.970839024975	
760.720000	127.970098159958	
760.920000	127.969358431305	
761.120000	127.968619838044	
761.320000	127.967882379206	
761.520000	127.967146053822	
761.720000	127.966410860921	
761.920000	127.965676799536	
762.120000	127.964943868700	
762.320000	127.964212067443	
762.520000	127.963481394801	
762.720000	127.962751849807	
762.920000	127.962023431496	
763.120000	127.961296138903	
763.320000	127.960569971063	
763.520000	127.959844927013	
763.720000	127.959121005790	
763.920000	127.958398206432	
764.120000	127.957676527976	
764.320000	127.956955969463	
764.520000	127.956236529930	
764.720000	127.955518208418	
764.920000	127.954801003968	
765.120000	127.954084915622	
765.320000	127.953369942420	
765.520000	127.952656083405	
765.720000	127.951943337620	
765.920000	127.951231704110	
766.120000	127.950521181918	
766.320000	127.949811770089	
766.520000	127.949103467669	
766.720000	127.948396273703	
766.920000	127.947690187240	
767.120000	127.946985207325	
767.320000	127.946281333007	
767.520000	127.945578563335	
767.720000	127.944876897358	
767.920000	127.944176334125	
768.120000	127.943476872687	
768.320000	127.942778512095	
768.520000	127.942081251401	
768.720000	127.941385089657	
768.920000	127.940690025915	
769.120000	127.939996059230	
769.320000	127.939303188656	
769.520000	127.938611413247	
769.720000	127.937920732059	
769.920000	127.937231144147	
770.120000	127.936542648569	
770.320000	127.935855244381	
770.520000	127.935168930641	
770.720000	127.934483706409	
770.920000	127.933799570742	
771.120000	127.933116522702	
771.320000	127.932434561347	
771.520000	127.931753685740	
771.720000	127.931073894941	
771.920000	127.930395188013	
772.120000	127.929717564020	
772.320000	127.929041022023	
772.520000	127.928365561088	
772.720000	127.927691180278	
772.920000	127.927017878661	
773.120000	127.926345655301	
773.320000	127.925674509265	
773.520000	127.925004439620	
773.720000	127.924335445434	
773.920000	127.923667525777	
774.120000	127.923000679716	
774.320000	127.922334906321	
774.520000	127.921670204664	
774.720000	127.921006573815	
774.920000	127.920344012845	
775.120000	127.919682520828	
775.320000	127.919022096835	
775.520000	127.918362739941	
775.720000	127.917704449219	
775.920000	127.917047223744	
776.120000	127.916391062593	
776.320000	127.915735964840	
776.520000	127.915081929563	
776.720000	127.914428955839	
776.920000	127.913777042746	
777.120000	127.913126189362	
777.320000	127.912476394767	
777.520000	127.911827658040	
777.720000	127.911179978263	
777.920000	127.910533354516	
778.120000	127.909887785880	
778.320000	127.909243271440	
778.520000	127.908599810276	
778.720000	127.907957401474	
778.920000	127.907316044117	
779.120000	127.906675737291	
779.320000	127.906036480080	
779.520000	127.905398271572	
779.720000	127.904761110853	
779.920000	127.904124997010	
780.120000	127.903489929132	
780.320000	127.902855906307	
780.520000	127.902222927626	
780.720000	127.901590992177	
780.920000	127.900960099051	
781.120000	127.900330247341	
781.320000	127.899701436137	
781.520000	127.899073664533	
781.720000	127.898446931621	
781.920000	127.897821236496	
782.120000	127.897196578252	
782.320000	127.896572955984	
782.520000	127.895950368788	
782.720000	127.895328815761	
782.920000	127.894708295998	
783.120000	127.894088808599	
783.320000	127.893470352662	
783.520000	127.892852927285	
783.720000	127.892236531568	
783.920000	127.891621164612	
784.120000	127.891006825516	
784.320000	127.890393513384	
784.520000	127.889781227317	
784.720000	127.889169966417	
784.920000	127.888559729789	
785.120000	127.887950516536	
785.320000	127.887342325763	
785.520000	127.886735156576	
785.720000	127.886129008080	
785.920000	127.885523879383	
786.120000	127.884919769591	
786.320000	127.884316677812	
786.520000	127.883714603156	
786.720000	127.883113544731	
786.920000	127.882513501647	
787.120000	127.881914473015	
787.320000	127.881316457946	
787.520000	127.880719455551	
787.720000	127.880123464944	
787.920000	127.879528485237	
788.120000	127.878934515544	
788.320000	127.878341554979	
788.520000	127.877749602658	
788.720000	127.877158657695	
788.920000	127.876568719208	
789.120000	127.875979786313	
789.320000	127.875391858128	
789.520000	127.874804933771	
789.720000	127.874219012361	
789.920000	127.873634093017	
790.120000	127.873050174860	
790.320000	127.872467257010	
790.520000	127.871885338589	
790.720000	127.871304418720	
790.920000	127.870724496523	
791.120000	127.870145571124	
791.320000	127.869567641646	
791.520000	127.868990707213	
791.720000	127.868414766951	
791.920000	127.867839819987	
792.120000	127.867265865446	
792.320000	127.866692902455	
792.520000	127.866120930143	
792.720000	127.865549947638	
792.920000	127.864979954070	
793.120000	127.864410948568	
793.320000	127.863842930262	
793.520000	127.863275898283	
793.720000	127.862709851764	
793.920000	127.862144789837	
794.120000	127.861580711634	
794.320000	127.861017616290	
794.520000	127.860455502939	
794.720000	127.859894370715	
794.920000	127.859334218754	
795.120000	127.858775046193	
795.320000	127.858216852168	
795.520000	127.857659635817	
795.720000	127.857103396277	
795.920000	127.856548132689	
796.120000	127.855993844191	
796.320000	127.855440529923	
796.520000	127.854888189026	
796.720000	127.854336820642	
796.920000	127.853786423912	
797.120000	127.853236997979	
797.320000	127.852688541986	
797.520000	127.852141055078	
797.720000	127.851594536399	
797.920000	127.851048985094	
798.120000	127.850504400309	
798.320000	127.849960781190	
798.520000	127.849418126885	
798.720000	127.848876436542	
798.920000	127.848335709309	
799.120000	127.847795944334	
799.320000	127.847257140769	
799.520000	127.846719297762	
799.720000	127.846182414466	
799.920000	127.845646490031	
800.120000	127.845111523611	
800.320000	127.844577514357	
800.520000	127.844044461424	
820.520000	127.795426084481	
840.520000	127.755554106746	
860.520000	127.723677367455	
880.520000	127.699104870442	
900.520000	127.681202850325	
920.520000	127.669391502246	
940.520000	127.663141519008	
960.520000	127.661970540242	
980.520000	127.665439595325	
1000.520000	127.673149609102	
1020.520000	127.684738024001	
1040.520000	127.699875580874	
1060.520000	127.718263286612	
1080.520000	127.739629570631	
1100.520000	127.763727682347	
1120.520000	127.790333310010	
1140.520000	127.819242375431	
1160.520000	127.850269035416	
1180.520000	127.883243878594	
1200.520000	127.918012301387	
1220.520000	127.954433044299	
1240.520000	127.992376875582	
1260.520000	128.031725408621	
1280.520000	128.072370039789	
1300.520000	128.114210994522	
1320.520000	128.157156470449	
1340.520000	128.201121867491	
1360.520000	128.246029095954	
1380.520000	128.291805954672	
1400.520000	128.338385572110	
1420.520000	128.385705904214	
1440.520000	128.433709283373	
1460.520000	128.482342013504	
1480.520000	128.531554006733	
1500.520000	128.581298457547	
1520.520000	128.631531550673	
1540.520000	128.682212199286	
1560.520000	128.733301810389	
1580.520000	128.784764074561	
1600.520000	128.836564777452	
1620.520000	128.888671630710	
1640.520000	128.941054120216	
1660.520000	128.993683369729	
1680.520000	129.046532018245	
1700.520000	129.099574109544	
1720.520000	129.152784992577	
1740.520000	129.206141231504	
1760.520000	129.259620524296	
1780.520000	129.313201628981	
1800.520000	129.366864296693	
1820.520000	129.420589210786	
1840.520000	129.474357931354	
1860.520000	129.528152844613	
1880.520000	129.581957116588	
1900.520000	129.635754650697	
1920.520000	129.689530048804	
1940.520000	129.743268575398	
1960.520000	129.796956124588	
1980.520000	129.850579189614	
2000.520000	129.904124834645	
2020.520000	129.957580668635	
2040.520000	130.010934821032	
2060.520000	130.064175919169	
2080.520000	130.117293067181	
2100.520000	130.170275826297	
2120.520000	130.223114196393	
2140.520000	130.275798598677	
2160.520000	130.328319859417	
2180.520000	130.380669194617	
2200.520000	130.432838195549	
2220.520000	130.484818815079	
2240.520000	130.536603354721	
2260.520000	130.588184452349	
2280.520000	130.639555070519	
2300.520000	130.690708485355	
2320.520000	130.741638275949	
2340.520000	130.792338314237	
2360.520000	130.842802755328	
2380.520000	130.893026028228	
2400.520000	130.943002826953	
2420.520000	130.992728102000	
2440.520000	131.042197052139	
2460.520000	131.091405116522	
2480.520000	131.140347967077	
