0.000000	-0.000000362671	
20.000000	-0.000000375422	
40.000000	-0.000000375076	
60.000000	-0.000000374740	
80.000000	-0.000000374561	
100.000000	-0.000000374469	
120.000000	-0.000000114742	
140.000000	-0.000000133391	
160.000000	-0.000000158629	
180.000000	-0.000000187993	
200.000000	-0.000000220367	
220.000000	-0.000000254983	
240.000000	-0.000000291567	
260.000000	-0.000000330012	
280.000000	-0.000000370261	
300.000000	-0.000000412267	
320.000000	-0.000000455988	
340.000000	-0.000000503493	
360.000000	-0.000000550898	
380.000000	-0.000000599126	
400.000000	-0.000000648582	
420.000000	-0.000000699426	
440.000000	-0.000000751730	
460.000000	-0.000000805542	
480.000000	-0.000000860911	
500.000000	-0.000000917908	
520.000000	-0.000001023532	
540.000000	-0.000001129771	
560.000000	-0.000001234705	
580.000000	-0.000001336712	
600.000000	-0.000001433909	
620.000000	-0.000001523855	
624.720000	-0.000001543676	
624.920000	-0.000001544502	
625.120000	-0.000001545327	
625.320000	-0.000001546151	
625.520000	-0.000001546973	
625.720000	-0.000001547795	
625.920000	-0.000001548615	
626.120000	-0.000001549434	
626.320000	-0.000001550252	
626.520000	-0.000001551068	
626.720000	-0.000001551883	
626.920000	-0.000001552698	
627.120000	-0.000001553510	
627.320000	-0.000001554322	
627.520000	-0.000001555133	
627.720000	-0.000001555942	
627.920000	-0.000001556750	
628.120000	-0.000001557557	
628.320000	-0.000001558362	
628.520000	-0.000001559167	
628.720000	-0.000001559970	
628.920000	-0.000001560771	
629.120000	-0.000001561572	
629.320000	-0.000001562371	
629.520000	-0.000001563169	
629.720000	-0.000001563966	
629.920000	-0.000001564761	
630.120000	-0.000001565555	
630.320000	-0.000001566348	
630.520000	-0.000001567140	
630.720000	-0.000001567930	
630.920000	-0.000001568719	
631.120000	-0.000001569507	
631.320000	-0.000001570293	
631.520000	-0.000001571078	
631.720000	-0.000001571861	
631.920000	-0.000001572644	
632.120000	-0.000001573425	
632.320000	-0.000001574204	
632.520000	-0.000001574983	
632.720000	-0.000001575760	
632.920000	-0.000001576535	
633.120000	-0.000001577309	
633.320000	-0.000001578082	
633.520000	-0.000001578854	
633.720000	-0.000001579624	
633.920000	-0.000001580392	
634.120000	-0.000001581160	
634.320000	-0.000001581926	
634.520000	-0.000001582690	
634.720000	-0.000001583453	
634.920000	-0.000001584215	
635.120000	-0.000001584975	
635.320000	-0.000001585734	
635.520000	-0.000001586491	
635.720000	-0.000001587247	
635.920000	-0.000001588002	
636.120000	-0.000001588755	
636.320000	-0.000001589507	
636.520000	-0.000001590257	
636.720000	-0.000001591005	
636.920000	-0.000001591753	
637.120000	-0.000001592498	
637.320000	-0.000001593243	
637.520000	-0.000001593986	
637.720000	-0.000001594727	
637.920000	-0.000001595467	
638.120000	-0.000001596205	
638.320000	-0.000001596942	
638.520000	-0.000001597677	
638.720000	-0.000001598411	
638.920000	-0.000001599143	
639.120000	-0.000001599874	
639.320000	-0.000001600603	
639.520000	-0.000001601330	
639.720000	-0.000001602057	
639.920000	-0.000001602781	
640.120000	-0.000001603504	
640.320000	-0.000001604225	
640.520000	-0.000001604945	
640.720000	-0.000001605663	
640.920000	-0.000001606380	
641.120000	-0.000001607095	
641.320000	-0.000001607809	
641.520000	-0.000001608520	
641.720000	-0.000001609231	
641.920000	-0.000001609939	
642.120000	-0.000001610646	
642.320000	-0.000001611352	
642.520000	-0.000001612055	
642.720000	-0.000001612757	
642.920000	-0.000001613458	
643.120000	-0.000001614157	
643.320000	-0.000001614854	
643.520000	-0.000001615549	
643.720000	-0.000001616243	
643.920000	-0.000001616935	
644.120000	-0.000001617626	
644.320000	-0.000001618314	
644.520000	-0.000001619002	
644.720000	-0.000001619687	
644.920000	-0.000001620371	
645.120000	-0.000001621053	
645.320000	-0.000001621733	
645.520000	-0.000001622411	
645.720000	-0.000001623088	
645.920000	-0.000001623763	
646.120000	-0.000001624436	
646.320000	-0.000001625108	
646.520000	-0.000001625778	
646.720000	-0.000001626446	
646.920000	-0.000001627112	
647.120000	-0.000001627777	
647.320000	-0.000001628439	
647.520000	-0.000001629100	
647.720000	-0.000001629759	
647.920000	-0.000001630417	
648.120000	-0.000001631072	
648.320000	-0.000001631726	
648.520000	-0.000001632378	
648.720000	-0.000001633028	
648.920000	-0.000001633676	
649.120000	-0.000001634322	
649.320000	-0.000001634967	
649.520000	-0.000001635610	
649.720000	-0.000001636251	
649.920000	-0.000001636889	
650.120000	-0.000001637527	
650.320000	-0.000001638162	
650.520000	-0.000001638795	
650.720000	-0.000001639427	
650.920000	-0.000001640056	
651.120000	-0.000001640684	
651.320000	-0.000001641310	
651.520000	-0.000001641934	
651.720000	-0.000001642556	
651.920000	-0.000001643176	
652.120000	-0.000001643794	
652.320000	-0.000001644410	
652.520000	-0.000001645024	
652.720000	-0.000001645636	
652.920000	-0.000001646247	
653.120000	-0.000001646855	
653.320000	-0.000001647461	
653.520000	-0.000001648066	
653.720000	-0.000001648668	
653.920000	-0.000001649269	
654.120000	-0.000001649867	
654.320000	-0.000001650463	
654.520000	-0.000001651058	
654.720000	-0.000001651650	
654.920000	-0.000001652241	
655.120000	-0.000001652829	
655.320000	-0.000001653415	
655.520000	-0.000001654000	
655.720000	-0.000001654582	
655.920000	-0.000001655162	
656.120000	-0.000001655740	
656.320000	-0.000001656317	
656.520000	-0.000001656891	
656.720000	-0.000001657463	
656.920000	-0.000001658033	
657.120000	-0.000001658600	
657.320000	-0.000001659166	
657.520000	-0.000001659730	
657.720000	-0.000001660291	
657.920000	-0.000001660851	
658.120000	-0.000001661408	
658.320000	-0.000001661963	
658.520000	-0.000001662516	
658.720000	-0.000001663067	
658.920000	-0.000001663616	
659.120000	-0.000001664163	
659.320000	-0.000001664707	
659.520000	-0.000001665250	
659.720000	-0.000001665790	
659.920000	-0.000001666328	
660.120000	-0.000001666864	
660.320000	-0.000001667398	
660.520000	-0.000001667929	
660.720000	-0.000001668459	
660.920000	-0.000001668986	
661.120000	-0.000001669511	
661.320000	-0.000001670034	
661.520000	-0.000001670554	
661.720000	-0.000001671072	
661.920000	-0.000001671589	
662.120000	-0.000001672103	
662.320000	-0.000001672614	
662.520000	-0.000001673124	
662.720000	-0.000001673631	
662.920000	-0.000001674136	
663.120000	-0.000001674639	
663.320000	-0.000001675139	
663.520000	-0.000001675637	
663.720000	-0.000001676133	
663.920000	-0.000001676627	
664.120000	-0.000001677118	
664.320000	-0.000001677608	
664.520000	-0.000001678094	
664.720000	-0.000001678579	
664.920000	-0.000001679061	
665.120000	-0.000001679541	
665.320000	-0.000001680019	
665.520000	-0.000001680494	
665.720000	-0.000001680967	
665.920000	-0.000001681438	
666.120000	-0.000001681907	
666.320000	-0.000001682373	
666.520000	-0.000001682836	
666.720000	-0.000001683298	
666.920000	-0.000001683757	
667.120000	-0.000001684214	
667.320000	-0.000001684668	
667.520000	-0.000001685120	
667.720000	-0.000001685570	
667.920000	-0.000001686017	
668.120000	-0.000001686462	
668.320000	-0.000001686905	
668.520000	-0.000001687345	
668.720000	-0.000001687783	
668.920000	-0.000001688219	
669.120000	-0.000001688652	
669.320000	-0.000001689083	
669.520000	-0.000001689511	
669.720000	-0.000001689937	
669.920000	-0.000001690361	
670.120000	-0.000001690782	
670.320000	-0.000001691201	
670.520000	-0.000001691617	
670.720000	-0.000001692031	
670.920000	-0.000001692443	
671.120000	-0.000001692852	
671.320000	-0.000001693259	
671.520000	-0.000001693663	
671.720000	-0.000001694065	
671.920000	-0.000001694465	
672.120000	-0.000001694862	
672.320000	-0.000001695256	
672.520000	-0.000001695649	
672.720000	-0.000001696038	
672.920000	-0.000001696426	
673.120000	-0.000001696811	
673.320000	-0.000001697193	
673.520000	-0.000001697573	
673.720000	-0.000001697951	
673.920000	-0.000001698326	
674.120000	-0.000001698698	
674.320000	-0.000001699069	
674.520000	-0.000001699436	
674.720000	-0.000001699802	
674.920000	-0.000001700165	
675.120000	-0.000001700525	
675.320000	-0.000001700883	
675.520000	-0.000001701238	
675.720000	-0.000001701591	
675.920000	-0.000001701942	
676.120000	-0.000001702290	
676.320000	-0.000001702635	
676.520000	-0.000001702979	
676.720000	-0.000001703319	
676.920000	-0.000001703657	
677.120000	-0.000001703993	
677.320000	-0.000001704326	
677.520000	-0.000001704657	
677.720000	-0.000001704985	
677.920000	-0.000001705311	
678.120000	-0.000001705634	
678.320000	-0.000001705955	
678.520000	-0.000001706273	
678.720000	-0.000001706589	
678.920000	-0.000001706903	
679.120000	-0.000001707213	
679.320000	-0.000001707522	
679.520000	-0.000001707828	
679.720000	-0.000001708131	
679.920000	-0.000001708432	
680.120000	-0.000001708730	
680.320000	-0.000001709026	
680.520000	-0.000001709320	
680.720000	-0.000001709611	
680.920000	-0.000001709899	
681.120000	-0.000001710185	
681.320000	-0.000001710469	
681.520000	-0.000001710750	
681.720000	-0.000001711028	
681.920000	-0.000001711304	
682.120000	-0.000001711578	
682.320000	-0.000001711849	
682.520000	-0.000001712118	
682.720000	-0.000001712384	
682.920000	-0.000001712647	
683.120000	-0.000001712909	
683.320000	-0.000001713167	
683.520000	-0.000001713423	
683.720000	-0.000001713677	
683.920000	-0.000001713928	
684.120000	-0.000001714177	
684.320000	-0.000001714423	
684.520000	-0.000001714667	
684.720000	-0.000001714908	
684.920000	-0.000001715147	
685.120000	-0.000001715384	
685.320000	-0.000001715618	
685.520000	-0.000001715849	
685.720000	-0.000001716078	
685.920000	-0.000001716304	
686.120000	-0.000001716529	
686.320000	-0.000001716750	
686.520000	-0.000001716969	
686.720000	-0.000001717186	
686.920000	-0.000001717400	
687.120000	-0.000001717612	
687.320000	-0.000001717821	
687.520000	-0.000001718028	
687.720000	-0.000001718232	
687.920000	-0.000001718434	
688.120000	-0.000001718634	
688.320000	-0.000001718831	
688.520000	-0.000001719025	
688.720000	-0.000001719217	
688.920000	-0.000001719407	
689.120000	-0.000001719594	
689.320000	-0.000001719779	
689.520000	-0.000001719962	
689.720000	-0.000001720142	
689.920000	-0.000001720319	
690.120000	-0.000001720495	
690.320000	-0.000001720667	
690.520000	-0.000001720838	
690.720000	-0.000001721005	
690.920000	-0.000001721171	
691.120000	-0.000001721334	
691.320000	-0.000001721495	
691.520000	-0.000001721653	
691.720000	-0.000001721809	
691.920000	-0.000001721962	
692.120000	-0.000001722113	
692.320000	-0.000001722262	
692.520000	-0.000001722409	
692.720000	-0.000001722552	
692.920000	-0.000001722694	
693.120000	-0.000001722833	
693.320000	-0.000001722970	
693.520000	-0.000001723104	
693.720000	-0.000001723237	
693.920000	-0.000001723366	
694.120000	-0.000001723494	
694.320000	-0.000001723619	
694.520000	-0.000001723741	
694.720000	-0.000001723861	
694.920000	-0.000001723979	
695.120000	-0.000001724095	
695.320000	-0.000001724208	
695.520000	-0.000001724319	
695.720000	-0.000001724428	
695.920000	-0.000001724534	
696.120000	-0.000001724638	
696.320000	-0.000001724740	
696.520000	-0.000001724839	
696.720000	-0.000001724936	
696.920000	-0.000001725031	
697.120000	-0.000001725123	
697.320000	-0.000001725213	
697.520000	-0.000001725301	
697.720000	-0.000001725386	
697.920000	-0.000001725470	
698.120000	-0.000001725550	
698.320000	-0.000001725629	
698.520000	-0.000001725705	
698.720000	-0.000001725780	
698.920000	-0.000001725851	
699.120000	-0.000001725921	
699.320000	-0.000001725988	
699.520000	-0.000001726053	
699.720000	-0.000001726116	
699.920000	-0.000001726177	
700.120000	-0.000001726235	
700.320000	-0.000001726291	
700.520000	-0.000001726345	
700.720000	-0.000001726396	
700.920000	-0.000001726446	
701.120000	-0.000001726493	
701.320000	-0.000001726538	
701.520000	-0.000001726580	
701.720000	-0.000001726621	
701.920000	-0.000001726659	
702.120000	-0.000001726695	
702.320000	-0.000001726729	
702.520000	-0.000001726761	
702.720000	-0.000001726791	
702.920000	-0.000001726818	
703.120000	-0.000001726843	
703.320000	-0.000001726866	
703.520000	-0.000001726887	
703.720000	-0.000001726905	
703.920000	-0.000001726922	
704.120000	-0.000001726936	
704.320000	-0.000001726949	
704.520000	-0.000001726959	
704.720000	-0.000001726966	
704.920000	-0.000001726972	
705.120000	-0.000001726976	
705.320000	-0.000001726977	
705.520000	-0.000001726977	
705.720000	-0.000001726974	
705.920000	-0.000001726969	
706.120000	-0.000001726962	
706.320000	-0.000001726953	
706.520000	-0.000001726942	
706.720000	-0.000001726929	
706.920000	-0.000001726913	
707.120000	-0.000001726896	
707.320000	-0.000001726876	
707.520000	-0.000001726855	
707.720000	-0.000001726831	
707.920000	-0.000001726805	
708.120000	-0.000001726777	
708.320000	-0.000001726747	
708.520000	-0.000001726715	
708.720000	-0.000001726681	
708.920000	-0.000001726645	
709.120000	-0.000001726607	
709.320000	-0.000001726567	
709.520000	-0.000001726525	
709.720000	-0.000001726481	
709.920000	-0.000001726434	
710.120000	-0.000001726386	
710.320000	-0.000001726336	
710.520000	-0.000001726284	
710.720000	-0.000001726229	
710.920000	-0.000001726173	
711.120000	-0.000001726115	
711.320000	-0.000001726054	
711.520000	-0.000001725992	
711.720000	-0.000001725928	
711.920000	-0.000001725862	
712.120000	-0.000001725794	
712.320000	-0.000001725723	
712.520000	-0.000001725651	
712.720000	-0.000001725577	
712.920000	-0.000001725501	
713.120000	-0.000001725423	
713.320000	-0.000001725343	
713.520000	-0.000001725261	
713.720000	-0.000001725177	
713.920000	-0.000001725091	
714.120000	-0.000001725004	
714.320000	-0.000001724914	
714.520000	-0.000001724823	
714.720000	-0.000001724729	
714.920000	-0.000001724634	
715.120000	-0.000001724536	
715.320000	-0.000001724437	
715.520000	-0.000001724336	
715.720000	-0.000001724233	
715.920000	-0.000001724128	
716.120000	-0.000001724021	
716.320000	-0.000001723913	
716.520000	-0.000001723802	
716.720000	-0.000001723690	
716.920000	-0.000001723575	
717.120000	-0.000001723459	
717.320000	-0.000001723341	
717.520000	-0.000001723221	
717.720000	-0.000001723100	
717.920000	-0.000001722976	
718.120000	-0.000001722851	
718.320000	-0.000001722723	
718.520000	-0.000001722594	
718.720000	-0.000001722463	
718.920000	-0.000001722331	
719.120000	-0.000001722196	
719.320000	-0.000001722060	
719.520000	-0.000001721921	
719.720000	-0.000001721781	
719.920000	-0.000001721640	
720.120000	-0.000001721496	
720.320000	-0.000001721350	
720.520000	-0.000001721203	
720.720000	-0.000001721054	
720.920000	-0.000001720903	
721.120000	-0.000001720751	
721.320000	-0.000001720597	
721.520000	-0.000001720440	
721.720000	-0.000001720282	
721.920000	-0.000001720123	
722.120000	-0.000001719961	
722.320000	-0.000001719798	
722.520000	-0.000001719633	
722.720000	-0.000001719467	
722.920000	-0.000001719298	
723.120000	-0.000001719128	
723.320000	-0.000001718956	
723.520000	-0.000001718782	
723.720000	-0.000001718607	
723.920000	-0.000001718430	
724.120000	-0.000001718251	
724.320000	-0.000001718071	
724.520000	-0.000001717888	
724.720000	-0.000001717704	
724.920000	-0.000001717519	
725.120000	-0.000001717331	
725.320000	-0.000001717142	
725.520000	-0.000001716952	
725.720000	-0.000001716759	
725.920000	-0.000001716565	
726.120000	-0.000001716369	
726.320000	-0.000001716172	
726.520000	-0.000001715973	
726.720000	-0.000001715772	
726.920000	-0.000001715569	
727.120000	-0.000001715365	
727.320000	-0.000001715159	
727.520000	-0.000001714952	
727.720000	-0.000001714743	
727.920000	-0.000001714532	
728.120000	-0.000001714320	
728.320000	-0.000001714106	
728.520000	-0.000001713890	
728.720000	-0.000001713673	
728.920000	-0.000001713454	
729.120000	-0.000001713233	
729.320000	-0.000001713011	
729.520000	-0.000001712787	
729.720000	-0.000001712562	
729.920000	-0.000001712335	
730.120000	-0.000001712106	
730.320000	-0.000001711876	
730.520000	-0.000001711644	
730.720000	-0.000001711410	
730.920000	-0.000001711175	
731.120000	-0.000001710939	
731.320000	-0.000001710701	
731.520000	-0.000001710461	
731.720000	-0.000001710220	
731.920000	-0.000001709977	
732.120000	-0.000001709732	
732.320000	-0.000001709486	
732.520000	-0.000001709238	
732.720000	-0.000001708989	
732.920000	-0.000001708738	
733.120000	-0.000001708486	
733.320000	-0.000001708232	
733.520000	-0.000001707977	
733.720000	-0.000001707720	
733.920000	-0.000001707462	
734.120000	-0.000001707202	
734.320000	-0.000001706940	
734.520000	-0.000001706677	
734.720000	-0.000001706412	
734.920000	-0.000001706146	
735.120000	-0.000001705879	
735.320000	-0.000001705610	
735.520000	-0.000001705339	
735.720000	-0.000001705067	
735.920000	-0.000001704793	
736.120000	-0.000001704518	
736.320000	-0.000001704241	
736.520000	-0.000001703963	
736.720000	-0.000001703684	
736.920000	-0.000001703403	
737.120000	-0.000001703120	
737.320000	-0.000001702836	
737.520000	-0.000001702550	
737.720000	-0.000001702263	
737.920000	-0.000001701975	
738.120000	-0.000001701685	
738.320000	-0.000001701394	
738.520000	-0.000001701101	
738.720000	-0.000001700806	
738.920000	-0.000001700511	
739.120000	-0.000001700213	
739.320000	-0.000001699915	
739.520000	-0.000001699615	
739.720000	-0.000001699313	
739.920000	-0.000001699010	
740.120000	-0.000001698706	
740.320000	-0.000001698400	
740.520000	-0.000001698093	
740.720000	-0.000001697784	
740.920000	-0.000001697474	
741.120000	-0.000001697162	
741.320000	-0.000001696849	
741.520000	-0.000001696535	
741.720000	-0.000001696219	
741.920000	-0.000001695902	
742.120000	-0.000001695584	
742.320000	-0.000001695264	
742.520000	-0.000001694942	
742.720000	-0.000001694620	
742.920000	-0.000001694296	
743.120000	-0.000001693970	
743.320000	-0.000001693643	
743.520000	-0.000001693315	
743.720000	-0.000001692985	
743.920000	-0.000001692654	
744.120000	-0.000001692322	
744.320000	-0.000001691988	
744.520000	-0.000001691653	
744.720000	-0.000001691317	
744.920000	-0.000001690979	
745.120000	-0.000001690640	
745.320000	-0.000001690299	
745.520000	-0.000001689957	
745.720000	-0.000001689614	
745.920000	-0.000001689270	
746.120000	-0.000001688924	
746.320000	-0.000001688577	
746.520000	-0.000001688228	
746.720000	-0.000001687878	
746.920000	-0.000001687527	
747.120000	-0.000001687175	
747.320000	-0.000001686821	
747.520000	-0.000001686466	
747.720000	-0.000001686109	
747.920000	-0.000001685752	
748.120000	-0.000001685392	
748.320000	-0.000001685032	
748.520000	-0.000001684670	
748.720000	-0.000001684308	
748.920000	-0.000001683943	
749.120000	-0.000001683578	
749.320000	-0.000001683211	
749.520000	-0.000001682843	
749.720000	-0.000001682474	
749.920000	-0.000001682103	
750.120000	-0.000001681731	
750.320000	-0.000001681358	
750.520000	-0.000001680983	
750.720000	-0.000001680608	
750.920000	-0.000001680231	
751.120000	-0.000001679852	
751.320000	-0.000001679473	
751.520000	-0.000001679092	
751.720000	-0.000001678710	
751.920000	-0.000001678327	
752.120000	-0.000001677942	
752.320000	-0.000001677557	
752.520000	-0.000001677170	
752.720000	-0.000001676781	
752.920000	-0.000001676392	
753.120000	-0.000001676001	
753.320000	-0.000001675609	
753.520000	-0.000001675216	
753.720000	-0.000001674822	
753.920000	-0.000001674426	
754.120000	-0.000001674030	
754.320000	-0.000001673632	
754.520000	-0.000001673233	
754.720000	-0.000001672832	
754.920000	-0.000001672431	
755.120000	-0.000001672028	
755.320000	-0.000001671624	
755.520000	-0.000001671219	
755.720000	-0.000001670812	
755.920000	-0.000001670405	
756.120000	-0.000001669996	
756.320000	-0.000001669586	
756.520000	-0.000001669175	
756.720000	-0.000001668763	
756.920000	-0.000001668349	
757.120000	-0.000001667934	
757.320000	-0.000001667519	
757.520000	-0.000001667102	
757.720000	-0.000001666684	
757.920000	-0.000001666264	
758.120000	-0.000001665844	
758.320000	-0.000001665422	
758.520000	-0.000001665000	
758.720000	-0.000001664576	
758.920000	-0.000001664151	
759.120000	-0.000001663724	
759.320000	-0.000001663297	
759.520000	-0.000001662869	
759.720000	-0.000001662439	
759.920000	-0.000001662008	
760.120000	-0.000001661577	
760.320000	-0.000001661144	
760.520000	-0.000001660709	
760.720000	-0.000001660274	
760.920000	-0.000001659838	
761.120000	-0.000001659400	
761.320000	-0.000001658962	
761.520000	-0.000001658522	
761.720000	-0.000001658082	
761.920000	-0.000001657640	
762.120000	-0.000001657197	
762.320000	-0.000001656753	
762.520000	-0.000001656307	
762.720000	-0.000001655861	
762.920000	-0.000001655414	
763.120000	-0.000001654965	
763.320000	-0.000001654516	
763.520000	-0.000001654065	
763.720000	-0.000001653614	
763.920000	-0.000001653161	
764.120000	-0.000001652707	
764.320000	-0.000001652252	
764.520000	-0.000001651796	
764.720000	-0.000001651339	
764.920000	-0.000001650881	
765.120000	-0.000001650422	
765.320000	-0.000001649962	
765.520000	-0.000001649501	
765.720000	-0.000001649038	
765.920000	-0.000001648575	
766.120000	-0.000001648111	
766.320000	-0.000001647645	
766.520000	-0.000001647179	
766.720000	-0.000001646711	
766.920000	-0.000001646243	
767.120000	-0.000001645773	
767.320000	-0.000001645303	
767.520000	-0.000001644831	
767.720000	-0.000001644359	
767.920000	-0.000001643885	
768.120000	-0.000001643410	
768.320000	-0.000001642935	
768.520000	-0.000001642458	
768.720000	-0.000001641980	
768.920000	-0.000001641501	
769.120000	-0.000001641022	
769.320000	-0.000001640541	
769.520000	-0.000001640059	
769.720000	-0.000001639577	
769.920000	-0.000001639093	
770.120000	-0.000001638608	
770.320000	-0.000001638123	
770.520000	-0.000001637636	
770.720000	-0.000001637148	
770.920000	-0.000001636660	
771.120000	-0.000001636170	
771.320000	-0.000001635680	
771.520000	-0.000001635188	
771.720000	-0.000001634696	
771.920000	-0.000001634202	
772.120000	-0.000001633708	
772.320000	-0.000001633212	
772.520000	-0.000001632716	
772.720000	-0.000001632219	
772.920000	-0.000001631720	
773.120000	-0.000001631221	
773.320000	-0.000001630721	
773.520000	-0.000001630220	
773.720000	-0.000001629718	
773.920000	-0.000001629215	
774.120000	-0.000001628711	
774.320000	-0.000001628206	
774.520000	-0.000001627700	
774.720000	-0.000001627194	
774.920000	-0.000001626686	
775.120000	-0.000001626177	
775.320000	-0.000001625668	
775.520000	-0.000001625158	
775.720000	-0.000001624646	
775.920000	-0.000001624134	
776.120000	-0.000001623621	
776.320000	-0.000001623107	
776.520000	-0.000001622592	
776.720000	-0.000001622076	
776.920000	-0.000001621559	
777.120000	-0.000001621042	
777.320000	-0.000001620523	
777.520000	-0.000001620004	
777.720000	-0.000001619483	
777.920000	-0.000001618962	
778.120000	-0.000001618440	
778.320000	-0.000001617917	
778.520000	-0.000001617393	
778.720000	-0.000001616868	
778.920000	-0.000001616343	
779.120000	-0.000001615816	
779.320000	-0.000001615289	
779.520000	-0.000001614761	
779.720000	-0.000001614232	
779.920000	-0.000001613702	
780.120000	-0.000001613171	
780.320000	-0.000001612639	
780.520000	-0.000001612107	
780.720000	-0.000001611573	
780.920000	-0.000001611039	
781.120000	-0.000001610504	
781.320000	-0.000001609968	
781.520000	-0.000001609431	
781.720000	-0.000001608894	
781.920000	-0.000001608355	
782.120000	-0.000001607816	
782.320000	-0.000001607276	
782.520000	-0.000001606735	
782.720000	-0.000001606193	
782.920000	-0.000001605651	
783.120000	-0.000001605107	
783.320000	-0.000001604563	
783.520000	-0.000001604018	
783.720000	-0.000001603472	
783.920000	-0.000001602926	
784.120000	-0.000001602378	
784.320000	-0.000001601830	
784.520000	-0.000001601281	
784.720000	-0.000001600731	
784.920000	-0.000001600181	
785.120000	-0.000001599629	
785.320000	-0.000001599077	
785.520000	-0.000001598524	
785.720000	-0.000001597970	
785.920000	-0.000001597415	
786.120000	-0.000001596860	
786.320000	-0.000001596304	
786.520000	-0.000001595747	
786.720000	-0.000001595189	
786.920000	-0.000001594631	
787.120000	-0.000001594071	
787.320000	-0.000001593511	
787.520000	-0.000001592950	
787.720000	-0.000001592389	
787.920000	-0.000001591827	
788.120000	-0.000001591263	
788.320000	-0.000001590700	
788.520000	-0.000001590135	
788.720000	-0.000001589570	
788.920000	-0.000001589004	
789.120000	-0.000001588437	
789.320000	-0.000001587869	
789.520000	-0.000001587301	
789.720000	-0.000001586732	
789.920000	-0.000001586162	
790.120000	-0.000001585591	
790.320000	-0.000001585020	
790.520000	-0.000001584448	
790.720000	-0.000001583875	
790.920000	-0.000001583302	
791.120000	-0.000001582728	
791.320000	-0.000001582153	
791.520000	-0.000001581577	
791.720000	-0.000001581001	
791.920000	-0.000001580424	
792.120000	-0.000001579846	
792.320000	-0.000001579268	
792.520000	-0.000001578688	
792.720000	-0.000001578109	
792.920000	-0.000001577528	
793.120000	-0.000001576947	
793.320000	-0.000001576365	
793.520000	-0.000001575782	
793.720000	-0.000001575199	
793.920000	-0.000001574615	
794.120000	-0.000001574030	
794.320000	-0.000001573445	
794.520000	-0.000001572858	
794.720000	-0.000001572272	
794.920000	-0.000001571684	
795.120000	-0.000001571096	
795.320000	-0.000001570507	
795.520000	-0.000001569918	
795.720000	-0.000001569328	
795.920000	-0.000001568737	
796.120000	-0.000001568145	
796.320000	-0.000001567553	
796.520000	-0.000001566961	
796.720000	-0.000001566367	
796.920000	-0.000001565773	
797.120000	-0.000001565178	
797.320000	-0.000001564583	
797.520000	-0.000001563987	
797.720000	-0.000001563390	
797.920000	-0.000001562793	
798.120000	-0.000001562195	
798.320000	-0.000001561596	
798.520000	-0.000001560997	
798.720000	-0.000001560397	
798.920000	-0.000001559797	
799.120000	-0.000001559196	
799.320000	-0.000001558594	
799.520000	-0.000001557992	
799.720000	-0.000001557389	
799.920000	-0.000001556785	
800.120000	-0.000001556181	
800.320000	-0.000001555576	
800.520000	-0.000001554971	
820.520000	-0.000001491720	
840.520000	-0.000001424512	
860.520000	-0.000001355216	
880.520000	-0.000001285408	
900.520000	-0.000001216365	
920.520000	-0.000001149092	
940.520000	-0.000001084344	
960.520000	-0.000001022659	
980.520000	-0.000000964396	
1000.520000	-0.000000909769	
1020.520000	-0.000000858871	
1040.520000	-0.000000811708	
1060.520000	-0.000000768216	
1080.520000	-0.000000728281	
1100.520000	-0.000000691753	
1120.520000	-0.000000658460	
1140.520000	-0.000000628214	
1160.520000	-0.000000600819	
1180.520000	-0.000000576078	
1200.520000	-0.000000553793	
1220.520000	-0.000000533775	
1240.520000	-0.000000515837	
1260.520000	-0.000000499803	
1280.520000	-0.000000485505	
1300.520000	-0.000000472785	
1320.520000	-0.000000461496	
1340.520000	-0.000000451499	
1360.520000	-0.000000442668	
1380.520000	-0.000000434883	
1400.520000	-0.000000428038	
1420.520000	-0.000000422034	
1440.520000	-0.000000416779	
1460.520000	-0.000000412191	
1480.520000	-0.000000408197	
1500.520000	-0.000000404729	
1520.520000	-0.000000401726	
1540.520000	-0.000000399133	
1560.520000	-0.000000396902	
1580.520000	-0.000000394987	
1600.520000	-0.000000393350	
1620.520000	-0.000000391955	
1640.520000	-0.000000390772	
1660.520000	-0.000000389772	
1680.520000	-0.000000388930	
1700.520000	-0.000000388225	
1720.520000	-0.000000387637	
1740.520000	-0.000000387149	
1760.520000	-0.000000386746	
1780.520000	-0.000000386416	
1800.520000	-0.000000386146	
1820.520000	-0.000000385926	
1840.520000	-0.000000385748	
1860.520000	-0.000000385605	
1880.520000	-0.000000385489	
1900.520000	-0.000000385395	
1920.520000	-0.000000385319	
1940.520000	-0.000000385255	
1960.520000	-0.000000385202	
1980.520000	-0.000000385155	
2000.520000	-0.000000385113	
2020.520000	-0.000000385074	
2040.520000	-0.000000385035	
2060.520000	-0.000000384996	
2080.520000	-0.000000384955	
2100.520000	-0.000000384911	
2120.520000	-0.000000384865	
2140.520000	-0.000000384815	
2160.520000	-0.000000384761	
2180.520000	-0.000000384704	
2200.520000	-0.000000384642	
2220.520000	-0.000000384576	
2240.520000	-0.000000384506	
2260.520000	-0.000000384432	
2280.520000	-0.000000384354	
2300.520000	-0.000000384272	
2320.520000	-0.000000384187	
2340.520000	-0.000000384099	
2360.520000	-0.000000384008	
2380.520000	-0.000000383914	
2400.520000	-0.000000383818	
2420.520000	-0.000000383719	
2440.520000	-0.000000383619	
2460.520000	-0.000000383517	
2480.520000	-0.000000383413	
