0.000000	0.000000001735	
20.000000	0.000000001833	
40.000000	0.000000001825	
60.000000	0.000000001820	
80.000000	0.000000001818	
100.000000	0.000000001817	
120.000000	0.000000000266	
140.000000	0.000000000372	
160.000000	0.000000000506	
180.000000	0.000000000666	
200.000000	0.000000000850	
220.000000	0.000000001054	
240.000000	0.000000001278	
260.000000	0.000000001522	
280.000000	0.000000001784	
300.000000	0.000000002065	
320.000000	0.000000002363	
340.000000	0.000000002697	
360.000000	0.000000003032	
380.000000	0.000000003377	
400.000000	0.000000003735	
420.000000	0.000000004108	
440.000000	0.000000004495	
460.000000	0.000000004896	
480.000000	0.000000005312	
500.000000	0.000000005744	
520.000000	0.000000006655	
540.000000	0.000000007540	
560.000000	0.000000008397	
580.000000	0.000000009221	
600.000000	0.000000009998	
620.000000	0.000000010705	
624.720000	0.000000010859	
624.920000	0.000000010865	
625.120000	0.000000010871	
625.320000	0.000000010878	
625.520000	0.000000010884	
625.720000	0.000000010890	
625.920000	0.000000010897	
626.120000	0.000000010903	
626.320000	0.000000010909	
626.520000	0.000000010915	
626.720000	0.000000010922	
626.920000	0.000000010928	
627.120000	0.000000010934	
627.320000	0.000000010940	
627.520000	0.000000010947	
627.720000	0.000000010953	
627.920000	0.000000010959	
628.120000	0.000000010965	
628.320000	0.000000010971	
628.520000	0.000000010977	
628.720000	0.000000010984	
628.920000	0.000000010990	
629.120000	0.000000010996	
629.320000	0.000000011002	
629.520000	0.000000011008	
629.720000	0.000000011014	
629.920000	0.000000011020	
630.120000	0.000000011026	
630.320000	0.000000011032	
630.520000	0.000000011038	
630.720000	0.000000011044	
630.920000	0.000000011050	
631.120000	0.000000011056	
631.320000	0.000000011062	
631.520000	0.000000011068	
631.720000	0.000000011074	
631.920000	0.000000011080	
632.120000	0.000000011086	
632.320000	0.000000011092	
632.520000	0.000000011098	
632.720000	0.000000011104	
632.920000	0.000000011110	
633.120000	0.000000011116	
633.320000	0.000000011121	
633.520000	0.000000011127	
633.720000	0.000000011133	
633.920000	0.000000011139	
634.120000	0.000000011145	
634.320000	0.000000011150	
634.520000	0.000000011156	
634.720000	0.000000011162	
634.920000	0.000000011168	
635.120000	0.000000011173	
635.320000	0.000000011179	
635.520000	0.000000011185	
635.720000	0.000000011190	
635.920000	0.000000011196	
636.120000	0.000000011202	
636.320000	0.000000011207	
636.520000	0.000000011213	
636.720000	0.000000011219	
636.920000	0.000000011224	
637.120000	0.000000011230	
637.320000	0.000000011235	
637.520000	0.000000011241	
637.720000	0.000000011246	
637.920000	0.000000011252	
638.120000	0.000000011258	
638.320000	0.000000011263	
638.520000	0.000000011269	
638.720000	0.000000011274	
638.920000	0.000000011279	
639.120000	0.000000011285	
639.320000	0.000000011290	
639.520000	0.000000011296	
639.720000	0.000000011301	
639.920000	0.000000011306	
640.120000	0.000000011312	
640.320000	0.000000011317	
640.520000	0.000000011322	
640.720000	0.000000011328	
640.920000	0.000000011333	
641.120000	0.000000011338	
641.320000	0.000000011344	
641.520000	0.000000011349	
641.720000	0.000000011354	
641.920000	0.000000011359	
642.120000	0.000000011365	
642.320000	0.000000011370	
642.520000	0.000000011375	
642.720000	0.000000011380	
642.920000	0.000000011385	
643.120000	0.000000011390	
643.320000	0.000000011395	
643.520000	0.000000011401	
643.720000	0.000000011406	
643.920000	0.000000011411	
644.120000	0.000000011416	
644.320000	0.000000011421	
644.520000	0.000000011426	
644.720000	0.000000011431	
644.920000	0.000000011436	
645.120000	0.000000011441	
645.320000	0.000000011446	
645.520000	0.000000011451	
645.720000	0.000000011455	
645.920000	0.000000011460	
646.120000	0.000000011465	
646.320000	0.000000011470	
646.520000	0.000000011475	
646.720000	0.000000011480	
646.920000	0.000000011485	
647.120000	0.000000011489	
647.320000	0.000000011494	
647.520000	0.000000011499	
647.720000	0.000000011504	
647.920000	0.000000011508	
648.120000	0.000000011513	
648.320000	0.000000011518	
648.520000	0.000000011522	
648.720000	0.000000011527	
648.920000	0.000000011532	
649.120000	0.000000011536	
649.320000	0.000000011541	
649.520000	0.000000011545	
649.720000	0.000000011550	
649.920000	0.000000011555	
650.120000	0.000000011559	
650.320000	0.000000011564	
650.520000	0.000000011568	
650.720000	0.000000011572	
650.920000	0.000000011577	
651.120000	0.000000011581	
651.320000	0.000000011586	
651.520000	0.000000011590	
651.720000	0.000000011595	
651.920000	0.000000011599	
652.120000	0.000000011603	
652.320000	0.000000011608	
652.520000	0.000000011612	
652.720000	0.000000011616	
652.920000	0.000000011620	
653.120000	0.000000011625	
653.320000	0.000000011629	
653.520000	0.000000011633	
653.720000	0.000000011637	
653.920000	0.000000011641	
654.120000	0.000000011646	
654.320000	0.000000011650	
654.520000	0.000000011654	
654.720000	0.000000011658	
654.920000	0.000000011662	
655.120000	0.000000011666	
655.320000	0.000000011670	
655.520000	0.000000011674	
655.720000	0.000000011678	
655.920000	0.000000011682	
656.120000	0.000000011686	
656.320000	0.000000011690	
656.520000	0.000000011694	
656.720000	0.000000011698	
656.920000	0.000000011702	
657.120000	0.000000011705	
657.320000	0.000000011709	
657.520000	0.000000011713	
657.720000	0.000000011717	
657.920000	0.000000011721	
658.120000	0.000000011724	
658.320000	0.000000011728	
658.520000	0.000000011732	
658.720000	0.000000011735	
658.920000	0.000000011739	
659.120000	0.000000011743	
659.320000	0.000000011746	
659.520000	0.000000011750	
659.720000	0.000000011754	
659.920000	0.000000011757	
660.120000	0.000000011761	
660.320000	0.000000011764	
660.520000	0.000000011768	
660.720000	0.000000011771	
660.920000	0.000000011775	
661.120000	0.000000011778	
661.320000	0.000000011781	
661.520000	0.000000011785	
661.720000	0.000000011788	
661.920000	0.000000011792	
662.120000	0.000000011795	
662.320000	0.000000011798	
662.520000	0.000000011802	
662.720000	0.000000011805	
662.920000	0.000000011808	
663.120000	0.000000011811	
663.320000	0.000000011814	
663.520000	0.000000011818	
663.720000	0.000000011821	
663.920000	0.000000011824	
664.120000	0.000000011827	
664.320000	0.000000011830	
664.520000	0.000000011833	
664.720000	0.000000011836	
664.920000	0.000000011839	
665.120000	0.000000011842	
665.320000	0.000000011845	
665.520000	0.000000011848	
665.720000	0.000000011851	
665.920000	0.000000011854	
666.120000	0.000000011857	
666.320000	0.000000011860	
666.520000	0.000000011863	
666.720000	0.000000011866	
666.920000	0.000000011868	
667.120000	0.000000011871	
667.320000	0.000000011874	
667.520000	0.000000011877	
667.720000	0.000000011879	
667.920000	0.000000011882	
668.120000	0.000000011885	
668.320000	0.000000011887	
668.520000	0.000000011890	
668.720000	0.000000011893	
668.920000	0.000000011895	
669.120000	0.000000011898	
669.320000	0.000000011900	
669.520000	0.000000011903	
669.720000	0.000000011905	
669.920000	0.000000011908	
670.120000	0.000000011910	
670.320000	0.000000011913	
670.520000	0.000000011915	
670.720000	0.000000011917	
670.920000	0.000000011920	
671.120000	0.000000011922	
671.320000	0.000000011924	
671.520000	0.000000011927	
671.720000	0.000000011929	
671.920000	0.000000011931	
672.120000	0.000000011934	
672.320000	0.000000011936	
672.520000	0.000000011938	
672.720000	0.000000011940	
672.920000	0.000000011942	
673.120000	0.000000011944	
673.320000	0.000000011946	
673.520000	0.000000011948	
673.720000	0.000000011950	
673.920000	0.000000011953	
674.120000	0.000000011955	
674.320000	0.000000011956	
674.520000	0.000000011958	
674.720000	0.000000011960	
674.920000	0.000000011962	
675.120000	0.000000011964	
675.320000	0.000000011966	
675.520000	0.000000011968	
675.720000	0.000000011970	
675.920000	0.000000011971	
676.120000	0.000000011973	
676.320000	0.000000011975	
676.520000	0.000000011977	
676.720000	0.000000011978	
676.920000	0.000000011980	
677.120000	0.000000011982	
677.320000	0.000000011983	
677.520000	0.000000011985	
677.720000	0.000000011987	
677.920000	0.000000011988	
678.120000	0.000000011990	
678.320000	0.000000011991	
678.520000	0.000000011993	
678.720000	0.000000011994	
678.920000	0.000000011996	
679.120000	0.000000011997	
679.320000	0.000000011998	
679.520000	0.000000012000	
679.720000	0.000000012001	
679.920000	0.000000012003	
680.120000	0.000000012004	
680.320000	0.000000012005	
680.520000	0.000000012006	
680.720000	0.000000012008	
680.920000	0.000000012009	
681.120000	0.000000012010	
681.320000	0.000000012011	
681.520000	0.000000012012	
681.720000	0.000000012014	
681.920000	0.000000012015	
682.120000	0.000000012016	
682.320000	0.000000012017	
682.520000	0.000000012018	
682.720000	0.000000012019	
682.920000	0.000000012020	
683.120000	0.000000012021	
683.320000	0.000000012022	
683.520000	0.000000012023	
683.720000	0.000000012024	
683.920000	0.000000012025	
684.120000	0.000000012025	
684.320000	0.000000012026	
684.520000	0.000000012027	
684.720000	0.000000012028	
684.920000	0.000000012029	
685.120000	0.000000012029	
685.320000	0.000000012030	
685.520000	0.000000012031	
685.720000	0.000000012032	
685.920000	0.000000012032	
686.120000	0.000000012033	
686.320000	0.000000012034	
686.520000	0.000000012034	
686.720000	0.000000012035	
686.920000	0.000000012035	
687.120000	0.000000012036	
687.320000	0.000000012036	
687.520000	0.000000012037	
687.720000	0.000000012037	
687.920000	0.000000012038	
688.120000	0.000000012038	
688.320000	0.000000012039	
688.520000	0.000000012039	
688.720000	0.000000012039	
688.920000	0.000000012040	
689.120000	0.000000012040	
689.320000	0.000000012040	
689.520000	0.000000012041	
689.720000	0.000000012041	
689.920000	0.000000012041	
690.120000	0.000000012041	
690.320000	0.000000012042	
690.520000	0.000000012042	
690.720000	0.000000012042	
690.920000	0.000000012042	
691.120000	0.000000012042	
691.320000	0.000000012042	
691.520000	0.000000012042	
691.720000	0.000000012043	
691.920000	0.000000012043	
692.120000	0.000000012043	
692.320000	0.000000012043	
692.520000	0.000000012043	
692.720000	0.000000012042	
692.920000	0.000000012042	
693.120000	0.000000012042	
693.320000	0.000000012042	
693.520000	0.000000012042	
693.720000	0.000000012042	
693.920000	0.000000012042	
694.120000	0.000000012042	
694.320000	0.000000012041	
694.520000	0.000000012041	
694.720000	0.000000012041	
694.920000	0.000000012041	
695.120000	0.000000012040	
695.320000	0.000000012040	
695.520000	0.000000012040	
695.720000	0.000000012039	
695.920000	0.000000012039	
696.120000	0.000000012039	
696.320000	0.000000012038	
696.520000	0.000000012038	
696.720000	0.000000012037	
696.920000	0.000000012037	
697.120000	0.000000012036	
697.320000	0.000000012036	
697.520000	0.000000012035	
697.720000	0.000000012035	
697.920000	0.000000012034	
698.120000	0.000000012034	
698.320000	0.000000012033	
698.520000	0.000000012033	
698.720000	0.000000012032	
698.920000	0.000000012031	
699.120000	0.000000012031	
699.320000	0.000000012030	
699.520000	0.000000012029	
699.720000	0.000000012029	
699.920000	0.000000012028	
700.120000	0.000000012027	
700.320000	0.000000012026	
700.520000	0.000000012025	
700.720000	0.000000012025	
700.920000	0.000000012024	
701.120000	0.000000012023	
701.320000	0.000000012022	
701.520000	0.000000012021	
701.720000	0.000000012020	
701.920000	0.000000012019	
702.120000	0.000000012018	
702.320000	0.000000012017	
702.520000	0.000000012016	
702.720000	0.000000012016	
702.920000	0.000000012014	
703.120000	0.000000012013	
703.320000	0.000000012012	
703.520000	0.000000012011	
703.720000	0.000000012010	
703.920000	0.000000012009	
704.120000	0.000000012008	
704.320000	0.000000012007	
704.520000	0.000000012006	
704.720000	0.000000012005	
704.920000	0.000000012003	
705.120000	0.000000012002	
705.320000	0.000000012001	
705.520000	0.000000012000	
705.720000	0.000000011998	
705.920000	0.000000011997	
706.120000	0.000000011996	
706.320000	0.000000011995	
706.520000	0.000000011993	
706.720000	0.000000011992	
706.920000	0.000000011991	
707.120000	0.000000011989	
707.320000	0.000000011988	
707.520000	0.000000011986	
707.720000	0.000000011985	
707.920000	0.000000011984	
708.120000	0.000000011982	
708.320000	0.000000011981	
708.520000	0.000000011979	
708.720000	0.000000011978	
708.920000	0.000000011976	
709.120000	0.000000011975	
709.320000	0.000000011973	
709.520000	0.000000011972	
709.720000	0.000000011970	
709.920000	0.000000011968	
710.120000	0.000000011967	
710.320000	0.000000011965	
710.520000	0.000000011963	
710.720000	0.000000011962	
710.920000	0.000000011960	
711.120000	0.000000011958	
711.320000	0.000000011957	
711.520000	0.000000011955	
711.720000	0.000000011953	
711.920000	0.000000011951	
712.120000	0.000000011950	
712.320000	0.000000011948	
712.520000	0.000000011946	
712.720000	0.000000011944	
712.920000	0.000000011942	
713.120000	0.000000011941	
713.320000	0.000000011939	
713.520000	0.000000011937	
713.720000	0.000000011935	
713.920000	0.000000011933	
714.120000	0.000000011931	
714.320000	0.000000011929	
714.520000	0.000000011927	
714.720000	0.000000011925	
714.920000	0.000000011923	
715.120000	0.000000011921	
715.320000	0.000000011919	
715.520000	0.000000011917	
715.720000	0.000000011915	
715.920000	0.000000011913	
716.120000	0.000000011911	
716.320000	0.000000011909	
716.520000	0.000000011907	
716.720000	0.000000011905	
716.920000	0.000000011903	
717.120000	0.000000011901	
717.320000	0.000000011899	
717.520000	0.000000011896	
717.720000	0.000000011894	
717.920000	0.000000011892	
718.120000	0.000000011890	
718.320000	0.000000011888	
718.520000	0.000000011885	
718.720000	0.000000011883	
718.920000	0.000000011881	
719.120000	0.000000011879	
719.320000	0.000000011876	
719.520000	0.000000011874	
719.720000	0.000000011872	
719.920000	0.000000011869	
720.120000	0.000000011867	
720.320000	0.000000011865	
720.520000	0.000000011862	
720.720000	0.000000011860	
720.920000	0.000000011857	
721.120000	0.000000011855	
721.320000	0.000000011853	
721.520000	0.000000011850	
721.720000	0.000000011848	
721.920000	0.000000011845	
722.120000	0.000000011843	
722.320000	0.000000011840	
722.520000	0.000000011838	
722.720000	0.000000011835	
722.920000	0.000000011833	
723.120000	0.000000011830	
723.320000	0.000000011828	
723.520000	0.000000011825	
723.720000	0.000000011823	
723.920000	0.000000011820	
724.120000	0.000000011817	
724.320000	0.000000011815	
724.520000	0.000000011812	
724.720000	0.000000011809	
724.920000	0.000000011807	
725.120000	0.000000011804	
725.320000	0.000000011801	
725.520000	0.000000011799	
725.720000	0.000000011796	
725.920000	0.000000011793	
726.120000	0.000000011791	
726.320000	0.000000011788	
726.520000	0.000000011785	
726.720000	0.000000011782	
726.920000	0.000000011780	
727.120000	0.000000011777	
727.320000	0.000000011774	
727.520000	0.000000011771	
727.720000	0.000000011768	
727.920000	0.000000011765	
728.120000	0.000000011763	
728.320000	0.000000011760	
728.520000	0.000000011757	
728.720000	0.000000011754	
728.920000	0.000000011751	
729.120000	0.000000011748	
729.320000	0.000000011745	
729.520000	0.000000011742	
729.720000	0.000000011739	
729.920000	0.000000011736	
730.120000	0.000000011733	
730.320000	0.000000011730	
730.520000	0.000000011727	
730.720000	0.000000011724	
730.920000	0.000000011721	
731.120000	0.000000011718	
731.320000	0.000000011715	
731.520000	0.000000011712	
731.720000	0.000000011709	
731.920000	0.000000011706	
732.120000	0.000000011703	
732.320000	0.000000011700	
732.520000	0.000000011697	
732.720000	0.000000011694	
732.920000	0.000000011691	
733.120000	0.000000011688	
733.320000	0.000000011684	
733.520000	0.000000011681	
733.720000	0.000000011678	
733.920000	0.000000011675	
734.120000	0.000000011672	
734.320000	0.000000011668	
734.520000	0.000000011665	
734.720000	0.000000011662	
734.920000	0.000000011659	
735.120000	0.000000011655	
735.320000	0.000000011652	
735.520000	0.000000011649	
735.720000	0.000000011646	
735.920000	0.000000011642	
736.120000	0.000000011639	
736.320000	0.000000011636	
736.520000	0.000000011632	
736.720000	0.000000011629	
736.920000	0.000000011626	
737.120000	0.000000011622	
737.320000	0.000000011619	
737.520000	0.000000011616	
737.720000	0.000000011612	
737.920000	0.000000011609	
738.120000	0.000000011605	
738.320000	0.000000011602	
738.520000	0.000000011599	
738.720000	0.000000011595	
738.920000	0.000000011592	
739.120000	0.000000011588	
739.320000	0.000000011585	
739.520000	0.000000011581	
739.720000	0.000000011578	
739.920000	0.000000011574	
740.120000	0.000000011571	
740.320000	0.000000011567	
740.520000	0.000000011564	
740.720000	0.000000011560	
740.920000	0.000000011557	
741.120000	0.000000011553	
741.320000	0.000000011550	
741.520000	0.000000011546	
741.720000	0.000000011542	
741.920000	0.000000011539	
742.120000	0.000000011535	
742.320000	0.000000011532	
742.520000	0.000000011528	
742.720000	0.000000011524	
742.920000	0.000000011521	
743.120000	0.000000011517	
743.320000	0.000000011513	
743.520000	0.000000011510	
743.720000	0.000000011506	
743.920000	0.000000011502	
744.120000	0.000000011498	
744.320000	0.000000011495	
744.520000	0.000000011491	
744.720000	0.000000011487	
744.920000	0.000000011484	
745.120000	0.000000011480	
745.320000	0.000000011476	
745.520000	0.000000011472	
745.720000	0.000000011468	
745.920000	0.000000011465	
746.120000	0.000000011461	
746.320000	0.000000011457	
746.520000	0.000000011453	
746.720000	0.000000011449	
746.920000	0.000000011446	
747.120000	0.000000011442	
747.320000	0.000000011438	
747.520000	0.000000011434	
747.720000	0.000000011430	
747.920000	0.000000011426	
748.120000	0.000000011422	
748.320000	0.000000011418	
748.520000	0.000000011415	
748.720000	0.000000011411	
748.920000	0.000000011407	
749.120000	0.000000011403	
749.320000	0.000000011399	
749.520000	0.000000011395	
749.720000	0.000000011391	
749.920000	0.000000011387	
750.120000	0.000000011383	
750.320000	0.000000011379	
750.520000	0.000000011375	
750.720000	0.000000011371	
750.920000	0.000000011367	
751.120000	0.000000011363	
751.320000	0.000000011359	
751.520000	0.000000011355	
751.720000	0.000000011351	
751.920000	0.000000011347	
752.120000	0.000000011343	
752.320000	0.000000011339	
752.520000	0.000000011334	
752.720000	0.000000011330	
752.920000	0.000000011326	
753.120000	0.000000011322	
753.320000	0.000000011318	
753.520000	0.000000011314	
753.720000	0.000000011310	
753.920000	0.000000011306	
754.120000	0.000000011302	
754.320000	0.000000011297	
754.520000	0.000000011293	
754.720000	0.000000011289	
754.920000	0.000000011285	
755.120000	0.000000011281	
755.320000	0.000000011276	
755.520000	0.000000011272	
755.720000	0.000000011268	
755.920000	0.000000011264	
756.120000	0.000000011260	
756.320000	0.000000011255	
756.520000	0.000000011251	
756.720000	0.000000011247	
756.920000	0.000000011243	
757.120000	0.000000011238	
757.320000	0.000000011234	
757.520000	0.000000011230	
757.720000	0.000000011225	
757.920000	0.000000011221	
758.120000	0.000000011217	
758.320000	0.000000011212	
758.520000	0.000000011208	
758.720000	0.000000011204	
758.920000	0.000000011199	
759.120000	0.000000011195	
759.320000	0.000000011191	
759.520000	0.000000011186	
759.720000	0.000000011182	
759.920000	0.000000011178	
760.120000	0.000000011173	
760.320000	0.000000011169	
760.520000	0.000000011164	
760.720000	0.000000011160	
760.920000	0.000000011156	
761.120000	0.000000011151	
761.320000	0.000000011147	
761.520000	0.000000011142	
761.720000	0.000000011138	
761.920000	0.000000011133	
762.120000	0.000000011129	
762.320000	0.000000011124	
762.520000	0.000000011120	
762.720000	0.000000011115	
762.920000	0.000000011111	
763.120000	0.000000011106	
763.320000	0.000000011102	
763.520000	0.000000011097	
763.720000	0.000000011093	
763.920000	0.000000011088	
764.120000	0.000000011084	
764.320000	0.000000011079	
764.520000	0.000000011075	
764.720000	0.000000011070	
764.920000	0.000000011066	
765.120000	0.000000011061	
765.320000	0.000000011057	
765.520000	0.000000011052	
765.720000	0.000000011047	
765.920000	0.000000011043	
766.120000	0.000000011038	
766.320000	0.000000011034	
766.520000	0.000000011029	
766.720000	0.000000011024	
766.920000	0.000000011020	
767.120000	0.000000011015	
767.320000	0.000000011010	
767.520000	0.000000011006	
767.720000	0.000000011001	
767.920000	0.000000010996	
768.120000	0.000000010992	
768.320000	0.000000010987	
768.520000	0.000000010982	
768.720000	0.000000010978	
768.920000	0.000000010973	
769.120000	0.000000010968	
769.320000	0.000000010964	
769.520000	0.000000010959	
769.720000	0.000000010954	
769.920000	0.000000010949	
770.120000	0.000000010945	
770.320000	0.000000010940	
770.520000	0.000000010935	
770.720000	0.000000010930	
770.920000	0.000000010926	
771.120000	0.000000010921	
771.320000	0.000000010916	
771.520000	0.000000010911	
771.720000	0.000000010907	
771.920000	0.000000010902	
772.120000	0.000000010897	
772.320000	0.000000010892	
772.520000	0.000000010887	
772.720000	0.000000010882	
772.920000	0.000000010878	
773.120000	0.000000010873	
773.320000	0.000000010868	
773.520000	0.000000010863	
773.720000	0.000000010858	
773.920000	0.000000010853	
774.120000	0.000000010849	
774.320000	0.000000010844	
774.520000	0.000000010839	
774.720000	0.000000010834	
774.920000	0.000000010829	
775.120000	0.000000010824	
775.320000	0.000000010819	
775.520000	0.000000010814	
775.720000	0.000000010809	
775.920000	0.000000010805	
776.120000	0.000000010800	
776.320000	0.000000010795	
776.520000	0.000000010790	
776.720000	0.000000010785	
776.920000	0.000000010780	
777.120000	0.000000010775	
777.320000	0.000000010770	
777.520000	0.000000010765	
777.720000	0.000000010760	
777.920000	0.000000010755	
778.120000	0.000000010750	
778.320000	0.000000010745	
778.520000	0.000000010740	
778.720000	0.000000010735	
778.920000	0.000000010730	
779.120000	0.000000010725	
779.320000	0.000000010720	
779.520000	0.000000010715	
779.720000	0.000000010710	
779.920000	0.000000010705	
780.120000	0.000000010700	
780.320000	0.000000010695	
780.520000	0.000000010690	
780.720000	0.000000010685	
780.920000	0.000000010680	
781.120000	0.000000010675	
781.320000	0.000000010670	
781.520000	0.000000010665	
781.720000	0.000000010660	
781.920000	0.000000010655	
782.120000	0.000000010649	
782.320000	0.000000010644	
782.520000	0.000000010639	
782.720000	0.000000010634	
782.920000	0.000000010629	
783.120000	0.000000010624	
783.320000	0.000000010619	
783.520000	0.000000010614	
783.720000	0.000000010609	
783.920000	0.000000010603	
784.120000	0.000000010598	
784.320000	0.000000010593	
784.520000	0.000000010588	
784.720000	0.000000010583	
784.920000	0.000000010578	
785.120000	0.000000010573	
785.320000	0.000000010567	
785.520000	0.000000010562	
785.720000	0.000000010557	
785.920000	0.000000010552	
786.120000	0.000000010547	
786.320000	0.000000010542	
786.520000	0.000000010536	
786.720000	0.000000010531	
786.920000	0.000000010526	
787.120000	0.000000010521	
787.320000	0.000000010516	
787.520000	0.000000010510	
787.720000	0.000000010505	
787.920000	0.000000010500	
788.120000	0.000000010495	
788.320000	0.000000010489	
788.520000	0.000000010484	
788.720000	0.000000010479	
788.920000	0.000000010474	
789.120000	0.000000010468	
789.320000	0.000000010463	
789.520000	0.000000010458	
789.720000	0.000000010453	
789.920000	0.000000010447	
790.120000	0.000000010442	
790.320000	0.000000010437	
790.520000	0.000000010432	
790.720000	0.000000010426	
790.920000	0.000000010421	
791.120000	0.000000010416	
791.320000	0.000000010410	
791.520000	0.000000010405	
791.720000	0.000000010400	
791.920000	0.000000010394	
792.120000	0.000000010389	
792.320000	0.000000010384	
792.520000	0.000000010379	
792.720000	0.000000010373	
792.920000	0.000000010368	
793.120000	0.000000010363	
793.320000	0.000000010357	
793.520000	0.000000010352	
793.720000	0.000000010346	
793.920000	0.000000010341	
794.120000	0.000000010336	
794.320000	0.000000010330	
794.520000	0.000000010325	
794.720000	0.000000010320	
794.920000	0.000000010314	
795.120000	0.000000010309	
795.320000	0.000000010304	
795.520000	0.000000010298	
795.720000	0.000000010293	
795.920000	0.000000010287	
796.120000	0.000000010282	
796.320000	0.000000010277	
796.520000	0.000000010271	
796.720000	0.000000010266	
796.920000	0.000000010260	
797.120000	0.000000010255	
797.320000	0.000000010250	
797.520000	0.000000010244	
797.720000	0.000000010239	
797.920000	0.000000010233	
798.120000	0.000000010228	
798.320000	0.000000010222	
798.520000	0.000000010217	
798.720000	0.000000010212	
798.920000	0.000000010206	
799.120000	0.000000010201	
799.320000	0.000000010195	
799.520000	0.000000010190	
799.720000	0.000000010184	
799.920000	0.000000010179	
800.120000	0.000000010173	
800.320000	0.000000010168	
800.520000	0.000000010162	
820.520000	0.000000009601	
840.520000	0.000000009023	
860.520000	0.000000008442	
880.520000	0.000000007870	
900.520000	0.000000007316	
920.520000	0.000000006787	
940.520000	0.000000006287	
960.520000	0.000000005819	
980.520000	0.000000005384	
1000.520000	0.000000004983	
1020.520000	0.000000004616	
1040.520000	0.000000004281	
1060.520000	0.000000003977	
1080.520000	0.000000003702	
1100.520000	0.000000003454	
1120.520000	0.000000003231	
1140.520000	0.000000003032	
1160.520000	0.000000002854	
1180.520000	0.000000002695	
1200.520000	0.000000002554	
1220.520000	0.000000002429	
1240.520000	0.000000002318	
1260.520000	0.000000002221	
1280.520000	0.000000002134	
1300.520000	0.000000002059	
1320.520000	0.000000001992	
1340.520000	0.000000001934	
1360.520000	0.000000001883	
1380.520000	0.000000001839	
1400.520000	0.000000001800	
1420.520000	0.000000001767	
1440.520000	0.000000001738	
1460.520000	0.000000001713	
1480.520000	0.000000001692	
1500.520000	0.000000001673	
1520.520000	0.000000001658	
1540.520000	0.000000001645	
1560.520000	0.000000001634	
1580.520000	0.000000001625	
1600.520000	0.000000001618	
1620.520000	0.000000001612	
1640.520000	0.000000001607	
1660.520000	0.000000001603	
1680.520000	0.000000001601	
1700.520000	0.000000001599	
1720.520000	0.000000001597	
1740.520000	0.000000001597	
1760.520000	0.000000001596	
1780.520000	0.000000001596	
1800.520000	0.000000001597	
1820.520000	0.000000001598	
1840.520000	0.000000001599	
1860.520000	0.000000001600	
1880.520000	0.000000001602	
1900.520000	0.000000001603	
1920.520000	0.000000001605	
1940.520000	0.000000001606	
1960.520000	0.000000001608	
1980.520000	0.000000001610	
2000.520000	0.000000001612	
2020.520000	0.000000001614	
2040.520000	0.000000001615	
2060.520000	0.000000001617	
2080.520000	0.000000001619	
2100.520000	0.000000001621	
2120.520000	0.000000001623	
2140.520000	0.000000001624	
2160.520000	0.000000001626	
2180.520000	0.000000001628	
2200.520000	0.000000001629	
2220.520000	0.000000001631	
2240.520000	0.000000001633	
2260.520000	0.000000001634	
2280.520000	0.000000001636	
2300.520000	0.000000001637	
2320.520000	0.000000001639	
2340.520000	0.000000001640	
2360.520000	0.000000001641	
2380.520000	0.000000001643	
2400.520000	0.000000001644	
2420.520000	0.000000001645	
2440.520000	0.000000001647	
2460.520000	0.000000001648	
2480.520000	0.000000001649	
