0.000000	0.003182231016	
20.000000	0.003205189489	
40.000000	0.003204474157	
60.000000	0.003203891887	
80.000000	0.003203582455	
100.000000	0.003203420189	
120.000000	0.002417032261	
140.000000	0.002508305612	
160.000000	0.002603427173	
180.000000	0.002693025993	
200.000000	0.002774107999	
220.000000	0.002846093712	
240.000000	0.002910031673	
260.000000	0.002967120721	
280.000000	0.003018390122	
300.000000	0.003064671538	
320.000000	0.003106638328	
340.000000	0.003147696325	
360.000000	0.003183065727	
380.000000	0.003214724926	
400.000000	0.003243599062	
420.000000	0.003270189533	
440.000000	0.003294828017	
460.000000	0.003317771742	
480.000000	0.003339241342	
500.000000	0.003359438904	
520.000000	0.003410131024	
540.000000	0.003455757305	
560.000000	0.003496688312	
580.000000	0.003533122297	
600.000000	0.003565060069	
620.000000	0.003592230302	
624.720000	0.003597882241	
624.920000	0.003598114860	
625.120000	0.003598346911	
625.320000	0.003598578392	
625.520000	0.003598809304	
625.720000	0.003599039644	
625.920000	0.003599269412	
626.120000	0.003599498606	
626.320000	0.003599727225	
626.520000	0.003599955268	
626.720000	0.003600182734	
626.920000	0.003600409622	
627.120000	0.003600635930	
627.320000	0.003600861657	
627.520000	0.003601086802	
627.720000	0.003601311364	
627.920000	0.003601535341	
628.120000	0.003601758733	
628.320000	0.003601981538	
628.520000	0.003602203755	
628.720000	0.003602425382	
628.920000	0.003602646418	
629.120000	0.003602866863	
629.320000	0.003603086714	
629.520000	0.003603305971	
629.720000	0.003603524632	
629.920000	0.003603742696	
630.120000	0.003603960162	
630.320000	0.003604177028	
630.520000	0.003604393293	
630.720000	0.003604608955	
630.920000	0.003604824014	
631.120000	0.003605038468	
631.320000	0.003605252316	
631.520000	0.003605465556	
631.720000	0.003605678187	
631.920000	0.003605890208	
632.120000	0.003606101617	
632.320000	0.003606312413	
632.520000	0.003606522594	
632.720000	0.003606732160	
632.920000	0.003606941108	
633.120000	0.003607149438	
633.320000	0.003607357148	
633.520000	0.003607564236	
633.720000	0.003607770701	
633.920000	0.003607976542	
634.120000	0.003608181758	
634.320000	0.003608386346	
634.520000	0.003608590306	
634.720000	0.003608793636	
634.920000	0.003608996334	
635.120000	0.003609198400	
635.320000	0.003609399831	
635.520000	0.003609600626	
635.720000	0.003609800784	
635.920000	0.003610000303	
636.120000	0.003610199182	
636.320000	0.003610397420	
636.520000	0.003610595014	
636.720000	0.003610791963	
636.920000	0.003610988266	
637.120000	0.003611183921	
637.320000	0.003611378927	
637.520000	0.003611573283	
637.720000	0.003611766985	
637.920000	0.003611960035	
638.120000	0.003612152428	
638.320000	0.003612344165	
638.520000	0.003612535243	
638.720000	0.003612725662	
638.920000	0.003612915419	
639.120000	0.003613104512	
639.320000	0.003613292941	
639.520000	0.003613480704	
639.720000	0.003613667799	
639.920000	0.003613854224	
640.120000	0.003614039979	
640.320000	0.003614225061	
640.520000	0.003614409468	
640.720000	0.003614593200	
640.920000	0.003614776255	
641.120000	0.003614958630	
641.320000	0.003615140325	
641.520000	0.003615321338	
641.720000	0.003615501667	
641.920000	0.003615681311	
642.120000	0.003615860267	
642.320000	0.003616038535	
642.520000	0.003616216113	
642.720000	0.003616392999	
642.920000	0.003616569191	
643.120000	0.003616744688	
643.320000	0.003616919488	
643.520000	0.003617093590	
643.720000	0.003617266991	
643.920000	0.003617439691	
644.120000	0.003617611687	
644.320000	0.003617782979	
644.520000	0.003617953563	
644.720000	0.003618123439	
644.920000	0.003618292605	
645.120000	0.003618461060	
645.320000	0.003618628801	
645.520000	0.003618795827	
645.720000	0.003618962136	
645.920000	0.003619127727	
646.120000	0.003619292598	
646.320000	0.003619456747	
646.520000	0.003619620173	
646.720000	0.003619782874	
646.920000	0.003619944848	
647.120000	0.003620106094	
647.320000	0.003620266610	
647.520000	0.003620426394	
647.720000	0.003620585444	
647.920000	0.003620743760	
648.120000	0.003620901338	
648.320000	0.003621058179	
648.520000	0.003621214279	
648.720000	0.003621369637	
648.920000	0.003621524252	
649.120000	0.003621678122	
649.320000	0.003621831245	
649.520000	0.003621983620	
649.720000	0.003622135245	
649.920000	0.003622286118	
650.120000	0.003622436237	
650.320000	0.003622585601	
650.520000	0.003622734209	
650.720000	0.003622882058	
650.920000	0.003623029147	
651.120000	0.003623175475	
651.320000	0.003623321039	
651.520000	0.003623465838	
651.720000	0.003623609870	
651.920000	0.003623753134	
652.120000	0.003623895628	
652.320000	0.003624037351	
652.520000	0.003624178301	
652.720000	0.003624318475	
652.920000	0.003624457873	
653.120000	0.003624596494	
653.320000	0.003624734334	
653.520000	0.003624871394	
653.720000	0.003625007670	
653.920000	0.003625143162	
654.120000	0.003625277868	
654.320000	0.003625411786	
654.520000	0.003625544916	
654.720000	0.003625677254	
654.920000	0.003625808800	
655.120000	0.003625939552	
655.320000	0.003626069509	
655.520000	0.003626198668	
655.720000	0.003626327030	
655.920000	0.003626454591	
656.120000	0.003626581350	
656.320000	0.003626707306	
656.520000	0.003626832458	
656.720000	0.003626956804	
656.920000	0.003627080342	
657.120000	0.003627203070	
657.320000	0.003627324989	
657.520000	0.003627446095	
657.720000	0.003627566387	
657.920000	0.003627685865	
658.120000	0.003627804526	
658.320000	0.003627922370	
658.520000	0.003628039394	
658.720000	0.003628155597	
658.920000	0.003628270979	
659.120000	0.003628385537	
659.320000	0.003628499270	
659.520000	0.003628612176	
659.720000	0.003628724256	
659.920000	0.003628835506	
660.120000	0.003628945926	
660.320000	0.003629055514	
660.520000	0.003629164270	
660.720000	0.003629272191	
660.920000	0.003629379277	
661.120000	0.003629485526	
661.320000	0.003629590937	
661.520000	0.003629695509	
661.720000	0.003629799240	
661.920000	0.003629902129	
662.120000	0.003630004176	
662.320000	0.003630105378	
662.520000	0.003630205735	
662.720000	0.003630305245	
662.920000	0.003630403908	
663.120000	0.003630501722	
663.320000	0.003630598686	
663.520000	0.003630694799	
663.720000	0.003630790060	
663.920000	0.003630884468	
664.120000	0.003630978021	
664.320000	0.003631070719	
664.520000	0.003631162561	
664.720000	0.003631253545	
664.920000	0.003631343671	
665.120000	0.003631432937	
665.320000	0.003631521343	
665.520000	0.003631608888	
665.720000	0.003631695571	
665.920000	0.003631781390	
666.120000	0.003631866346	
666.320000	0.003631950436	
666.520000	0.003632033661	
666.720000	0.003632116019	
666.920000	0.003632197509	
667.120000	0.003632278131	
667.320000	0.003632357884	
667.520000	0.003632436768	
667.720000	0.003632514780	
667.920000	0.003632591921	
668.120000	0.003632668190	
668.320000	0.003632743587	
668.520000	0.003632818109	
668.720000	0.003632891758	
668.920000	0.003632964532	
669.120000	0.003633036430	
669.320000	0.003633107452	
669.520000	0.003633177598	
669.720000	0.003633246867	
669.920000	0.003633315257	
670.120000	0.003633382770	
670.320000	0.003633449404	
670.520000	0.003633515158	
670.720000	0.003633580033	
670.920000	0.003633644027	
671.120000	0.003633707141	
671.320000	0.003633769374	
671.520000	0.003633830726	
671.720000	0.003633891196	
671.920000	0.003633950783	
672.120000	0.003634009488	
672.320000	0.003634067311	
672.520000	0.003634124250	
672.720000	0.003634180307	
672.920000	0.003634235479	
673.120000	0.003634289768	
673.320000	0.003634343173	
673.520000	0.003634395694	
673.720000	0.003634447331	
673.920000	0.003634498083	
674.120000	0.003634547950	
674.320000	0.003634596933	
674.520000	0.003634645032	
674.720000	0.003634692245	
674.920000	0.003634738574	
675.120000	0.003634784018	
675.320000	0.003634828578	
675.520000	0.003634872252	
675.720000	0.003634915042	
675.920000	0.003634956948	
676.120000	0.003634997969	
676.320000	0.003635038105	
676.520000	0.003635077358	
676.720000	0.003635115726	
676.920000	0.003635153211	
677.120000	0.003635189811	
677.320000	0.003635225529	
677.520000	0.003635260363	
677.720000	0.003635294315	
677.920000	0.003635327383	
678.120000	0.003635359570	
678.320000	0.003635390874	
678.520000	0.003635421297	
678.720000	0.003635450839	
678.920000	0.003635479500	
679.120000	0.003635507280	
679.320000	0.003635534181	
679.520000	0.003635560202	
679.720000	0.003635585344	
679.920000	0.003635609607	
680.120000	0.003635632992	
680.320000	0.003635655500	
680.520000	0.003635677131	
680.720000	0.003635697886	
680.920000	0.003635717765	
681.120000	0.003635736769	
681.320000	0.003635754898	
681.520000	0.003635772154	
681.720000	0.003635788536	
681.920000	0.003635804046	
682.120000	0.003635818685	
682.320000	0.003635832452	
682.520000	0.003635845349	
682.720000	0.003635857377	
682.920000	0.003635868536	
683.120000	0.003635878827	
683.320000	0.003635888251	
683.520000	0.003635896809	
683.720000	0.003635904502	
683.920000	0.003635911330	
684.120000	0.003635917295	
684.320000	0.003635922397	
684.520000	0.003635926638	
684.720000	0.003635930018	
684.920000	0.003635932538	
685.120000	0.003635934199	
685.320000	0.003635935003	
685.520000	0.003635934950	
685.720000	0.003635934041	
685.920000	0.003635932278	
686.120000	0.003635929661	
686.320000	0.003635926191	
686.520000	0.003635921871	
686.720000	0.003635916700	
686.920000	0.003635910680	
687.120000	0.003635903812	
687.320000	0.003635896097	
687.520000	0.003635887536	
687.720000	0.003635878131	
687.920000	0.003635867883	
688.120000	0.003635856793	
688.320000	0.003635844862	
688.520000	0.003635832091	
688.720000	0.003635818482	
688.920000	0.003635804037	
689.120000	0.003635788755	
689.320000	0.003635772639	
689.520000	0.003635755690	
689.720000	0.003635737909	
689.920000	0.003635719298	
690.120000	0.003635699857	
690.320000	0.003635679589	
690.520000	0.003635658495	
690.720000	0.003635636575	
690.920000	0.003635613832	
691.120000	0.003635590267	
691.320000	0.003635565880	
691.520000	0.003635540675	
691.720000	0.003635514651	
691.920000	0.003635487811	
692.120000	0.003635460156	
692.320000	0.003635431688	
692.520000	0.003635402407	
692.720000	0.003635372316	
692.920000	0.003635341415	
693.120000	0.003635309707	
693.320000	0.003635277193	
693.520000	0.003635243874	
693.720000	0.003635209753	
693.920000	0.003635174829	
694.120000	0.003635139106	
694.320000	0.003635102584	
694.520000	0.003635065265	
694.720000	0.003635027151	
694.920000	0.003634988243	
695.120000	0.003634948543	
695.320000	0.003634908052	
695.520000	0.003634866772	
695.720000	0.003634824705	
695.920000	0.003634781851	
696.120000	0.003634738214	
696.320000	0.003634693794	
696.520000	0.003634648593	
696.720000	0.003634602612	
696.920000	0.003634555853	
697.120000	0.003634508319	
697.320000	0.003634460010	
697.520000	0.003634410928	
697.720000	0.003634361074	
697.920000	0.003634310451	
698.120000	0.003634259060	
698.320000	0.003634206903	
698.520000	0.003634153981	
698.720000	0.003634100296	
698.920000	0.003634045849	
699.120000	0.003633990643	
699.320000	0.003633934679	
699.520000	0.003633877958	
699.720000	0.003633820482	
699.920000	0.003633762254	
700.120000	0.003633703274	
700.320000	0.003633643544	
700.520000	0.003633583067	
700.720000	0.003633521842	
700.920000	0.003633459874	
701.120000	0.003633397162	
701.320000	0.003633333708	
701.520000	0.003633269515	
701.720000	0.003633204584	
701.920000	0.003633138917	
702.120000	0.003633072515	
702.320000	0.003633005380	
702.520000	0.003632937513	
702.720000	0.003632868917	
702.920000	0.003632799593	
703.120000	0.003632729543	
703.320000	0.003632658768	
703.520000	0.003632587270	
703.720000	0.003632515051	
703.920000	0.003632442112	
704.120000	0.003632368455	
704.320000	0.003632294082	
704.520000	0.003632218995	
704.720000	0.003632143194	
704.920000	0.003632066682	
705.120000	0.003631989460	
705.320000	0.003631911531	
705.520000	0.003631832895	
705.720000	0.003631753554	
705.920000	0.003631673510	
706.120000	0.003631592765	
706.320000	0.003631511320	
706.520000	0.003631429177	
706.720000	0.003631346338	
706.920000	0.003631262804	
707.120000	0.003631178576	
707.320000	0.003631093657	
707.520000	0.003631008048	
707.720000	0.003630921750	
707.920000	0.003630834766	
708.120000	0.003630747097	
708.320000	0.003630658744	
708.520000	0.003630569710	
708.720000	0.003630479995	
708.920000	0.003630389601	
709.120000	0.003630298531	
709.320000	0.003630206785	
709.520000	0.003630114365	
709.720000	0.003630021272	
709.920000	0.003629927509	
710.120000	0.003629833077	
710.320000	0.003629737977	
710.520000	0.003629642211	
710.720000	0.003629545781	
710.920000	0.003629448687	
711.120000	0.003629350933	
711.320000	0.003629252518	
711.520000	0.003629153446	
711.720000	0.003629053716	
711.920000	0.003628953331	
712.120000	0.003628852293	
712.320000	0.003628750603	
712.520000	0.003628648261	
712.720000	0.003628545271	
712.920000	0.003628441633	
713.120000	0.003628337349	
713.320000	0.003628232421	
713.520000	0.003628126849	
713.720000	0.003628020636	
713.920000	0.003627913782	
714.120000	0.003627806290	
714.320000	0.003627698161	
714.520000	0.003627589396	
714.720000	0.003627479997	
714.920000	0.003627369965	
715.120000	0.003627259302	
715.320000	0.003627148008	
715.520000	0.003627036087	
715.720000	0.003626923538	
715.920000	0.003626810363	
716.120000	0.003626696565	
716.320000	0.003626582144	
716.520000	0.003626467101	
716.720000	0.003626351439	
716.920000	0.003626235158	
717.120000	0.003626118259	
717.320000	0.003626000746	
717.520000	0.003625882617	
717.720000	0.003625763876	
717.920000	0.003625644523	
718.120000	0.003625524561	
718.320000	0.003625403989	
718.520000	0.003625282809	
718.720000	0.003625161024	
718.920000	0.003625038634	
719.120000	0.003624915640	
719.320000	0.003624792045	
719.520000	0.003624667848	
719.720000	0.003624543052	
719.920000	0.003624417658	
720.120000	0.003624291667	
720.320000	0.003624165081	
720.520000	0.003624037900	
720.720000	0.003623910127	
720.920000	0.003623781762	
721.120000	0.003623652807	
721.320000	0.003623523263	
721.520000	0.003623393131	
721.720000	0.003623262412	
721.920000	0.003623131108	
722.120000	0.003622999221	
722.320000	0.003622866751	
722.520000	0.003622733699	
722.720000	0.003622600067	
722.920000	0.003622465856	
723.120000	0.003622331068	
723.320000	0.003622195703	
723.520000	0.003622059763	
723.720000	0.003621923249	
723.920000	0.003621786162	
724.120000	0.003621648503	
724.320000	0.003621510274	
724.520000	0.003621371476	
724.720000	0.003621232110	
724.920000	0.003621092177	
725.120000	0.003620951679	
725.320000	0.003620810616	
725.520000	0.003620668989	
725.720000	0.003620526801	
725.920000	0.003620384052	
726.120000	0.003620240743	
726.320000	0.003620096875	
726.520000	0.003619952450	
726.720000	0.003619807469	
726.920000	0.003619661933	
727.120000	0.003619515842	
727.320000	0.003619369199	
727.520000	0.003619222003	
727.720000	0.003619074257	
727.920000	0.003618925962	
728.120000	0.003618777118	
728.320000	0.003618627727	
728.520000	0.003618477790	
728.720000	0.003618327307	
728.920000	0.003618176281	
729.120000	0.003618024711	
729.320000	0.003617872600	
729.520000	0.003617719948	
729.720000	0.003617566757	
729.920000	0.003617413026	
730.120000	0.003617258758	
730.320000	0.003617103954	
730.520000	0.003616948614	
730.720000	0.003616792740	
730.920000	0.003616636333	
731.120000	0.003616479393	
731.320000	0.003616321922	
731.520000	0.003616163921	
731.720000	0.003616005390	
731.920000	0.003615846332	
732.120000	0.003615686746	
732.320000	0.003615526634	
732.520000	0.003615365998	
732.720000	0.003615204837	
732.920000	0.003615043153	
733.120000	0.003614880947	
733.320000	0.003614718220	
733.520000	0.003614554973	
733.720000	0.003614391207	
733.920000	0.003614226923	
734.120000	0.003614062121	
734.320000	0.003613896804	
734.520000	0.003613730971	
734.720000	0.003613564625	
734.920000	0.003613397765	
735.120000	0.003613230393	
735.320000	0.003613062510	
735.520000	0.003612894116	
735.720000	0.003612725213	
735.920000	0.003612555802	
736.120000	0.003612385883	
736.320000	0.003612215458	
736.520000	0.003612044527	
736.720000	0.003611873091	
736.920000	0.003611701152	
737.120000	0.003611528710	
737.320000	0.003611355767	
737.520000	0.003611182322	
737.720000	0.003611008377	
737.920000	0.003610833934	
738.120000	0.003610658992	
738.320000	0.003610483553	
738.520000	0.003610307618	
738.720000	0.003610131187	
738.920000	0.003609954261	
739.120000	0.003609776842	
739.320000	0.003609598931	
739.520000	0.003609420527	
739.720000	0.003609241633	
739.920000	0.003609062248	
740.120000	0.003608882374	
740.320000	0.003608702012	
740.520000	0.003608521163	
740.720000	0.003608339827	
740.920000	0.003608158005	
741.120000	0.003607975699	
741.320000	0.003607792908	
741.520000	0.003607609635	
741.720000	0.003607425879	
741.920000	0.003607241642	
742.120000	0.003607056924	
742.320000	0.003606871727	
742.520000	0.003606686050	
742.720000	0.003606499896	
742.920000	0.003606313265	
743.120000	0.003606126157	
743.320000	0.003605938574	
743.520000	0.003605750517	
743.720000	0.003605561985	
743.920000	0.003605372981	
744.120000	0.003605183504	
744.320000	0.003604993556	
744.520000	0.003604803138	
744.720000	0.003604612250	
744.920000	0.003604420893	
745.120000	0.003604229068	
745.320000	0.003604036775	
745.520000	0.003603844017	
745.720000	0.003603650793	
745.920000	0.003603457104	
746.120000	0.003603262950	
746.320000	0.003603068334	
746.520000	0.003602873255	
746.720000	0.003602677715	
746.920000	0.003602481714	
747.120000	0.003602285253	
747.320000	0.003602088332	
747.520000	0.003601890954	
747.720000	0.003601693117	
747.920000	0.003601494824	
748.120000	0.003601296074	
748.320000	0.003601096869	
748.520000	0.003600897210	
748.720000	0.003600697096	
748.920000	0.003600496530	
749.120000	0.003600295511	
749.320000	0.003600094041	
749.520000	0.003599892121	
749.720000	0.003599689750	
749.920000	0.003599486930	
750.120000	0.003599283662	
750.320000	0.003599079946	
750.520000	0.003598875783	
750.720000	0.003598671174	
750.920000	0.003598466119	
751.120000	0.003598260620	
751.320000	0.003598054677	
751.520000	0.003597848290	
751.720000	0.003597641461	
751.920000	0.003597434191	
752.120000	0.003597226479	
752.320000	0.003597018328	
752.520000	0.003596809736	
752.720000	0.003596600706	
752.920000	0.003596391238	
753.120000	0.003596181333	
753.320000	0.003595970991	
753.520000	0.003595760214	
753.720000	0.003595549001	
753.920000	0.003595337354	
754.120000	0.003595125273	
754.320000	0.003594912759	
754.520000	0.003594699813	
754.720000	0.003594486436	
754.920000	0.003594272627	
755.120000	0.003594058389	
755.320000	0.003593843721	
755.520000	0.003593628625	
755.720000	0.003593413100	
755.920000	0.003593197148	
756.120000	0.003592980770	
756.320000	0.003592763966	
756.520000	0.003592546737	
756.720000	0.003592329083	
756.920000	0.003592111006	
757.120000	0.003591892506	
757.320000	0.003591673583	
757.520000	0.003591454239	
757.720000	0.003591234473	
757.920000	0.003591014288	
758.120000	0.003590793683	
758.320000	0.003590572658	
758.520000	0.003590351216	
758.720000	0.003590129356	
758.920000	0.003589907080	
759.120000	0.003589684387	
759.320000	0.003589461279	
759.520000	0.003589237756	
759.720000	0.003589013819	
759.920000	0.003588789469	
760.120000	0.003588564705	
760.320000	0.003588339530	
760.520000	0.003588113943	
760.720000	0.003587887946	
760.920000	0.003587661538	
761.120000	0.003587434722	
761.320000	0.003587207496	
761.520000	0.003586979863	
761.720000	0.003586751822	
761.920000	0.003586523374	
762.120000	0.003586294520	
762.320000	0.003586065261	
762.520000	0.003585835597	
762.720000	0.003585605529	
762.920000	0.003585375058	
763.120000	0.003585144184	
763.320000	0.003584912908	
763.520000	0.003584681231	
763.720000	0.003584449152	
763.920000	0.003584216674	
764.120000	0.003583983796	
764.320000	0.003583750519	
764.520000	0.003583516845	
764.720000	0.003583282772	
764.920000	0.003583048303	
765.120000	0.003582813438	
765.320000	0.003582578176	
765.520000	0.003582342521	
765.720000	0.003582106470	
765.920000	0.003581870026	
766.120000	0.003581633190	
766.320000	0.003581395960	
766.520000	0.003581158339	
766.720000	0.003580920327	
766.920000	0.003580681925	
767.120000	0.003580443133	
767.320000	0.003580203951	
767.520000	0.003579964381	
767.720000	0.003579724423	
767.920000	0.003579484078	
768.120000	0.003579243346	
768.320000	0.003579002229	
768.520000	0.003578760725	
768.720000	0.003578518838	
768.920000	0.003578276566	
769.120000	0.003578033910	
769.320000	0.003577790872	
769.520000	0.003577547451	
769.720000	0.003577303649	
769.920000	0.003577059465	
770.120000	0.003576814902	
770.320000	0.003576569958	
770.520000	0.003576324636	
770.720000	0.003576078935	
770.920000	0.003575832856	
771.120000	0.003575586400	
771.320000	0.003575339567	
771.520000	0.003575092358	
771.720000	0.003574844774	
771.920000	0.003574596815	
772.120000	0.003574348482	
772.320000	0.003574099775	
772.520000	0.003573850695	
772.720000	0.003573601243	
772.920000	0.003573351419	
773.120000	0.003573101224	
773.320000	0.003572850658	
773.520000	0.003572599723	
773.720000	0.003572348418	
773.920000	0.003572096744	
774.120000	0.003571844703	
774.320000	0.003571592294	
774.520000	0.003571339518	
774.720000	0.003571086375	
774.920000	0.003570832867	
775.120000	0.003570578994	
775.320000	0.003570324757	
775.520000	0.003570070155	
775.720000	0.003569815190	
775.920000	0.003569559863	
776.120000	0.003569304173	
776.320000	0.003569048122	
776.520000	0.003568791711	
776.720000	0.003568534938	
776.920000	0.003568277806	
777.120000	0.003568020315	
777.320000	0.003567762466	
777.520000	0.003567504259	
777.720000	0.003567245694	
777.920000	0.003566986772	
778.120000	0.003566727495	
778.320000	0.003566467862	
778.520000	0.003566207873	
778.720000	0.003565947531	
778.920000	0.003565686835	
779.120000	0.003565425785	
779.320000	0.003565164383	
779.520000	0.003564902629	
779.720000	0.003564640523	
779.920000	0.003564378067	
780.120000	0.003564115260	
780.320000	0.003563852104	
780.520000	0.003563588598	
780.720000	0.003563324744	
780.920000	0.003563060542	
781.120000	0.003562795993	
781.320000	0.003562531097	
781.520000	0.003562265855	
781.720000	0.003562000267	
781.920000	0.003561734334	
782.120000	0.003561468056	
782.320000	0.003561201435	
782.520000	0.003560934471	
782.720000	0.003560667163	
782.920000	0.003560399514	
783.120000	0.003560131523	
783.320000	0.003559863191	
783.520000	0.003559594518	
783.720000	0.003559325506	
783.920000	0.003559056154	
784.120000	0.003558786464	
784.320000	0.003558516436	
784.520000	0.003558246070	
784.720000	0.003557975367	
784.920000	0.003557704327	
785.120000	0.003557432952	
785.320000	0.003557161241	
785.520000	0.003556889196	
785.720000	0.003556616816	
785.920000	0.003556344103	
786.120000	0.003556071057	
786.320000	0.003555797679	
786.520000	0.003555523969	
786.720000	0.003555249927	
786.920000	0.003554975554	
787.120000	0.003554700852	
787.320000	0.003554425819	
787.520000	0.003554150458	
787.720000	0.003553874768	
787.920000	0.003553598750	
788.120000	0.003553322405	
788.320000	0.003553045733	
788.520000	0.003552768735	
788.720000	0.003552491411	
788.920000	0.003552213762	
789.120000	0.003551935788	
789.320000	0.003551657491	
789.520000	0.003551378869	
789.720000	0.003551099925	
789.920000	0.003550820659	
790.120000	0.003550541071	
790.320000	0.003550261161	
790.520000	0.003549980931	
790.720000	0.003549700381	
790.920000	0.003549419511	
791.120000	0.003549138322	
791.320000	0.003548856815	
791.520000	0.003548574990	
791.720000	0.003548292847	
791.920000	0.003548010388	
792.120000	0.003547727613	
792.320000	0.003547444521	
792.520000	0.003547161115	
792.720000	0.003546877394	
792.920000	0.003546593359	
793.120000	0.003546309010	
793.320000	0.003546024348	
793.520000	0.003545739375	
793.720000	0.003545454089	
793.920000	0.003545168492	
794.120000	0.003544882584	
794.320000	0.003544596366	
794.520000	0.003544309838	
794.720000	0.003544023001	
794.920000	0.003543735856	
795.120000	0.003543448402	
795.320000	0.003543160641	
795.520000	0.003542872573	
795.720000	0.003542584199	
795.920000	0.003542295519	
796.120000	0.003542006533	
796.320000	0.003541717243	
796.520000	0.003541427648	
796.720000	0.003541137750	
796.920000	0.003540847549	
797.120000	0.003540557045	
797.320000	0.003540266239	
797.520000	0.003539975131	
797.720000	0.003539683723	
797.920000	0.003539392014	
798.120000	0.003539100005	
798.320000	0.003538807697	
798.520000	0.003538515090	
798.720000	0.003538222184	
798.920000	0.003537928981	
799.120000	0.003537635481	
799.320000	0.003537341684	
799.520000	0.003537047591	
799.720000	0.003536753202	
799.920000	0.003536458518	
800.120000	0.003536163539	
800.320000	0.003535868267	
800.520000	0.003535572701	
820.520000	0.003504623941	
840.520000	0.003471257197	
860.520000	0.003435952852	
880.520000	0.003399158238	
900.520000	0.003361287452	
920.520000	0.003322721531	
940.520000	0.003283809161	
960.520000	0.003244868124	
980.520000	0.003206186993	
1000.520000	0.003168027020	
1020.520000	0.003130623721	
1040.520000	0.003094188215	
1060.520000	0.003058908074	
1080.520000	0.003024948189	
1100.520000	0.002992451406	
1120.520000	0.002961537858	
1140.520000	0.002932305368	
1160.520000	0.002904829860	
1180.520000	0.002879164899	
1200.520000	0.002855342324	
1220.520000	0.002833373066	
1240.520000	0.002813248234	
1260.520000	0.002794940609	
1280.520000	0.002778406468	
1300.520000	0.002763587683	
1320.520000	0.002750414019	
1340.520000	0.002738805527	
1360.520000	0.002728674934	
1380.520000	0.002719929944	
1400.520000	0.002712475375	
1420.520000	0.002706215065	
1440.520000	0.002701053533	
1460.520000	0.002696897359	
1480.520000	0.002693656293	
1500.520000	0.002691244102	
1520.520000	0.002689579194	
1540.520000	0.002688585016	
1560.520000	0.002688190292	
1580.520000	0.002688329101	
1600.520000	0.002688940847	
1620.520000	0.002689970134	
1640.520000	0.002691366569	
1660.520000	0.002693084525	
1680.520000	0.002695082860	
1700.520000	0.002697324628	
1720.520000	0.002699776768	
1740.520000	0.002702409807	
1760.520000	0.002705197553	
1780.520000	0.002708116812	
1800.520000	0.002711147104	
1820.520000	0.002714270407	
1840.520000	0.002717470910	
1860.520000	0.002720734783	
1880.520000	0.002724049971	
1900.520000	0.002727405997	
1920.520000	0.002730793784	
1940.520000	0.002734205500	
1960.520000	0.002737634407	
1980.520000	0.002741074731	
2000.520000	0.002744521545	
2020.520000	0.002747970662	
2040.520000	0.002751418539	
2060.520000	0.002754862197	
2080.520000	0.002758299142	
2100.520000	0.002761727299	
2120.520000	0.002765144955	
2140.520000	0.002768550709	
2160.520000	0.002771943421	
2180.520000	0.002775322177	
2200.520000	0.002778686255	
2220.520000	0.002782035091	
2240.520000	0.002785368255	
2260.520000	0.002788685427	
2280.520000	0.002791986379	
2300.520000	0.002795270959	
2320.520000	0.002798539072	
2340.520000	0.002801790672	
2360.520000	0.002805025750	
2380.520000	0.002808244327	
2400.520000	0.002811446442	
2420.520000	0.002814632150	
2440.520000	0.002817801516	
2460.520000	0.002820954609	
2480.520000	0.002824091500	
