0.000000	0.000060782219	
20.000000	0.000062503261	
40.000000	0.000062770638	
60.000000	0.000062772944	
80.000000	0.000062746362	
100.000000	0.000062727483	
120.000000	0.000024802810	
140.000000	0.000022081869	
160.000000	0.000024754429	
180.000000	0.000028962165	
200.000000	0.000033811168	
220.000000	0.000038997060	
240.000000	0.000044414093	
260.000000	0.000050021894	
280.000000	0.000055801248	
300.000000	0.000061739392	
320.000000	0.000067825631	
340.000000	0.000074299766	
360.000000	0.000080769657	
380.000000	0.000087235439	
400.000000	0.000093751166	
420.000000	0.000100347982	
440.000000	0.000107040164	
460.000000	0.000113835024	
480.000000	0.000120738512	
500.000000	0.000127758215	
520.000000	0.000139631924	
540.000000	0.000152956644	
560.000000	0.000166341292	
580.000000	0.000179364895	
600.000000	0.000191772695	
620.000000	0.000203291751	
624.720000	0.000205843186	
624.920000	0.000205949673	
625.120000	0.000206056023	
625.320000	0.000206162238	
625.520000	0.000206268315	
625.720000	0.000206374254	
625.920000	0.000206480055	
626.120000	0.000206585718	
626.320000	0.000206691242	
626.520000	0.000206796625	
626.720000	0.000206901869	
626.920000	0.000207006972	
627.120000	0.000207111934	
627.320000	0.000207216755	
627.520000	0.000207321433	
627.720000	0.000207425968	
627.920000	0.000207530360	
628.120000	0.000207634609	
628.320000	0.000207738713	
628.520000	0.000207842673	
628.720000	0.000207946487	
628.920000	0.000208050155	
629.120000	0.000208153677	
629.320000	0.000208257052	
629.520000	0.000208360280	
629.720000	0.000208463360	
629.920000	0.000208566291	
630.120000	0.000208669073	
630.320000	0.000208771706	
630.520000	0.000208874189	
630.720000	0.000208976521	
630.920000	0.000209078701	
631.120000	0.000209180730	
631.320000	0.000209282607	
631.520000	0.000209384331	
631.720000	0.000209485901	
631.920000	0.000209587318	
632.120000	0.000209688580	
632.320000	0.000209789687	
632.520000	0.000209890638	
632.720000	0.000209991433	
632.920000	0.000210092071	
633.120000	0.000210192552	
633.320000	0.000210292874	
633.520000	0.000210393039	
633.720000	0.000210493044	
633.920000	0.000210592890	
634.120000	0.000210692575	
634.320000	0.000210792099	
634.520000	0.000210891462	
634.720000	0.000210990664	
634.920000	0.000211089702	
635.120000	0.000211188577	
635.320000	0.000211287289	
635.520000	0.000211385836	
635.720000	0.000211484218	
635.920000	0.000211582434	
636.120000	0.000211680485	
636.320000	0.000211778368	
636.520000	0.000211876085	
636.720000	0.000211973633	
636.920000	0.000212071012	
637.120000	0.000212168223	
637.320000	0.000212265263	
637.520000	0.000212362133	
637.720000	0.000212458832	
637.920000	0.000212555359	
638.120000	0.000212651714	
638.320000	0.000212747896	
638.520000	0.000212843905	
638.720000	0.000212939739	
638.920000	0.000213035398	
639.120000	0.000213130882	
639.320000	0.000213226190	
639.520000	0.000213321321	
639.720000	0.000213416275	
639.920000	0.000213511051	
640.120000	0.000213605648	
640.320000	0.000213700066	
640.520000	0.000213794303	
640.720000	0.000213888361	
640.920000	0.000213982237	
641.120000	0.000214075931	
641.320000	0.000214169442	
641.520000	0.000214262771	
641.720000	0.000214355915	
641.920000	0.000214448875	
642.120000	0.000214541650	
642.320000	0.000214634239	
642.520000	0.000214726641	
642.720000	0.000214818856	
642.920000	0.000214910884	
643.120000	0.000215002722	
643.320000	0.000215094372	
643.520000	0.000215185832	
643.720000	0.000215277101	
643.920000	0.000215368179	
644.120000	0.000215459065	
644.320000	0.000215549759	
644.520000	0.000215640259	
644.720000	0.000215730566	
644.920000	0.000215820677	
645.120000	0.000215910594	
645.320000	0.000216000314	
645.520000	0.000216089838	
645.720000	0.000216179164	
645.920000	0.000216268293	
646.120000	0.000216357222	
646.320000	0.000216445952	
646.520000	0.000216534482	
646.720000	0.000216622812	
646.920000	0.000216710939	
647.120000	0.000216798864	
647.320000	0.000216886587	
647.520000	0.000216974106	
647.720000	0.000217061420	
647.920000	0.000217148529	
648.120000	0.000217235433	
648.320000	0.000217322130	
648.520000	0.000217408620	
648.720000	0.000217494902	
648.920000	0.000217580975	
649.120000	0.000217666839	
649.320000	0.000217752493	
649.520000	0.000217837937	
649.720000	0.000217923169	
649.920000	0.000218008188	
650.120000	0.000218092995	
650.320000	0.000218177588	
650.520000	0.000218261967	
650.720000	0.000218346131	
650.920000	0.000218430079	
651.120000	0.000218513811	
651.320000	0.000218597325	
651.520000	0.000218680622	
651.720000	0.000218763700	
651.920000	0.000218846559	
652.120000	0.000218929197	
652.320000	0.000219011615	
652.520000	0.000219093811	
652.720000	0.000219175785	
652.920000	0.000219257536	
653.120000	0.000219339063	
653.320000	0.000219420366	
653.520000	0.000219501444	
653.720000	0.000219582296	
653.920000	0.000219662921	
654.120000	0.000219743319	
654.320000	0.000219823490	
654.520000	0.000219903431	
654.720000	0.000219983143	
654.920000	0.000220062624	
655.120000	0.000220141875	
655.320000	0.000220220894	
655.520000	0.000220299681	
655.720000	0.000220378234	
655.920000	0.000220456554	
656.120000	0.000220534639	
656.320000	0.000220612489	
656.520000	0.000220690103	
656.720000	0.000220767481	
656.920000	0.000220844621	
657.120000	0.000220921523	
657.320000	0.000220998186	
657.520000	0.000221074609	
657.720000	0.000221150792	
657.920000	0.000221226734	
658.120000	0.000221302435	
658.320000	0.000221377893	
658.520000	0.000221453108	
658.720000	0.000221528079	
658.920000	0.000221602805	
659.120000	0.000221677287	
659.320000	0.000221751522	
659.520000	0.000221825511	
659.720000	0.000221899252	
659.920000	0.000221972745	
660.120000	0.000222045990	
660.320000	0.000222118985	
660.520000	0.000222191730	
660.720000	0.000222264224	
660.920000	0.000222336466	
661.120000	0.000222408457	
661.320000	0.000222480194	
661.520000	0.000222551678	
661.720000	0.000222622907	
661.920000	0.000222693881	
662.120000	0.000222764600	
662.320000	0.000222835063	
662.520000	0.000222905268	
662.720000	0.000222975216	
662.920000	0.000223044905	
663.120000	0.000223114335	
663.320000	0.000223183506	
663.520000	0.000223252416	
663.720000	0.000223321065	
663.920000	0.000223389453	
664.120000	0.000223457578	
664.320000	0.000223525440	
664.520000	0.000223593039	
664.720000	0.000223660373	
664.920000	0.000223727442	
665.120000	0.000223794246	
665.320000	0.000223860784	
665.520000	0.000223927054	
665.720000	0.000223993058	
665.920000	0.000224058793	
666.120000	0.000224124259	
666.320000	0.000224189456	
666.520000	0.000224254383	
666.720000	0.000224319040	
666.920000	0.000224383425	
667.120000	0.000224447538	
667.320000	0.000224511379	
667.520000	0.000224574948	
667.720000	0.000224638242	
667.920000	0.000224701262	
668.120000	0.000224764008	
668.320000	0.000224826478	
668.520000	0.000224888672	
668.720000	0.000224950590	
668.920000	0.000225012231	
669.120000	0.000225073594	
669.320000	0.000225134679	
669.520000	0.000225195485	
669.720000	0.000225256012	
669.920000	0.000225316259	
670.120000	0.000225376225	
670.320000	0.000225435911	
670.520000	0.000225495315	
670.720000	0.000225554437	
670.920000	0.000225613277	
671.120000	0.000225671833	
671.320000	0.000225730106	
671.520000	0.000225788095	
671.720000	0.000225845800	
671.920000	0.000225903219	
672.120000	0.000225960353	
672.320000	0.000226017201	
672.520000	0.000226073762	
672.720000	0.000226130036	
672.920000	0.000226186023	
673.120000	0.000226241722	
673.320000	0.000226297132	
673.520000	0.000226352254	
673.720000	0.000226407086	
673.920000	0.000226461629	
674.120000	0.000226515881	
674.320000	0.000226569843	
674.520000	0.000226623514	
674.720000	0.000226676893	
674.920000	0.000226729980	
675.120000	0.000226782775	
675.320000	0.000226835278	
675.520000	0.000226887487	
675.720000	0.000226939403	
675.920000	0.000226991025	
676.120000	0.000227042352	
676.320000	0.000227093385	
676.520000	0.000227144123	
676.720000	0.000227194566	
676.920000	0.000227244713	
677.120000	0.000227294564	
677.320000	0.000227344119	
677.520000	0.000227393376	
677.720000	0.000227442337	
677.920000	0.000227491001	
678.120000	0.000227539366	
678.320000	0.000227587434	
678.520000	0.000227635204	
678.720000	0.000227682674	
678.920000	0.000227729846	
679.120000	0.000227776719	
679.320000	0.000227823292	
679.520000	0.000227869566	
679.720000	0.000227915540	
679.920000	0.000227961213	
680.120000	0.000228006586	
680.320000	0.000228051658	
680.520000	0.000228096429	
680.720000	0.000228140899	
680.920000	0.000228185068	
681.120000	0.000228228934	
681.320000	0.000228272499	
681.520000	0.000228315762	
681.720000	0.000228358723	
681.920000	0.000228401381	
682.120000	0.000228443737	
682.320000	0.000228485790	
682.520000	0.000228527540	
682.720000	0.000228568987	
682.920000	0.000228610130	
683.120000	0.000228650970	
683.320000	0.000228691507	
683.520000	0.000228731740	
683.720000	0.000228771669	
683.920000	0.000228811294	
684.120000	0.000228850614	
684.320000	0.000228889631	
684.520000	0.000228928344	
684.720000	0.000228966752	
684.920000	0.000229004855	
685.120000	0.000229042655	
685.320000	0.000229080149	
685.520000	0.000229117339	
685.720000	0.000229154224	
685.920000	0.000229190804	
686.120000	0.000229227080	
686.320000	0.000229263050	
686.520000	0.000229298716	
686.720000	0.000229334077	
686.920000	0.000229369132	
687.120000	0.000229403883	
687.320000	0.000229438329	
687.520000	0.000229472470	
687.720000	0.000229506306	
687.920000	0.000229539837	
688.120000	0.000229573063	
688.320000	0.000229605984	
688.520000	0.000229638600	
688.720000	0.000229670912	
688.920000	0.000229702918	
689.120000	0.000229734620	
689.320000	0.000229766017	
689.520000	0.000229797110	
689.720000	0.000229827898	
689.920000	0.000229858382	
690.120000	0.000229888561	
690.320000	0.000229918436	
690.520000	0.000229948007	
690.720000	0.000229977274	
690.920000	0.000230006236	
691.120000	0.000230034895	
691.320000	0.000230063251	
691.520000	0.000230091302	
691.720000	0.000230119050	
691.920000	0.000230146495	
692.120000	0.000230173637	
692.320000	0.000230200476	
692.520000	0.000230227011	
692.720000	0.000230253244	
692.920000	0.000230279175	
693.120000	0.000230304803	
693.320000	0.000230330129	
693.520000	0.000230355153	
693.720000	0.000230379875	
693.920000	0.000230404296	
694.120000	0.000230428415	
694.320000	0.000230452233	
694.520000	0.000230475750	
694.720000	0.000230498967	
694.920000	0.000230521882	
695.120000	0.000230544498	
695.320000	0.000230566813	
695.520000	0.000230588829	
695.720000	0.000230610545	
695.920000	0.000230631962	
696.120000	0.000230653079	
696.320000	0.000230673898	
696.520000	0.000230694418	
696.720000	0.000230714640	
696.920000	0.000230734564	
697.120000	0.000230754191	
697.320000	0.000230773520	
697.520000	0.000230792551	
697.720000	0.000230811286	
697.920000	0.000230829725	
698.120000	0.000230847867	
698.320000	0.000230865713	
698.520000	0.000230883264	
698.720000	0.000230900519	
698.920000	0.000230917479	
699.120000	0.000230934145	
699.320000	0.000230950516	
699.520000	0.000230966594	
699.720000	0.000230982377	
699.920000	0.000230997868	
700.120000	0.000231013065	
700.320000	0.000231027970	
700.520000	0.000231042583	
700.720000	0.000231056903	
700.920000	0.000231070933	
701.120000	0.000231084671	
701.320000	0.000231098118	
701.520000	0.000231111275	
701.720000	0.000231124142	
701.920000	0.000231136719	
702.120000	0.000231149006	
702.320000	0.000231161005	
702.520000	0.000231172716	
702.720000	0.000231184138	
702.920000	0.000231195273	
703.120000	0.000231206120	
703.320000	0.000231216681	
703.520000	0.000231226955	
703.720000	0.000231236943	
703.920000	0.000231246645	
704.120000	0.000231256062	
704.320000	0.000231265194	
704.520000	0.000231274042	
704.720000	0.000231282606	
704.920000	0.000231290886	
705.120000	0.000231298883	
705.320000	0.000231306597	
705.520000	0.000231314029	
705.720000	0.000231321180	
705.920000	0.000231328048	
706.120000	0.000231334636	
706.320000	0.000231340944	
706.520000	0.000231346971	
706.720000	0.000231352719	
706.920000	0.000231358188	
707.120000	0.000231363378	
707.320000	0.000231368290	
707.520000	0.000231372924	
707.720000	0.000231377281	
707.920000	0.000231381361	
708.120000	0.000231385164	
708.320000	0.000231388692	
708.520000	0.000231391944	
708.720000	0.000231394921	
708.920000	0.000231397624	
709.120000	0.000231400053	
709.320000	0.000231402208	
709.520000	0.000231404090	
709.720000	0.000231405699	
709.920000	0.000231407037	
710.120000	0.000231408103	
710.320000	0.000231408897	
710.520000	0.000231409421	
710.720000	0.000231409675	
710.920000	0.000231409659	
711.120000	0.000231409374	
711.320000	0.000231408820	
711.520000	0.000231407998	
711.720000	0.000231406909	
711.920000	0.000231405552	
712.120000	0.000231403928	
712.320000	0.000231402038	
712.520000	0.000231399883	
712.720000	0.000231397462	
712.920000	0.000231394777	
713.120000	0.000231391827	
713.320000	0.000231388613	
713.520000	0.000231385137	
713.720000	0.000231381397	
713.920000	0.000231377396	
714.120000	0.000231373132	
714.320000	0.000231368608	
714.520000	0.000231363823	
714.720000	0.000231358777	
714.920000	0.000231353472	
715.120000	0.000231347908	
715.320000	0.000231342085	
715.520000	0.000231336004	
715.720000	0.000231329665	
715.920000	0.000231323069	
716.120000	0.000231316217	
716.320000	0.000231309108	
716.520000	0.000231301744	
716.720000	0.000231294125	
716.920000	0.000231286251	
717.120000	0.000231278123	
717.320000	0.000231269742	
717.520000	0.000231261107	
717.720000	0.000231252220	
717.920000	0.000231243081	
718.120000	0.000231233691	
718.320000	0.000231224049	
718.520000	0.000231214157	
718.720000	0.000231204015	
718.920000	0.000231193624	
719.120000	0.000231182983	
719.320000	0.000231172095	
719.520000	0.000231160958	
719.720000	0.000231149574	
719.920000	0.000231137943	
720.120000	0.000231126066	
720.320000	0.000231113943	
720.520000	0.000231101575	
720.720000	0.000231088962	
720.920000	0.000231076104	
721.120000	0.000231063003	
721.320000	0.000231049658	
721.520000	0.000231036071	
721.720000	0.000231022241	
721.920000	0.000231008170	
722.120000	0.000230993858	
722.320000	0.000230979304	
722.520000	0.000230964511	
722.720000	0.000230949478	
722.920000	0.000230934206	
723.120000	0.000230918695	
723.320000	0.000230902946	
723.520000	0.000230886959	
723.720000	0.000230870735	
723.920000	0.000230854275	
724.120000	0.000230837578	
724.320000	0.000230820646	
724.520000	0.000230803478	
724.720000	0.000230786077	
724.920000	0.000230768441	
725.120000	0.000230750571	
725.320000	0.000230732468	
725.520000	0.000230714133	
725.720000	0.000230695566	
725.920000	0.000230676767	
726.120000	0.000230657737	
726.320000	0.000230638477	
726.520000	0.000230618986	
726.720000	0.000230599266	
726.920000	0.000230579317	
727.120000	0.000230559139	
727.320000	0.000230538734	
727.520000	0.000230518101	
727.720000	0.000230497240	
727.920000	0.000230476154	
728.120000	0.000230454841	
728.320000	0.000230433302	
728.520000	0.000230411539	
728.720000	0.000230389551	
728.920000	0.000230367339	
729.120000	0.000230344903	
729.320000	0.000230322244	
729.520000	0.000230299363	
729.720000	0.000230276259	
729.920000	0.000230252934	
730.120000	0.000230229388	
730.320000	0.000230205621	
730.520000	0.000230181634	
730.720000	0.000230157428	
730.920000	0.000230133002	
731.120000	0.000230108358	
731.320000	0.000230083495	
731.520000	0.000230058415	
731.720000	0.000230033117	
731.920000	0.000230007603	
732.120000	0.000229981872	
732.320000	0.000229955926	
732.520000	0.000229929765	
732.720000	0.000229903388	
732.920000	0.000229876797	
733.120000	0.000229849993	
733.320000	0.000229822975	
733.520000	0.000229795744	
733.720000	0.000229768301	
733.920000	0.000229740646	
734.120000	0.000229712779	
734.320000	0.000229684702	
734.520000	0.000229656413	
734.720000	0.000229627915	
734.920000	0.000229599208	
735.120000	0.000229570291	
735.320000	0.000229541165	
735.520000	0.000229511832	
735.720000	0.000229482290	
735.920000	0.000229452542	
736.120000	0.000229422586	
736.320000	0.000229392425	
736.520000	0.000229362057	
736.720000	0.000229331484	
736.920000	0.000229300707	
737.120000	0.000229269724	
737.320000	0.000229238538	
737.520000	0.000229207149	
737.720000	0.000229175556	
737.920000	0.000229143761	
738.120000	0.000229111763	
738.320000	0.000229079564	
738.520000	0.000229047164	
738.720000	0.000229014562	
738.920000	0.000228981761	
739.120000	0.000228948760	
739.320000	0.000228915559	
739.520000	0.000228882159	
739.720000	0.000228848561	
739.920000	0.000228814765	
740.120000	0.000228780771	
740.320000	0.000228746580	
740.520000	0.000228712192	
740.720000	0.000228677608	
740.920000	0.000228642828	
741.120000	0.000228607853	
741.320000	0.000228572683	
741.520000	0.000228537319	
741.720000	0.000228501760	
741.920000	0.000228466008	
742.120000	0.000228430063	
742.320000	0.000228393925	
742.520000	0.000228357594	
742.720000	0.000228321072	
742.920000	0.000228284359	
743.120000	0.000228247454	
743.320000	0.000228210359	
743.520000	0.000228173074	
743.720000	0.000228135599	
743.920000	0.000228097935	
744.120000	0.000228060083	
744.320000	0.000228022042	
744.520000	0.000227983813	
744.720000	0.000227945396	
744.920000	0.000227906793	
745.120000	0.000227868003	
745.320000	0.000227829026	
745.520000	0.000227789864	
745.720000	0.000227750517	
745.920000	0.000227710985	
746.120000	0.000227671268	
746.320000	0.000227631367	
746.520000	0.000227591282	
746.720000	0.000227551015	
746.920000	0.000227510564	
747.120000	0.000227469931	
747.320000	0.000227429117	
747.520000	0.000227388120	
747.720000	0.000227346943	
747.920000	0.000227305585	
748.120000	0.000227264046	
748.320000	0.000227222328	
748.520000	0.000227180430	
748.720000	0.000227138354	
748.920000	0.000227096098	
749.120000	0.000227053665	
749.320000	0.000227011054	
749.520000	0.000226968265	
749.720000	0.000226925300	
749.920000	0.000226882158	
750.120000	0.000226838839	
750.320000	0.000226795345	
750.520000	0.000226751676	
750.720000	0.000226707832	
750.920000	0.000226663813	
751.120000	0.000226619621	
751.320000	0.000226575254	
751.520000	0.000226530715	
751.720000	0.000226486002	
751.920000	0.000226441117	
752.120000	0.000226396060	
752.320000	0.000226350832	
752.520000	0.000226305432	
752.720000	0.000226259861	
752.920000	0.000226214120	
753.120000	0.000226168208	
753.320000	0.000226122128	
753.520000	0.000226075877	
753.720000	0.000226029458	
753.920000	0.000225982871	
754.120000	0.000225936116	
754.320000	0.000225889192	
754.520000	0.000225842102	
754.720000	0.000225794845	
754.920000	0.000225747421	
755.120000	0.000225699831	
755.320000	0.000225652076	
755.520000	0.000225604155	
755.720000	0.000225556069	
755.920000	0.000225507819	
756.120000	0.000225459405	
756.320000	0.000225410827	
756.520000	0.000225362085	
756.720000	0.000225313181	
756.920000	0.000225264114	
757.120000	0.000225214885	
757.320000	0.000225165494	
757.520000	0.000225115942	
757.720000	0.000225066229	
757.920000	0.000225016355	
758.120000	0.000224966321	
758.320000	0.000224916127	
758.520000	0.000224865774	
758.720000	0.000224815261	
758.920000	0.000224764590	
759.120000	0.000224713761	
759.320000	0.000224662773	
759.520000	0.000224611628	
759.720000	0.000224560326	
759.920000	0.000224508867	
760.120000	0.000224457252	
760.320000	0.000224405480	
760.520000	0.000224353553	
760.720000	0.000224301470	
760.920000	0.000224249233	
761.120000	0.000224196841	
761.320000	0.000224144295	
761.520000	0.000224091595	
761.720000	0.000224038742	
761.920000	0.000223985736	
762.120000	0.000223932577	
762.320000	0.000223879266	
762.520000	0.000223825803	
762.720000	0.000223772188	
762.920000	0.000223718422	
763.120000	0.000223664505	
763.320000	0.000223610438	
763.520000	0.000223556221	
763.720000	0.000223501854	
763.920000	0.000223447338	
764.120000	0.000223392673	
764.320000	0.000223337859	
764.520000	0.000223282897	
764.720000	0.000223227787	
764.920000	0.000223172530	
765.120000	0.000223117125	
765.320000	0.000223061574	
765.520000	0.000223005876	
765.720000	0.000222950033	
765.920000	0.000222894044	
766.120000	0.000222837909	
766.320000	0.000222781629	
766.520000	0.000222725205	
766.720000	0.000222668637	
766.920000	0.000222611925	
767.120000	0.000222555069	
767.320000	0.000222498070	
767.520000	0.000222440928	
767.720000	0.000222383644	
767.920000	0.000222326218	
768.120000	0.000222268651	
768.320000	0.000222210941	
768.520000	0.000222153091	
768.720000	0.000222095100	
768.920000	0.000222036969	
769.120000	0.000221978699	
769.320000	0.000221920288	
769.520000	0.000221861738	
769.720000	0.000221803050	
769.920000	0.000221744223	
770.120000	0.000221685257	
770.320000	0.000221626154	
770.520000	0.000221566914	
770.720000	0.000221507537	
770.920000	0.000221448022	
771.120000	0.000221388372	
771.320000	0.000221328585	
771.520000	0.000221268663	
771.720000	0.000221208605	
771.920000	0.000221148412	
772.120000	0.000221088085	
772.320000	0.000221027624	
772.520000	0.000220967028	
772.720000	0.000220906299	
772.920000	0.000220845437	
773.120000	0.000220784442	
773.320000	0.000220723314	
773.520000	0.000220662054	
773.720000	0.000220600662	
773.920000	0.000220539139	
774.120000	0.000220477484	
774.320000	0.000220415699	
774.520000	0.000220353783	
774.720000	0.000220291738	
774.920000	0.000220229562	
775.120000	0.000220167257	
775.320000	0.000220104823	
775.520000	0.000220042260	
775.720000	0.000219979568	
775.920000	0.000219916749	
776.120000	0.000219853802	
776.320000	0.000219790727	
776.520000	0.000219727526	
776.720000	0.000219664197	
776.920000	0.000219600743	
777.120000	0.000219537162	
777.320000	0.000219473456	
777.520000	0.000219409624	
777.720000	0.000219345667	
777.920000	0.000219281586	
778.120000	0.000219217380	
778.320000	0.000219153050	
778.520000	0.000219088596	
778.720000	0.000219024020	
778.920000	0.000218959320	
779.120000	0.000218894497	
779.320000	0.000218829552	
779.520000	0.000218764486	
779.720000	0.000218699297	
779.920000	0.000218633987	
780.120000	0.000218568556	
780.320000	0.000218503005	
780.520000	0.000218437333	
780.720000	0.000218371541	
780.920000	0.000218305630	
781.120000	0.000218239599	
781.320000	0.000218173449	
781.520000	0.000218107181	
781.720000	0.000218040794	
781.920000	0.000217974289	
782.120000	0.000217907666	
782.320000	0.000217840927	
782.520000	0.000217774070	
782.720000	0.000217707096	
782.920000	0.000217640006	
783.120000	0.000217572800	
783.320000	0.000217505478	
783.520000	0.000217438041	
783.720000	0.000217370489	
783.920000	0.000217302822	
784.120000	0.000217235040	
784.320000	0.000217167145	
784.520000	0.000217099136	
784.720000	0.000217031013	
784.920000	0.000216962777	
785.120000	0.000216894429	
785.320000	0.000216825968	
785.520000	0.000216757395	
785.720000	0.000216688710	
785.920000	0.000216619913	
786.120000	0.000216551005	
786.320000	0.000216481987	
786.520000	0.000216412858	
786.720000	0.000216343619	
786.920000	0.000216274269	
787.120000	0.000216204811	
787.320000	0.000216135243	
787.520000	0.000216065566	
787.720000	0.000215995780	
787.920000	0.000215925886	
788.120000	0.000215855885	
788.320000	0.000215785775	
788.520000	0.000215715558	
788.720000	0.000215645235	
788.920000	0.000215574804	
789.120000	0.000215504267	
789.320000	0.000215433624	
789.520000	0.000215362876	
789.720000	0.000215292021	
789.920000	0.000215221062	
790.120000	0.000215149998	
790.320000	0.000215078830	
790.520000	0.000215007557	
790.720000	0.000214936180	
790.920000	0.000214864700	
791.120000	0.000214793117	
791.320000	0.000214721430	
791.520000	0.000214649641	
791.720000	0.000214577750	
791.920000	0.000214505757	
792.120000	0.000214433662	
792.320000	0.000214361466	
792.520000	0.000214289169	
792.720000	0.000214216771	
792.920000	0.000214144272	
793.120000	0.000214071673	
793.320000	0.000213998975	
793.520000	0.000213926177	
793.720000	0.000213853280	
793.920000	0.000213780284	
794.120000	0.000213707190	
794.320000	0.000213633997	
794.520000	0.000213560706	
794.720000	0.000213487318	
794.920000	0.000213413832	
795.120000	0.000213340249	
795.320000	0.000213266570	
795.520000	0.000213192794	
795.720000	0.000213118921	
795.920000	0.000213044954	
796.120000	0.000212970890	
796.320000	0.000212896732	
796.520000	0.000212822478	
796.720000	0.000212748130	
796.920000	0.000212673688	
797.120000	0.000212599151	
797.320000	0.000212524521	
797.520000	0.000212449798	
797.720000	0.000212374981	
797.920000	0.000212300072	
798.120000	0.000212225070	
798.320000	0.000212149976	
798.520000	0.000212074790	
798.720000	0.000211999513	
798.920000	0.000211924144	
799.120000	0.000211848685	
799.320000	0.000211773134	
799.520000	0.000211697494	
799.720000	0.000211621763	
799.920000	0.000211545942	
800.120000	0.000211470032	
800.320000	0.000211394033	
800.520000	0.000211317945	
820.520000	0.000203309949	
840.520000	0.000194693984	
860.520000	0.000185716607	
880.520000	0.000176588974	
900.520000	0.000167486565	
920.520000	0.000158550545	
940.520000	0.000149890473	
960.520000	0.000141587883	
980.520000	0.000133700267	
1000.520000	0.000126265057	
1020.520000	0.000119303365	
1040.520000	0.000112823321	
1060.520000	0.000106822952	
1080.520000	0.000101292627	
1100.520000	0.000096217120	
1120.520000	0.000091577150	
1140.520000	0.000087350690	
1160.520000	0.000083514052	
1180.520000	0.000080042623	
1200.520000	0.000076911484	
1220.520000	0.000074095889	
1240.520000	0.000071571616	
1260.520000	0.000069315235	
1280.520000	0.000067304289	
1300.520000	0.000065517432	
1320.520000	0.000063934514	
1340.520000	0.000062536630	
1360.520000	0.000061306143	
1380.520000	0.000060226679	
1400.520000	0.000059283108	
1420.520000	0.000058461504	
1440.520000	0.000057749105	
1460.520000	0.000057134249	
1480.520000	0.000056606316	
1500.520000	0.000056155665	
1520.520000	0.000055773566	
1540.520000	0.000055452131	
1560.520000	0.000055184254	
1580.520000	0.000054963544	
1600.520000	0.000054784267	
1620.520000	0.000054641289	
1640.520000	0.000054530019	
1660.520000	0.000054446366	
1680.520000	0.000054386686	
1700.520000	0.000054347742	
1720.520000	0.000054326667	
1740.520000	0.000054320921	
1760.520000	0.000054328268	
1780.520000	0.000054346734	
1800.520000	0.000054374590	
1820.520000	0.000054410320	
1840.520000	0.000054452599	
1860.520000	0.000054500277	
1880.520000	0.000054552352	
1900.520000	0.000054607960	
1920.520000	0.000054666357	
1940.520000	0.000054726904	
1960.520000	0.000054789056	
1980.520000	0.000054852350	
2000.520000	0.000054916396	
2020.520000	0.000054980865	
2040.520000	0.000055045486	
2060.520000	0.000055110033	
2080.520000	0.000055174324	
2100.520000	0.000055238210	
2120.520000	0.000055301574	
2140.520000	0.000055364328	
2160.520000	0.000055426401	
2180.520000	0.000055487746	
2200.520000	0.000055548329	
2220.520000	0.000055608132	
2240.520000	0.000055667144	
2260.520000	0.000055725367	
2280.520000	0.000055782810	
2300.520000	0.000055839485	
2320.520000	0.000055895412	
2340.520000	0.000055950612	
2360.520000	0.000056005111	
2380.520000	0.000056058936	
2400.520000	0.000056112113	
2420.520000	0.000056164672	
2440.520000	0.000056216641	
2460.520000	0.000056268049	
2480.520000	0.000056318925	
