0.000000	0.000000000000000	
20.000000	0.000000000000000	
40.000000	0.000000000000001	
60.000000	0.000000000000000	
80.000000	0.000000000000000	
100.000000	0.000000000000000	
120.000000	-0.000000000000120	
140.000000	-0.000000000000135	
160.000000	-0.000000000000116	
180.000000	-0.000000000000109	
200.000000	-0.000000000000101	
220.000000	-0.000000000000093	
240.000000	-0.000000000000087	
260.000000	-0.000000000000081	
280.000000	-0.000000000000076	
300.000000	-0.000000000000072	
320.000000	-0.000000000000094	
340.000000	-0.000000000000090	
360.000000	-0.000000000000088	
380.000000	-0.000000000000086	
400.000000	-0.000000000000085	
420.000000	-0.000000000000083	
440.000000	-0.000000000000082	
460.000000	-0.000000000000081	
480.000000	-0.000000000000080	
500.000000	-0.000000000000079	
520.000000	-0.000000000000073	
540.000000	-0.000000000000066	
560.000000	-0.000000000000060	
580.000000	-0.000000000000054	
600.000000	-0.000000000000047	
620.000000	-0.000000000000041	
624.720000	-0.000000000000039	
624.920000	-0.000000000000039	
625.120000	-0.000000000000039	
625.320000	-0.000000000000039	
625.520000	-0.000000000000039	
625.720000	-0.000000000000039	
625.920000	-0.000000000000039	
626.120000	-0.000000000000039	
626.320000	-0.000000000000039	
626.520000	-0.000000000000039	
626.720000	-0.000000000000038	
626.920000	-0.000000000000038	
627.120000	-0.000000000000038	
627.320000	-0.000000000000038	
627.520000	-0.000000000000038	
627.720000	-0.000000000000038	
627.920000	-0.000000000000038	
628.120000	-0.000000000000038	
628.320000	-0.000000000000038	
628.520000	-0.000000000000038	
628.720000	-0.000000000000038	
628.920000	-0.000000000000038	
629.120000	-0.000000000000038	
629.320000	-0.000000000000038	
629.520000	-0.000000000000037	
629.720000	-0.000000000000037	
629.920000	-0.000000000000037	
630.120000	-0.000000000000037	
630.320000	-0.000000000000037	
630.520000	-0.000000000000037	
630.720000	-0.000000000000037	
630.920000	-0.000000000000037	
631.120000	-0.000000000000037	
631.320000	-0.000000000000037	
631.520000	-0.000000000000037	
631.720000	-0.000000000000037	
631.920000	-0.000000000000037	
632.120000	-0.000000000000036	
632.320000	-0.000000000000036	
632.520000	-0.000000000000036	
632.720000	-0.000000000000036	
632.920000	-0.000000000000036	
633.120000	-0.000000000000036	
633.320000	-0.000000000000036	
633.520000	-0.000000000000036	
633.720000	-0.000000000000036	
633.920000	-0.000000000000036	
634.120000	-0.000000000000036	
634.320000	-0.000000000000036	
634.520000	-0.000000000000036	
634.720000	-0.000000000000035	
634.920000	-0.000000000000035	
635.120000	-0.000000000000035	
635.320000	-0.000000000000035	
635.520000	-0.000000000000035	
635.720000	-0.000000000000035	
635.920000	-0.000000000000035	
636.120000	-0.000000000000035	
636.320000	-0.000000000000035	
636.520000	-0.000000000000035	
636.720000	-0.000000000000035	
636.920000	-0.000000000000035	
637.120000	-0.000000000000035	
637.320000	-0.000000000000034	
637.520000	-0.000000000000034	
637.720000	-0.000000000000034	
637.920000	-0.000000000000034	
638.120000	-0.000000000000034	
638.320000	-0.000000000000034	
638.520000	-0.000000000000034	
638.720000	-0.000000000000034	
638.920000	-0.000000000000034	
639.120000	-0.000000000000034	
639.320000	-0.000000000000034	
639.520000	-0.000000000000034	
639.720000	-0.000000000000033	
639.920000	-0.000000000000033	
640.120000	-0.000000000000033	
640.320000	-0.000000000000033	
640.520000	-0.000000000000033	
640.720000	-0.000000000000033	
640.920000	-0.000000000000033	
641.120000	-0.000000000000033	
641.320000	-0.000000000000033	
641.520000	-0.000000000000033	
641.720000	-0.000000000000033	
641.920000	-0.000000000000033	
642.120000	-0.000000000000032	
642.320000	-0.000000000000032	
642.520000	-0.000000000000032	
642.720000	-0.000000000000032	
642.920000	-0.000000000000032	
643.120000	-0.000000000000032	
643.320000	-0.000000000000032	
643.520000	-0.000000000000032	
643.720000	-0.000000000000032	
643.920000	-0.000000000000032	
644.120000	-0.000000000000032	
644.320000	-0.000000000000032	
644.520000	-0.000000000000031	
644.720000	-0.000000000000031	
644.920000	-0.000000000000031	
645.120000	-0.000000000000031	
645.320000	-0.000000000000031	
645.520000	-0.000000000000031	
645.720000	-0.000000000000031	
645.920000	-0.000000000000031	
646.120000	-0.000000000000031	
646.320000	-0.000000000000031	
646.520000	-0.000000000000031	
646.720000	-0.000000000000031	
646.920000	-0.000000000000030	
647.120000	-0.000000000000030	
647.320000	-0.000000000000030	
647.520000	-0.000000000000030	
647.720000	-0.000000000000030	
647.920000	-0.000000000000030	
648.120000	-0.000000000000030	
648.320000	-0.000000000000030	
648.520000	-0.000000000000030	
648.720000	-0.000000000000030	
648.920000	-0.000000000000030	
649.120000	-0.000000000000029	
649.320000	-0.000000000000029	
649.520000	-0.000000000000029	
649.720000	-0.000000000000029	
649.920000	-0.000000000000029	
650.120000	-0.000000000000029	
650.320000	-0.000000000000029	
650.520000	-0.000000000000029	
650.720000	-0.000000000000029	
650.920000	-0.000000000000029	
651.120000	-0.000000000000029	
651.320000	-0.000000000000028	
651.520000	-0.000000000000028	
651.720000	-0.000000000000028	
651.920000	-0.000000000000028	
652.120000	-0.000000000000028	
652.320000	-0.000000000000028	
652.520000	-0.000000000000028	
652.720000	-0.000000000000028	
652.920000	-0.000000000000028	
653.120000	-0.000000000000028	
653.320000	-0.000000000000028	
653.520000	-0.000000000000027	
653.720000	-0.000000000000027	
653.920000	-0.000000000000027	
654.120000	-0.000000000000027	
654.320000	-0.000000000000027	
654.520000	-0.000000000000027	
654.720000	-0.000000000000027	
654.920000	-0.000000000000027	
655.120000	-0.000000000000027	
655.320000	-0.000000000000027	
655.520000	-0.000000000000027	
655.720000	-0.000000000000026	
655.920000	-0.000000000000026	
656.120000	-0.000000000000026	
656.320000	-0.000000000000026	
656.520000	-0.000000000000026	
656.720000	-0.000000000000026	
656.920000	-0.000000000000026	
657.120000	-0.000000000000026	
657.320000	-0.000000000000026	
657.520000	-0.000000000000026	
657.720000	-0.000000000000026	
657.920000	-0.000000000000025	
658.120000	-0.000000000000025	
658.320000	-0.000000000000025	
658.520000	-0.000000000000025	
658.720000	-0.000000000000025	
658.920000	-0.000000000000025	
659.120000	-0.000000000000025	
659.320000	-0.000000000000025	
659.520000	-0.000000000000025	
659.720000	-0.000000000000025	
659.920000	-0.000000000000024	
660.120000	-0.000000000000024	
660.320000	-0.000000000000024	
660.520000	-0.000000000000024	
660.720000	-0.000000000000024	
660.920000	-0.000000000000024	
661.120000	-0.000000000000024	
661.320000	-0.000000000000024	
661.520000	-0.000000000000024	
661.720000	-0.000000000000024	
661.920000	-0.000000000000023	
662.120000	-0.000000000000023	
662.320000	-0.000000000000023	
662.520000	-0.000000000000023	
662.720000	-0.000000000000023	
662.920000	-0.000000000000023	
663.120000	-0.000000000000023	
663.320000	-0.000000000000023	
663.520000	-0.000000000000023	
663.720000	-0.000000000000023	
663.920000	-0.000000000000022	
664.120000	-0.000000000000022	
664.320000	-0.000000000000022	
664.520000	-0.000000000000022	
664.720000	-0.000000000000022	
664.920000	-0.000000000000022	
665.120000	-0.000000000000022	
665.320000	-0.000000000000022	
665.520000	-0.000000000000022	
665.720000	-0.000000000000022	
665.920000	-0.000000000000021	
666.120000	-0.000000000000021	
666.320000	-0.000000000000021	
666.520000	-0.000000000000021	
666.720000	-0.000000000000021	
666.920000	-0.000000000000021	
667.120000	-0.000000000000021	
667.320000	-0.000000000000021	
667.520000	-0.000000000000021	
667.720000	-0.000000000000021	
667.920000	-0.000000000000020	
668.120000	-0.000000000000020	
668.320000	-0.000000000000020	
668.520000	-0.000000000000020	
668.720000	-0.000000000000020	
668.920000	-0.000000000000020	
669.120000	-0.000000000000020	
669.320000	-0.000000000000020	
669.520000	-0.000000000000020	
669.720000	-0.000000000000020	
669.920000	-0.000000000000019	
670.120000	-0.000000000000019	
670.320000	-0.000000000000019	
670.520000	-0.000000000000019	
670.720000	-0.000000000000019	
670.920000	-0.000000000000019	
671.120000	-0.000000000000019	
671.320000	-0.000000000000019	
671.520000	-0.000000000000019	
671.720000	-0.000000000000019	
671.920000	-0.000000000000018	
672.120000	-0.000000000000018	
672.320000	-0.000000000000018	
672.520000	-0.000000000000018	
672.720000	-0.000000000000018	
672.920000	-0.000000000000018	
673.120000	-0.000000000000018	
673.320000	-0.000000000000018	
673.520000	-0.000000000000018	
673.720000	-0.000000000000018	
673.920000	-0.000000000000017	
674.120000	-0.000000000000017	
674.320000	-0.000000000000017	
674.520000	-0.000000000000017	
674.720000	-0.000000000000017	
674.920000	-0.000000000000017	
675.120000	-0.000000000000017	
675.320000	-0.000000000000017	
675.520000	-0.000000000000017	
675.720000	-0.000000000000016	
675.920000	-0.000000000000016	
676.120000	-0.000000000000016	
676.320000	-0.000000000000016	
676.520000	-0.000000000000016	
676.720000	-0.000000000000016	
676.920000	-0.000000000000016	
677.120000	-0.000000000000016	
677.320000	-0.000000000000016	
677.520000	-0.000000000000016	
677.720000	-0.000000000000015	
677.920000	-0.000000000000015	
678.120000	-0.000000000000015	
678.320000	-0.000000000000015	
678.520000	-0.000000000000015	
678.720000	-0.000000000000015	
678.920000	-0.000000000000015	
679.120000	-0.000000000000015	
679.320000	-0.000000000000015	
679.520000	-0.000000000000015	
679.720000	-0.000000000000014	
679.920000	-0.000000000000014	
680.120000	-0.000000000000014	
680.320000	-0.000000000000014	
680.520000	-0.000000000000014	
680.720000	-0.000000000000014	
680.920000	-0.000000000000014	
681.120000	-0.000000000000014	
681.320000	-0.000000000000014	
681.520000	-0.000000000000014	
681.720000	-0.000000000000013	
681.920000	-0.000000000000013	
682.120000	-0.000000000000013	
682.320000	-0.000000000000013	
682.520000	-0.000000000000013	
682.720000	-0.000000000000013	
682.920000	-0.000000000000013	
683.120000	-0.000000000000013	
683.320000	-0.000000000000013	
683.520000	-0.000000000000013	
683.720000	-0.000000000000012	
683.920000	-0.000000000000012	
684.120000	-0.000000000000012	
684.320000	-0.000000000000012	
684.520000	-0.000000000000012	
684.720000	-0.000000000000012	
684.920000	-0.000000000000012	
685.120000	-0.000000000000012	
685.320000	-0.000000000000012	
685.520000	-0.000000000000012	
685.720000	-0.000000000000011	
685.920000	-0.000000000000011	
686.120000	-0.000000000000011	
686.320000	-0.000000000000011	
686.520000	-0.000000000000011	
686.720000	-0.000000000000011	
686.920000	-0.000000000000011	
687.120000	-0.000000000000011	
687.320000	-0.000000000000011	
687.520000	-0.000000000000011	
687.720000	-0.000000000000010	
687.920000	-0.000000000000010	
688.120000	-0.000000000000010	
688.320000	-0.000000000000010	
688.520000	-0.000000000000010	
688.720000	-0.000000000000010	
688.920000	-0.000000000000010	
689.120000	-0.000000000000010	
689.320000	-0.000000000000010	
689.520000	-0.000000000000010	
689.720000	-0.000000000000009	
689.920000	-0.000000000000009	
690.120000	-0.000000000000009	
690.320000	-0.000000000000009	
690.520000	-0.000000000000009	
690.720000	-0.000000000000009	
690.920000	-0.000000000000009	
691.120000	-0.000000000000009	
691.320000	-0.000000000000009	
691.520000	-0.000000000000009	
691.720000	-0.000000000000009	
691.920000	-0.000000000000008	
692.120000	-0.000000000000008	
692.320000	-0.000000000000008	
692.520000	-0.000000000000008	
692.720000	-0.000000000000008	
692.920000	-0.000000000000008	
693.120000	-0.000000000000008	
693.320000	-0.000000000000008	
693.520000	-0.000000000000008	
693.720000	-0.000000000000008	
693.920000	-0.000000000000007	
694.120000	-0.000000000000007	
694.320000	-0.000000000000007	
694.520000	-0.000000000000007	
694.720000	-0.000000000000007	
694.920000	-0.000000000000007	
695.120000	-0.000000000000007	
695.320000	-0.000000000000007	
695.520000	-0.000000000000007	
695.720000	-0.000000000000007	
695.920000	-0.000000000000007	
696.120000	-0.000000000000006	
696.320000	-0.000000000000006	
696.520000	-0.000000000000006	
696.720000	-0.000000000000006	
696.920000	-0.000000000000006	
697.120000	-0.000000000000006	
697.320000	-0.000000000000006	
697.520000	-0.000000000000006	
697.720000	-0.000000000000006	
697.920000	-0.000000000000006	
698.120000	-0.000000000000006	
698.320000	-0.000000000000005	
698.520000	-0.000000000000005	
698.720000	-0.000000000000005	
698.920000	-0.000000000000005	
699.120000	-0.000000000000005	
699.320000	-0.000000000000005	
699.520000	-0.000000000000005	
699.720000	-0.000000000000005	
699.920000	-0.000000000000005	
700.120000	-0.000000000000005	
700.320000	-0.000000000000005	
700.520000	-0.000000000000004	
700.720000	-0.000000000000004	
700.920000	-0.000000000000004	
701.120000	-0.000000000000004	
701.320000	-0.000000000000004	
701.520000	-0.000000000000004	
701.720000	-0.000000000000004	
701.920000	-0.000000000000004	
702.120000	-0.000000000000004	
702.320000	-0.000000000000004	
702.520000	-0.000000000000004	
702.720000	-0.000000000000004	
702.920000	-0.000000000000003	
703.120000	-0.000000000000003	
703.320000	-0.000000000000003	
703.520000	-0.000000000000003	
703.720000	-0.000000000000003	
703.920000	-0.000000000000003	
704.120000	-0.000000000000003	
704.320000	-0.000000000000003	
704.520000	-0.000000000000003	
704.720000	-0.000000000000003	
704.920000	-0.000000000000003	
705.120000	-0.000000000000003	
705.320000	-0.000000000000002	
705.520000	-0.000000000000002	
705.720000	-0.000000000000002	
705.920000	-0.000000000000002	
706.120000	-0.000000000000002	
706.320000	-0.000000000000002	
706.520000	-0.000000000000002	
706.720000	-0.000000000000002	
706.920000	-0.000000000000002	
707.120000	-0.000000000000002	
707.320000	-0.000000000000002	
707.520000	-0.000000000000002	
707.720000	-0.000000000000001	
707.920000	-0.000000000000001	
708.120000	-0.000000000000001	
708.320000	-0.000000000000001	
708.520000	-0.000000000000001	
708.720000	-0.000000000000001	
708.920000	-0.000000000000001	
709.120000	-0.000000000000001	
709.320000	-0.000000000000001	
709.520000	-0.000000000000001	
709.720000	-0.000000000000001	
709.920000	-0.000000000000001	
710.120000	-0.000000000000000	
710.320000	-0.000000000000000	
710.520000	-0.000000000000000	
710.720000	-0.000000000000000	
710.920000	-0.000000000000000	
711.120000	-0.000000000000000	
711.320000	0.000000000000000	
711.520000	0.000000000000000	
711.720000	0.000000000000000	
711.920000	0.000000000000000	
712.120000	0.000000000000000	
712.320000	0.000000000000000	
712.520000	0.000000000000000	
712.720000	0.000000000000001	
712.920000	0.000000000000001	
713.120000	0.000000000000001	
713.320000	0.000000000000001	
713.520000	0.000000000000001	
713.720000	0.000000000000001	
713.920000	0.000000000000001	
714.120000	0.000000000000001	
714.320000	0.000000000000001	
714.520000	0.000000000000001	
714.720000	0.000000000000001	
714.920000	0.000000000000001	
715.120000	0.000000000000001	
715.320000	0.000000000000002	
715.520000	0.000000000000002	
715.720000	0.000000000000002	
715.920000	0.000000000000002	
716.120000	0.000000000000002	
716.320000	0.000000000000002	
716.520000	0.000000000000002	
716.720000	0.000000000000002	
716.920000	0.000000000000002	
717.120000	0.000000000000002	
717.320000	0.000000000000002	
717.520000	0.000000000000002	
717.720000	0.000000000000002	
717.920000	0.000000000000003	
718.120000	0.000000000000003	
718.320000	0.000000000000003	
718.520000	0.000000000000003	
718.720000	0.000000000000003	
718.920000	0.000000000000003	
719.120000	0.000000000000003	
719.320000	0.000000000000003	
719.520000	0.000000000000003	
719.720000	0.000000000000003	
719.920000	0.000000000000003	
720.120000	0.000000000000003	
720.320000	0.000000000000003	
720.520000	0.000000000000003	
720.720000	0.000000000000004	
720.920000	0.000000000000004	
721.120000	0.000000000000004	
721.320000	0.000000000000004	
721.520000	0.000000000000004	
721.720000	0.000000000000004	
721.920000	0.000000000000004	
722.120000	0.000000000000004	
722.320000	0.000000000000004	
722.520000	0.000000000000004	
722.720000	0.000000000000004	
722.920000	0.000000000000004	
723.120000	0.000000000000004	
723.320000	0.000000000000004	
723.520000	0.000000000000005	
723.720000	0.000000000000005	
723.920000	0.000000000000005	
724.120000	0.000000000000005	
724.320000	0.000000000000005	
724.520000	0.000000000000005	
724.720000	0.000000000000005	
724.920000	0.000000000000005	
725.120000	0.000000000000005	
725.320000	0.000000000000005	
725.520000	0.000000000000005	
725.720000	0.000000000000005	
725.920000	0.000000000000005	
726.120000	0.000000000000005	
726.320000	0.000000000000005	
726.520000	0.000000000000006	
726.720000	0.000000000000006	
726.920000	0.000000000000006	
727.120000	0.000000000000006	
727.320000	0.000000000000006	
727.520000	0.000000000000006	
727.720000	0.000000000000006	
727.920000	0.000000000000006	
728.120000	0.000000000000006	
728.320000	0.000000000000006	
728.520000	0.000000000000006	
728.720000	0.000000000000006	
728.920000	0.000000000000006	
729.120000	0.000000000000006	
729.320000	0.000000000000007	
729.520000	0.000000000000007	
729.720000	0.000000000000007	
729.920000	0.000000000000007	
730.120000	0.000000000000007	
730.320000	0.000000000000007	
730.520000	0.000000000000007	
730.720000	0.000000000000007	
730.920000	0.000000000000007	
731.120000	0.000000000000007	
731.320000	0.000000000000007	
731.520000	0.000000000000007	
731.720000	0.000000000000007	
731.920000	0.000000000000007	
732.120000	0.000000000000007	
732.320000	0.000000000000007	
732.520000	0.000000000000008	
732.720000	0.000000000000008	
732.920000	0.000000000000008	
733.120000	0.000000000000008	
733.320000	0.000000000000008	
733.520000	0.000000000000008	
733.720000	0.000000000000008	
733.920000	0.000000000000008	
734.120000	0.000000000000008	
734.320000	0.000000000000008	
734.520000	0.000000000000008	
734.720000	0.000000000000008	
734.920000	0.000000000000008	
735.120000	0.000000000000008	
735.320000	0.000000000000008	
735.520000	0.000000000000009	
735.720000	0.000000000000009	
735.920000	0.000000000000009	
736.120000	0.000000000000009	
736.320000	0.000000000000009	
736.520000	0.000000000000009	
736.720000	0.000000000000009	
736.920000	0.000000000000009	
737.120000	0.000000000000009	
737.320000	0.000000000000009	
737.520000	0.000000000000009	
737.720000	0.000000000000009	
737.920000	0.000000000000009	
738.120000	0.000000000000009	
738.320000	0.000000000000009	
738.520000	0.000000000000009	
738.720000	0.000000000000010	
738.920000	0.000000000000010	
739.120000	0.000000000000010	
739.320000	0.000000000000010	
739.520000	0.000000000000010	
739.720000	0.000000000000010	
739.920000	0.000000000000010	
740.120000	0.000000000000010	
740.320000	0.000000000000010	
740.520000	0.000000000000010	
740.720000	0.000000000000010	
740.920000	0.000000000000010	
741.120000	0.000000000000010	
741.320000	0.000000000000010	
741.520000	0.000000000000010	
741.720000	0.000000000000010	
741.920000	0.000000000000010	
742.120000	0.000000000000011	
742.320000	0.000000000000011	
742.520000	0.000000000000011	
742.720000	0.000000000000011	
742.920000	0.000000000000011	
743.120000	0.000000000000011	
743.320000	0.000000000000011	
743.520000	0.000000000000011	
743.720000	0.000000000000011	
743.920000	0.000000000000011	
744.120000	0.000000000000011	
744.320000	0.000000000000011	
744.520000	0.000000000000011	
744.720000	0.000000000000011	
744.920000	0.000000000000011	
745.120000	0.000000000000011	
745.320000	0.000000000000011	
745.520000	0.000000000000012	
745.720000	0.000000000000012	
745.920000	0.000000000000012	
746.120000	0.000000000000012	
746.320000	0.000000000000012	
746.520000	0.000000000000012	
746.720000	0.000000000000012	
746.920000	0.000000000000012	
747.120000	0.000000000000012	
747.320000	0.000000000000012	
747.520000	0.000000000000012	
747.720000	0.000000000000012	
747.920000	0.000000000000012	
748.120000	0.000000000000012	
748.320000	0.000000000000012	
748.520000	0.000000000000012	
748.720000	0.000000000000012	
748.920000	0.000000000000013	
749.120000	0.000000000000013	
749.320000	0.000000000000013	
749.520000	0.000000000000013	
749.720000	0.000000000000013	
749.920000	0.000000000000013	
750.120000	0.000000000000013	
750.320000	0.000000000000013	
750.520000	0.000000000000013	
750.720000	0.000000000000013	
750.920000	0.000000000000013	
751.120000	0.000000000000013	
751.320000	0.000000000000013	
751.520000	0.000000000000013	
751.720000	0.000000000000013	
751.920000	0.000000000000013	
752.120000	0.000000000000013	
752.320000	0.000000000000013	
752.520000	0.000000000000014	
752.720000	0.000000000000014	
752.920000	0.000000000000014	
753.120000	0.000000000000014	
753.320000	0.000000000000014	
753.520000	0.000000000000014	
753.720000	0.000000000000014	
753.920000	0.000000000000014	
754.120000	0.000000000000014	
754.320000	0.000000000000014	
754.520000	0.000000000000014	
754.720000	0.000000000000014	
754.920000	0.000000000000014	
755.120000	0.000000000000014	
755.320000	0.000000000000014	
755.520000	0.000000000000014	
755.720000	0.000000000000014	
755.920000	0.000000000000014	
756.120000	0.000000000000014	
756.320000	0.000000000000015	
756.520000	0.000000000000015	
756.720000	0.000000000000015	
756.920000	0.000000000000015	
757.120000	0.000000000000015	
757.320000	0.000000000000015	
757.520000	0.000000000000015	
757.720000	0.000000000000015	
757.920000	0.000000000000015	
758.120000	0.000000000000015	
758.320000	0.000000000000015	
758.520000	0.000000000000015	
758.720000	0.000000000000015	
758.920000	0.000000000000015	
759.120000	0.000000000000015	
759.320000	0.000000000000015	
759.520000	0.000000000000015	
759.720000	0.000000000000015	
759.920000	0.000000000000015	
760.120000	0.000000000000016	
760.320000	0.000000000000016	
760.520000	0.000000000000016	
760.720000	0.000000000000016	
760.920000	0.000000000000016	
761.120000	0.000000000000016	
761.320000	0.000000000000016	
761.520000	0.000000000000016	
761.720000	0.000000000000016	
761.920000	0.000000000000016	
762.120000	0.000000000000016	
762.320000	0.000000000000016	
762.520000	0.000000000000016	
762.720000	0.000000000000016	
762.920000	0.000000000000016	
763.120000	0.000000000000016	
763.320000	0.000000000000016	
763.520000	0.000000000000016	
763.720000	0.000000000000016	
763.920000	0.000000000000017	
764.120000	0.000000000000017	
764.320000	0.000000000000017	
764.520000	0.000000000000017	
764.720000	0.000000000000017	
764.920000	0.000000000000017	
765.120000	0.000000000000017	
765.320000	0.000000000000017	
765.520000	0.000000000000017	
765.720000	0.000000000000017	
765.920000	0.000000000000017	
766.120000	0.000000000000017	
766.320000	0.000000000000017	
766.520000	0.000000000000017	
766.720000	0.000000000000017	
766.920000	0.000000000000017	
767.120000	0.000000000000017	
767.320000	0.000000000000017	
767.520000	0.000000000000017	
767.720000	0.000000000000017	
767.920000	0.000000000000018	
768.120000	0.000000000000018	
768.320000	0.000000000000018	
768.520000	0.000000000000018	
768.720000	0.000000000000018	
768.920000	0.000000000000018	
769.120000	0.000000000000018	
769.320000	0.000000000000018	
769.520000	0.000000000000018	
769.720000	0.000000000000018	
769.920000	0.000000000000018	
770.120000	0.000000000000018	
770.320000	0.000000000000018	
770.520000	0.000000000000018	
770.720000	0.000000000000018	
770.920000	0.000000000000018	
771.120000	0.000000000000018	
771.320000	0.000000000000018	
771.520000	0.000000000000018	
771.720000	0.000000000000018	
771.920000	0.000000000000018	
772.120000	0.000000000000019	
772.320000	0.000000000000019	
772.520000	0.000000000000019	
772.720000	0.000000000000019	
772.920000	0.000000000000019	
773.120000	0.000000000000019	
773.320000	0.000000000000019	
773.520000	0.000000000000019	
773.720000	0.000000000000019	
773.920000	0.000000000000019	
774.120000	0.000000000000019	
774.320000	0.000000000000019	
774.520000	0.000000000000019	
774.720000	0.000000000000019	
774.920000	0.000000000000019	
775.120000	0.000000000000019	
775.320000	0.000000000000019	
775.520000	0.000000000000019	
775.720000	0.000000000000019	
775.920000	0.000000000000019	
776.120000	0.000000000000019	
776.320000	0.000000000000020	
776.520000	0.000000000000020	
776.720000	0.000000000000020	
776.920000	0.000000000000020	
777.120000	0.000000000000020	
777.320000	0.000000000000020	
777.520000	0.000000000000020	
777.720000	0.000000000000020	
777.920000	0.000000000000020	
778.120000	0.000000000000020	
778.320000	0.000000000000020	
778.520000	0.000000000000020	
778.720000	0.000000000000020	
778.920000	0.000000000000020	
779.120000	0.000000000000020	
779.320000	0.000000000000020	
779.520000	0.000000000000020	
779.720000	0.000000000000020	
779.920000	0.000000000000020	
780.120000	0.000000000000020	
780.320000	0.000000000000020	
780.520000	0.000000000000020	
780.720000	0.000000000000020	
780.920000	0.000000000000021	
781.120000	0.000000000000021	
781.320000	0.000000000000021	
781.520000	0.000000000000021	
781.720000	0.000000000000021	
781.920000	0.000000000000021	
782.120000	0.000000000000021	
782.320000	0.000000000000021	
782.520000	0.000000000000021	
782.720000	0.000000000000021	
782.920000	0.000000000000021	
783.120000	0.000000000000021	
783.320000	0.000000000000021	
783.520000	0.000000000000021	
783.720000	0.000000000000021	
783.920000	0.000000000000021	
784.120000	0.000000000000021	
784.320000	0.000000000000021	
784.520000	0.000000000000021	
784.720000	0.000000000000021	
784.920000	0.000000000000021	
785.120000	0.000000000000021	
785.320000	0.000000000000022	
785.520000	0.000000000000022	
785.720000	0.000000000000022	
785.920000	0.000000000000022	
786.120000	0.000000000000022	
786.320000	0.000000000000022	
786.520000	0.000000000000022	
786.720000	0.000000000000022	
786.920000	0.000000000000022	
787.120000	0.000000000000022	
787.320000	0.000000000000022	
787.520000	0.000000000000022	
787.720000	0.000000000000022	
787.920000	0.000000000000022	
788.120000	0.000000000000022	
788.320000	0.000000000000022	
788.520000	0.000000000000022	
788.720000	0.000000000000022	
788.920000	0.000000000000022	
789.120000	0.000000000000022	
789.320000	0.000000000000022	
789.520000	0.000000000000022	
789.720000	0.000000000000022	
789.920000	0.000000000000022	
790.120000	0.000000000000023	
790.320000	0.000000000000023	
790.520000	0.000000000000023	
790.720000	0.000000000000023	
790.920000	0.000000000000023	
791.120000	0.000000000000023	
791.320000	0.000000000000023	
791.520000	0.000000000000023	
791.720000	0.000000000000023	
791.920000	0.000000000000023	
792.120000	0.000000000000023	
792.320000	0.000000000000023	
792.520000	0.000000000000023	
792.720000	0.000000000000023	
792.920000	0.000000000000023	
793.120000	0.000000000000023	
793.320000	0.000000000000023	
793.520000	0.000000000000023	
793.720000	0.000000000000023	
793.920000	0.000000000000023	
794.120000	0.000000000000023	
794.320000	0.000000000000023	
794.520000	0.000000000000023	
794.720000	0.000000000000023	
794.920000	0.000000000000023	
795.120000	0.000000000000024	
795.320000	0.000000000000024	
795.520000	0.000000000000024	
795.720000	0.000000000000024	
795.920000	0.000000000000024	
796.120000	0.000000000000024	
796.320000	0.000000000000024	
796.520000	0.000000000000024	
796.720000	0.000000000000024	
796.920000	0.000000000000024	
797.120000	0.000000000000024	
797.320000	0.000000000000024	
797.520000	0.000000000000024	
797.720000	0.000000000000024	
797.920000	0.000000000000024	
798.120000	0.000000000000024	
798.320000	0.000000000000024	
798.520000	0.000000000000024	
798.720000	0.000000000000024	
798.920000	0.000000000000024	
799.120000	0.000000000000024	
799.320000	0.000000000000024	
799.520000	0.000000000000024	
799.720000	0.000000000000024	
799.920000	0.000000000000024	
800.120000	0.000000000000025	
800.320000	0.000000000000025	
800.520000	0.000000000000025	
820.520000	0.000000000000028	
840.520000	0.000000000000031	
860.520000	0.000000000000033	
880.520000	0.000000000000035	
900.520000	0.000000000000037	
920.520000	0.000000000000038	
940.520000	0.000000000000038	
960.520000	0.000000000000039	
980.520000	0.000000000000039	
1000.520000	0.000000000000038	
1020.520000	0.000000000000038	
1040.520000	0.000000000000037	
1060.520000	0.000000000000036	
1080.520000	0.000000000000035	
1100.520000	0.000000000000033	
1120.520000	0.000000000000032	
1140.520000	0.000000000000030	
1160.520000	0.000000000000029	
1180.520000	0.000000000000027	
1200.520000	0.000000000000025	
1220.520000	0.000000000000023	
1240.520000	0.000000000000022	
1260.520000	0.000000000000020	
1280.520000	0.000000000000018	
1300.520000	0.000000000000017	
1320.520000	0.000000000000015	
1340.520000	0.000000000000014	
1360.520000	0.000000000000012	
1380.520000	0.000000000000011	
1400.520000	0.000000000000010	
1420.520000	0.000000000000009	
1440.520000	0.000000000000008	
1460.520000	0.000000000000007	
1480.520000	0.000000000000006	
1500.520000	0.000000000000005	
1520.520000	0.000000000000005	
1540.520000	0.000000000000004	
1560.520000	0.000000000000003	
1580.520000	0.000000000000003	
1600.520000	0.000000000000003	
1620.520000	0.000000000000002	
1640.520000	0.000000000000002	
1660.520000	0.000000000000002	
1680.520000	0.000000000000001	
1700.520000	0.000000000000001	
1720.520000	0.000000000000001	
1740.520000	0.000000000000001	
1760.520000	0.000000000000001	
1780.520000	0.000000000000001	
1800.520000	0.000000000000000	
1820.520000	0.000000000000000	
1840.520000	0.000000000000000	
1860.520000	0.000000000000000	
1880.520000	0.000000000000000	
1900.520000	0.000000000000000	
1920.520000	0.000000000000000	
1940.520000	0.000000000000000	
1960.520000	0.000000000000000	
1980.520000	0.000000000000000	
2000.520000	0.000000000000000	
2020.520000	0.000000000000000	
2040.520000	0.000000000000000	
2060.520000	0.000000000000000	
2080.520000	0.000000000000000	
2100.520000	0.000000000000000	
2120.520000	0.000000000000000	
2140.520000	0.000000000000000	
2160.520000	0.000000000000000	
2180.520000	0.000000000000000	
2200.520000	0.000000000000000	
2220.520000	0.000000000000000	
2240.520000	0.000000000000000	
2260.520000	0.000000000000000	
2280.520000	0.000000000000000	
2300.520000	0.000000000000000	
2320.520000	0.000000000000000	
2340.520000	0.000000000000000	
2360.520000	0.000000000000000	
2380.520000	0.000000000000000	
2400.520000	0.000000000000000	
2420.520000	0.000000000000000	
2440.520000	0.000000000000000	
2460.520000	0.000000000000000	
2480.520000	0.000000000000000	
