0.000000	-0.000000000496	
20.000000	0.000000000000	
40.000000	0.000000000000	
60.000000	0.000000000000	
80.000000	0.000000000000	
100.000000	0.000000000000	
120.000000	0.000000000000	
140.000000	0.000000000000	
160.000000	0.000000000000	
180.000000	0.000000000000	
200.000000	0.000000000000	
220.000000	0.000000000000	
240.000000	0.000000000000	
260.000000	0.000000000000	
280.000000	0.000000000000	
300.000000	0.000000000000	
320.000000	0.000000000000	
340.000000	0.000000000000	
360.000000	0.000000000000	
380.000000	0.000000000000	
400.000000	0.000000000000	
420.000000	0.000000000000	
440.000000	0.000000000000	
460.000000	0.000000000000	
480.000000	0.000000000000	
500.000000	0.000000000000	
520.000000	0.000000000000	
540.000000	0.000000000000	
560.000000	0.000000000000	
580.000000	0.000000000000	
600.000000	0.000000000000	
620.000000	0.000000000000	
624.720000	0.000000000000	
624.920000	0.000000000000	
625.120000	0.000000000000	
625.320000	0.000000000000	
625.520000	0.000000000000	
625.720000	0.000000000000	
625.920000	0.000000000000	
626.120000	0.000000000000	
626.320000	0.000000000000	
626.520000	0.000000000000	
626.720000	0.000000000000	
626.920000	0.000000000000	
627.120000	0.000000000000	
627.320000	0.000000000000	
627.520000	0.000000000000	
627.720000	0.000000000000	
627.920000	0.000000000000	
628.120000	0.000000000000	
628.320000	0.000000000000	
628.520000	0.000000000000	
628.720000	0.000000000000	
628.920000	0.000000000000	
629.120000	0.000000000000	
629.320000	0.000000000000	
629.520000	0.000000000000	
629.720000	0.000000000000	
629.920000	0.000000000000	
630.120000	0.000000000000	
630.320000	0.000000000000	
630.520000	0.000000000000	
630.720000	0.000000000000	
630.920000	0.000000000000	
631.120000	0.000000000000	
631.320000	0.000000000000	
631.520000	0.000000000000	
631.720000	0.000000000000	
631.920000	0.000000000000	
632.120000	0.000000000000	
632.320000	0.000000000000	
632.520000	0.000000000000	
632.720000	0.000000000000	
632.920000	0.000000000000	
633.120000	0.000000000000	
633.320000	0.000000000000	
633.520000	0.000000000000	
633.720000	0.000000000000	
633.920000	0.000000000000	
634.120000	0.000000000000	
634.320000	0.000000000000	
634.520000	0.000000000000	
634.720000	0.000000000000	
634.920000	0.000000000000	
635.120000	0.000000000000	
635.320000	0.000000000000	
635.520000	0.000000000000	
635.720000	0.000000000000	
635.920000	0.000000000000	
636.120000	0.000000000000	
636.320000	0.000000000000	
636.520000	0.000000000000	
636.720000	0.000000000000	
636.920000	0.000000000000	
637.120000	0.000000000000	
637.320000	0.000000000000	
637.520000	0.000000000000	
637.720000	0.000000000000	
637.920000	0.000000000000	
638.120000	0.000000000000	
638.320000	0.000000000000	
638.520000	0.000000000000	
638.720000	0.000000000000	
638.920000	0.000000000000	
639.120000	0.000000000000	
639.320000	0.000000000000	
639.520000	0.000000000000	
639.720000	0.000000000000	
639.920000	0.000000000000	
640.120000	0.000000000000	
640.320000	0.000000000000	
640.520000	0.000000000000	
640.720000	0.000000000000	
640.920000	0.000000000000	
641.120000	0.000000000000	
641.320000	0.000000000000	
641.520000	0.000000000000	
641.720000	0.000000000000	
641.920000	0.000000000000	
642.120000	0.000000000000	
642.320000	0.000000000000	
642.520000	0.000000000000	
642.720000	0.000000000000	
642.920000	0.000000000000	
643.120000	0.000000000000	
643.320000	0.000000000000	
643.520000	0.000000000000	
643.720000	0.000000000000	
643.920000	0.000000000000	
644.120000	0.000000000000	
644.320000	0.000000000000	
644.520000	0.000000000000	
644.720000	0.000000000000	
644.920000	0.000000000000	
645.120000	0.000000000000	
645.320000	0.000000000000	
645.520000	0.000000000000	
645.720000	0.000000000000	
645.920000	0.000000000000	
646.120000	0.000000000000	
646.320000	0.000000000000	
646.520000	0.000000000000	
646.720000	0.000000000000	
646.920000	0.000000000000	
647.120000	0.000000000000	
647.320000	0.000000000000	
647.520000	0.000000000000	
647.720000	0.000000000000	
647.920000	0.000000000000	
648.120000	0.000000000000	
648.320000	0.000000000000	
648.520000	0.000000000000	
648.720000	0.000000000000	
648.920000	0.000000000000	
649.120000	0.000000000000	
649.320000	0.000000000000	
649.520000	0.000000000000	
649.720000	0.000000000000	
649.920000	0.000000000000	
650.120000	0.000000000000	
650.320000	0.000000000000	
650.520000	0.000000000000	
650.720000	0.000000000000	
650.920000	0.000000000000	
651.120000	0.000000000000	
651.320000	0.000000000000	
651.520000	0.000000000000	
651.720000	0.000000000000	
651.920000	0.000000000000	
652.120000	0.000000000000	
652.320000	0.000000000000	
652.520000	0.000000000000	
652.720000	0.000000000000	
652.920000	0.000000000000	
653.120000	0.000000000000	
653.320000	0.000000000000	
653.520000	0.000000000000	
653.720000	0.000000000000	
653.920000	0.000000000000	
654.120000	0.000000000000	
654.320000	0.000000000000	
654.520000	0.000000000000	
654.720000	0.000000000000	
654.920000	0.000000000000	
655.120000	0.000000000000	
655.320000	0.000000000000	
655.520000	0.000000000000	
655.720000	0.000000000000	
655.920000	0.000000000000	
656.120000	0.000000000000	
656.320000	0.000000000000	
656.520000	0.000000000000	
656.720000	0.000000000000	
656.920000	0.000000000000	
657.120000	0.000000000000	
657.320000	0.000000000000	
657.520000	0.000000000000	
657.720000	0.000000000000	
657.920000	0.000000000000	
658.120000	0.000000000000	
658.320000	0.000000000000	
658.520000	0.000000000000	
658.720000	0.000000000000	
658.920000	0.000000000000	
659.120000	0.000000000000	
659.320000	0.000000000000	
659.520000	0.000000000000	
659.720000	0.000000000000	
659.920000	0.000000000000	
660.120000	0.000000000000	
660.320000	0.000000000000	
660.520000	0.000000000000	
660.720000	0.000000000000	
660.920000	0.000000000000	
661.120000	0.000000000000	
661.320000	0.000000000000	
661.520000	0.000000000000	
661.720000	0.000000000000	
661.920000	0.000000000000	
662.120000	0.000000000000	
662.320000	0.000000000000	
662.520000	0.000000000000	
662.720000	0.000000000000	
662.920000	0.000000000000	
663.120000	0.000000000000	
663.320000	0.000000000000	
663.520000	0.000000000000	
663.720000	0.000000000000	
663.920000	0.000000000000	
664.120000	0.000000000000	
664.320000	0.000000000000	
664.520000	0.000000000000	
664.720000	0.000000000000	
664.920000	0.000000000000	
665.120000	0.000000000000	
665.320000	0.000000000000	
665.520000	0.000000000000	
665.720000	0.000000000000	
665.920000	0.000000000000	
666.120000	0.000000000000	
666.320000	0.000000000000	
666.520000	0.000000000000	
666.720000	0.000000000000	
666.920000	0.000000000000	
667.120000	0.000000000000	
667.320000	0.000000000000	
667.520000	0.000000000000	
667.720000	0.000000000000	
667.920000	0.000000000000	
668.120000	0.000000000000	
668.320000	0.000000000000	
668.520000	0.000000000000	
668.720000	0.000000000000	
668.920000	0.000000000000	
669.120000	0.000000000000	
669.320000	0.000000000000	
669.520000	0.000000000000	
669.720000	0.000000000000	
669.920000	0.000000000000	
670.120000	0.000000000000	
670.320000	0.000000000000	
670.520000	0.000000000000	
670.720000	0.000000000000	
670.920000	0.000000000000	
671.120000	0.000000000000	
671.320000	0.000000000000	
671.520000	0.000000000000	
671.720000	0.000000000000	
671.920000	0.000000000000	
672.120000	0.000000000000	
672.320000	0.000000000000	
672.520000	0.000000000000	
672.720000	0.000000000000	
672.920000	0.000000000000	
673.120000	0.000000000000	
673.320000	0.000000000000	
673.520000	0.000000000000	
673.720000	0.000000000000	
673.920000	0.000000000000	
674.120000	0.000000000000	
674.320000	0.000000000000	
674.520000	0.000000000000	
674.720000	0.000000000000	
674.920000	0.000000000000	
675.120000	0.000000000000	
675.320000	0.000000000000	
675.520000	0.000000000000	
675.720000	0.000000000000	
675.920000	0.000000000000	
676.120000	0.000000000000	
676.320000	0.000000000000	
676.520000	0.000000000000	
676.720000	0.000000000000	
676.920000	0.000000000000	
677.120000	0.000000000000	
677.320000	0.000000000000	
677.520000	0.000000000000	
677.720000	0.000000000000	
677.920000	0.000000000000	
678.120000	0.000000000000	
678.320000	0.000000000000	
678.520000	0.000000000000	
678.720000	0.000000000000	
678.920000	0.000000000000	
679.120000	0.000000000000	
679.320000	0.000000000000	
679.520000	0.000000000000	
679.720000	0.000000000000	
679.920000	0.000000000000	
680.120000	0.000000000000	
680.320000	0.000000000000	
680.520000	0.000000000000	
680.720000	0.000000000000	
680.920000	0.000000000000	
681.120000	0.000000000000	
681.320000	0.000000000000	
681.520000	0.000000000000	
681.720000	0.000000000000	
681.920000	0.000000000000	
682.120000	0.000000000000	
682.320000	0.000000000000	
682.520000	0.000000000000	
682.720000	0.000000000000	
682.920000	0.000000000000	
683.120000	0.000000000000	
683.320000	0.000000000000	
683.520000	0.000000000000	
683.720000	0.000000000000	
683.920000	0.000000000000	
684.120000	0.000000000000	
684.320000	0.000000000000	
684.520000	0.000000000000	
684.720000	0.000000000000	
684.920000	0.000000000000	
685.120000	0.000000000000	
685.320000	0.000000000000	
685.520000	0.000000000000	
685.720000	0.000000000000	
685.920000	0.000000000000	
686.120000	0.000000000000	
686.320000	0.000000000000	
686.520000	0.000000000000	
686.720000	0.000000000000	
686.920000	0.000000000000	
687.120000	0.000000000000	
687.320000	0.000000000000	
687.520000	0.000000000000	
687.720000	0.000000000000	
687.920000	0.000000000000	
688.120000	0.000000000000	
688.320000	0.000000000000	
688.520000	0.000000000000	
688.720000	0.000000000000	
688.920000	0.000000000000	
689.120000	0.000000000000	
689.320000	0.000000000000	
689.520000	0.000000000000	
689.720000	0.000000000000	
689.920000	0.000000000000	
690.120000	0.000000000000	
690.320000	0.000000000000	
690.520000	0.000000000000	
690.720000	0.000000000000	
690.920000	0.000000000000	
691.120000	0.000000000000	
691.320000	0.000000000000	
691.520000	0.000000000000	
691.720000	0.000000000000	
691.920000	0.000000000000	
692.120000	0.000000000000	
692.320000	0.000000000000	
692.520000	0.000000000000	
692.720000	0.000000000000	
692.920000	0.000000000000	
693.120000	0.000000000000	
693.320000	0.000000000000	
693.520000	0.000000000000	
693.720000	0.000000000000	
693.920000	0.000000000000	
694.120000	0.000000000000	
694.320000	0.000000000000	
694.520000	0.000000000000	
694.720000	0.000000000000	
694.920000	0.000000000000	
695.120000	0.000000000000	
695.320000	0.000000000000	
695.520000	0.000000000000	
695.720000	0.000000000000	
695.920000	0.000000000000	
696.120000	0.000000000000	
696.320000	0.000000000000	
696.520000	0.000000000000	
696.720000	0.000000000000	
696.920000	0.000000000000	
697.120000	0.000000000000	
697.320000	0.000000000000	
697.520000	0.000000000000	
697.720000	0.000000000000	
697.920000	0.000000000000	
698.120000	0.000000000000	
698.320000	0.000000000000	
698.520000	0.000000000000	
698.720000	0.000000000000	
698.920000	0.000000000000	
699.120000	0.000000000000	
699.320000	0.000000000000	
699.520000	0.000000000000	
699.720000	0.000000000000	
699.920000	0.000000000000	
700.120000	0.000000000000	
700.320000	0.000000000000	
700.520000	0.000000000000	
700.720000	0.000000000000	
700.920000	0.000000000000	
701.120000	0.000000000000	
701.320000	0.000000000000	
701.520000	0.000000000000	
701.720000	0.000000000000	
701.920000	0.000000000000	
702.120000	0.000000000000	
702.320000	0.000000000000	
702.520000	0.000000000000	
702.720000	0.000000000000	
702.920000	0.000000000000	
703.120000	0.000000000000	
703.320000	0.000000000000	
703.520000	0.000000000000	
703.720000	0.000000000000	
703.920000	0.000000000000	
704.120000	0.000000000000	
704.320000	0.000000000000	
704.520000	0.000000000000	
704.720000	0.000000000000	
704.920000	0.000000000000	
705.120000	0.000000000000	
705.320000	0.000000000000	
705.520000	0.000000000000	
705.720000	0.000000000000	
705.920000	0.000000000000	
706.120000	0.000000000000	
706.320000	0.000000000000	
706.520000	0.000000000000	
706.720000	0.000000000000	
706.920000	0.000000000000	
707.120000	0.000000000000	
707.320000	0.000000000000	
707.520000	0.000000000000	
707.720000	0.000000000000	
707.920000	0.000000000000	
708.120000	0.000000000000	
708.320000	0.000000000000	
708.520000	0.000000000000	
708.720000	0.000000000000	
708.920000	0.000000000000	
709.120000	0.000000000000	
709.320000	0.000000000000	
709.520000	0.000000000000	
709.720000	0.000000000000	
709.920000	0.000000000000	
710.120000	0.000000000000	
710.320000	0.000000000000	
710.520000	0.000000000000	
710.720000	0.000000000000	
710.920000	0.000000000000	
711.120000	0.000000000000	
711.320000	0.000000000000	
711.520000	0.000000000000	
711.720000	0.000000000000	
711.920000	0.000000000000	
712.120000	0.000000000000	
712.320000	0.000000000000	
712.520000	0.000000000000	
712.720000	0.000000000000	
712.920000	0.000000000000	
713.120000	0.000000000000	
713.320000	0.000000000000	
713.520000	0.000000000000	
713.720000	0.000000000000	
713.920000	0.000000000000	
714.120000	0.000000000000	
714.320000	0.000000000000	
714.520000	0.000000000000	
714.720000	0.000000000000	
714.920000	0.000000000000	
715.120000	0.000000000000	
715.320000	0.000000000000	
715.520000	0.000000000000	
715.720000	0.000000000000	
715.920000	0.000000000000	
716.120000	0.000000000000	
716.320000	0.000000000000	
716.520000	0.000000000000	
716.720000	0.000000000000	
716.920000	0.000000000000	
717.120000	0.000000000000	
717.320000	0.000000000000	
717.520000	0.000000000000	
717.720000	0.000000000000	
717.920000	0.000000000000	
718.120000	0.000000000000	
718.320000	0.000000000000	
718.520000	0.000000000000	
718.720000	0.000000000000	
718.920000	0.000000000000	
719.120000	0.000000000000	
719.320000	0.000000000000	
719.520000	0.000000000000	
719.720000	0.000000000000	
719.920000	0.000000000000	
720.120000	0.000000000000	
720.320000	0.000000000000	
720.520000	0.000000000000	
720.720000	0.000000000000	
720.920000	0.000000000000	
721.120000	0.000000000000	
721.320000	0.000000000000	
721.520000	0.000000000000	
721.720000	0.000000000000	
721.920000	0.000000000000	
722.120000	0.000000000000	
722.320000	0.000000000000	
722.520000	0.000000000000	
722.720000	0.000000000000	
722.920000	0.000000000000	
723.120000	0.000000000000	
723.320000	0.000000000000	
723.520000	0.000000000000	
723.720000	0.000000000000	
723.920000	0.000000000000	
724.120000	0.000000000000	
724.320000	0.000000000000	
724.520000	0.000000000000	
724.720000	0.000000000000	
724.920000	0.000000000000	
725.120000	0.000000000000	
725.320000	0.000000000000	
725.520000	0.000000000000	
725.720000	0.000000000000	
725.920000	0.000000000000	
726.120000	0.000000000000	
726.320000	0.000000000000	
726.520000	0.000000000000	
726.720000	0.000000000000	
726.920000	0.000000000000	
727.120000	0.000000000000	
727.320000	0.000000000000	
727.520000	0.000000000000	
727.720000	0.000000000000	
727.920000	0.000000000000	
728.120000	0.000000000000	
728.320000	0.000000000000	
728.520000	0.000000000000	
728.720000	0.000000000000	
728.920000	0.000000000000	
729.120000	0.000000000000	
729.320000	0.000000000000	
729.520000	0.000000000000	
729.720000	0.000000000000	
729.920000	0.000000000000	
730.120000	0.000000000000	
730.320000	0.000000000000	
730.520000	0.000000000000	
730.720000	0.000000000000	
730.920000	0.000000000000	
731.120000	0.000000000000	
731.320000	0.000000000000	
731.520000	0.000000000000	
731.720000	0.000000000000	
731.920000	0.000000000000	
732.120000	0.000000000000	
732.320000	0.000000000000	
732.520000	0.000000000000	
732.720000	0.000000000000	
732.920000	0.000000000000	
733.120000	0.000000000000	
733.320000	0.000000000000	
733.520000	0.000000000000	
733.720000	0.000000000000	
733.920000	0.000000000000	
734.120000	0.000000000000	
734.320000	0.000000000000	
734.520000	0.000000000000	
734.720000	0.000000000000	
734.920000	0.000000000000	
735.120000	0.000000000000	
735.320000	0.000000000000	
735.520000	0.000000000000	
735.720000	0.000000000000	
735.920000	0.000000000000	
736.120000	0.000000000000	
736.320000	0.000000000000	
736.520000	0.000000000000	
736.720000	0.000000000000	
736.920000	0.000000000000	
737.120000	0.000000000000	
737.320000	0.000000000000	
737.520000	0.000000000000	
737.720000	0.000000000000	
737.920000	0.000000000000	
738.120000	0.000000000000	
738.320000	0.000000000000	
738.520000	0.000000000000	
738.720000	0.000000000000	
738.920000	0.000000000000	
739.120000	0.000000000000	
739.320000	0.000000000000	
739.520000	0.000000000000	
739.720000	0.000000000000	
739.920000	0.000000000000	
740.120000	0.000000000000	
740.320000	0.000000000000	
740.520000	0.000000000000	
740.720000	0.000000000000	
740.920000	0.000000000000	
741.120000	0.000000000000	
741.320000	0.000000000000	
741.520000	0.000000000000	
741.720000	0.000000000000	
741.920000	0.000000000000	
742.120000	0.000000000000	
742.320000	0.000000000000	
742.520000	0.000000000000	
742.720000	0.000000000000	
742.920000	0.000000000000	
743.120000	0.000000000000	
743.320000	0.000000000000	
743.520000	0.000000000000	
743.720000	0.000000000000	
743.920000	0.000000000000	
744.120000	0.000000000000	
744.320000	0.000000000000	
744.520000	0.000000000000	
744.720000	0.000000000000	
744.920000	0.000000000000	
745.120000	0.000000000000	
745.320000	0.000000000000	
745.520000	0.000000000000	
745.720000	0.000000000000	
745.920000	0.000000000000	
746.120000	0.000000000000	
746.320000	0.000000000000	
746.520000	0.000000000000	
746.720000	0.000000000000	
746.920000	0.000000000000	
747.120000	0.000000000000	
747.320000	0.000000000000	
747.520000	0.000000000000	
747.720000	0.000000000000	
747.920000	0.000000000000	
748.120000	0.000000000000	
748.320000	0.000000000000	
748.520000	0.000000000000	
748.720000	0.000000000000	
748.920000	0.000000000000	
749.120000	0.000000000000	
749.320000	0.000000000000	
749.520000	0.000000000000	
749.720000	0.000000000000	
749.920000	0.000000000000	
750.120000	0.000000000000	
750.320000	0.000000000000	
750.520000	0.000000000000	
750.720000	0.000000000000	
750.920000	0.000000000000	
751.120000	0.000000000000	
751.320000	0.000000000000	
751.520000	0.000000000000	
751.720000	0.000000000000	
751.920000	0.000000000000	
752.120000	0.000000000000	
752.320000	0.000000000000	
752.520000	0.000000000000	
752.720000	0.000000000000	
752.920000	0.000000000000	
753.120000	0.000000000000	
753.320000	0.000000000000	
753.520000	0.000000000000	
753.720000	0.000000000000	
753.920000	0.000000000000	
754.120000	0.000000000000	
754.320000	0.000000000000	
754.520000	0.000000000000	
754.720000	0.000000000000	
754.920000	0.000000000000	
755.120000	0.000000000000	
755.320000	0.000000000000	
755.520000	0.000000000000	
755.720000	0.000000000000	
755.920000	0.000000000000	
756.120000	0.000000000000	
756.320000	0.000000000000	
756.520000	0.000000000000	
756.720000	0.000000000000	
756.920000	0.000000000000	
757.120000	0.000000000000	
757.320000	0.000000000000	
757.520000	0.000000000000	
757.720000	0.000000000000	
757.920000	0.000000000000	
758.120000	0.000000000000	
758.320000	0.000000000000	
758.520000	0.000000000000	
758.720000	0.000000000000	
758.920000	0.000000000000	
759.120000	0.000000000000	
759.320000	0.000000000000	
759.520000	0.000000000000	
759.720000	0.000000000000	
759.920000	0.000000000000	
760.120000	0.000000000000	
760.320000	0.000000000000	
760.520000	0.000000000000	
760.720000	0.000000000000	
760.920000	0.000000000000	
761.120000	0.000000000000	
761.320000	0.000000000000	
761.520000	0.000000000000	
761.720000	0.000000000000	
761.920000	0.000000000000	
762.120000	0.000000000000	
762.320000	0.000000000000	
762.520000	0.000000000000	
762.720000	0.000000000000	
762.920000	0.000000000000	
763.120000	0.000000000000	
763.320000	0.000000000000	
763.520000	0.000000000000	
763.720000	0.000000000000	
763.920000	0.000000000000	
764.120000	0.000000000000	
764.320000	0.000000000000	
764.520000	0.000000000000	
764.720000	0.000000000000	
764.920000	0.000000000000	
765.120000	0.000000000000	
765.320000	0.000000000000	
765.520000	0.000000000000	
765.720000	0.000000000000	
765.920000	0.000000000000	
766.120000	0.000000000000	
766.320000	0.000000000000	
766.520000	0.000000000000	
766.720000	0.000000000000	
766.920000	0.000000000000	
767.120000	0.000000000000	
767.320000	0.000000000000	
767.520000	0.000000000000	
767.720000	0.000000000000	
767.920000	0.000000000000	
768.120000	0.000000000000	
768.320000	0.000000000000	
768.520000	0.000000000000	
768.720000	0.000000000000	
768.920000	0.000000000000	
769.120000	0.000000000000	
769.320000	0.000000000000	
769.520000	0.000000000000	
769.720000	0.000000000000	
769.920000	0.000000000000	
770.120000	0.000000000000	
770.320000	0.000000000000	
770.520000	0.000000000000	
770.720000	0.000000000000	
770.920000	0.000000000000	
771.120000	0.000000000000	
771.320000	0.000000000000	
771.520000	0.000000000000	
771.720000	0.000000000000	
771.920000	0.000000000000	
772.120000	0.000000000000	
772.320000	0.000000000000	
772.520000	0.000000000000	
772.720000	0.000000000000	
772.920000	0.000000000000	
773.120000	0.000000000000	
773.320000	0.000000000000	
773.520000	0.000000000000	
773.720000	0.000000000000	
773.920000	0.000000000000	
774.120000	0.000000000000	
774.320000	0.000000000000	
774.520000	0.000000000000	
774.720000	0.000000000000	
774.920000	0.000000000000	
775.120000	0.000000000000	
775.320000	0.000000000000	
775.520000	0.000000000000	
775.720000	0.000000000000	
775.920000	0.000000000000	
776.120000	0.000000000000	
776.320000	0.000000000000	
776.520000	0.000000000000	
776.720000	0.000000000000	
776.920000	0.000000000000	
777.120000	0.000000000000	
777.320000	0.000000000000	
777.520000	0.000000000000	
777.720000	0.000000000000	
777.920000	0.000000000000	
778.120000	0.000000000000	
778.320000	0.000000000000	
778.520000	0.000000000000	
778.720000	0.000000000000	
778.920000	0.000000000000	
779.120000	0.000000000000	
779.320000	0.000000000000	
779.520000	0.000000000000	
779.720000	0.000000000000	
779.920000	0.000000000000	
780.120000	0.000000000000	
780.320000	0.000000000000	
780.520000	0.000000000000	
780.720000	0.000000000000	
780.920000	0.000000000000	
781.120000	0.000000000000	
781.320000	0.000000000000	
781.520000	0.000000000000	
781.720000	0.000000000000	
781.920000	0.000000000000	
782.120000	0.000000000000	
782.320000	0.000000000000	
782.520000	0.000000000000	
782.720000	0.000000000000	
782.920000	0.000000000000	
783.120000	0.000000000000	
783.320000	0.000000000000	
783.520000	0.000000000000	
783.720000	0.000000000000	
783.920000	0.000000000000	
784.120000	0.000000000000	
784.320000	0.000000000000	
784.520000	0.000000000000	
784.720000	0.000000000000	
784.920000	0.000000000000	
785.120000	0.000000000000	
785.320000	0.000000000000	
785.520000	0.000000000000	
785.720000	0.000000000000	
785.920000	0.000000000000	
786.120000	0.000000000000	
786.320000	0.000000000000	
786.520000	0.000000000000	
786.720000	0.000000000000	
786.920000	0.000000000000	
787.120000	0.000000000000	
787.320000	0.000000000000	
787.520000	0.000000000000	
787.720000	0.000000000000	
787.920000	0.000000000000	
788.120000	0.000000000000	
788.320000	0.000000000000	
788.520000	0.000000000000	
788.720000	0.000000000000	
788.920000	0.000000000000	
789.120000	0.000000000000	
789.320000	0.000000000000	
789.520000	0.000000000000	
789.720000	0.000000000000	
789.920000	0.000000000000	
790.120000	0.000000000000	
790.320000	0.000000000000	
790.520000	0.000000000000	
790.720000	0.000000000000	
790.920000	0.000000000000	
791.120000	0.000000000000	
791.320000	0.000000000000	
791.520000	0.000000000000	
791.720000	0.000000000000	
791.920000	0.000000000000	
792.120000	0.000000000000	
792.320000	0.000000000000	
792.520000	0.000000000000	
792.720000	0.000000000000	
792.920000	0.000000000000	
793.120000	0.000000000000	
793.320000	0.000000000000	
793.520000	0.000000000000	
793.720000	0.000000000000	
793.920000	0.000000000000	
794.120000	0.000000000000	
794.320000	0.000000000000	
794.520000	0.000000000000	
794.720000	0.000000000000	
794.920000	0.000000000000	
795.120000	0.000000000000	
795.320000	0.000000000000	
795.520000	0.000000000000	
795.720000	0.000000000000	
795.920000	0.000000000000	
796.120000	0.000000000000	
796.320000	0.000000000000	
796.520000	0.000000000000	
796.720000	0.000000000000	
796.920000	0.000000000000	
797.120000	0.000000000000	
797.320000	0.000000000000	
797.520000	0.000000000000	
797.720000	0.000000000000	
797.920000	0.000000000000	
798.120000	0.000000000000	
798.320000	0.000000000000	
798.520000	0.000000000000	
798.720000	0.000000000000	
798.920000	0.000000000000	
799.120000	0.000000000000	
799.320000	0.000000000000	
799.520000	0.000000000000	
799.720000	0.000000000000	
799.920000	0.000000000000	
800.120000	0.000000000000	
800.320000	0.000000000000	
800.520000	0.000000000000	
820.520000	0.000000000000	
840.520000	0.000000000000	
860.520000	0.000000000000	
880.520000	0.000000000000	
900.520000	0.000000000000	
920.520000	0.000000000000	
940.520000	0.000000000000	
960.520000	0.000000000000	
980.520000	0.000000000000	
1000.520000	0.000000000000	
1020.520000	0.000000000000	
1040.520000	0.000000000000	
1060.520000	0.000000000000	
1080.520000	0.000000000000	
1100.520000	0.000000000000	
1120.520000	0.000000000000	
1140.520000	0.000000000000	
1160.520000	0.000000000000	
1180.520000	0.000000000000	
1200.520000	0.000000000000	
1220.520000	0.000000000000	
1240.520000	0.000000000000	
1260.520000	0.000000000000	
1280.520000	0.000000000000	
1300.520000	0.000000000000	
1320.520000	0.000000000000	
1340.520000	0.000000000000	
1360.520000	0.000000000000	
1380.520000	0.000000000000	
1400.520000	0.000000000000	
1420.520000	0.000000000000	
1440.520000	0.000000000000	
1460.520000	0.000000000000	
1480.520000	0.000000000000	
1500.520000	0.000000000000	
1520.520000	0.000000000000	
1540.520000	0.000000000000	
1560.520000	0.000000000000	
1580.520000	0.000000000000	
1600.520000	0.000000000000	
1620.520000	0.000000000000	
1640.520000	0.000000000000	
1660.520000	0.000000000000	
1680.520000	0.000000000000	
1700.520000	0.000000000000	
1720.520000	0.000000000000	
1740.520000	0.000000000000	
1760.520000	0.000000000000	
1780.520000	0.000000000000	
1800.520000	0.000000000000	
1820.520000	0.000000000000	
1840.520000	0.000000000000	
1860.520000	0.000000000000	
1880.520000	0.000000000000	
1900.520000	0.000000000000	
1920.520000	0.000000000000	
1940.520000	0.000000000000	
1960.520000	0.000000000000	
1980.520000	0.000000000000	
2000.520000	0.000000000000	
2020.520000	0.000000000000	
2040.520000	0.000000000000	
2060.520000	0.000000000000	
2080.520000	0.000000000000	
2100.520000	0.000000000000	
2120.520000	0.000000000000	
2140.520000	0.000000000000	
2160.520000	0.000000000000	
2180.520000	0.000000000000	
2200.520000	0.000000000000	
2220.520000	0.000000000000	
2240.520000	0.000000000000	
2260.520000	0.000000000000	
2280.520000	0.000000000000	
2300.520000	0.000000000000	
2320.520000	0.000000000000	
2340.520000	0.000000000000	
2360.520000	0.000000000000	
2380.520000	0.000000000000	
2400.520000	0.000000000000	
2420.520000	0.000000000000	
2440.520000	0.000000000000	
2460.520000	0.000000000000	
2480.520000	0.000000000000	
