0.000000	0.000072686938	
20.000000	0.000139928936	
40.000000	0.000139559978	
60.000000	0.000139370947	
80.000000	0.000139271349	
100.000000	0.000139220707	
120.000000	0.000021596257	
140.000000	0.000027387444	
160.000000	0.000036236224	
180.000000	0.000047591461	
200.000000	0.000061318162	
220.000000	0.000077278860	
240.000000	0.000095470461	
260.000000	0.000115938387	
280.000000	0.000138739894	
300.000000	0.000163929068	
320.000000	0.000191553520	
340.000000	0.000223065794	
360.000000	0.000256001274	
380.000000	0.000290938281	
400.000000	0.000328173593	
420.000000	0.000367859949	
440.000000	0.000410094607	
460.000000	0.000454961135	
480.000000	0.000502551043	
500.000000	0.000552979004	
520.000000	0.000649586920	
540.000000	0.000750867189	
560.000000	0.000854718119	
580.000000	0.000959007490	
600.000000	0.001061164352	
620.000000	0.001157848899	
624.720000	0.001179396489	
624.920000	0.001180296101	
625.120000	0.001181194571	
625.320000	0.001182091894	
625.520000	0.001182988062	
625.720000	0.001183883069	
625.920000	0.001184776910	
626.120000	0.001185669579	
626.320000	0.001186561068	
626.520000	0.001187451372	
626.720000	0.001188340485	
626.920000	0.001189228400	
627.120000	0.001190115111	
627.320000	0.001191000612	
627.520000	0.001191884896	
627.720000	0.001192767957	
627.920000	0.001193649788	
628.120000	0.001194530384	
628.320000	0.001195409737	
628.520000	0.001196287842	
628.720000	0.001197164691	
628.920000	0.001198040278	
629.120000	0.001198914597	
629.320000	0.001199787642	
629.520000	0.001200659404	
629.720000	0.001201529879	
629.920000	0.001202399059	
630.120000	0.001203266938	
630.320000	0.001204133509	
630.520000	0.001204998765	
630.720000	0.001205862699	
630.920000	0.001206725306	
631.120000	0.001207586578	
631.320000	0.001208446508	
631.520000	0.001209305090	
631.720000	0.001210162316	
631.920000	0.001211018181	
632.120000	0.001211872676	
632.320000	0.001212725796	
632.520000	0.001213577533	
632.720000	0.001214427880	
632.920000	0.001215276831	
633.120000	0.001216124378	
633.320000	0.001216970514	
633.520000	0.001217815233	
633.720000	0.001218658527	
633.920000	0.001219500390	
634.120000	0.001220340814	
634.320000	0.001221179792	
634.520000	0.001222017317	
634.720000	0.001222853382	
634.920000	0.001223687979	
635.120000	0.001224521102	
635.320000	0.001225352744	
635.520000	0.001226182896	
635.720000	0.001227011553	
635.920000	0.001227838706	
636.120000	0.001228664348	
636.320000	0.001229488473	
636.520000	0.001230311072	
636.720000	0.001231132139	
636.920000	0.001231951665	
637.120000	0.001232769645	
637.320000	0.001233586069	
637.520000	0.001234400932	
637.720000	0.001235214224	
637.920000	0.001236025940	
638.120000	0.001236836071	
638.320000	0.001237644611	
638.520000	0.001238451550	
638.720000	0.001239256883	
638.920000	0.001240060601	
639.120000	0.001240862697	
639.320000	0.001241663164	
639.520000	0.001242461993	
639.720000	0.001243259177	
639.920000	0.001244054709	
640.120000	0.001244848580	
640.320000	0.001245640784	
640.520000	0.001246431312	
640.720000	0.001247220158	
640.920000	0.001248007312	
641.120000	0.001248792768	
641.320000	0.001249576517	
641.520000	0.001250358553	
641.720000	0.001251138866	
641.920000	0.001251917450	
642.120000	0.001252694297	
642.320000	0.001253469399	
642.520000	0.001254242748	
642.720000	0.001255014336	
642.920000	0.001255784155	
643.120000	0.001256552198	
643.320000	0.001257318457	
643.520000	0.001258082924	
643.720000	0.001258845591	
643.920000	0.001259606450	
644.120000	0.001260365493	
644.320000	0.001261122712	
644.520000	0.001261878100	
644.720000	0.001262631648	
644.920000	0.001263383349	
645.120000	0.001264133195	
645.320000	0.001264881177	
645.520000	0.001265627288	
645.720000	0.001266371520	
645.920000	0.001267113865	
646.120000	0.001267854314	
646.320000	0.001268592861	
646.520000	0.001269329496	
646.720000	0.001270064213	
646.920000	0.001270797002	
647.120000	0.001271527856	
647.320000	0.001272256767	
647.520000	0.001272983728	
647.720000	0.001273708729	
647.920000	0.001274431763	
648.120000	0.001275152823	
648.320000	0.001275871899	
648.520000	0.001276588984	
648.720000	0.001277304071	
648.920000	0.001278017150	
649.120000	0.001278728215	
649.320000	0.001279437256	
649.520000	0.001280144267	
649.720000	0.001280849239	
649.920000	0.001281552163	
650.120000	0.001282253033	
650.320000	0.001282951840	
650.520000	0.001283648576	
650.720000	0.001284343234	
650.920000	0.001285035805	
651.120000	0.001285726281	
651.320000	0.001286414654	
651.520000	0.001287100917	
651.720000	0.001287785062	
651.920000	0.001288467080	
652.120000	0.001289146964	
652.320000	0.001289824705	
652.520000	0.001290500297	
652.720000	0.001291173731	
652.920000	0.001291844999	
653.120000	0.001292514093	
653.320000	0.001293181006	
653.520000	0.001293845730	
653.720000	0.001294508257	
653.920000	0.001295168579	
654.120000	0.001295826689	
654.320000	0.001296482578	
654.520000	0.001297136240	
654.720000	0.001297787665	
654.920000	0.001298436848	
655.120000	0.001299083779	
655.320000	0.001299728451	
655.520000	0.001300370858	
655.720000	0.001301010990	
655.920000	0.001301648841	
656.120000	0.001302284403	
656.320000	0.001302917668	
656.520000	0.001303548629	
656.720000	0.001304177279	
656.920000	0.001304803609	
657.120000	0.001305427613	
657.320000	0.001306049284	
657.520000	0.001306668613	
657.720000	0.001307285594	
657.920000	0.001307900219	
658.120000	0.001308512481	
658.320000	0.001309122372	
658.520000	0.001309729886	
658.720000	0.001310335015	
658.920000	0.001310937753	
659.120000	0.001311538091	
659.320000	0.001312136024	
659.520000	0.001312731543	
659.720000	0.001313324642	
659.920000	0.001313915314	
660.120000	0.001314503553	
660.320000	0.001315089350	
660.520000	0.001315672700	
660.720000	0.001316253595	
660.920000	0.001316832029	
661.120000	0.001317407996	
661.320000	0.001317981487	
661.520000	0.001318552497	
661.720000	0.001319121020	
661.920000	0.001319687048	
662.120000	0.001320250575	
662.320000	0.001320811595	
662.520000	0.001321370101	
662.720000	0.001321926087	
662.920000	0.001322479547	
663.120000	0.001323030474	
663.320000	0.001323578862	
663.520000	0.001324124705	
663.720000	0.001324667997	
663.920000	0.001325208732	
664.120000	0.001325746904	
664.320000	0.001326282507	
664.520000	0.001326815535	
664.720000	0.001327345982	
664.920000	0.001327873842	
665.120000	0.001328399110	
665.320000	0.001328921781	
665.520000	0.001329441847	
665.720000	0.001329959305	
665.920000	0.001330474148	
666.120000	0.001330986371	
666.320000	0.001331495968	
666.520000	0.001332002935	
666.720000	0.001332507266	
666.920000	0.001333008956	
667.120000	0.001333508000	
667.320000	0.001334004392	
667.520000	0.001334498128	
667.720000	0.001334989203	
667.920000	0.001335477612	
668.120000	0.001335963350	
668.320000	0.001336446413	
668.520000	0.001336926795	
668.720000	0.001337404493	
668.920000	0.001337879501	
669.120000	0.001338351815	
669.320000	0.001338821431	
669.520000	0.001339288345	
669.720000	0.001339752552	
669.920000	0.001340214048	
670.120000	0.001340672829	
670.320000	0.001341128891	
670.520000	0.001341582230	
670.720000	0.001342032842	
670.920000	0.001342480724	
671.120000	0.001342925871	
671.320000	0.001343368280	
671.520000	0.001343807947	
671.720000	0.001344244869	
671.920000	0.001344679042	
672.120000	0.001345110464	
672.320000	0.001345539130	
672.520000	0.001345965037	
672.720000	0.001346388183	
672.920000	0.001346808564	
673.120000	0.001347226177	
673.320000	0.001347641020	
673.520000	0.001348053089	
673.720000	0.001348462382	
673.920000	0.001348868896	
674.120000	0.001349272629	
674.320000	0.001349673578	
674.520000	0.001350071740	
674.720000	0.001350467113	
674.920000	0.001350859695	
675.120000	0.001351249484	
675.320000	0.001351636477	
675.520000	0.001352020673	
675.720000	0.001352402070	
675.920000	0.001352780665	
676.120000	0.001353156457	
676.320000	0.001353529444	
676.520000	0.001353899624	
676.720000	0.001354266997	
676.920000	0.001354631559	
677.120000	0.001354993311	
677.320000	0.001355352251	
677.520000	0.001355708376	
677.720000	0.001356061687	
677.920000	0.001356412183	
678.120000	0.001356759861	
678.320000	0.001357104721	
678.520000	0.001357446763	
678.720000	0.001357785985	
678.920000	0.001358122388	
679.120000	0.001358455969	
679.320000	0.001358786729	
679.520000	0.001359114668	
679.720000	0.001359439784	
679.920000	0.001359762078	
680.120000	0.001360081549	
680.320000	0.001360398197	
680.520000	0.001360712022	
680.720000	0.001361023025	
680.920000	0.001361331205	
681.120000	0.001361636562	
681.320000	0.001361939096	
681.520000	0.001362238809	
681.720000	0.001362535700	
681.920000	0.001362829769	
682.120000	0.001363121018	
682.320000	0.001363409447	
682.520000	0.001363695057	
682.720000	0.001363977847	
682.920000	0.001364257820	
683.120000	0.001364534976	
683.320000	0.001364809317	
683.520000	0.001365080842	
683.720000	0.001365349553	
683.920000	0.001365615452	
684.120000	0.001365878540	
684.320000	0.001366138818	
684.520000	0.001366396288	
684.720000	0.001366650950	
684.920000	0.001366902807	
685.120000	0.001367151860	
685.320000	0.001367398111	
685.520000	0.001367641561	
685.720000	0.001367882213	
685.920000	0.001368120068	
686.120000	0.001368355128	
686.320000	0.001368587396	
686.520000	0.001368816873	
686.720000	0.001369043561	
686.920000	0.001369267463	
687.120000	0.001369488582	
687.320000	0.001369706918	
687.520000	0.001369922475	
687.720000	0.001370135256	
687.920000	0.001370345262	
688.120000	0.001370552496	
688.320000	0.001370756961	
688.520000	0.001370958660	
688.720000	0.001371157595	
688.920000	0.001371353769	
689.120000	0.001371547186	
689.320000	0.001371737847	
689.520000	0.001371925757	
689.720000	0.001372110917	
689.920000	0.001372293332	
690.120000	0.001372473003	
690.320000	0.001372649936	
690.520000	0.001372824131	
690.720000	0.001372995594	
690.920000	0.001373164328	
691.120000	0.001373330334	
691.320000	0.001373493619	
691.520000	0.001373654183	
691.720000	0.001373812032	
691.920000	0.001373967169	
692.120000	0.001374119598	
692.320000	0.001374269321	
692.520000	0.001374416343	
692.720000	0.001374560669	
692.920000	0.001374702300	
693.120000	0.001374841242	
693.320000	0.001374977498	
693.520000	0.001375111072	
693.720000	0.001375241969	
693.920000	0.001375370191	
694.120000	0.001375495744	
694.320000	0.001375618632	
694.520000	0.001375738857	
694.720000	0.001375856426	
694.920000	0.001375971341	
695.120000	0.001376083608	
695.320000	0.001376193230	
695.520000	0.001376300211	
695.720000	0.001376404557	
695.920000	0.001376506271	
696.120000	0.001376605359	
696.320000	0.001376701823	
696.520000	0.001376795670	
696.720000	0.001376886902	
696.920000	0.001376975526	
697.120000	0.001377061545	
697.320000	0.001377144964	
697.520000	0.001377225788	
697.720000	0.001377304021	
697.920000	0.001377379668	
698.120000	0.001377452734	
698.320000	0.001377523224	
698.520000	0.001377591141	
698.720000	0.001377656492	
698.920000	0.001377719280	
699.120000	0.001377779511	
699.320000	0.001377837189	
699.520000	0.001377892320	
699.720000	0.001377944908	
699.920000	0.001377994958	
700.120000	0.001378042474	
700.320000	0.001378087463	
700.520000	0.001378129929	
700.720000	0.001378169877	
700.920000	0.001378207311	
701.120000	0.001378242237	
701.320000	0.001378274661	
701.520000	0.001378304586	
701.720000	0.001378332018	
701.920000	0.001378356963	
702.120000	0.001378379424	
702.320000	0.001378399408	
702.520000	0.001378416919	
702.720000	0.001378431962	
702.920000	0.001378444544	
703.120000	0.001378454668	
703.320000	0.001378462340	
703.520000	0.001378467565	
703.720000	0.001378470348	
703.920000	0.001378470694	
704.120000	0.001378468610	
704.320000	0.001378464099	
704.520000	0.001378457167	
704.720000	0.001378447819	
704.920000	0.001378436061	
705.120000	0.001378421898	
705.320000	0.001378405334	
705.520000	0.001378386376	
705.720000	0.001378365028	
705.920000	0.001378341295	
706.120000	0.001378315184	
706.320000	0.001378286698	
706.520000	0.001378255844	
706.720000	0.001378222627	
706.920000	0.001378187051	
707.120000	0.001378149123	
707.320000	0.001378108847	
707.520000	0.001378066229	
707.720000	0.001378021274	
707.920000	0.001377973987	
708.120000	0.001377924374	
708.320000	0.001377872439	
708.520000	0.001377818189	
708.720000	0.001377761627	
708.920000	0.001377702761	
709.120000	0.001377641594	
709.320000	0.001377578132	
709.520000	0.001377512381	
709.720000	0.001377444345	
709.920000	0.001377374030	
710.120000	0.001377301442	
710.320000	0.001377226585	
710.520000	0.001377149464	
710.720000	0.001377070085	
710.920000	0.001376988454	
711.120000	0.001376904575	
711.320000	0.001376818453	
711.520000	0.001376730095	
711.720000	0.001376639504	
711.920000	0.001376546687	
712.120000	0.001376451648	
712.320000	0.001376354393	
712.520000	0.001376254926	
712.720000	0.001376153254	
712.920000	0.001376049381	
713.120000	0.001375943313	
713.320000	0.001375835054	
713.520000	0.001375724611	
713.720000	0.001375611987	
713.920000	0.001375497188	
714.120000	0.001375380220	
714.320000	0.001375261087	
714.520000	0.001375139795	
714.720000	0.001375016349	
714.920000	0.001374890753	
715.120000	0.001374763013	
715.320000	0.001374633135	
715.520000	0.001374501123	
715.720000	0.001374366981	
715.920000	0.001374230717	
716.120000	0.001374092334	
716.320000	0.001373951837	
716.520000	0.001373809232	
716.720000	0.001373664523	
716.920000	0.001373517716	
717.120000	0.001373368816	
717.320000	0.001373217828	
717.520000	0.001373064756	
717.720000	0.001372909606	
717.920000	0.001372752383	
718.120000	0.001372593092	
718.320000	0.001372431737	
718.520000	0.001372268324	
718.720000	0.001372102858	
718.920000	0.001371935343	
719.120000	0.001371765785	
719.320000	0.001371594189	
719.520000	0.001371420558	
719.720000	0.001371244900	
719.920000	0.001371067217	
720.120000	0.001370887516	
720.320000	0.001370705800	
720.520000	0.001370522076	
720.720000	0.001370336347	
720.920000	0.001370148619	
721.120000	0.001369958896	
721.320000	0.001369767184	
721.520000	0.001369573487	
721.720000	0.001369377810	
721.920000	0.001369180157	
722.120000	0.001368980535	
722.320000	0.001368778946	
722.520000	0.001368575397	
722.720000	0.001368369892	
722.920000	0.001368162435	
723.120000	0.001367953032	
723.320000	0.001367741687	
723.520000	0.001367528405	
723.720000	0.001367313191	
723.920000	0.001367096049	
724.120000	0.001366876984	
724.320000	0.001366656001	
724.520000	0.001366433104	
724.720000	0.001366208298	
724.920000	0.001365981588	
725.120000	0.001365752979	
725.320000	0.001365522474	
725.520000	0.001365290079	
725.720000	0.001365055799	
725.920000	0.001364819638	
726.120000	0.001364581600	
726.320000	0.001364341690	
726.520000	0.001364099913	
726.720000	0.001363856273	
726.920000	0.001363610775	
727.120000	0.001363363424	
727.320000	0.001363114223	
727.520000	0.001362863178	
727.720000	0.001362610293	
727.920000	0.001362355573	
728.120000	0.001362099022	
728.320000	0.001361840644	
728.520000	0.001361580445	
728.720000	0.001361318428	
728.920000	0.001361054598	
729.120000	0.001360788959	
729.320000	0.001360521517	
729.520000	0.001360252275	
729.720000	0.001359981237	
729.920000	0.001359708409	
730.120000	0.001359433795	
730.320000	0.001359157399	
730.520000	0.001358879226	
730.720000	0.001358599279	
730.920000	0.001358317563	
731.120000	0.001358034084	
731.320000	0.001357748844	
731.520000	0.001357461849	
731.720000	0.001357173102	
731.920000	0.001356882609	
732.120000	0.001356590373	
732.320000	0.001356296399	
732.520000	0.001356000691	
732.720000	0.001355703253	
732.920000	0.001355404090	
733.120000	0.001355103206	
733.320000	0.001354800605	
733.520000	0.001354496292	
733.720000	0.001354190271	
733.920000	0.001353882545	
734.120000	0.001353573120	
734.320000	0.001353262000	
734.520000	0.001352949188	
734.720000	0.001352634690	
734.920000	0.001352318509	
735.120000	0.001352000649	
735.320000	0.001351681115	
735.520000	0.001351359911	
735.720000	0.001351037041	
735.920000	0.001350712509	
736.120000	0.001350386320	
736.320000	0.001350058477	
736.520000	0.001349728985	
736.720000	0.001349397848	
736.920000	0.001349065071	
737.120000	0.001348730656	
737.320000	0.001348394609	
737.520000	0.001348056933	
737.720000	0.001347717633	
737.920000	0.001347376712	
738.120000	0.001347034176	
738.320000	0.001346690027	
738.520000	0.001346344271	
738.720000	0.001345996910	
738.920000	0.001345647950	
739.120000	0.001345297394	
739.320000	0.001344945246	
739.520000	0.001344591510	
739.720000	0.001344236192	
739.920000	0.001343879293	
740.120000	0.001343520819	
740.320000	0.001343160774	
740.520000	0.001342799161	
740.720000	0.001342435985	
740.920000	0.001342071249	
741.120000	0.001341704958	
741.320000	0.001341337115	
741.520000	0.001340967726	
741.720000	0.001340596792	
741.920000	0.001340224320	
742.120000	0.001339850312	
742.320000	0.001339474772	
742.520000	0.001339097705	
742.720000	0.001338719115	
742.920000	0.001338339004	
743.120000	0.001337957378	
743.320000	0.001337574241	
743.520000	0.001337189595	
743.720000	0.001336803446	
743.920000	0.001336415797	
744.120000	0.001336026652	
744.320000	0.001335636015	
744.520000	0.001335243889	
744.720000	0.001334850279	
744.920000	0.001334455189	
745.120000	0.001334058623	
745.320000	0.001333660583	
745.520000	0.001333261075	
745.720000	0.001332860102	
745.920000	0.001332457669	
746.120000	0.001332053778	
746.320000	0.001331648433	
746.520000	0.001331241639	
746.720000	0.001330833400	
746.920000	0.001330423719	
747.120000	0.001330012600	
747.320000	0.001329600047	
747.520000	0.001329186064	
747.720000	0.001328770654	
747.920000	0.001328353822	
748.120000	0.001327935570	
748.320000	0.001327515904	
748.520000	0.001327094827	
748.720000	0.001326672342	
748.920000	0.001326248454	
749.120000	0.001325823166	
749.320000	0.001325396482	
749.520000	0.001324968405	
749.720000	0.001324538940	
749.920000	0.001324108091	
750.120000	0.001323675860	
750.320000	0.001323242252	
750.520000	0.001322807271	
750.720000	0.001322370920	
750.920000	0.001321933203	
751.120000	0.001321494124	
751.320000	0.001321053687	
751.520000	0.001320611894	
751.720000	0.001320168751	
751.920000	0.001319724260	
752.120000	0.001319278426	
752.320000	0.001318831252	
752.520000	0.001318382742	
752.720000	0.001317932899	
752.920000	0.001317481728	
753.120000	0.001317029231	
753.320000	0.001316575413	
753.520000	0.001316120277	
753.720000	0.001315663828	
753.920000	0.001315206068	
754.120000	0.001314747001	
754.320000	0.001314286632	
754.520000	0.001313824963	
754.720000	0.001313361998	
754.920000	0.001312897742	
755.120000	0.001312432197	
755.320000	0.001311965367	
755.520000	0.001311497257	
755.720000	0.001311027869	
755.920000	0.001310557207	
756.120000	0.001310085275	
756.320000	0.001309612076	
756.520000	0.001309137615	
756.720000	0.001308661894	
756.920000	0.001308184918	
757.120000	0.001307706690	
757.320000	0.001307227213	
757.520000	0.001306746491	
757.720000	0.001306264528	
757.920000	0.001305781328	
758.120000	0.001305296893	
758.320000	0.001304811228	
758.520000	0.001304324336	
758.720000	0.001303836221	
758.920000	0.001303346886	
759.120000	0.001302856335	
759.320000	0.001302364571	
759.520000	0.001301871598	
759.720000	0.001301377420	
759.920000	0.001300882040	
760.120000	0.001300385461	
760.320000	0.001299887688	
760.520000	0.001299388724	
760.720000	0.001298888571	
760.920000	0.001298387235	
761.120000	0.001297884718	
761.320000	0.001297381024	
761.520000	0.001296876156	
761.720000	0.001296370118	
761.920000	0.001295862914	
762.120000	0.001295354547	
762.320000	0.001294845020	
762.520000	0.001294334337	
762.720000	0.001293822502	
762.920000	0.001293309518	
763.120000	0.001292795388	
763.320000	0.001292280116	
763.520000	0.001291763706	
763.720000	0.001291246161	
763.920000	0.001290727484	
764.120000	0.001290207679	
764.320000	0.001289686750	
764.520000	0.001289164699	
764.720000	0.001288641531	
764.920000	0.001288117249	
765.120000	0.001287591856	
765.320000	0.001287065356	
765.520000	0.001286537752	
765.720000	0.001286009048	
765.920000	0.001285479247	
766.120000	0.001284948352	
766.320000	0.001284416368	
766.520000	0.001283883296	
766.720000	0.001283349142	
766.920000	0.001282813908	
767.120000	0.001282277598	
767.320000	0.001281740215	
767.520000	0.001281201763	
767.720000	0.001280662244	
767.920000	0.001280121663	
768.120000	0.001279580023	
768.320000	0.001279037327	
768.520000	0.001278493579	
768.720000	0.001277948782	
768.920000	0.001277402939	
769.120000	0.001276856054	
769.320000	0.001276308130	
769.520000	0.001275759171	
769.720000	0.001275209180	
769.920000	0.001274658160	
770.120000	0.001274106115	
770.320000	0.001273553048	
770.520000	0.001272998963	
770.720000	0.001272443862	
770.920000	0.001271887750	
771.120000	0.001271330629	
771.320000	0.001270772503	
771.520000	0.001270213375	
771.720000	0.001269653249	
771.920000	0.001269092128	
772.120000	0.001268530016	
772.320000	0.001267966915	
772.520000	0.001267402828	
772.720000	0.001266837761	
772.920000	0.001266271714	
773.120000	0.001265704693	
773.320000	0.001265136700	
773.520000	0.001264567739	
773.720000	0.001263997813	
773.920000	0.001263426924	
774.120000	0.001262855078	
774.320000	0.001262282276	
774.520000	0.001261708522	
774.720000	0.001261133820	
774.920000	0.001260558173	
775.120000	0.001259981583	
775.320000	0.001259404055	
775.520000	0.001258825591	
775.720000	0.001258246196	
775.920000	0.001257665871	
776.120000	0.001257084621	
776.320000	0.001256502448	
776.520000	0.001255919357	
776.720000	0.001255335349	
776.920000	0.001254750430	
777.120000	0.001254164600	
777.320000	0.001253577865	
777.520000	0.001252990227	
777.720000	0.001252401690	
777.920000	0.001251812256	
778.120000	0.001251221929	
778.320000	0.001250630713	
778.520000	0.001250038610	
778.720000	0.001249445623	
778.920000	0.001248851757	
779.120000	0.001248257013	
779.320000	0.001247661396	
779.520000	0.001247064908	
779.720000	0.001246467553	
779.920000	0.001245869334	
780.120000	0.001245270254	
780.320000	0.001244670317	
780.520000	0.001244069525	
780.720000	0.001243467882	
780.920000	0.001242865390	
781.120000	0.001242262054	
781.320000	0.001241657876	
781.520000	0.001241052860	
781.720000	0.001240447008	
781.920000	0.001239840324	
782.120000	0.001239232812	
782.320000	0.001238624473	
782.520000	0.001238015311	
782.720000	0.001237405331	
782.920000	0.001236794533	
783.120000	0.001236182923	
783.320000	0.001235570502	
783.520000	0.001234957275	
783.720000	0.001234343244	
783.920000	0.001233728412	
784.120000	0.001233112783	
784.320000	0.001232496359	
784.520000	0.001231879144	
784.720000	0.001231261141	
784.920000	0.001230642353	
785.120000	0.001230022783	
785.320000	0.001229402435	
785.520000	0.001228781310	
785.720000	0.001228159414	
785.920000	0.001227536747	
786.120000	0.001226913315	
786.320000	0.001226289119	
786.520000	0.001225664163	
786.720000	0.001225038450	
786.920000	0.001224411983	
787.120000	0.001223784765	
787.320000	0.001223156799	
787.520000	0.001222528089	
787.720000	0.001221898637	
787.920000	0.001221268446	
788.120000	0.001220637520	
788.320000	0.001220005861	
788.520000	0.001219373473	
788.720000	0.001218740358	
788.920000	0.001218106520	
789.120000	0.001217471962	
789.320000	0.001216836686	
789.520000	0.001216200697	
789.720000	0.001215563996	
789.920000	0.001214926587	
790.120000	0.001214288473	
790.320000	0.001213649657	
790.520000	0.001213010142	
790.720000	0.001212369930	
790.920000	0.001211729026	
791.120000	0.001211087432	
791.320000	0.001210445150	
791.520000	0.001209802185	
791.720000	0.001209158539	
791.920000	0.001208514214	
792.120000	0.001207869215	
792.320000	0.001207223544	
792.520000	0.001206577203	
792.720000	0.001205930197	
792.920000	0.001205282527	
793.120000	0.001204634197	
793.320000	0.001203985210	
793.520000	0.001203335569	
793.720000	0.001202685277	
793.920000	0.001202034336	
794.120000	0.001201382750	
794.320000	0.001200730522	
794.520000	0.001200077654	
794.720000	0.001199424150	
794.920000	0.001198770012	
795.120000	0.001198115244	
795.320000	0.001197459848	
795.520000	0.001196803827	
795.720000	0.001196147184	
795.920000	0.001195489923	
796.120000	0.001194832045	
796.320000	0.001194173555	
796.520000	0.001193514454	
796.720000	0.001192854746	
796.920000	0.001192194434	
797.120000	0.001191533520	
797.320000	0.001190872008	
797.520000	0.001190209900	
797.720000	0.001189547199	
797.920000	0.001188883908	
798.120000	0.001188220030	
798.320000	0.001187555568	
798.520000	0.001186890525	
798.720000	0.001186224904	
798.920000	0.001185558707	
799.120000	0.001184891937	
799.320000	0.001184224597	
799.520000	0.001183556691	
799.720000	0.001182888220	
799.920000	0.001182219188	
800.120000	0.001181549597	
800.320000	0.001180879451	
800.520000	0.001180208752	
820.520000	0.001110816144	
840.520000	0.001038513785	
860.520000	0.000965501629	
880.520000	0.000893546388	
900.520000	0.000823998480	
920.520000	0.000757831099	
940.520000	0.000695691955	
960.520000	0.000637960154	
980.520000	0.000584801746	
1000.520000	0.000536220510	
1020.520000	0.000492101626	
1040.520000	0.000452247926	
1060.520000	0.000416408801	
1080.520000	0.000384302985	
1100.520000	0.000355635596	
1120.520000	0.000330109927	
1140.520000	0.000307436493	
1160.520000	0.000287339091	
1180.520000	0.000269557967	
1200.520000	0.000253852004	
1220.520000	0.000239999611	
1240.520000	0.000227798697	
1260.520000	0.000217066109	
1280.520000	0.000207636690	
1300.520000	0.000199362116	
1320.520000	0.000192109623	
1340.520000	0.000185760689	
1360.520000	0.000180209736	
1380.520000	0.000175362881	
1400.520000	0.000171136752	
1420.520000	0.000167457388	
1440.520000	0.000164259236	
1460.520000	0.000161484226	
1480.520000	0.000159080942	
1500.520000	0.000157003876	
1520.520000	0.000155212760	
1540.520000	0.000153671971	
1560.520000	0.000152350007	
1580.520000	0.000151219011	
1600.520000	0.000150254369	
1620.520000	0.000149434336	
1640.520000	0.000148739715	
1660.520000	0.000148153575	
1680.520000	0.000147660994	
1700.520000	0.000147248839	
1720.520000	0.000146905565	
1740.520000	0.000146621039	
1760.520000	0.000146386384	
1780.520000	0.000146193840	
1800.520000	0.000146036635	
1820.520000	0.000145908880	
1840.520000	0.000145805464	
1860.520000	0.000145721965	
1880.520000	0.000145654574	
1900.520000	0.000145600019	
1920.520000	0.000145555505	
1940.520000	0.000145518653	
1960.520000	0.000145487451	
1980.520000	0.000145460209	
2000.520000	0.000145435516	
2020.520000	0.000145412205	
2040.520000	0.000145389320	
2060.520000	0.000145366091	
2080.520000	0.000145341902	
2100.520000	0.000145316275	
2120.520000	0.000145288846	
2140.520000	0.000145259351	
2160.520000	0.000145227607	
2180.520000	0.000145193502	
2200.520000	0.000145156982	
2220.520000	0.000145118041	
2240.520000	0.000145076712	
2260.520000	0.000145033060	
2280.520000	0.000144987173	
2300.520000	0.000144939161	
2320.520000	0.000144889148	
2340.520000	0.000144837267	
2360.520000	0.000144783661	
2380.520000	0.000144728474	
2400.520000	0.000144671855	
2420.520000	0.000144613950	
2440.520000	0.000144554906	
2460.520000	0.000144494864	
2480.520000	0.000144433964	
