0.000000	0.000201276546	
20.000000	0.000213640161	
40.000000	0.000213397733	
60.000000	0.000213134876	
80.000000	0.000213021849	
100.000000	0.000212992526	
120.000000	0.000035983968	
140.000000	0.000042752137	
160.000000	0.000053682506	
180.000000	0.000068248797	
200.000000	0.000086642925	
220.000000	0.000109051541	
240.000000	0.000135846478	
260.000000	0.000167478463	
280.000000	0.000204428443	
300.000000	0.000247183681	
320.000000	0.000296228277	
340.000000	0.000354705733	
360.000000	0.000418529553	
380.000000	0.000488981999	
400.000000	0.000566941691	
420.000000	0.000653039470	
440.000000	0.000747803561	
460.000000	0.000851734364	
480.000000	0.000965347354	
500.000000	0.001089207759	
520.000000	0.001331020411	
540.000000	0.001597204595	
560.000000	0.001881573543	
580.000000	0.002177690278	
600.000000	0.002477243415	
620.000000	0.002769180932	
624.720000	0.002835413671	
624.920000	0.002838188831	
625.120000	0.002840961280	
625.320000	0.002843730999	
625.520000	0.002846497968	
625.720000	0.002849262167	
625.920000	0.002852023575	
626.120000	0.002854782174	
626.320000	0.002857537943	
626.520000	0.002860290861	
626.720000	0.002863040908	
626.920000	0.002865788065	
627.120000	0.002868532310	
627.320000	0.002871273623	
627.520000	0.002874011985	
627.720000	0.002876747373	
627.920000	0.002879479767	
628.120000	0.002882209147	
628.320000	0.002884935492	
628.520000	0.002887658781	
628.720000	0.002890378993	
628.920000	0.002893096107	
629.120000	0.002895810101	
629.320000	0.002898520956	
629.520000	0.002901228648	
629.720000	0.002903933158	
629.920000	0.002906634464	
630.120000	0.002909332544	
630.320000	0.002912027376	
630.520000	0.002914718940	
630.720000	0.002917407214	
630.920000	0.002920092175	
631.120000	0.002922773802	
631.320000	0.002925452073	
631.520000	0.002928126967	
631.720000	0.002930798461	
631.920000	0.002933466532	
632.120000	0.002936131160	
632.320000	0.002938792322	
632.520000	0.002941449995	
632.720000	0.002944104157	
632.920000	0.002946754786	
633.120000	0.002949401859	
633.320000	0.002952045354	
633.520000	0.002954685247	
633.720000	0.002957321518	
633.920000	0.002959954141	
634.120000	0.002962583096	
634.320000	0.002965208358	
634.520000	0.002967829905	
634.720000	0.002970447714	
634.920000	0.002973061762	
635.120000	0.002975672025	
635.320000	0.002978278481	
635.520000	0.002980881106	
635.720000	0.002983479877	
635.920000	0.002986074770	
636.120000	0.002988665762	
636.320000	0.002991252829	
636.520000	0.002993835948	
636.720000	0.002996415095	
636.920000	0.002998990246	
637.120000	0.003001561377	
637.320000	0.003004128465	
637.520000	0.003006691486	
637.720000	0.003009250416	
637.920000	0.003011805230	
638.120000	0.003014355904	
638.320000	0.003016902415	
638.520000	0.003019444739	
638.720000	0.003021982850	
638.920000	0.003024516724	
639.120000	0.003027046338	
639.320000	0.003029571666	
639.520000	0.003032092685	
639.720000	0.003034609369	
639.920000	0.003037121694	
640.120000	0.003039629636	
640.320000	0.003042133169	
640.520000	0.003044632268	
640.720000	0.003047126910	
640.920000	0.003049617069	
641.120000	0.003052102720	
641.320000	0.003054583838	
641.520000	0.003057060398	
641.720000	0.003059532376	
641.920000	0.003061999745	
642.120000	0.003064462481	
642.320000	0.003066920558	
642.520000	0.003069373952	
642.720000	0.003071822636	
642.920000	0.003074266587	
643.120000	0.003076705777	
643.320000	0.003079140182	
643.520000	0.003081569776	
643.720000	0.003083994534	
643.920000	0.003086414430	
644.120000	0.003088829439	
644.320000	0.003091239534	
644.520000	0.003093644691	
644.720000	0.003096044883	
644.920000	0.003098440086	
645.120000	0.003100830272	
645.320000	0.003103215416	
645.520000	0.003105595493	
645.720000	0.003107970477	
645.920000	0.003110340341	
646.120000	0.003112705059	
646.320000	0.003115064607	
646.520000	0.003117418957	
646.720000	0.003119768085	
646.920000	0.003122111963	
647.120000	0.003124450565	
647.320000	0.003126783867	
647.520000	0.003129111841	
647.720000	0.003131434462	
647.920000	0.003133751704	
648.120000	0.003136063539	
648.320000	0.003138369943	
648.520000	0.003140670890	
648.720000	0.003142966352	
648.920000	0.003145256304	
649.120000	0.003147540719	
649.320000	0.003149819572	
649.520000	0.003152092837	
649.720000	0.003154360487	
649.920000	0.003156622495	
650.120000	0.003158878837	
650.320000	0.003161129485	
650.520000	0.003163374413	
650.720000	0.003165613596	
650.920000	0.003167847008	
651.120000	0.003170074621	
651.320000	0.003172296410	
651.520000	0.003174512349	
651.720000	0.003176722412	
651.920000	0.003178926572	
652.120000	0.003181124804	
652.320000	0.003183317082	
652.520000	0.003185503379	
652.720000	0.003187683669	
652.920000	0.003189857927	
653.120000	0.003192026127	
653.320000	0.003194188242	
653.520000	0.003196344247	
653.720000	0.003198494116	
653.920000	0.003200637824	
654.120000	0.003202775343	
654.320000	0.003204906650	
654.520000	0.003207031717	
654.720000	0.003209150519	
654.920000	0.003211263031	
655.120000	0.003213369227	
655.320000	0.003215469082	
655.520000	0.003217562570	
655.720000	0.003219649666	
655.920000	0.003221730344	
656.120000	0.003223804579	
656.320000	0.003225872346	
656.520000	0.003227933619	
656.720000	0.003229988374	
656.920000	0.003232036586	
657.120000	0.003234078229	
657.320000	0.003236113278	
657.520000	0.003238141710	
657.720000	0.003240163498	
657.920000	0.003242178619	
658.120000	0.003244187048	
658.320000	0.003246188759	
658.520000	0.003248183730	
658.720000	0.003250171935	
658.920000	0.003252153350	
659.120000	0.003254127951	
659.320000	0.003256095714	
659.520000	0.003258056615	
659.720000	0.003260010630	
659.920000	0.003261957736	
660.120000	0.003263897908	
660.320000	0.003265831123	
660.520000	0.003267757357	
660.720000	0.003269676588	
660.920000	0.003271588791	
661.120000	0.003273493945	
661.320000	0.003275392025	
661.520000	0.003277283009	
661.720000	0.003279166874	
661.920000	0.003281043597	
662.120000	0.003282913156	
662.320000	0.003284775529	
662.520000	0.003286630693	
662.720000	0.003288478626	
662.920000	0.003290319306	
663.120000	0.003292152711	
663.320000	0.003293978819	
663.520000	0.003295797610	
663.720000	0.003297609060	
663.920000	0.003299413150	
664.120000	0.003301209858	
664.320000	0.003302999162	
664.520000	0.003304781043	
664.720000	0.003306555479	
664.920000	0.003308322450	
665.120000	0.003310081935	
665.320000	0.003311833914	
665.520000	0.003313578367	
665.720000	0.003315315275	
665.920000	0.003317044617	
666.120000	0.003318766375	
666.320000	0.003320480528	
666.520000	0.003322187057	
666.720000	0.003323885943	
666.920000	0.003325577168	
667.120000	0.003327260713	
667.320000	0.003328936560	
667.520000	0.003330604689	
667.720000	0.003332265083	
667.920000	0.003333917725	
668.120000	0.003335562596	
668.320000	0.003337199678	
668.520000	0.003338828955	
668.720000	0.003340450409	
668.920000	0.003342064024	
669.120000	0.003343669782	
669.320000	0.003345267667	
669.520000	0.003346857663	
669.720000	0.003348439753	
669.920000	0.003350013922	
670.120000	0.003351580154	
670.320000	0.003353138433	
670.520000	0.003354688745	
670.720000	0.003356231073	
670.920000	0.003357765404	
671.120000	0.003359291723	
671.320000	0.003360810014	
671.520000	0.003362320265	
671.720000	0.003363822460	
671.920000	0.003365316587	
672.120000	0.003366802631	
672.320000	0.003368280580	
672.520000	0.003369750420	
672.720000	0.003371212138	
672.920000	0.003372665723	
673.120000	0.003374111160	
673.320000	0.003375548440	
673.520000	0.003376977548	
673.720000	0.003378398474	
673.920000	0.003379811207	
674.120000	0.003381215735	
674.320000	0.003382612047	
674.520000	0.003384000132	
674.720000	0.003385379980	
674.920000	0.003386751581	
675.120000	0.003388114925	
675.320000	0.003389470001	
675.520000	0.003390816802	
675.720000	0.003392155316	
675.920000	0.003393485535	
676.120000	0.003394807451	
676.320000	0.003396121054	
676.520000	0.003397426338	
676.720000	0.003398723292	
676.920000	0.003400011911	
677.120000	0.003401292185	
677.320000	0.003402564109	
677.520000	0.003403827675	
677.720000	0.003405082875	
677.920000	0.003406329704	
678.120000	0.003407568156	
678.320000	0.003408798224	
678.520000	0.003410019902	
678.720000	0.003411233185	
678.920000	0.003412438068	
679.120000	0.003413634546	
679.320000	0.003414822613	
679.520000	0.003416002266	
679.720000	0.003417173500	
679.920000	0.003418336311	
680.120000	0.003419490695	
680.320000	0.003420636648	
680.520000	0.003421774169	
680.720000	0.003422903252	
680.920000	0.003424023896	
681.120000	0.003425136099	
681.320000	0.003426239857	
681.520000	0.003427335169	
681.720000	0.003428422033	
681.920000	0.003429500447	
682.120000	0.003430570410	
682.320000	0.003431631922	
682.520000	0.003432684980	
682.720000	0.003433729586	
682.920000	0.003434765738	
683.120000	0.003435793436	
683.320000	0.003436812680	
683.520000	0.003437823472	
683.720000	0.003438825811	
683.920000	0.003439819698	
684.120000	0.003440805135	
684.320000	0.003441782122	
684.520000	0.003442750662	
684.720000	0.003443710756	
684.920000	0.003444662406	
685.120000	0.003445605615	
685.320000	0.003446540385	
685.520000	0.003447466719	
685.720000	0.003448384619	
685.920000	0.003449294089	
686.120000	0.003450195133	
686.320000	0.003451087753	
686.520000	0.003451971955	
686.720000	0.003452847741	
686.920000	0.003453715116	
687.120000	0.003454574085	
687.320000	0.003455424653	
687.520000	0.003456266823	
687.720000	0.003457100603	
687.920000	0.003457925996	
688.120000	0.003458743008	
688.320000	0.003459551646	
688.520000	0.003460351915	
688.720000	0.003461143821	
688.920000	0.003461927371	
689.120000	0.003462702571	
689.320000	0.003463469428	
689.520000	0.003464227950	
689.720000	0.003464978142	
689.920000	0.003465720013	
690.120000	0.003466453570	
690.320000	0.003467178822	
690.520000	0.003467895774	
690.720000	0.003468604437	
690.920000	0.003469304818	
691.120000	0.003469996926	
691.320000	0.003470680769	
691.520000	0.003471356356	
691.720000	0.003472023696	
691.920000	0.003472682798	
692.120000	0.003473333672	
692.320000	0.003473976327	
692.520000	0.003474610773	
692.720000	0.003475237020	
692.920000	0.003475855077	
693.120000	0.003476464955	
693.320000	0.003477066664	
693.520000	0.003477660215	
693.720000	0.003478245618	
693.920000	0.003478822883	
694.120000	0.003479392023	
694.320000	0.003479953047	
694.520000	0.003480505968	
694.720000	0.003481050796	
694.920000	0.003481587543	
695.120000	0.003482116221	
695.320000	0.003482636841	
695.520000	0.003483149415	
695.720000	0.003483653955	
695.920000	0.003484150474	
696.120000	0.003484638983	
696.320000	0.003485119496	
696.520000	0.003485592024	
696.720000	0.003486056580	
696.920000	0.003486513178	
697.120000	0.003486961829	
697.320000	0.003487402547	
697.520000	0.003487835345	
697.720000	0.003488260237	
697.920000	0.003488677234	
698.120000	0.003489086352	
698.320000	0.003489487603	
698.520000	0.003489881002	
698.720000	0.003490266561	
698.920000	0.003490644294	
699.120000	0.003491014217	
699.320000	0.003491376341	
699.520000	0.003491730683	
699.720000	0.003492077255	
699.920000	0.003492416072	
700.120000	0.003492747149	
700.320000	0.003493070500	
700.520000	0.003493386139	
700.720000	0.003493694081	
700.920000	0.003493994341	
701.120000	0.003494286933	
701.320000	0.003494571873	
701.520000	0.003494849174	
701.720000	0.003495118853	
701.920000	0.003495380924	
702.120000	0.003495635402	
702.320000	0.003495882302	
702.520000	0.003496121641	
702.720000	0.003496353432	
702.920000	0.003496577691	
703.120000	0.003496794433	
703.320000	0.003497003675	
703.520000	0.003497205431	
703.720000	0.003497399718	
703.920000	0.003497586550	
704.120000	0.003497765943	
704.320000	0.003497937914	
704.520000	0.003498102477	
704.720000	0.003498259648	
704.920000	0.003498409444	
705.120000	0.003498551880	
705.320000	0.003498686972	
705.520000	0.003498814737	
705.720000	0.003498935189	
705.920000	0.003499048345	
706.120000	0.003499154221	
706.320000	0.003499252833	
706.520000	0.003499344197	
706.720000	0.003499428330	
706.920000	0.003499505247	
707.120000	0.003499574964	
707.320000	0.003499637499	
707.520000	0.003499692866	
707.720000	0.003499741082	
707.920000	0.003499782164	
708.120000	0.003499816128	
708.320000	0.003499842989	
708.520000	0.003499862765	
708.720000	0.003499875472	
708.920000	0.003499881125	
709.120000	0.003499879742	
709.320000	0.003499871338	
709.520000	0.003499855930	
709.720000	0.003499833535	
709.920000	0.003499804168	
710.120000	0.003499767847	
710.320000	0.003499724587	
710.520000	0.003499674405	
710.720000	0.003499617317	
710.920000	0.003499553340	
711.120000	0.003499482490	
711.320000	0.003499404784	
711.520000	0.003499320237	
711.720000	0.003499228867	
711.920000	0.003499130689	
712.120000	0.003499025721	
712.320000	0.003498913978	
712.520000	0.003498795477	
712.720000	0.003498670234	
712.920000	0.003498538266	
713.120000	0.003498399589	
713.320000	0.003498254219	
713.520000	0.003498102172	
713.720000	0.003497943466	
713.920000	0.003497778116	
714.120000	0.003497606139	
714.320000	0.003497427551	
714.520000	0.003497242368	
714.720000	0.003497050607	
714.920000	0.003496852283	
715.120000	0.003496647414	
715.320000	0.003496436015	
715.520000	0.003496218102	
715.720000	0.003495993693	
715.920000	0.003495762802	
716.120000	0.003495525446	
716.320000	0.003495281642	
716.520000	0.003495031405	
716.720000	0.003494774751	
716.920000	0.003494511698	
717.120000	0.003494242260	
717.320000	0.003493966453	
717.520000	0.003493684295	
717.720000	0.003493395801	
717.920000	0.003493100986	
718.120000	0.003492799867	
718.320000	0.003492492460	
718.520000	0.003492178781	
718.720000	0.003491858846	
718.920000	0.003491532670	
719.120000	0.003491200270	
719.320000	0.003490861661	
719.520000	0.003490516859	
719.720000	0.003490165880	
719.920000	0.003489808739	
720.120000	0.003489445454	
720.320000	0.003489076038	
720.520000	0.003488700508	
720.720000	0.003488318880	
720.920000	0.003487931170	
721.120000	0.003487537392	
721.320000	0.003487137562	
721.520000	0.003486731697	
721.720000	0.003486319811	
721.920000	0.003485901921	
722.120000	0.003485478041	
722.320000	0.003485048187	
722.520000	0.003484612375	
722.720000	0.003484170620	
722.920000	0.003483722937	
723.120000	0.003483269342	
723.320000	0.003482809850	
723.520000	0.003482344477	
723.720000	0.003481873237	
723.920000	0.003481396147	
724.120000	0.003480913220	
724.320000	0.003480424473	
724.520000	0.003479929921	
724.720000	0.003479429578	
724.920000	0.003478923460	
725.120000	0.003478411583	
725.320000	0.003477893960	
725.520000	0.003477370607	
725.720000	0.003476841540	
725.920000	0.003476306772	
726.120000	0.003475766320	
726.320000	0.003475220197	
726.520000	0.003474668419	
726.720000	0.003474111002	
726.920000	0.003473547958	
727.120000	0.003472979304	
727.320000	0.003472405055	
727.520000	0.003471825224	
727.720000	0.003471239827	
727.920000	0.003470648879	
728.120000	0.003470052393	
728.320000	0.003469450385	
728.520000	0.003468842870	
728.720000	0.003468229862	
728.920000	0.003467611375	
729.120000	0.003466987424	
729.320000	0.003466358024	
729.520000	0.003465723189	
729.720000	0.003465082933	
729.920000	0.003464437272	
730.120000	0.003463786219	
730.320000	0.003463129788	
730.520000	0.003462467995	
730.720000	0.003461800853	
730.920000	0.003461128377	
731.120000	0.003460450581	
731.320000	0.003459767479	
731.520000	0.003459079086	
731.720000	0.003458385416	
731.920000	0.003457686482	
732.120000	0.003456982299	
732.320000	0.003456272882	
732.520000	0.003455558243	
732.720000	0.003454838398	
732.920000	0.003454113360	
733.120000	0.003453383144	
733.320000	0.003452647763	
733.520000	0.003451907231	
733.720000	0.003451161562	
733.920000	0.003450410770	
734.120000	0.003449654870	
734.320000	0.003448893874	
734.520000	0.003448127797	
734.720000	0.003447356652	
734.920000	0.003446580454	
735.120000	0.003445799216	
735.320000	0.003445012951	
735.520000	0.003444221674	
735.720000	0.003443425398	
735.920000	0.003442624137	
736.120000	0.003441817905	
736.320000	0.003441006714	
736.520000	0.003440190579	
736.720000	0.003439369514	
736.920000	0.003438543531	
737.120000	0.003437712645	
737.320000	0.003436876868	
737.520000	0.003436036215	
737.720000	0.003435190698	
737.920000	0.003434340332	
738.120000	0.003433485129	
738.320000	0.003432625103	
738.520000	0.003431760267	
738.720000	0.003430890635	
738.920000	0.003430016220	
739.120000	0.003429137035	
739.320000	0.003428253094	
739.520000	0.003427364409	
739.720000	0.003426470995	
739.920000	0.003425572863	
740.120000	0.003424670028	
740.320000	0.003423762503	
740.520000	0.003422850300	
740.720000	0.003421933433	
740.920000	0.003421011915	
741.120000	0.003420085758	
741.320000	0.003419154977	
741.520000	0.003418219584	
741.720000	0.003417279592	
741.920000	0.003416335013	
742.120000	0.003415385862	
742.320000	0.003414432151	
742.520000	0.003413473893	
742.720000	0.003412511100	
742.920000	0.003411543786	
743.120000	0.003410571964	
743.320000	0.003409595646	
743.520000	0.003408614845	
743.720000	0.003407629574	
743.920000	0.003406639846	
744.120000	0.003405645673	
744.320000	0.003404647069	
744.520000	0.003403644046	
744.720000	0.003402636617	
744.920000	0.003401624794	
745.120000	0.003400608590	
745.320000	0.003399588018	
745.520000	0.003398563090	
745.720000	0.003397533820	
745.920000	0.003396500219	
746.120000	0.003395462300	
746.320000	0.003394420076	
746.520000	0.003393373559	
746.720000	0.003392322762	
746.920000	0.003391267697	
747.120000	0.003390208377	
747.320000	0.003389144814	
747.520000	0.003388077021	
747.720000	0.003387005010	
747.920000	0.003385928793	
748.120000	0.003384848384	
748.320000	0.003383763793	
748.520000	0.003382675035	
748.720000	0.003381582120	
748.920000	0.003380485062	
749.120000	0.003379383872	
749.320000	0.003378278563	
749.520000	0.003377169148	
749.720000	0.003376055637	
749.920000	0.003374938045	
750.120000	0.003373816382	
750.320000	0.003372690661	
750.520000	0.003371560895	
750.720000	0.003370427095	
750.920000	0.003369289274	
751.120000	0.003368147443	
751.320000	0.003367001615	
751.520000	0.003365851802	
751.720000	0.003364698017	
751.920000	0.003363540270	
752.120000	0.003362378574	
752.320000	0.003361212942	
752.520000	0.003360043384	
752.720000	0.003358869914	
752.920000	0.003357692543	
753.120000	0.003356511284	
753.320000	0.003355326147	
753.520000	0.003354137145	
753.720000	0.003352944291	
753.920000	0.003351747595	
754.120000	0.003350547070	
754.320000	0.003349342727	
754.520000	0.003348134579	
754.720000	0.003346922638	
754.920000	0.003345706914	
755.120000	0.003344487421	
755.320000	0.003343264169	
755.520000	0.003342037171	
755.720000	0.003340806438	
755.920000	0.003339571982	
756.120000	0.003338333815	
756.320000	0.003337091948	
756.520000	0.003335846394	
756.720000	0.003334597163	
756.920000	0.003333344268	
757.120000	0.003332087720	
757.320000	0.003330827532	
757.520000	0.003329563713	
757.720000	0.003328296277	
757.920000	0.003327025234	
758.120000	0.003325750597	
758.320000	0.003324472377	
758.520000	0.003323190585	
758.720000	0.003321905232	
758.920000	0.003320616332	
759.120000	0.003319323894	
759.320000	0.003318027931	
759.520000	0.003316728453	
759.720000	0.003315425473	
759.920000	0.003314119002	
760.120000	0.003312809051	
760.320000	0.003311495632	
760.520000	0.003310178756	
760.720000	0.003308858434	
760.920000	0.003307534679	
761.120000	0.003306207500	
761.320000	0.003304876910	
761.520000	0.003303542920	
761.720000	0.003302205541	
761.920000	0.003300864785	
762.120000	0.003299520663	
762.320000	0.003298173185	
762.520000	0.003296822364	
762.720000	0.003295468211	
762.920000	0.003294110736	
763.120000	0.003292749952	
763.320000	0.003291385869	
763.520000	0.003290018498	
763.720000	0.003288647851	
763.920000	0.003287273938	
764.120000	0.003285896772	
764.320000	0.003284516363	
764.520000	0.003283132721	
764.720000	0.003281745860	
764.920000	0.003280355788	
765.120000	0.003278962518	
765.320000	0.003277566061	
765.520000	0.003276166427	
765.720000	0.003274763628	
765.920000	0.003273357674	
766.120000	0.003271948578	
766.320000	0.003270536348	
766.520000	0.003269120998	
766.720000	0.003267702537	
766.920000	0.003266280977	
767.120000	0.003264856328	
767.320000	0.003263428601	
767.520000	0.003261997808	
767.720000	0.003260563959	
767.920000	0.003259127066	
768.120000	0.003257687138	
768.320000	0.003256244187	
768.520000	0.003254798224	
768.720000	0.003253349259	
768.920000	0.003251897304	
769.120000	0.003250442369	
769.320000	0.003248984465	
769.520000	0.003247523602	
769.720000	0.003246059792	
769.920000	0.003244593045	
770.120000	0.003243123372	
770.320000	0.003241650784	
770.520000	0.003240175291	
770.720000	0.003238696904	
770.920000	0.003237215634	
771.120000	0.003235731492	
771.320000	0.003234244487	
771.520000	0.003232754631	
771.720000	0.003231261934	
771.920000	0.003229766408	
772.120000	0.003228268062	
772.320000	0.003226766906	
772.520000	0.003225262953	
772.720000	0.003223756212	
772.920000	0.003222246693	
773.120000	0.003220734408	
773.320000	0.003219219367	
773.520000	0.003217701580	
773.720000	0.003216181057	
773.920000	0.003214657810	
774.120000	0.003213131849	
774.320000	0.003211603184	
774.520000	0.003210071825	
774.720000	0.003208537784	
774.920000	0.003207001070	
775.120000	0.003205461693	
775.320000	0.003203919665	
775.520000	0.003202374996	
775.720000	0.003200827695	
775.920000	0.003199277773	
776.120000	0.003197725242	
776.320000	0.003196170109	
776.520000	0.003194612388	
776.720000	0.003193052086	
776.920000	0.003191489215	
777.120000	0.003189923785	
777.320000	0.003188355807	
777.520000	0.003186785290	
777.720000	0.003185212244	
777.920000	0.003183636680	
778.120000	0.003182058608	
778.320000	0.003180478039	
778.520000	0.003178894982	
778.720000	0.003177309447	
778.920000	0.003175721445	
779.120000	0.003174130985	
779.320000	0.003172538079	
779.520000	0.003170942735	
779.720000	0.003169344964	
779.920000	0.003167744777	
780.120000	0.003166142182	
780.320000	0.003164537191	
780.520000	0.003162929813	
780.720000	0.003161320058	
780.920000	0.003159707936	
781.120000	0.003158093457	
781.320000	0.003156476631	
781.520000	0.003154857469	
781.720000	0.003153235979	
781.920000	0.003151612172	
782.120000	0.003149986058	
782.320000	0.003148357647	
782.520000	0.003146726948	
782.720000	0.003145093972	
782.920000	0.003143458728	
783.120000	0.003141821226	
783.320000	0.003140181476	
783.520000	0.003138539488	
783.720000	0.003136895271	
783.920000	0.003135248836	
784.120000	0.003133600192	
784.320000	0.003131949349	
784.520000	0.003130296316	
784.720000	0.003128641104	
784.920000	0.003126983722	
785.120000	0.003125324180	
785.320000	0.003123662487	
785.520000	0.003121998653	
785.720000	0.003120332688	
785.920000	0.003118664601	
786.120000	0.003116994403	
786.320000	0.003115322102	
786.520000	0.003113647708	
786.720000	0.003111971232	
786.920000	0.003110292681	
787.120000	0.003108612067	
787.320000	0.003106929398	
787.520000	0.003105244685	
787.720000	0.003103557936	
787.920000	0.003101869161	
788.120000	0.003100178369	
788.320000	0.003098485571	
788.520000	0.003096790775	
788.720000	0.003095093991	
788.920000	0.003093395229	
789.120000	0.003091694497	
789.320000	0.003089991805	
789.520000	0.003088287164	
789.720000	0.003086580581	
789.920000	0.003084872066	
790.120000	0.003083161629	
790.320000	0.003081449280	
790.520000	0.003079735026	
790.720000	0.003078018878	
790.920000	0.003076300845	
791.120000	0.003074580937	
791.320000	0.003072859161	
791.520000	0.003071135529	
791.720000	0.003069410048	
791.920000	0.003067682729	
792.120000	0.003065953580	
792.320000	0.003064222611	
792.520000	0.003062489830	
792.720000	0.003060755248	
792.920000	0.003059018872	
793.120000	0.003057280712	
793.320000	0.003055540778	
793.520000	0.003053799079	
793.720000	0.003052055622	
793.920000	0.003050310419	
794.120000	0.003048563477	
794.320000	0.003046814805	
794.520000	0.003045064414	
794.720000	0.003043312311	
794.920000	0.003041558506	
795.120000	0.003039803007	
795.320000	0.003038045825	
795.520000	0.003036286967	
795.720000	0.003034526442	
795.920000	0.003032764261	
796.120000	0.003031000430	
796.320000	0.003029234960	
796.520000	0.003027467859	
796.720000	0.003025699137	
796.920000	0.003023928801	
797.120000	0.003022156861	
797.320000	0.003020383326	
797.520000	0.003018608204	
797.720000	0.003016831505	
797.920000	0.003015053237	
798.120000	0.003013273408	
798.320000	0.003011492028	
798.520000	0.003009709106	
798.720000	0.003007924649	
798.920000	0.003006138667	
799.120000	0.003004351169	
799.320000	0.003002562163	
799.520000	0.003000771657	
799.720000	0.002998979661	
799.920000	0.002997186183	
800.120000	0.002995391232	
800.320000	0.002993594816	
800.520000	0.002991796945	
820.520000	0.002806066448	
840.520000	0.002613557535	
860.520000	0.002420583260	
880.520000	0.002231997457	
900.520000	0.002051324224	
920.520000	0.001880941398	
940.520000	0.001722284668	
960.520000	0.001576049215	
980.520000	0.001442372336	
1000.520000	0.001320989998	
1020.520000	0.001211364319	
1040.520000	0.001112783915	
1060.520000	0.001024439945	
1080.520000	0.000945482675	
1100.520000	0.000875061668	
1120.520000	0.000812351392	
1140.520000	0.000756569253	
1160.520000	0.000706986472	
1180.520000	0.000662931952	
1200.520000	0.000623794035	
1220.520000	0.000589019572	
1240.520000	0.000558111274	
1260.520000	0.000530624173	
1280.520000	0.000506161591	
1300.520000	0.000484370936	
1320.520000	0.000464939533	
1340.520000	0.000447590618	
1360.520000	0.000432079567	
1380.520000	0.000418190413	
1400.520000	0.000405732655	
1420.520000	0.000394538358	
1440.520000	0.000384459555	
1460.520000	0.000375365903	
1480.520000	0.000367142604	
1500.520000	0.000359688556	
1520.520000	0.000352914712	
1540.520000	0.000346742634	
1560.520000	0.000341103222	
1580.520000	0.000335935587	
1600.520000	0.000331186071	
1620.520000	0.000326807382	
1640.520000	0.000322757834	
1660.520000	0.000319000683	
1680.520000	0.000315503542	
1700.520000	0.000312237870	
1720.520000	0.000309178517	
1740.520000	0.000306303332	
1760.520000	0.000303592808	
1780.520000	0.000301029773	
1800.520000	0.000298599123	
1820.520000	0.000296287573	
1840.520000	0.000294083446	
1860.520000	0.000291976487	
1880.520000	0.000289957688	
1900.520000	0.000288019145	
1920.520000	0.000286153923	
1940.520000	0.000284355938	
1960.520000	0.000282619856	
1980.520000	0.000280940998	
2000.520000	0.000279315260	
2020.520000	0.000277739041	
2040.520000	0.000276209178	
2060.520000	0.000274722891	
2080.520000	0.000273277731	
2100.520000	0.000271871540	
2120.520000	0.000270502410	
2140.520000	0.000269168649	
2160.520000	0.000267868755	
2180.520000	0.000266601385	
2200.520000	0.000265365335	
2220.520000	0.000264159524	
2240.520000	0.000262982969	
2260.520000	0.000261834779	
2280.520000	0.000260714134	
2300.520000	0.000259620281	
2320.520000	0.000258552520	
2340.520000	0.000257510199	
2360.520000	0.000256492703	
2380.520000	0.000255499453	
2400.520000	0.000254529896	
2420.520000	0.000253583505	
2440.520000	0.000252659774	
2460.520000	0.000251758214	
2480.520000	0.000250878350	
