0.000000	-65.999999999999729994	
20.000000	-65.786046433341681450	
40.000000	-65.792324238233433675	
60.000000	-65.797647190573144371	
80.000000	-65.800451618123091180	
100.000000	-65.801878065355694503	
120.000000	-73.035599353633756436	
140.000000	-72.088133761774983554	
160.000000	-71.019513956155762457	
180.000000	-69.974529056425154749	
200.000000	-68.997219000331668326	
220.000000	-68.099277472156089175	
240.000000	-67.273593488027273679	
260.000000	-66.510375493344241704	
280.000000	-65.800920195548641800	
300.000000	-65.138135726489110766	
320.000000	-64.516166342250087951	
340.000000	-63.904988243068082454	
360.000000	-63.349715905074127420	
380.000000	-62.831523724934342567	
400.000000	-62.341583243833213146	
420.000000	-61.875230457151594976	
440.000000	-61.429460627160466402	
460.000000	-61.001975729806318327	
480.000000	-60.590807585905132271	
500.000000	-60.194144639284125731	
520.000000	-59.523118850251890422	
540.000000	-58.915873512172183268	
560.000000	-58.369890882186474812	
580.000000	-57.882162642458837354	
600.000000	-57.451337245395890818	
620.000000	-57.078675799473330699	
624.720000	-56.999688242511695080	
624.920000	-56.996420594972605045	
625.120000	-56.993159471279746242	
625.320000	-56.989904881002260595	
625.520000	-56.986656833776208941	
625.720000	-56.983415339297081914	
625.920000	-56.980180407326585623	
626.120000	-56.976952047688008918	
626.320000	-56.973730270270593223	
626.520000	-56.970515085023222923	
626.720000	-56.967306501961807896	
626.920000	-56.964104531165240530	
627.120000	-56.960909182773669102	
627.320000	-56.957720466992405761	
627.520000	-56.954538394089112785	
627.720000	-56.951362974396445793	
627.920000	-56.948194218308792358	
628.120000	-56.945032136284147839	
628.320000	-56.941876738844094064	
628.520000	-56.938728036573280633	
628.720000	-56.935586040118550955	
628.920000	-56.932450760190995709	
629.120000	-56.929322207563643587	
629.320000	-56.926200393072477368	
629.520000	-56.923085327616895768	
629.720000	-56.919977022157816293	
629.920000	-56.916875487719259752	
630.120000	-56.913780735387092591	
630.320000	-56.910692776309900864	
630.520000	-56.907611621697633097	
630.720000	-56.904537282822936106	
630.920000	-56.901469771018874155	
631.120000	-56.898409097682126401	
631.320000	-56.895355274267870982	
631.520000	-56.892308312295050143	
631.720000	-56.889268223342959629	
631.920000	-56.886235019049777861	
632.120000	-56.883208711117575263	
632.320000	-56.880189311305194622	
632.520000	-56.877176831433466475	
632.720000	-56.874171283382686681	
632.920000	-56.871172679092843794	
633.120000	-56.868181030562915623	
633.320000	-56.865196349851245827	
633.520000	-56.862218649074392829	
633.720000	-56.859247940406852706	
633.920000	-56.856284236083240557	
634.120000	-56.853327548393245650	
634.320000	-56.850377889686093624	
634.520000	-56.847435272365842707	
634.720000	-56.844499708896712775	
634.920000	-56.841571211795873353	
635.120000	-56.838649793636797369	
635.320000	-56.835735467050270131	
635.520000	-56.832828244721888211	
635.720000	-56.829928139390524677	
635.920000	-56.827035163851149946	
636.120000	-56.824149330950355363	
636.320000	-56.821270653590659094	
636.520000	-56.818399144725681538	
636.720000	-56.815534817362461695	
636.920000	-56.812677684558487101	
637.120000	-56.809827759424329940	
637.320000	-56.806985055120527761	
637.520000	-56.804149584858414812	
637.720000	-56.801321361899113072	
637.920000	-56.798500399552580120	
638.120000	-56.795686711177928885	
638.320000	-56.792880310182269454	
638.520000	-56.790081210019316416	
638.720000	-56.787289424190852571	
638.920000	-56.784504966244611524	
639.120000	-56.781727849773240280	
639.320000	-56.778958088414526628	
639.520000	-56.776195695850127265	
639.720000	-56.773440685807010198	
639.920000	-56.770693072052793582	
640.120000	-56.767952868398921851	
640.320000	-56.765220088696196399	
640.520000	-56.762494746837596438	
640.720000	-56.759776856755017604	
640.920000	-56.757066432420572255	
641.120000	-56.754363487844450731	
641.320000	-56.751668037072093398	
641.520000	-56.748980094188318901	
641.720000	-56.746299673311774825	
641.920000	-56.743626788597829602	
642.120000	-56.740961454234593475	
642.320000	-56.738303684441994790	
642.520000	-56.735653493475432185	
642.720000	-56.733010895619308656	
642.920000	-56.730375905188708430	
643.120000	-56.727748536529034595	
643.320000	-56.725128804012562966	
643.520000	-56.722516722040168702	
643.720000	-56.719912305039301259	
643.920000	-56.717315567459742454	
644.120000	-56.714726523780399248	
644.320000	-56.712145188501352777	
644.520000	-56.709571576142870697	
644.720000	-56.707005701249272533	
644.920000	-56.704447578382975337	
645.120000	-56.701897222127669806	
645.320000	-56.699354647081314340	
645.520000	-56.696819867860490660	
645.720000	-56.694292899097064264	
645.920000	-56.691773755438070737	
646.120000	-56.689262451541097221	
646.320000	-56.686759002077813818	
646.520000	-56.684263421729752963	
646.720000	-56.681775725185978843	
646.920000	-56.679295927145481926	
647.120000	-56.676824042315068652	
647.320000	-56.674360085403456821	
647.520000	-56.671904071127016778	
647.720000	-56.669456014201955441	
647.920000	-56.667015929348437453	
648.120000	-56.664583831283657389	
648.320000	-56.662159734726664340	
648.520000	-56.659743654391554912	
648.720000	-56.657335604988418254	
648.920000	-56.654935601223080255	
649.120000	-56.652543657792470810	
649.320000	-56.650159789385270415	
649.520000	-56.647784010682883604	
649.720000	-56.645416336351402720	
649.920000	-56.643056781044840875	
650.120000	-56.640705359403582975	
650.320000	-56.638362086052850941	
650.520000	-56.636026975597502542	
650.720000	-56.633700042624070647	
650.920000	-56.631381301699825315	
651.120000	-56.629070767367061023	
651.320000	-56.626768454145747000	
651.520000	-56.624474376529754238	
651.720000	-56.622188548985000978	
651.920000	-56.619910985950099302	
652.120000	-56.617641701830599743	
652.320000	-56.615380711001812131	
652.520000	-56.613128027803234943	
652.720000	-56.610883666540303238	
652.920000	-56.608647641479109325	
653.120000	-56.606419966847951741	
653.320000	-56.604200656834365191	
653.520000	-56.601989725581979940	
653.720000	-56.599787187190138127	
653.920000	-56.597593055711683974	
654.120000	-56.595407345153148526	
654.320000	-56.593230069469719012	
654.520000	-56.591061242564983047	
654.720000	-56.588900878289294383	
654.920000	-56.586748990437747864	
655.120000	-56.584605592748012270	
655.320000	-56.582470698898937655	
655.520000	-56.580344322508715038	
655.720000	-56.578226477132695038	
655.920000	-56.576117176261888631	
656.120000	-56.574016433320139186	
656.320000	-56.571924261663603772	
656.520000	-56.569840674577854145	
656.720000	-56.567765685276185650	
656.920000	-56.565699306899702492	
657.120000	-56.563641552511228383	
657.320000	-56.561592435096542886	
657.520000	-56.559551967561013441	
657.720000	-56.557520162730519075	
657.920000	-56.555497033345794478	
658.120000	-56.553482592061293133	
658.320000	-56.551476851446388139	
658.520000	-56.549479823979531545	
658.720000	-56.547491522047913293	
658.920000	-56.545511957946260395	
659.120000	-56.543541143873568444	
659.320000	-56.541579091931602363	
659.520000	-56.539625814124953251	
659.720000	-56.537681322354863767	
659.920000	-56.535745628421679498	
660.120000	-56.533818744019917801	
660.320000	-56.531900680738068843	
660.520000	-56.529991450056236602	
660.720000	-56.528091063343637757	
660.920000	-56.526199531857550085	
661.120000	-56.524316866740164755	
661.320000	-56.522443079018472645	
661.520000	-56.520578179601535851	
661.720000	-56.518722179277055773	
661.920000	-56.516875088713334208	
662.120000	-56.515036918454036652	
662.320000	-56.513207678916373311	
662.520000	-56.511387380391411739	
662.720000	-56.509576033040509913	
662.920000	-56.507773646895991249	
663.120000	-56.505980231853570217	
663.320000	-56.504195797678619329	
663.520000	-56.502420353997983682	
663.720000	-56.500653910299959648	
663.920000	-56.498896475934770933	
664.120000	-56.497148060109054768	
664.320000	-56.495408671887929586	
664.520000	-56.493678320190397812	
664.720000	-56.491957013788834274	
664.920000	-56.490244761308794352	
665.120000	-56.488541571223251481	
665.320000	-56.486847451854451663	
665.520000	-56.485162411373309510	
665.720000	-56.483486457792288604	
665.920000	-56.481819598970041341	
666.120000	-56.480161842605923539	
666.320000	-56.478513196241422634	
666.520000	-56.476873667254842815	
666.720000	-56.475243262862761640	
666.920000	-56.473621990117379710	
667.120000	-56.472009855905639597	
667.320000	-56.470406866947129743	
667.520000	-56.468813029792933378	
667.720000	-56.467228350826111694	
667.920000	-56.465652836257440583	
668.120000	-56.464086492124927474	
668.320000	-56.462529324292489719	
668.520000	-56.460981338450146438	
668.720000	-56.459442540111908215	
668.920000	-56.457912934613460720	
669.120000	-56.456392527111972868	
669.320000	-56.454881322585869441	
669.520000	-56.453379325831036795	
669.720000	-56.451886541462933167	
669.920000	-56.450402973913149651	
670.120000	-56.448928627428927030	
670.320000	-56.447463506073724204	
670.520000	-56.446007613722393614	
670.720000	-56.444560954066794523	
670.920000	-56.443123530607493876	
671.120000	-56.441695346658171673	
671.320000	-56.440276405341386123	
671.520000	-56.438866709591309245	
671.720000	-56.437466262149186491	
671.920000	-56.436075065565518116	
672.120000	-56.434693122198112292	
672.320000	-56.433320434210308747	
672.520000	-56.431957003573153031	
672.720000	-56.430602832062561447	
672.920000	-56.429257921261324782	
673.120000	-56.427922272553644234	
673.320000	-56.426595887129828100	
673.520000	-56.425278765982660900	
673.720000	-56.423970909909940019	
673.920000	-56.422672319510397188	
674.120000	-56.421382995186405651	
674.320000	-56.420102937142473820	
674.520000	-56.418832145385408694	
674.720000	-56.417570619723534264	
674.920000	-56.416318359766073343	
675.120000	-56.415075364924355483	
675.320000	-56.413841634411880932	
675.520000	-56.412617167242515848	
675.720000	-56.411401962232659457	
675.920000	-56.410196017998373463	
676.120000	-56.408999332959474771	
676.320000	-56.407811905335641711	
676.520000	-56.406633733148964893	
676.720000	-56.405464814223428505	
676.920000	-56.404305146185421904	
677.120000	-56.403154726463533564	
677.320000	-56.402013552289368192	
677.520000	-56.400881620696502239	
677.720000	-56.399758928523255008	
677.920000	-56.398645472411267576	
678.120000	-56.397541248806483338	
678.320000	-56.396446253960803574	
678.520000	-56.395360483929962925	
678.720000	-56.394283934576392880	
678.920000	-56.393216601568845192	
679.120000	-56.392158480383351105	
679.320000	-56.391109566304464806	
679.520000	-56.390069854425128426	
679.720000	-56.389039339648050486	
679.920000	-56.388018016685478528	
680.120000	-56.387005880060463880	
680.320000	-56.386002924108488799	
680.520000	-56.385009142979214403	
680.720000	-56.384024530633475081	
680.920000	-56.383049080847854384	
681.120000	-56.382082787217257192	
681.320000	-56.381125643149644588	
681.520000	-56.380177641872144534	
681.720000	-56.379238776432885061	
681.920000	-56.378309039698670801	
682.120000	-56.377388424357071983	
682.320000	-56.376476922918854484	
682.520000	-56.375574527718072204	
682.720000	-56.374681230915733465	
682.920000	-56.373797024498401242	
683.120000	-56.372921900278925023	
683.320000	-56.372055849901812508	
683.520000	-56.371198864838952147	
683.720000	-56.370350936397670694	
683.920000	-56.369512055715965460	
684.120000	-56.368682213768430245	
684.320000	-56.367861401365324525	
684.520000	-56.367049609155721157	
684.720000	-56.366246827626916627	
684.920000	-56.365453047107621387	
685.120000	-56.364668257769956483	
685.320000	-56.363892449630839110	
685.520000	-56.363125612550469157	
685.720000	-56.362367736238333293	
685.920000	-56.361618810255009748	
686.120000	-56.360878824010484323	
686.320000	-56.360147766766665711	
686.520000	-56.359425627641549283	
686.720000	-56.358712395608876022	
686.920000	-56.358008059500861009	
687.120000	-56.357312608008975019	
687.320000	-56.356626029688463575	
687.520000	-56.355948312955931101	
687.720000	-56.355279446094080242	
687.920000	-56.354619417252941105	
688.120000	-56.353968214454020824	
688.320000	-56.353325825586715325	
688.520000	-56.352692238415173165	
688.720000	-56.352067440579290292	
688.920000	-56.351451419595115055	
689.120000	-56.350844162856176922	
689.320000	-56.350245657639284502	
689.520000	-56.349655891104021066	
689.720000	-56.349074850294279315	
689.920000	-56.348502522139000348	
690.120000	-56.347938893459357246	
690.320000	-56.347383950964236021	
690.520000	-56.346837681258449493	
690.720000	-56.346300070839014040	
690.920000	-56.345771106100151826	
691.120000	-56.345250773337433259	
691.320000	-56.344739058745119564	
691.520000	-56.344235948420298143	
691.720000	-56.343741428367756896	
691.920000	-56.343255484495820440	
692.120000	-56.342778102623263692	
692.320000	-56.342309268482537732	
692.520000	-56.341848967714724949	
692.720000	-56.341397185879202425	
692.920000	-56.340953908452142684	
693.120000	-56.340519120827117661	
693.320000	-56.340092808321415419	
693.520000	-56.339674956173944054	
693.720000	-56.339265549549729428	
693.920000	-56.338864573540512026	
694.120000	-56.338472013166956742	
694.320000	-56.338087853382688763	
694.520000	-56.337712079072261417	
694.720000	-56.337344675058595556	
694.920000	-56.336985626098872615	
695.120000	-56.336634916890048430	
695.320000	-56.336292532071084338	
695.520000	-56.335958456225156965	
695.720000	-56.335632673877768184	
695.920000	-56.335315169502592880	
696.120000	-56.335005927522971092	
696.320000	-56.334704932311545633	
696.520000	-56.334412168195427739	
696.720000	-56.334127619454356761	
696.920000	-56.333851270325460803	
697.120000	-56.333583105004549907	
697.320000	-56.333323107646940286	
697.520000	-56.333071262369500687	
697.720000	-56.332827553254034569	
697.920000	-56.332591964347599856	
698.120000	-56.332364479663830537	
698.320000	-56.332145083187654677	
698.520000	-56.331933758873660167	
698.720000	-56.331730490649299270	
698.920000	-56.331535262416764454	
699.120000	-56.331348058054295791	
699.320000	-56.331168861417964422	
699.520000	-56.330997656341587287	
699.720000	-56.330834426641914092	
699.920000	-56.330679156117106743	
700.120000	-56.330531828551109186	
700.320000	-56.330392427711508674	
700.520000	-56.330260937353074269	
700.720000	-56.330137341222098257	
700.920000	-56.330021623053319502	
701.120000	-56.329913766573397993	
701.320000	-56.329813755503209904	
701.520000	-56.329721573556888359	
701.720000	-56.329637204447401189	
701.920000	-56.329560631883616395	
702.120000	-56.329491839574444612	
702.320000	-56.329430811228917264	
702.520000	-56.329377530558126352	
702.720000	-56.329331981277661612	
702.920000	-56.329294147105706259	
703.120000	-56.329264011768771070	
703.320000	-56.329241558999640915	
703.520000	-56.329226772539307433	
703.720000	-56.329219636139775673	
703.920000	-56.329220133561847206	
704.120000	-56.329228248582154492	
704.320000	-56.329243964987092852	
704.520000	-56.329267266580949070	
704.720000	-56.329298137182050255	
704.920000	-56.329336560625606012	
705.120000	-56.329382520765427955	
705.320000	-56.329436001474945783	
705.520000	-56.329496986647342283	
705.720000	-56.329565460197407845	
705.920000	-56.329641406061135456	
706.120000	-56.329724808199081565	
706.320000	-56.329815650595072896	
706.520000	-56.329913917258650713	
706.720000	-56.330019592225781366	
706.920000	-56.330132659559801311	
707.120000	-56.330253103350592880	
707.320000	-56.330380907718293315	
707.520000	-56.330516056812811598	
707.720000	-56.330658534813643712	
707.920000	-56.330808325932345326	
708.120000	-56.330965414411970471	
708.320000	-56.331129784530304505	
708.520000	-56.331301420597455376	
708.720000	-56.331480306956997595	
708.920000	-56.331666427990619184	
709.120000	-56.331859768113510256	
709.320000	-56.332060311777965467	
709.520000	-56.332268043473739283	
709.720000	-56.332482947728614420	
709.920000	-56.332705009108167360	
710.120000	-56.332934212218987113	
710.320000	-56.333170541704198797	
710.520000	-56.333413982250405638	
710.720000	-56.333664518582750702	
710.920000	-56.333922135469549630	
711.120000	-56.334186817719384521	
711.320000	-56.334458550183839520	
711.520000	-56.334737317757095809	
711.720000	-56.335023105376876629	
711.920000	-56.335315898024752812	
712.120000	-56.335615680728054144	
712.320000	-56.335922438556572445	
712.520000	-56.336236156623705540	
712.720000	-56.336556820092624775	
712.920000	-56.336884414168956425	
713.120000	-56.337218924105435747	
713.320000	-56.337560335200848272	
713.520000	-56.337908632801315889	
713.720000	-56.338263802300147631	
713.920000	-56.338625829139303391	
714.120000	-56.338994698807397299	
714.320000	-56.339370396843605704	
714.520000	-56.339752908834178413	
714.720000	-56.340142220414897167	
714.920000	-56.340538317270421942	
715.120000	-56.340941185134937541	
715.320000	-56.341350809789744858	
715.520000	-56.341767177066842009	
715.720000	-56.342190272846188748	
715.920000	-56.342620083057752822	
716.120000	-56.343056593680721278	
716.320000	-56.343499790742832545	
716.520000	-56.343949660323005446	
716.720000	-56.344406188550571812	
716.920000	-56.344869361602171409	
717.120000	-56.345339165706192830	
717.320000	-56.345815587139327363	
717.520000	-56.346298612230967251	
717.720000	-56.346788227359205337	
717.920000	-56.347284418953478280	
718.120000	-56.347787173491660440	
718.320000	-56.348296477504199231	
718.520000	-56.348812317570150299	
718.720000	-56.349334680321234714	
718.920000	-56.349863552437383873	
719.120000	-56.350398920650135892	
719.320000	-56.350940771741761637	
719.520000	-56.351489092544518655	
719.720000	-56.352043869941809362	
719.920000	-56.352605090865154125	
720.120000	-56.353172742298916376	
720.320000	-56.353746811276671735	
720.520000	-56.354327284882913318	
720.720000	-56.354914150250451144	
720.920000	-56.355507394564412493	
721.120000	-56.356107005059591586	
721.320000	-56.356712969019980619	
721.520000	-56.357325273777533425	
721.720000	-56.357943906716869265	
721.920000	-56.358568855270959830	
722.120000	-56.359200106922308748	
722.320000	-56.359837649203178955	
722.520000	-56.360481469693930023	
722.720000	-56.361131556024055556	
722.920000	-56.361787895873284526	
723.120000	-56.362450476968895430	
723.320000	-56.363119287086348663	
723.520000	-56.363794314050942091	
723.720000	-56.364475545735551520	
723.920000	-56.365162970060609382	
724.120000	-56.365856574994282369	
724.320000	-56.366556348555057809	
724.520000	-56.367262278805277731	
724.720000	-56.367974353856766356	
724.920000	-56.368692561867412394	
725.120000	-56.369416891043293560	
725.320000	-56.370147329636957068	
725.520000	-56.370883865946304070	
725.720000	-56.371626488316906034	
725.920000	-56.372375185141116560	
726.120000	-56.373129944854099449	
726.320000	-56.373890755940117003	
726.520000	-56.374657606926497522	
726.720000	-56.375430486388154350	
726.920000	-56.376209382944090009	
727.120000	-56.376994285255356942	
727.320000	-56.377785182032511102	
727.520000	-56.378582062026396216	
727.720000	-56.379384914033749965	
727.920000	-56.380193726897019246	
728.120000	-56.381008489497183689	
728.320000	-56.381829190764428006	
728.520000	-56.382655819668030972	
728.720000	-56.383488365222163452	
728.920000	-56.384326816482811751	
729.120000	-56.385171162548168411	
729.320000	-56.386021392560230936	
729.520000	-56.386877495700616691	
729.720000	-56.387739461194861690	
729.920000	-56.388607278308818138	
730.120000	-56.389480936349357876	
730.320000	-56.390360424664756067	
730.520000	-56.391245732643518807	
730.720000	-56.392136849715484459	
730.920000	-56.393033765349990460	
731.120000	-56.393936469055262251	
731.320000	-56.394844950380964121	
731.520000	-56.395759198915818899	
731.720000	-56.396679204287067932	
731.920000	-56.397604956161956125	
732.120000	-56.398536444244172117	
732.320000	-56.399473658278381549	
732.520000	-56.400416588045587218	
732.720000	-56.401365223365537815	
732.920000	-56.402319554095122101	
733.120000	-56.403279570129555509	
733.320000	-56.404245261399275080	
733.520000	-56.405216617872937945	
733.720000	-56.406193629556483415	
733.920000	-56.407176286490930295	
734.120000	-56.408164578752874263	
734.320000	-56.409158496456115017	
734.520000	-56.410158029748949104	
734.720000	-56.411163168816379709	
734.920000	-56.412173903876592362	
735.120000	-56.413190225184074222	
735.320000	-56.414212123027724033	
735.520000	-56.415239587730241055	
735.720000	-56.416272609647677427	
735.920000	-56.417311179172230595	
736.120000	-56.418355286727468467	
736.320000	-56.419404922770993949	
736.520000	-56.420460077793926246	
736.720000	-56.421520742319302144	
736.920000	-56.422586906902829185	
737.120000	-56.423658562132892769	
737.320000	-56.424735698631678815	
737.520000	-56.425818307049489420	
737.720000	-56.426906378070704307	
737.920000	-56.427999902410185484	
738.120000	-56.429098870815764144	
738.320000	-56.430203274064126617	
738.520000	-56.431313102961816242	
738.720000	-56.432428348349191083	
738.920000	-56.433549001093076924	
739.120000	-56.434675052092522662	
739.320000	-56.435806492275581547	
739.520000	-56.436943312599773037	
739.720000	-56.438085504051919372	
739.920000	-56.439233057647676617	
740.120000	-56.440385964432408628	
740.320000	-56.441544215478657520	
740.520000	-56.442707801888623464	
740.720000	-56.443876714791713312	
740.920000	-56.445050945344391380	
741.120000	-56.446230484733327160	
741.320000	-56.447415324170492568	
741.520000	-56.448605454895982803	
741.720000	-56.449800868175998403	
741.920000	-56.451001555305225565	
742.120000	-56.452207507603148429	
742.320000	-56.453418716416720713	
742.520000	-56.454635173119044111	
742.720000	-56.455856869108437479	
742.920000	-56.457083795809992921	
743.120000	-56.458315944672783360	
743.320000	-56.459553307172953396	
743.520000	-56.460795874811189776	
743.720000	-56.462043639112515336	
743.920000	-56.463296591627383236	
744.120000	-56.464554723930106661	
744.320000	-56.465818027619611996	
744.520000	-56.467086494319204348	
744.720000	-56.468360115676127009	
744.920000	-56.469638883361199078	
745.120000	-56.470922789068325187	
745.320000	-56.472211824515760270	
745.520000	-56.473505981443764767	
745.720000	-56.474805251617056001	
745.920000	-56.476109626821319409	
746.120000	-56.477419098866441516	
746.320000	-56.478733659583525650	
746.520000	-56.480053300826853047	
746.720000	-56.481378014472547022	
746.920000	-56.482707792418032966	
747.120000	-56.484042626583473634	
747.320000	-56.485382508907946431	
747.520000	-56.486727431355973295	
747.720000	-56.488077385910649753	
747.920000	-56.489432364576579459	
748.120000	-56.490792359377969944	
748.320000	-56.492157362362377171	
748.520000	-56.493527365596122536	
748.720000	-56.494902361164832882	
748.920000	-56.496282341176005559	
749.120000	-56.497667297757445226	
749.320000	-56.499057223054627741	
749.520000	-56.500452109236256604	
749.720000	-56.501851948487164634	
749.920000	-56.503256733012300117	
750.120000	-56.504666455036435480	
750.320000	-56.506081106802106717	
750.520000	-56.507500680573912177	
750.720000	-56.508925168630838698	
750.920000	-56.510354563274169948	
751.120000	-56.511788856821802085	
751.320000	-56.513228041609529839	
751.520000	-56.514672109993391302	
751.720000	-56.516121054343820163	
751.920000	-56.517574867053816945	
752.120000	-56.519033540528987203	
752.320000	-56.520497067196210139	
752.520000	-56.521965439497897421	
752.720000	-56.523438649895638264	
752.920000	-56.524916690866000124	
753.120000	-56.526399554902347688	
753.320000	-56.527887234517514514	
753.520000	-56.529379722238587647	
753.720000	-56.530877010610140587	
753.920000	-56.532379092193565384	
754.120000	-56.533885959565587598	
754.320000	-56.535397605320838466	
754.520000	-56.536914022068259555	
754.720000	-56.538435202432395954	
754.920000	-56.539961139054916828	
755.120000	-56.541491824594231730	
755.320000	-56.543027251721120763	
755.520000	-56.544567413124966038	
755.720000	-56.546112301508493658	
755.920000	-56.547661909590999585	
756.120000	-56.549216230107838044	
756.320000	-56.550775255809853093	
756.520000	-56.552338979462717816	
756.720000	-56.553907393846799323	
756.920000	-56.555480491757371908	
757.120000	-56.557058266005135749	
757.320000	-56.558640709414575554	
757.520000	-56.560227814824735049	
757.720000	-56.561819575087554313	
757.920000	-56.563415983069248227	
758.120000	-56.565017031650313584	
758.320000	-56.566622713723660354	
758.520000	-56.568233022196913851	
758.720000	-56.569847949990347047	
758.920000	-56.571467490038280346	
759.120000	-56.573091635286502310	
759.320000	-56.574720378694522083	
759.520000	-56.576353713235938869	
759.720000	-56.577991631895407920	
759.920000	-56.579634127671361910	
760.120000	-56.581281193575847510	
760.320000	-56.582932822630837677	
760.520000	-56.584589007873994149	
760.720000	-56.586249742352400460	
760.920000	-56.587915019127670746	
761.120000	-56.589584831273164411	
761.320000	-56.591259171874170875	
761.520000	-56.592938034028591687	
761.720000	-56.594621410845213916	
761.920000	-56.596309295446104670	
762.120000	-56.598001680963953675	
762.320000	-56.599698560544524639	
762.520000	-56.601399927344466789	
762.720000	-56.603105774533737815	
762.920000	-56.604816095290900080	
763.120000	-56.606530882807696514	
763.320000	-56.608250130287650848	
763.520000	-56.609973830945008899	
763.720000	-56.611701978004830949	
763.920000	-56.613434564704341767	
764.120000	-56.615171584290344242	
764.320000	-56.616913030022857356	
764.520000	-56.618658895170483447	
764.720000	-56.620409173014728310	
764.920000	-56.622163856846100316	
765.120000	-56.623922939967272328	
765.320000	-56.625686415688797126	
765.520000	-56.627454277335104393	
765.720000	-56.629226518239853760	
765.920000	-56.631003131746552981	
766.120000	-56.632784111210263234	
766.320000	-56.634569449994017987	
766.520000	-56.636359141473789691	
766.720000	-56.638153179032975970	
766.920000	-56.639951556066982619	
767.120000	-56.641754265980132743	
767.320000	-56.643561302186860473	
767.520000	-56.645372658111121211	
767.720000	-56.647188327187571133	
767.920000	-56.649008302858696595	
768.120000	-56.650832578578935284	
768.320000	-56.652661147810022158	
768.520000	-56.654494004024414266	
768.720000	-56.656331140704708105	
768.920000	-56.658172551340413747	
769.120000	-56.660018229432694170	
769.320000	-56.661868168490435949	
769.520000	-56.663722362031627711	
769.720000	-56.665580803584745695	
769.920000	-56.667443486685733944	
770.120000	-56.669310404880818055	
770.320000	-56.671181551723712744	
770.520000	-56.673056920778066115	
770.720000	-56.674936505615136184	
770.920000	-56.676820299816625948	
771.120000	-56.678708296970931713	
771.320000	-56.680600490676873449	
771.520000	-56.682496874539921805	
771.720000	-56.684397442175637138	
771.920000	-56.686302187206997871	
772.120000	-56.688211103265366830	
772.320000	-56.690124183991521534	
772.520000	-56.692041423033003866	
772.720000	-56.693962814046557241	
772.920000	-56.695888350696492353	
773.120000	-56.697818026655795620	
773.320000	-56.699751835604722316	
773.520000	-56.701689771232416604	
773.720000	-56.703631827235547291	
773.920000	-56.705577997318435735	
774.120000	-56.707528275193219258	
774.320000	-56.709482654580412486	
774.520000	-56.711441129206946243	
774.720000	-56.713403692807929701	
774.920000	-56.715370339128526211	
775.120000	-56.717341061917160516	
775.320000	-56.719315854933405774	
775.520000	-56.721294711942675804	
775.720000	-56.723277626717688804	
775.920000	-56.725264593039646854	
776.120000	-56.727255604696246394	
776.320000	-56.729250655482154286	
776.520000	-56.731249739201508930	
776.720000	-56.733252849661710115	
776.920000	-56.735259980680865510	
777.120000	-56.737271126082468697	
777.320000	-56.739286279698028181	
777.520000	-56.741305435366214738	
777.720000	-56.743328586930417146	
777.920000	-56.745355728244319948	
778.120000	-56.747386853165806997	
778.320000	-56.749421955560983122	
778.520000	-56.751461029303371220	
778.720000	-56.753504068271794836	
778.920000	-56.755551066354534839	
779.120000	-56.757602017443993248	
779.320000	-56.759656915441802028	
779.520000	-56.761715754255902766	
779.720000	-56.763778527799829021	
779.920000	-56.765845229994113197	
780.120000	-56.767915854766307859	
780.320000	-56.769990396049259118	
780.520000	-56.772068847781362422	
780.720000	-56.774151203910143693	
780.920000	-56.776237458386880519	
781.120000	-56.778327605170638037	
781.320000	-56.780421638224424896	
781.520000	-56.782519551520422851	
781.720000	-56.784621339034700327	
781.920000	-56.786726994751191455	
782.120000	-56.788836512659337075	
782.320000	-56.790949886752933651	
782.520000	-56.793067111035369976	
782.720000	-56.795188179511896465	
782.920000	-56.797313086198172982	
783.120000	-56.799441825112623405	
783.320000	-56.801574390280798355	
783.520000	-56.803710775734444383	
783.720000	-56.805850975510622902	
783.920000	-56.807994983652804422	
784.120000	-56.810142794209461670	
784.320000	-56.812294401236108854	
784.520000	-56.814449798792431068	
784.720000	-56.816608980946057272	
784.920000	-56.818771941768403622	
785.120000	-56.820938675338496182	
785.320000	-56.823109175738970578	
785.520000	-56.825283437059283642	
785.720000	-56.827461453394136015	
785.920000	-56.829643218844871910	
786.120000	-56.831828727516324307	
786.320000	-56.834017973521824274	
786.520000	-56.836210950978660605	
786.720000	-56.838407654012492287	
786.920000	-56.840608076752253908	
787.120000	-56.842812213332827298	
787.320000	-56.845020057895695231	
787.520000	-56.847231604585637399	
787.720000	-56.849446847553181783	
787.920000	-56.851665780955386253	
788.120000	-56.853888398952690864	
788.320000	-56.856114695711418960	
788.520000	-56.858344665402519524	
788.720000	-56.860578302202796408	
788.920000	-56.862815600293920681	
789.120000	-56.865056553862835642	
789.320000	-56.867301157101607600	
789.520000	-56.869549404207106136	
789.720000	-56.871801289380570665	
789.920000	-56.874056806829699440	
790.120000	-56.876315950766894503	
790.320000	-56.878578715409219058	
790.520000	-56.880845094979733290	
790.720000	-56.883115083704964832	
790.920000	-56.885388675817395665	
791.120000	-56.887665865554502886	
791.320000	-56.889946647158751603	
791.520000	-56.892231014877204132	
791.720000	-56.894518962961917907	
791.920000	-56.896810485670563651	
792.120000	-56.899105577264712963	
792.320000	-56.901404232010378337	
792.520000	-56.903706444181089807	
792.720000	-56.906012208052324297	
792.920000	-56.908321517905640974	
793.120000	-56.910634368026698837	
793.320000	-56.912950752707587299	
793.520000	-56.915270666243962694	
793.720000	-56.917594102934820910	
793.920000	-56.919921057086817484	
794.120000	-56.922251523009677499	
794.320000	-56.924585495017439030	
794.520000	-56.926922967430733991	
794.720000	-56.929263934572212236	
794.920000	-56.931608390771465622	
795.120000	-56.933956330361141340	
795.320000	-56.936307747679471447	
795.520000	-56.938662637068745198	
795.720000	-56.941020992876161699	
795.920000	-56.943382809452970150	
796.120000	-56.945748081156764897	
796.320000	-56.948116802346135046	
796.520000	-56.950488967387784101	
796.720000	-56.952864570651563270	
796.920000	-56.955243606510741472	
797.120000	-56.957626069344918562	
797.320000	-56.960011953537360796	
797.520000	-56.962401253474673979	
797.720000	-56.964793963549517741	
797.920000	-56.967190078159184452	
798.120000	-56.969589591703432063	
798.320000	-56.971992498589116849	
798.520000	-56.974398793223748783	
798.720000	-56.976808470022710651	
798.920000	-56.979221523404021355	
799.120000	-56.981637947790339638	
799.320000	-56.984057737608978300	
799.520000	-56.986480887291314446	
799.720000	-56.988907391273073699	
799.920000	-56.991337243993818618	
800.120000	-56.993770439898234770	
800.320000	-56.996206973435178611	
800.520000	-56.998646839056284819	
820.520000	-57.258525912242504319	
840.520000	-57.546357372845704958	
860.520000	-57.857160842162592473	
880.520000	-58.186308434168793724	
900.520000	-58.529523951174432739	
920.520000	-58.882878619660850461	
940.520000	-59.242781708824786335	
960.520000	-59.605964089774637671	
980.520000	-59.969459582460814318	
1000.520000	-60.330584523791173979	
1020.520000	-60.686920269244787107	
1040.520000	-61.036298193361702147	
1060.520000	-61.376789297372120302	
1080.520000	-61.706693689165973638	
1100.520000	-62.024534108436220947	
1120.520000	-62.329059032646462413	
1140.520000	-62.619237523494305719	
1160.520000	-62.894254149155855771	
1180.520000	-63.153512052934992482	
1200.520000	-63.396625909111335773	
1220.520000	-63.623413398034834643	
1240.520000	-63.833884168157055683	
1260.520000	-64.028225171855936537	
1280.520000	-64.206782999353507080	
1300.520000	-64.370043691525026475	
1320.520000	-64.518610810774262632	
1340.520000	-64.653182664724994311	
1360.520000	-64.774529590966665182	
1380.520000	-64.883472136695502286	
1400.520000	-64.980860827228823950	
1420.520000	-65.067558038902035378	
1440.520000	-65.144422301438993372	
1460.520000	-65.212295174557979749	
1480.520000	-65.271990688900942246	
1500.520000	-65.324287220754797545	
1520.520000	-65.369921585765311534	
1540.520000	-65.409585086448814195	
1560.520000	-65.443921226542443037	
1580.520000	-65.473524805559520701	
1600.520000	-65.498942122701876656	
1620.520000	-65.520672044787218624	
1640.520000	-65.539167723226796625	
1660.520000	-65.554838776939291733	
1680.520000	-65.568053788963410966	
1700.520000	-65.579142992971981130	
1720.520000	-65.588401051160275301	
1740.520000	-65.596089846751780783	
1760.520000	-65.602441232796294912	
1780.520000	-65.607659694140124884	
1800.520000	-65.611924891888037337	
1820.520000	-65.615394069654897180	
1840.520000	-65.618204308830243576	
1860.520000	-65.620474626241943383	
1880.520000	-65.622307912380534844	
1900.520000	-65.623792711932509292	
1920.520000	-65.625004851020463548	
1940.520000	-65.626008917431036593	
1960.520000	-65.626859601426687618	
1980.520000	-65.627602905524227594	
2000.520000	-65.628277232104011318	
2020.520000	-65.628914357843001426	
2040.520000	-65.629540303940473223	
2060.520000	-65.630176110872909589	
2080.520000	-65.630838526089235074	
2100.520000	-65.631540612658497480	
2120.520000	-65.632292286399916748	
2140.520000	-65.633100788549910476	
2160.520000	-65.633971100512809471	
2180.520000	-65.634906306723010516	
2200.520000	-65.635907911178094309	
2220.520000	-65.636976112691527874	
2240.520000	-65.638110043484545031	
2260.520000	-65.639307975285689167	
2280.520000	-65.640567496723022600	
2300.520000	-65.641885665391313864	
2320.520000	-65.643259137658631630	
2340.520000	-65.644684278933382870	
2360.520000	-65.646157256832978533	
2380.520000	-65.647674119432977591	
2400.520000	-65.649230860512858499	
2420.520000	-65.650823473525036889	
2440.520000	-65.652447995793565383	
2460.520000	-65.654100544280510121	
2480.520000	-65.655777344100556547	
