0.000000	-90.306307519297	
20.000000	-90.306290703635	
40.000000	-90.306244971968	
60.000000	-90.306186616851	
80.000000	-90.306124803169	
100.000000	-90.306062483488	
120.000000	-90.179478296825	
140.000000	-89.949344088680	
160.000000	-89.665950612265	
180.000000	-89.352133559139	
200.000000	-89.022910133901	
220.000000	-88.684460802293	
240.000000	-88.339791012885	
260.000000	-87.990701714948	
280.000000	-87.638459608837	
300.000000	-87.284042072631	
320.000000	-86.928237889064	
340.000000	-86.574327355214	
360.000000	-86.221994744767	
380.000000	-85.870586919254	
400.000000	-85.520015711343	
420.000000	-85.170369958234	
440.000000	-84.821747639923	
460.000000	-84.474159126175	
480.000000	-84.127364147863	
495.760000	-83.852652296644	
495.960000	-83.848826652053	
496.160000	-83.844306096378	
496.360000	-83.839053755181	
496.560000	-83.831558125037	
496.760000	-83.820400793883	
496.960000	-83.808650046752	
497.160000	-83.797532995541	
497.360000	-83.787386473845	
497.560000	-83.777983365028	
497.760000	-83.769229043254	
497.960000	-83.761206161244	
498.160000	-83.753982086374	
498.360000	-83.747771049445	
498.560000	-83.742734393362	
498.760000	-83.738362758897	
518.760000	-83.396422252235	
527.800000	-83.252276733085	
528.000000	-83.249127185378	
528.200000	-83.245975434801	
528.400000	-83.242819753942	
528.600000	-83.239656945884	
528.800000	-83.236479192411	
529.000000	-83.233229727607	
529.200000	-83.229482474427	
529.400000	-83.225073548426	
529.600000	-83.218828960785	
529.800000	-83.209305446936	
530.000000	-83.199165368367	
530.200000	-83.189534505274	
530.400000	-83.180744892776	
530.600000	-83.172634521423	
530.800000	-83.165051200276	
531.000000	-83.158017952391	
531.200000	-83.151619199824	
531.400000	-83.145976971028	
531.600000	-83.141284759210	
531.800000	-83.137238727341	
532.000000	-83.133536038631	
550.500000	-82.849052980794	
550.700000	-82.846141846080	
550.900000	-82.843233307875	
551.100000	-82.840327324023	
551.300000	-82.837423849055	
551.500000	-82.834522833730	
551.700000	-82.831624224488	
551.900000	-82.828727962785	
552.100000	-82.825833984289	
552.300000	-82.822942217892	
552.500000	-82.820052584476	
552.700000	-82.817164995373	
552.900000	-82.814279350386	
553.100000	-82.811395535239	
553.300000	-82.808513418203	
553.500000	-82.805632845569	
553.700000	-82.802753635414	
553.900000	-82.799875568780	
554.100000	-82.796998376808	
554.300000	-82.794121721205	
554.500000	-82.791245163173	
554.700000	-82.788368110921	
554.900000	-82.785489723755	
555.100000	-82.782608716776	
555.300000	-82.779722893879	
555.500000	-82.776827679368	
555.700000	-82.773907166291	
555.900000	-82.770744428561	
556.100000	-82.767011548895	
556.300000	-82.762166362886	
556.500000	-82.754250397887	
556.700000	-82.745335206542	
556.900000	-82.736682761848	
557.100000	-82.728728259580	
557.300000	-82.721433068408	
557.500000	-82.714608218621	
557.700000	-82.708220267550	
557.900000	-82.702327111750	
558.100000	-82.697019092888	
558.300000	-82.692460131643	
558.500000	-82.688581184755	
558.700000	-82.685070905240	
558.900000	-82.681781423603	
559.100000	-82.678624595358	
570.940000	-82.508962455442	
571.140000	-82.506218841371	
571.340000	-82.503478446232	
571.540000	-82.500741247624	
571.740000	-82.498007222807	
571.940000	-82.495276348628	
572.140000	-82.492548601438	
572.340000	-82.489823957008	
572.540000	-82.487102390440	
572.740000	-82.484383876078	
572.940000	-82.481668387401	
573.140000	-82.478955896917	
573.340000	-82.476246376044	
573.540000	-82.473539794977	
573.740000	-82.470836122544	
573.940000	-82.468135326039	
574.140000	-82.465437371042	
574.340000	-82.462742221207	
574.540000	-82.460049838022	
574.740000	-82.457360180536	
574.940000	-82.454673205034	
575.140000	-82.451988864664	
575.340000	-82.449307108994	
575.540000	-82.446627883485	
575.740000	-82.443951128858	
575.940000	-82.441276780328	
576.140000	-82.438604766666	
576.340000	-82.435935009033	
576.540000	-82.433267419526	
576.740000	-82.430601899322	
576.940000	-82.427938336285	
577.140000	-82.425276601815	
577.340000	-82.422616546636	
577.540000	-82.419957995002	
577.740000	-82.417300736549	
577.940000	-82.414644514429	
578.140000	-82.411989007388	
578.340000	-82.409333801375	
578.540000	-82.406678341816	
578.740000	-82.404021846910	
578.940000	-82.401363132324	
579.140000	-82.398700195867	
579.340000	-82.396028930450	
579.540000	-82.393335584800	
579.740000	-82.390439262600	
579.940000	-82.387028828697	
580.140000	-82.382490437892	
580.340000	-82.375278129843	
580.540000	-82.367310258068	
580.740000	-82.359612044752	
580.940000	-82.352533803514	
581.140000	-82.346030814796	
581.340000	-82.339934999794	
581.540000	-82.334210466004	
581.740000	-82.328901409338	
581.940000	-82.324091324020	
582.140000	-82.319914303983	
582.340000	-82.316326028751	
582.540000	-82.313067707367	
582.740000	-82.310008508954	
582.940000	-82.307072149457	
583.140000	-82.304206126315	
583.340000	-82.301380258345	
590.500000	-82.205057148784	
590.700000	-82.202453246550	
590.900000	-82.199853132926	
591.100000	-82.197256767426	
591.300000	-82.194664111580	
591.500000	-82.192075128713	
591.700000	-82.189489783736	
591.900000	-82.186908042955	
592.100000	-82.184329873895	
592.300000	-82.181755245131	
592.500000	-82.179184126136	
592.700000	-82.176616487133	
592.900000	-82.174052298964	
593.100000	-82.171491532956	
593.300000	-82.168934160801	
593.500000	-82.166380154438	
593.700000	-82.163829485942	
593.900000	-82.161282127409	
594.100000	-82.158738050851	
594.300000	-82.156197228085	
594.500000	-82.153659630626	
594.700000	-82.151125229573	
594.900000	-82.148593995500	
595.100000	-82.146065898331	
595.300000	-82.143540907216	
595.500000	-82.141018990399	
595.700000	-82.138500115071	
595.900000	-82.135984247212	
596.100000	-82.133471351419	
596.300000	-82.130961390711	
596.500000	-82.128454326314	
596.700000	-82.125950117411	
596.900000	-82.123448720865	
597.100000	-82.120950090892	
597.300000	-82.118454178681	
597.500000	-82.115960931955	
597.700000	-82.113470294439	
597.900000	-82.110982205232	
598.100000	-82.108496598042	
598.300000	-82.106013400256	
598.500000	-82.103532531780	
598.700000	-82.101053903596	
598.900000	-82.098577415917	
599.100000	-82.096102955806	
599.300000	-82.093630394049	
599.500000	-82.091159580948	
599.700000	-82.088690340540	
599.900000	-82.086222462429	
600.100000	-82.083755689853	
600.300000	-82.081289701561	
600.500000	-82.078824082896	
600.700000	-82.076358276706	
600.900000	-82.073891492917	
601.100000	-82.071422521796	
601.300000	-82.068949275980	
601.500000	-82.066467270083	
601.700000	-82.063958212305	
601.900000	-82.061203105269	
602.100000	-82.057943993996	
602.300000	-82.053198931035	
602.500000	-82.046379440115	
602.700000	-82.039198652775	
602.900000	-82.032374878630	
603.100000	-82.026123906640	
603.300000	-82.020347488766	
603.500000	-82.014914147722	
603.700000	-82.009804839668	
603.900000	-82.005063412582	
604.100000	-82.000770738586	
604.300000	-81.997039131848	
604.500000	-81.993778793607	
604.700000	-81.990782923414	
604.900000	-81.987952495289	
605.100000	-81.985224004166	
605.300000	-81.982554749515	
605.500000	-81.979920156500	
605.700000	-81.977306631814	
605.900000	-81.974706751635	
606.100000	-81.972116519356	
606.300000	-81.969533839600	
606.500000	-81.966957664510	
606.700000	-81.964387511762	
606.900000	-81.961823191452	
607.100000	-81.959264652337	
607.300000	-81.956711897082	
607.500000	-81.954164937546	
607.700000	-81.951623773156	
607.900000	-81.949088382342	
608.100000	-81.946558721082	
608.300000	-81.944034725039	
608.500000	-81.941516313271	
608.700000	-81.939003392351	
608.900000	-81.936495860295	
609.100000	-81.933993610014	
609.300000	-81.931496532174	
609.500000	-81.929004517474	
609.700000	-81.926517458378	
609.900000	-81.924035250386	
610.100000	-81.921557792905	
610.300000	-81.919084989820	
610.500000	-81.916616749804	
610.700000	-81.914152986447	
610.900000	-81.911693618237	
611.100000	-81.909238568438	
611.300000	-81.906787764903	
611.500000	-81.904341139824	
611.700000	-81.901898629466	
611.900000	-81.899460173875	
612.100000	-81.897025716591	
612.300000	-81.894595204347	
612.500000	-81.892168586793	
612.700000	-81.889745816214	
612.900000	-81.887326847275	
613.100000	-81.884911636766	
613.300000	-81.882500143375	
613.500000	-81.880092327461	
613.700000	-81.877688150850	
613.900000	-81.875287576642	
614.100000	-81.872890569025	
614.300000	-81.870497093104	
614.500000	-81.868107114740	
614.700000	-81.865720600389	
614.900000	-81.863337516961	
615.100000	-81.860957831670	
615.300000	-81.858581511900	
615.500000	-81.856208525065	
615.700000	-81.853838838474	
615.900000	-81.851472419196	
616.100000	-81.849109233922	
616.300000	-81.846749248821	
616.500000	-81.844392429396	
616.700000	-81.842038740322	
616.900000	-81.839688145287	
617.100000	-81.837340606806	
617.300000	-81.834996086028	
617.500000	-81.832654542517	
617.700000	-81.830315934006	
617.900000	-81.827980216128	
618.100000	-81.825647342092	
618.300000	-81.823317262328	
618.500000	-81.820989924059	
618.700000	-81.818665270801	
618.900000	-81.816343241772	
619.100000	-81.814023771172	
619.300000	-81.811706787318	
619.500000	-81.809392211564	
619.700000	-81.807079956973	
619.900000	-81.804769926610	
620.100000	-81.802462011372	
620.300000	-81.800156087129	
620.500000	-81.797852010913	
620.700000	-81.795549615705	
620.900000	-81.793248703112	
621.100000	-81.790949032752	
621.300000	-81.788650306250	
621.500000	-81.786352141970	
621.700000	-81.784054032607	
621.900000	-81.781755268264	
622.100000	-81.779454780887	
622.300000	-81.777150774505	
622.500000	-81.774839566427	
622.700000	-81.772508453440	
622.900000	-81.769999488541	
623.100000	-81.767048552386	
623.300000	-81.762870040926	
623.500000	-81.756750199106	
623.700000	-81.750228739907	
623.900000	-81.743997362557	
624.100000	-81.738278095310	
624.300000	-81.733001663431	
624.500000	-81.728037370625	
624.700000	-81.723355924514	
624.900000	-81.718987489258	
625.100000	-81.714998688340	
625.300000	-81.711487108779	
625.500000	-81.708408977719	
625.700000	-81.705583246980	
625.900000	-81.702915155670	
626.100000	-81.700346873596	
626.300000	-81.697837873400	
626.500000	-81.695364166204	
626.700000	-81.692912222314	
626.900000	-81.690474505613	
627.100000	-81.688046863518	
627.300000	-81.685627052224	
627.500000	-81.683213900597	
627.700000	-81.680806831547	
627.900000	-81.678405586515	
628.100000	-81.676010067360	
628.300000	-81.673620246973	
628.500000	-81.671236120373	
628.700000	-81.668857679566	
628.900000	-81.666484902163	
629.100000	-81.664117747749	
629.300000	-81.661756158386	
629.500000	-81.659400061116	
629.700000	-81.657049371226	
629.900000	-81.654703995581	
630.100000	-81.652363835678	
630.300000	-81.650028790256	
630.500000	-81.647698757421	
630.700000	-81.645373636311	
630.900000	-81.643053328334	
631.100000	-81.640737738061	
631.300000	-81.638426773819	
631.500000	-81.636120348050	
631.700000	-81.633818377483	
631.900000	-81.631520783176	
632.100000	-81.629227490439	
632.300000	-81.626938428692	
632.500000	-81.624653531270	
632.700000	-81.622372735189	
632.900000	-81.620095980892	
633.100000	-81.617823211996	
633.300000	-81.615554375018	
633.500000	-81.613289419123	
633.700000	-81.611028295863	
633.900000	-81.608770958936	
634.100000	-81.606517363951	
634.300000	-81.604267468203	
634.500000	-81.602021230463	
634.700000	-81.599778610775	
634.900000	-81.597539570264	
635.100000	-81.595304070955	
635.300000	-81.593072075598	
635.500000	-81.590843547503	
635.700000	-81.588618450373	
635.900000	-81.586396748151	
636.100000	-81.584178404862	
636.300000	-81.581963384460	
636.500000	-81.579751650672	
636.700000	-81.577543166837	
636.900000	-81.575337895749	
637.100000	-81.573135799481	
637.300000	-81.570936839207	
637.500000	-81.568740975011	
637.700000	-81.566548165669	
637.900000	-81.564358368427	
638.100000	-81.562171538737	
638.300000	-81.559987629971	
638.500000	-81.557806593085	
638.700000	-81.555628376243	
638.900000	-81.553452924367	
639.100000	-81.551280178619	
639.300000	-81.549110075771	
639.500000	-81.546942547455	
639.700000	-81.544777519242	
639.900000	-81.542614909511	
640.100000	-81.540454628022	
640.300000	-81.538296574106	
640.500000	-81.536140634323	
640.700000	-81.533986679376	
640.900000	-81.531834559945	
641.100000	-81.529684100944	
641.300000	-81.527535093352	
641.500000	-81.525387282184	
641.700000	-81.523240348037	
641.900000	-81.521093877211	
642.100000	-81.518947310010	
642.300000	-81.516799842748	
642.500000	-81.514650216462	
642.700000	-81.512496158785	
642.900000	-81.510332205852	
643.100000	-81.508118688008	
643.300000	-81.505605099550	
643.500000	-81.502498558001	
643.700000	-81.497548253789	
643.900000	-81.491656186868	
644.100000	-81.485802330972	
644.300000	-81.480358378652	
644.500000	-81.475375132003	
644.700000	-81.470719797722	
644.900000	-81.466320861310	
645.100000	-81.462179278995	
645.300000	-81.458336680160	
645.500000	-81.454866614561	
645.700000	-81.451821410173	
645.900000	-81.449072893896	
646.100000	-81.446499500064	
646.300000	-81.444041885367	
646.500000	-81.441656329261	
646.700000	-81.439314253261	
646.900000	-81.436998980860	
647.100000	-81.434701014355	
647.300000	-81.432414988595	
647.500000	-81.430137905023	
647.700000	-81.427868120313	
647.900000	-81.425604762608	
648.100000	-81.423347391559	
648.300000	-81.421095799713	
648.500000	-81.418849897170	
648.700000	-81.416609645800	
648.900000	-81.414375023033	
649.100000	-81.412146003221	
649.300000	-81.409922549259	
649.500000	-81.407704610021	
649.700000	-81.405492120911	
649.900000	-81.403285005928	
650.100000	-81.401083180285	
650.300000	-81.398886553077	
650.500000	-81.396695029708	
650.700000	-81.394508513968	
650.900000	-81.392326909712	
651.100000	-81.390150122178	
651.300000	-81.387978058958	
651.500000	-81.385810630689	
651.700000	-81.383647751505	
651.900000	-81.381489339301	
652.100000	-81.379335315845	
652.300000	-81.377185606774	
652.500000	-81.375040141517	
652.700000	-81.372898853141	
652.900000	-81.370761678167	
653.100000	-81.368628556349	
653.300000	-81.366499430448	
653.500000	-81.364374245987	
653.700000	-81.362252951009	
653.900000	-81.360135495838	
654.100000	-81.358021832850	
654.300000	-81.355911916237	
654.500000	-81.353805701799	
654.700000	-81.351703146729	
654.900000	-81.349604209417	
655.100000	-81.347508849256	
655.300000	-81.345417026457	
655.500000	-81.343328701876	
655.700000	-81.341243836837	
655.900000	-81.339162392965	
656.100000	-81.337084332022	
656.300000	-81.335009615738	
656.500000	-81.332938205648	
656.700000	-81.330870062921	
656.900000	-81.328805148186	
657.100000	-81.326743421346	
657.300000	-81.324684841388	
657.500000	-81.322629366175	
657.700000	-81.320576952214	
657.900000	-81.318527554412	
658.100000	-81.316481125793	
658.300000	-81.314437617185	
658.500000	-81.312396976857	
658.700000	-81.310359150100	
658.900000	-81.308324078739	
659.100000	-81.306291700554	
659.300000	-81.304261948580	
659.500000	-81.302234750264	
659.700000	-81.300210026429	
659.900000	-81.298187689972	
660.100000	-81.296167644233	
660.300000	-81.294149780878	
660.500000	-81.292133977139	
660.700000	-81.290120092110	
660.900000	-81.288107961676	
661.100000	-81.286097391358	
661.300000	-81.284088145881	
661.500000	-81.282079933346	
661.700000	-81.280072379965	
661.900000	-81.278064987092	
662.100000	-81.276057051650	
662.300000	-81.274047500119	
662.500000	-81.272034472513	
662.700000	-81.270013867442	
662.900000	-81.267965531211	
663.100000	-81.265694764588	
663.300000	-81.262953663235	
663.500000	-81.258675494463	
663.700000	-81.253337181902	
663.900000	-81.247945121423	
664.100000	-81.242898809222	
664.300000	-81.238281385239	
664.500000	-81.233981767724	
664.700000	-81.229917208046	
664.900000	-81.226077686596	
665.100000	-81.222492790132	
665.300000	-81.219220954116	
665.500000	-81.216322026929	
665.700000	-81.213709519605	
665.900000	-81.211266945304	
666.100000	-81.208937575442	
666.300000	-81.206680775898	
666.500000	-81.204468552469	
666.700000	-81.202284172865	
666.900000	-81.200117947541	
667.100000	-81.197964306497	
667.300000	-81.195820069417	
667.500000	-81.193683443833	
667.700000	-81.191553441241	
667.900000	-81.189429533390	
668.100000	-81.187311448826	
668.300000	-81.185199052731	
668.500000	-81.183092276829	
668.700000	-81.180991079541	
668.900000	-81.178895424400	
669.100000	-81.176805269345	
669.300000	-81.174720562359	
669.500000	-81.172641240673	
669.700000	-81.170567231822	
669.900000	-81.168498455543	
670.100000	-81.166434825923	
670.300000	-81.164376253472	
670.500000	-81.162322646959	
670.700000	-81.160273914945	
670.900000	-81.158229967006	
671.100000	-81.156190714660	
671.300000	-81.154156072045	
671.500000	-81.152125956372	
671.700000	-81.150100288206	
671.900000	-81.148078991603	
672.100000	-81.146061994138	
672.300000	-81.144049226848	
672.500000	-81.142040624116	
672.700000	-81.140036123509	
672.900000	-81.138035665591	
673.100000	-81.136039193708	
673.300000	-81.134046653774	
673.500000	-81.132057994047	
673.700000	-81.130073164904	
673.900000	-81.128092118623	
674.100000	-81.126114809168	
674.300000	-81.124141191983	
674.500000	-81.122171223792	
674.700000	-81.120204862402	
674.900000	-81.118242066522	
675.100000	-81.116282795579	
675.300000	-81.114327009543	
675.500000	-81.112374668757	
675.700000	-81.110425733767	
675.900000	-81.108480165152	
676.100000	-81.106537923359	
676.300000	-81.104598968527	
676.500000	-81.102663260313	
676.700000	-81.100730757704	
676.900000	-81.098801418828	
677.100000	-81.096875200737	
677.300000	-81.094952059187	
677.500000	-81.093031948386	
677.700000	-81.091114820712	
677.900000	-81.089200626405	
678.100000	-81.087289313203	
678.300000	-81.085380825931	
678.500000	-81.083475106010	
678.700000	-81.081572090885	
678.900000	-81.079671713335	
679.100000	-81.077773900631	
679.300000	-81.075878573509	
679.500000	-81.073985644880	
679.700000	-81.072095018203	
679.900000	-81.070206585382	
680.100000	-81.068320224007	
680.300000	-81.066435793656	
680.500000	-81.064553130802	
680.700000	-81.062672041616	
680.900000	-81.060792291413	
681.100000	-81.058913588540	
681.300000	-81.057035558449	
681.500000	-81.055157699099	
681.700000	-81.053279297019	
681.900000	-81.051399247795	
682.100000	-81.049515586633	
682.300000	-81.047623683614	
682.500000	-81.045691559004	
682.700000	-81.043510555887	
682.900000	-81.040771785470	
683.100000	-81.036475490716	
683.300000	-81.031512680408	
683.500000	-81.026620478917	
683.700000	-81.022083078956	
683.900000	-81.017926097599	
684.100000	-81.014034275950	
684.300000	-81.010347376470	
684.500000	-81.006863530278	
684.700000	-81.003612695482	
684.900000	-81.000651476247	
685.100000	-80.998013577182	
685.300000	-80.995602097582	
685.500000	-80.993329586772	
685.700000	-80.991151508837	
685.900000	-80.989033860899	
686.100000	-80.986953960929	
686.300000	-80.984898249868	
686.500000	-80.982858792634	
686.700000	-80.980830965809	
686.900000	-80.978812088835	
687.100000	-80.976800623488	
687.300000	-80.974795701649	
687.500000	-80.972796843869	
687.700000	-80.970803790793	
687.900000	-80.968816402410	
688.100000	-80.966834598567	
688.300000	-80.964858324696	
688.500000	-80.962887532912	
688.700000	-80.960922172402	
688.900000	-80.958962185275	
689.100000	-80.957007505552	
689.300000	-80.955058059809	
689.500000	-80.953113768613	
689.700000	-80.951174548227	
689.900000	-80.949240312287	
690.100000	-80.947310973316	
690.300000	-80.945386443985	
690.500000	-80.943466638141	
690.700000	-80.941551471574	
690.900000	-80.939640862583	
691.100000	-80.937734732355	
691.300000	-80.935833005193	
691.500000	-80.933935608620	
691.700000	-80.932042473396	
691.900000	-80.930153533453	
692.100000	-80.928268725783	
692.300000	-80.926387990287	
692.500000	-80.924511269599	
692.700000	-80.922638508886	
692.900000	-80.920769655650	
693.100000	-80.918904659518	
693.300000	-80.917043472037	
693.500000	-80.915186046466	
693.700000	-80.913332337579	
693.900000	-80.911482301469	
694.100000	-80.909635895359	
694.300000	-80.907793077423	
694.500000	-80.905953806605	
694.700000	-80.904118042446	
694.900000	-80.902285744921	
695.100000	-80.900456874268	
695.300000	-80.898631390823	
695.500000	-80.896809254860	
695.700000	-80.894990426418	
695.900000	-80.893174865133	
696.100000	-80.891362530058	
696.300000	-80.889553379478	
696.500000	-80.887747370708	
696.700000	-80.885944459878	
696.900000	-80.884144601699	
697.100000	-80.882347749195	
697.300000	-80.880553853418	
697.500000	-80.878762863104	
697.700000	-80.876974724292	
697.900000	-80.875189379877	
698.100000	-80.873406769075	
698.300000	-80.871626826793	
698.500000	-80.869849482867	
698.700000	-80.868074661121	
698.900000	-80.866302278209	
699.100000	-80.864532242145	
699.300000	-80.862764450429	
699.500000	-80.860998787594	
699.700000	-80.859235121942	
699.900000	-80.857473301084	
700.100000	-80.855713145692	
700.300000	-80.853954440433	
700.500000	-80.852196920295	
700.700000	-80.850440248923	
700.900000	-80.848683982040	
701.100000	-80.846927500371	
701.300000	-80.845169871279	
701.500000	-80.843409507423	
701.700000	-80.841643003227	
701.900000	-80.839854980517	
702.100000	-80.837889834464	
702.300000	-80.835508932461	
702.500000	-80.831808103832	
702.700000	-80.827295712268	
702.900000	-80.822761508975	
703.100000	-80.818525004713	
703.300000	-80.814647552187	
703.500000	-80.811032134837	
703.700000	-80.807606582253	
703.900000	-80.804359442165	
704.100000	-80.801311458157	
704.300000	-80.798507508999	
704.500000	-80.795990905489	
704.700000	-80.793695193217	
704.900000	-80.791535104835	
705.100000	-80.789467654692	
705.300000	-80.787460905190	
705.500000	-80.785492585183	
705.700000	-80.783549132350	
705.900000	-80.781622511753	
706.100000	-80.779707980601	
706.300000	-80.777802744770	
706.500000	-80.775905167516	
706.700000	-80.774014299846	
706.900000	-80.772129598600	
707.100000	-80.770250755980	
707.300000	-80.768377596403	
707.500000	-80.766510014571	
707.700000	-80.764647938977	
707.900000	-80.762791311075	
708.100000	-80.760940074070	
708.300000	-80.759094167495	
708.500000	-80.757253525187	
708.700000	-80.755418075164	
708.900000	-80.753587740477	
709.100000	-80.751762440494	
709.300000	-80.749942092262	
709.500000	-80.748126611809	
709.700000	-80.746315915264	
709.900000	-80.744509919777	
710.100000	-80.742708544240	
710.300000	-80.740911709822	
710.500000	-80.739119340329	
710.700000	-80.737331362437	
710.900000	-80.735547705811	
711.100000	-80.733768303126	
711.300000	-80.731993090026	
711.500000	-80.730222005032	
711.700000	-80.728454989407	
711.900000	-80.726691986996	
712.100000	-80.724932944052	
712.300000	-80.723177809046	
712.500000	-80.721426532480	
712.700000	-80.719679066690	
712.900000	-80.717935365653	
713.100000	-80.716195384808	
713.300000	-80.714459080861	
713.500000	-80.712726411617	
713.700000	-80.710997335801	
713.900000	-80.709271812895	
714.100000	-80.707549802970	
714.300000	-80.705831266529	
714.500000	-80.704116164349	
714.700000	-80.702404457326	
714.900000	-80.700696106317	
715.100000	-80.698991071984	
715.300000	-80.697289314631	
715.500000	-80.695590794038	
715.700000	-80.693895469286	
715.900000	-80.692203298570	
716.100000	-80.690514238999	
716.300000	-80.688828246376	
716.500000	-80.687145274959	
716.700000	-80.685465277189	
716.900000	-80.683788203386	
717.100000	-80.682114001395	
717.300000	-80.680442616182	
717.500000	-80.678773989354	
717.700000	-80.677108058592	
717.900000	-80.675444756969	
718.100000	-80.673784012118	
718.300000	-80.672125745203	
718.500000	-80.670469869635	
718.700000	-80.668816289435	
718.900000	-80.667164897111	
719.100000	-80.665515570860	
719.300000	-80.663868170778	
719.500000	-80.662222533616	
719.700000	-80.660578465263	
719.900000	-80.658935729595	
720.100000	-80.657294031141	
720.300000	-80.655652986552	
720.500000	-80.654012073930	
720.700000	-80.652370533040	
720.900000	-80.650727136066	
721.100000	-80.649079505133	
721.300000	-80.647420407277	
721.500000	-80.645666138469	
721.700000	-80.643612800329	
721.900000	-80.640604144045	
722.100000	-80.636564582579	
722.300000	-80.632358666171	
722.500000	-80.628370505401	
722.700000	-80.624714154552	
722.900000	-80.621329438144	
723.100000	-80.618128431464	
723.300000	-80.615085875513	
723.500000	-80.612212289666	
723.700000	-80.609540477357	
723.900000	-80.607117701543	
724.100000	-80.604915772678	
724.300000	-80.602852158184	
724.500000	-80.600881932916	
724.700000	-80.598974773916	
724.900000	-80.597108109007	
725.100000	-80.595267802147	
725.300000	-80.593445377623	
725.500000	-80.591635779047	
725.700000	-80.589835988452	
725.900000	-80.588044207557	
726.100000	-80.586259370251	
726.300000	-80.584480848726	
726.500000	-80.582708274610	
726.700000	-80.580941429681	
726.900000	-80.579180179338	
727.100000	-80.577424432610	
727.300000	-80.575674118675	
727.500000	-80.573929173631	
727.700000	-80.572189533556	
727.900000	-80.570455131347	
728.100000	-80.568725895765	
728.300000	-80.567001751679	
728.500000	-80.565282620900	
728.700000	-80.563568423255	
728.900000	-80.561859077666	
729.100000	-80.560154503131	
729.300000	-80.558454619563	
729.500000	-80.556759348450	
729.700000	-80.555068613371	
729.900000	-80.553382340343	
730.100000	-80.551700458064	
730.300000	-80.550022898029	
730.500000	-80.548349594581	
730.700000	-80.546680484880	
730.900000	-80.545015508827	
731.100000	-80.543354608950	
731.300000	-80.541697730262	
731.500000	-80.540044820104	
731.700000	-80.538395827967	
731.900000	-80.536750705323	
732.100000	-80.535109405440	
732.300000	-80.533471883205	
732.500000	-80.531838094947	
732.700000	-80.530207998268	
732.900000	-80.528581551873	
733.100000	-80.526958715408	
733.300000	-80.525339449304	
733.500000	-80.523723714624	
733.700000	-80.522111472914	
733.900000	-80.520502686054	
734.100000	-80.518897316119	
734.300000	-80.517295325232	
734.500000	-80.515696675423	
734.700000	-80.514101328481	
734.900000	-80.512509245805	
735.100000	-80.510920388252	
735.300000	-80.509334715969	
735.500000	-80.507752188223	
735.700000	-80.506172763213	
735.900000	-80.504596397866	
736.100000	-80.503023047607	
736.300000	-80.501452666113	
736.500000	-80.499885205019	
736.700000	-80.498320613592	
736.900000	-80.496758838350	
737.100000	-80.495199822615	
737.300000	-80.493643505979	
737.500000	-80.492089823666	
737.700000	-80.490538705760	
737.900000	-80.488990076244	
738.100000	-80.487443851808	
738.300000	-80.485899940325	
738.500000	-80.484358238897	
738.700000	-80.482818631267	
738.900000	-80.481280984343	
739.100000	-80.479745143391	
739.300000	-80.478210925186	
739.500000	-80.476678107904	
739.700000	-80.475146415497	
739.900000	-80.473615492166	
740.100000	-80.472084857448	
740.300000	-80.470553818828	
740.500000	-80.469021274489	
740.700000	-80.467485143291	
740.900000	-80.465939508050	
741.100000	-80.464318579345	
741.300000	-80.462431117529	
741.500000	-80.459690363774	
741.700000	-80.455987964713	
741.900000	-80.452118473027	
742.100000	-80.448440981218	
742.300000	-80.445067285276	
742.500000	-80.441946533221	
742.700000	-80.438993789230	
742.900000	-80.436182341195	
743.100000	-80.433519819594	
743.300000	-80.431034443462	
743.500000	-80.428768004520	
743.700000	-80.426698110350	
743.900000	-80.424752703590	
744.100000	-80.422892236144	
744.300000	-80.421090209461	
744.500000	-80.419326283710	
744.700000	-80.417587520091	
744.900000	-80.415866084933	
745.100000	-80.414157259498	
745.300000	-80.412458195217	
745.500000	-80.410767170568	
745.700000	-80.409083146250	
745.900000	-80.407405495584	
746.100000	-80.405733839378	
746.300000	-80.404067944275	
746.500000	-80.402407660287	
746.700000	-80.400752882784	
746.900000	-80.399103529829	
747.100000	-80.397459529090	
747.300000	-80.395820810721	
747.500000	-80.394187303856	
747.700000	-80.392558935272	
747.900000	-80.390935629251	
748.100000	-80.389317308090	
748.300000	-80.387703892879	
748.500000	-80.386095304346	
748.700000	-80.384491463658	
748.900000	-80.382892293110	
749.100000	-80.381297716681	
749.300000	-80.379707660465	
749.500000	-80.378122052968	
749.700000	-80.376540825305	
749.900000	-80.374963911306	
750.100000	-80.373391247536	
750.300000	-80.371822773272	
750.500000	-80.370258430423	
750.700000	-80.368698163421	
750.900000	-80.367141919084	
751.100000	-80.365589646471	
751.300000	-80.364041296715	
751.500000	-80.362496822861	
751.700000	-80.360956179694	
751.900000	-80.359419323578	
752.100000	-80.357886212285	
752.300000	-80.356356804840	
752.500000	-80.354831061362	
752.700000	-80.353308942914	
752.900000	-80.351790411361	
753.100000	-80.350275429224	
753.300000	-80.348763959547	
753.500000	-80.347255965762	
753.700000	-80.345751411559	
753.900000	-80.344250260759	
754.100000	-80.342752477184	
754.300000	-80.341258024531	
754.500000	-80.339766866238	
754.700000	-80.338278965355	
754.900000	-80.336794284401	
755.100000	-80.335312785222	
755.300000	-80.333834428833	
755.500000	-80.332359175251	
755.700000	-80.330886983315	
755.900000	-80.329417810482	
756.100000	-80.327951612603	
756.300000	-80.326488343669	
756.500000	-80.325027955520	
756.700000	-80.323570397510	
756.900000	-80.322115616115	
757.100000	-80.320663554467	
757.300000	-80.319214151805	
757.500000	-80.317767342803	
757.700000	-80.316323056751	
757.900000	-80.314881216538	
758.100000	-80.313441737369	
758.300000	-80.312004525129	
758.500000	-80.310569474246	
758.700000	-80.309136464840	
758.900000	-80.307705358856	
759.100000	-80.306275994628	
759.300000	-80.304848179010	
759.500000	-80.303421675508	
759.700000	-80.301996185452	
759.900000	-80.300571316140	
760.100000	-80.299146522062	
760.300000	-80.297720982321	
760.500000	-80.296293291080	
760.700000	-80.294860338345	
760.900000	-80.293404360586	
761.100000	-80.291783253579	
761.300000	-80.289707294346	
761.500000	-80.286548732351	
761.700000	-80.282999593980	
761.900000	-80.279522575897	
762.100000	-80.276300590354	
762.300000	-80.273344646864	
762.500000	-80.270567804605	
762.700000	-80.267922154861	
762.900000	-80.265402887688	
763.100000	-80.263027529702	
763.300000	-80.260831698573	
763.500000	-80.258828377921	
763.700000	-80.256959061674	
763.900000	-80.255177241271	
764.100000	-80.253457759970	
764.300000	-80.251780022503	
764.500000	-80.250129942673	
764.700000	-80.248498837025	
764.900000	-80.246881434573	
765.100000	-80.245274528815	
765.300000	-80.243676161361	
765.500000	-80.242085132896	
765.700000	-80.240500707104	
765.900000	-80.238922429162	
766.100000	-80.237350013545	
766.300000	-80.235783274521	
766.500000	-80.234222083312	
766.700000	-80.232666342013	
766.900000	-80.231115968107	
767.100000	-80.229570885598	
767.300000	-80.228031020271	
767.500000	-80.226496297454	
767.700000	-80.224966641249	
767.900000	-80.223441974580	
768.100000	-80.221922219663	
768.300000	-80.220407298630	
768.500000	-80.218897134184	
768.700000	-80.217391650190	
768.900000	-80.215890772175	
769.100000	-80.214394427722	
769.300000	-80.212902546753	
769.500000	-80.211415061719	
769.700000	-80.209931907706	
769.900000	-80.208453022471	
770.100000	-80.206978346421	
770.300000	-80.205507822548	
770.500000	-80.204041396330	
770.700000	-80.202579015614	
770.900000	-80.201120630468	
771.100000	-80.199666193041	
771.300000	-80.198215657401	
771.500000	-80.196768979381	
771.700000	-80.195326116419	
771.900000	-80.193887027406	
772.100000	-80.192451672533	
772.300000	-80.191020013144	
772.500000	-80.189592011598	
772.700000	-80.188167631130	
772.900000	-80.186746835722	
773.100000	-80.185329589976	
773.300000	-80.183915858993	
773.500000	-80.182505608255	
773.700000	-80.181098803510	
773.900000	-80.179695410661	
774.100000	-80.178295395651	
774.300000	-80.176898724358	
774.500000	-80.175505362479	
774.700000	-80.174115275417	
774.900000	-80.172728428167	
775.100000	-80.171344785193	
775.300000	-80.169964310299	
775.500000	-80.168586966498	
775.700000	-80.167212715856	
775.900000	-80.165841519342	
776.100000	-80.164473336643	
776.300000	-80.163108125972	
776.500000	-80.161745843842	
776.700000	-80.160386444814	
776.900000	-80.159029881201	
777.100000	-80.157676102735	
777.300000	-80.156325056157	
777.500000	-80.154976684747	
777.700000	-80.153630927748	
777.900000	-80.152287719670	
778.100000	-80.150946989429	
778.300000	-80.149608659275	
778.500000	-80.148272643426	
778.700000	-80.146938846315	
778.900000	-80.145607160273	
779.100000	-80.144277462422	
779.300000	-80.142949610385	
779.500000	-80.141623436189	
779.700000	-80.140298737277	
779.900000	-80.138975262640	
780.100000	-80.137652690196	
780.300000	-80.136330587024	
780.500000	-80.135008331946	
780.700000	-80.133684940226	
780.900000	-80.132358551548	
781.100000	-80.131023745005	
781.300000	-80.129618522742	
781.500000	-80.127967946286	
781.700000	-80.125499468266	
781.900000	-80.122331643557	
782.100000	-80.119077523505	
782.300000	-80.116001466170	
782.500000	-80.113180817630	
782.700000	-80.110561792631	
782.900000	-80.108073743329	
783.100000	-80.105695958627	
783.300000	-80.103436042551	
783.500000	-80.101318962078	
783.700000	-80.099375192164	
783.900000	-80.097576253507	
784.100000	-80.095869750810	
784.300000	-80.094228648403	
784.500000	-80.092632900928	
784.700000	-80.091067378494	
784.900000	-80.089522495713	
785.100000	-80.087992396860	
785.300000	-80.086473506231	
785.500000	-80.084963628020	
785.700000	-80.083461406503	
785.900000	-80.081966000321	
786.100000	-80.080476883273	
786.300000	-80.078993721131	
786.500000	-80.077516295039	
786.700000	-80.076044453923	
786.900000	-80.074578085173	
787.100000	-80.073117096871	
787.300000	-80.071661407330	
787.500000	-80.070210939204	
787.700000	-80.068765616440	
787.900000	-80.067325362922	
788.100000	-80.065890102120	
788.300000	-80.064459757260	
788.500000	-80.063034251759	
788.700000	-80.061613509742	
788.900000	-80.060197456544	
789.100000	-80.058786019157	
789.300000	-80.057379126589	
789.500000	-80.055976710133	
789.700000	-80.054578703549	
789.900000	-80.053185043175	
790.100000	-80.051795667963	
790.300000	-80.050410519472	
790.500000	-80.049029541810	
790.700000	-80.047652681551	
790.900000	-80.046279887617	
791.100000	-80.044911111156	
791.300000	-80.043546305401	
791.500000	-80.042185425522	
791.700000	-80.040828428479	
791.900000	-80.039475272874	
792.100000	-80.038125918806	
792.300000	-80.036780327724	
792.500000	-80.035438462294	
792.700000	-80.034100286263	
792.900000	-80.032765764334	
793.100000	-80.031434862040	
793.300000	-80.030107545633	
793.500000	-80.028783781969	
793.700000	-80.027463538400	
793.900000	-80.026146782675	
794.100000	-80.024833482836	
794.300000	-80.023523607128	
794.500000	-80.022217123896	
794.700000	-80.020914001498	
794.900000	-80.019614208214	
795.100000	-80.018317712145	
795.300000	-80.017024481128	
795.500000	-80.015734482633	
795.700000	-80.014447683667	
795.900000	-80.013164050667	
796.100000	-80.011883549389	
796.300000	-80.010606144787	
796.500000	-80.009331800887	
796.700000	-80.008060480643	
796.900000	-80.006792145777	
797.100000	-80.005526756610	
797.300000	-80.004264271853	
797.500000	-80.003004648387	
797.700000	-80.001747840999	
797.900000	-80.000493802075	
798.100000	-79.999242481244	
798.300000	-79.997993824948	
798.500000	-79.996747775935	
798.700000	-79.995504272640	
798.900000	-79.994263248417	
799.100000	-79.993024630596	
799.300000	-79.991788339286	
799.500000	-79.990554285836	
799.700000	-79.989322370831	
799.900000	-79.988092481409	
800.100000	-79.986864487599	
800.300000	-79.985638237164	
800.500000	-79.984413548087	
800.700000	-79.983190197158	
800.900000	-79.981967901695	
801.100000	-79.980746288180	
801.300000	-79.979524833215	
801.500000	-79.978302736300	
801.700000	-79.977078579157	
801.900000	-79.975848903841	
802.100000	-79.974583235348	
802.300000	-79.973136377229	
802.500000	-79.971091386336	
802.700000	-79.968266210723	
802.900000	-79.965275780710	
803.100000	-79.962409837105	
803.300000	-79.959771612047	
803.500000	-79.957335110795	
803.700000	-79.955025937146	
803.900000	-79.952814859583	
804.100000	-79.950704133985	
804.300000	-79.948712974645	
804.500000	-79.946871184069	
804.700000	-79.945166617475	
804.900000	-79.943551051888	
805.100000	-79.941997771090	
805.300000	-79.940488945651	
805.500000	-79.939010146829	
805.700000	-79.937551967458	
805.900000	-79.936108619859	
806.100000	-79.934676556525	
806.300000	-79.933253588841	
806.500000	-79.931838356266	
806.700000	-79.930430006330	
806.900000	-79.929027999179	
807.100000	-79.927631986717	
807.300000	-79.926241737330	
807.500000	-79.924857088958	
807.700000	-79.923477919990	
807.900000	-79.922104131471	
808.100000	-79.920735636467	
808.300000	-79.919372353943	
808.500000	-79.918014205456	
808.700000	-79.916661113563	
808.900000	-79.915313001246	
809.100000	-79.913969791889	
809.300000	-79.912631409561	
809.500000	-79.911297779388	
809.700000	-79.909968827967	
809.900000	-79.908644483720	
810.100000	-79.907324677196	
810.300000	-79.906009341291	
810.500000	-79.904698411400	
810.700000	-79.903391825501	
810.900000	-79.902089524180	
811.100000	-79.900791450609	
811.300000	-79.899497550491	
811.500000	-79.898207771967	
811.700000	-79.896922065510	
811.900000	-79.895640383798	
812.100000	-79.894362681582	
812.300000	-79.893088915541	
812.500000	-79.891819044146	
812.700000	-79.890553027515	
812.900000	-79.889290827275	
813.100000	-79.888032406425	
813.300000	-79.886777729210	
813.500000	-79.885526760989	
813.700000	-79.884279468125	
813.900000	-79.883035817862	
814.100000	-79.881795778225	
814.300000	-79.880559317911	
814.500000	-79.879326406199	
814.700000	-79.878097012848	
814.900000	-79.876871108020	
815.100000	-79.875648662185	
815.300000	-79.874429646047	
815.500000	-79.873214030463	
815.700000	-79.872001786363	
815.900000	-79.870792884683	
816.100000	-79.869587296281	
816.300000	-79.868384991869	
816.500000	-79.867185941938	
816.700000	-79.865990116679	
816.900000	-79.864797485904	
817.100000	-79.863608018969	
817.300000	-79.862421684682	
817.500000	-79.861238451215	
817.700000	-79.860058286006	
817.900000	-79.858881155647	
818.100000	-79.857707025774	
818.300000	-79.856535860933	
818.500000	-79.855367624433	
818.700000	-79.854202278188	
818.900000	-79.853039782525	
819.100000	-79.851880095977	
819.300000	-79.850723175027	
819.500000	-79.849568973829	
819.700000	-79.848417443860	
819.900000	-79.847268533518	
820.100000	-79.846122187633	
820.300000	-79.844978346877	
820.500000	-79.843836947032	
820.700000	-79.842697918085	
820.900000	-79.841561183079	
821.100000	-79.840426656633	
821.300000	-79.839294243019	
821.500000	-79.838163833576	
821.700000	-79.837035303176	
821.900000	-79.835908505241	
822.100000	-79.834783264459	
822.300000	-79.833659365686	
822.500000	-79.832536536082	
822.700000	-79.831414414262	
822.900000	-79.830292491612	
823.100000	-79.829169983764	
823.300000	-79.828045475545	
823.500000	-79.826915307631	
823.700000	-79.825741905623	
823.900000	-79.824379604129	
824.100000	-79.822368755797	
824.300000	-79.819740921158	
824.500000	-79.817018698616	
824.700000	-79.814430568409	
824.900000	-79.812051859555	
825.100000	-79.809844746591	
825.300000	-79.807743691330	
825.500000	-79.805726756384	
825.700000	-79.803798837611	
825.900000	-79.801979823371	
826.100000	-79.800294331602	
826.300000	-79.798721486334	
826.500000	-79.797221042793	
826.700000	-79.795772949237	
826.900000	-79.794362306692	
827.100000	-79.792977246226	
827.300000	-79.791610115024	
827.500000	-79.790256199841	
827.700000	-79.788912599678	
827.900000	-79.787577514321	
828.100000	-79.786249815865	
828.300000	-79.784928789786	
828.500000	-79.783613976387	
828.700000	-79.782305072562	
828.900000	-79.781001870547	
829.100000	-79.779704219712	
829.300000	-79.778412002882	
829.500000	-79.777125121871	
829.700000	-79.775843488855	
829.900000	-79.774567021415	
830.100000	-79.773295639876	
830.300000	-79.772029266029	
830.500000	-79.770767822676	
830.700000	-79.769511233616	
830.900000	-79.768259423873	
831.100000	-79.767012319991	
831.300000	-79.765769850352	
831.500000	-79.764531945451	
831.700000	-79.763298538111	
831.900000	-79.762069563644	
832.100000	-79.760844959940	
832.300000	-79.759624667513	
832.500000	-79.758408629487	
832.700000	-79.757196791553	
832.900000	-79.755989101894	
833.100000	-79.754785511081	
833.300000	-79.753585971960	
833.500000	-79.752390439522	
833.700000	-79.751198870773	
833.900000	-79.750011224592	
834.100000	-79.748827461596	
834.300000	-79.747647544007	
834.500000	-79.746471435513	
834.700000	-79.745299101149	
834.900000	-79.744130507167	
835.100000	-79.742965620924	
835.300000	-79.741804410773	
835.500000	-79.740646845953	
835.700000	-79.739492896495	
835.900000	-79.738342533127	
836.100000	-79.737195727187	
836.300000	-79.736052450541	
836.500000	-79.734912675505	
836.700000	-79.733776374768	
836.900000	-79.732643521328	
837.100000	-79.731514088421	
837.300000	-79.730388049456	
837.500000	-79.729265377960	
837.700000	-79.728146047510	
837.900000	-79.727030031682	
838.100000	-79.725917303988	
838.300000	-79.724807837826	
838.500000	-79.723701606415	
838.700000	-79.722598582744	
838.900000	-79.721498739511	
839.100000	-79.720402049061	
839.300000	-79.719308483325	
839.500000	-79.718218013753	
839.700000	-79.717130611242	
839.900000	-79.716046246062	
840.100000	-79.714964887770	
840.300000	-79.713886505127	
840.500000	-79.712811065989	
840.700000	-79.711738537208	
840.900000	-79.710668884497	
841.100000	-79.709602072299	
841.300000	-79.708538063624	
841.500000	-79.707476819869	
841.700000	-79.706418300603	
841.900000	-79.705362463324	
842.100000	-79.704309263171	
842.300000	-79.703258652578	
842.500000	-79.702210580864	
842.700000	-79.701164993740	
842.900000	-79.700121832695	
843.100000	-79.699081034252	
843.300000	-79.698042529019	
843.500000	-79.697006240492	
843.700000	-79.695972083504	
843.900000	-79.694939962167	
844.100000	-79.693909767110	
844.300000	-79.692881371631	
844.500000	-79.691854626212	
844.700000	-79.690829350343	
844.900000	-79.689805319798	
845.100000	-79.688782245524	
845.300000	-79.687759735722	
845.500000	-79.686737219397	
845.700000	-79.685713762726	
845.900000	-79.684687462663	
846.100000	-79.683650287347	
846.300000	-79.682516062683	
846.500000	-79.681060416170	
846.700000	-79.678857754380	
846.900000	-79.676389480975	
847.100000	-79.673963735076	
847.300000	-79.671706149805	
847.500000	-79.669630329322	
847.700000	-79.667672685000	
847.900000	-79.665792663885	
848.100000	-79.663984916094	
848.300000	-79.662261632211	
848.500000	-79.660646782377	
848.700000	-79.659144900717	
848.900000	-79.657720264345	
849.100000	-79.656348327158	
849.300000	-79.655015547554	
849.500000	-79.653709999624	
849.700000	-79.652423432115	
849.900000	-79.651150713399	
850.100000	-79.649888691105	
850.300000	-79.648635415552	
850.500000	-79.647389668049	
850.700000	-79.646150677450	
850.900000	-79.644917947922	
851.100000	-79.643691152925	
851.300000	-79.642470069359	
851.500000	-79.641254536563	
851.700000	-79.640044430865	
851.900000	-79.638839649974	
852.100000	-79.637640103584	
852.300000	-79.636445707917	
852.500000	-79.635256382702	
852.700000	-79.634072049662	
852.900000	-79.632892631881	
853.100000	-79.631718053684	
853.300000	-79.630548240777	
853.500000	-79.629383120489	
853.700000	-79.628222622051	
853.900000	-79.627066676846	
854.100000	-79.625915218610	
854.300000	-79.624768183579	
854.500000	-79.623625510578	
854.700000	-79.622487141059	
854.900000	-79.621353019091	
855.100000	-79.620223091320	
855.300000	-79.619097306889	
855.500000	-79.617975617344	
855.700000	-79.616857976523	
855.900000	-79.615744340428	
856.100000	-79.614634667097	
856.300000	-79.613528916469	
856.500000	-79.612427050252	
856.700000	-79.611329031792	
856.900000	-79.610234825939	
857.100000	-79.609144398928	
857.300000	-79.608057718262	
857.500000	-79.606974752592	
857.700000	-79.605895471618	
857.900000	-79.604819845983	
858.100000	-79.603747847182	
858.300000	-79.602679447473	
858.500000	-79.601614619792	
858.700000	-79.600553337678	
858.900000	-79.599495575197	
859.100000	-79.598441306880	
859.300000	-79.597390507653	
859.500000	-79.596343152781	
859.700000	-79.595299217812	
859.900000	-79.594258678521	
860.100000	-79.593221510863	
860.300000	-79.592187690925	
860.500000	-79.591157194875	
860.700000	-79.590129998927	
860.900000	-79.589106079289	
861.100000	-79.588085412129	
861.300000	-79.587067973526	
861.500000	-79.586053739438	
861.700000	-79.585042685654	
861.900000	-79.584034787756	
862.100000	-79.583030021076	
862.300000	-79.582028360654	
862.500000	-79.581029781191	
862.700000	-79.580034257001	
862.900000	-79.579041761964	
863.100000	-79.578052269471	
863.300000	-79.577065752365	
863.500000	-79.576082182880	
863.700000	-79.575101532573	
863.900000	-79.574123772246	
864.100000	-79.573148871866	
864.300000	-79.572176800470	
864.500000	-79.571207526057	
864.700000	-79.570241015474	
864.900000	-79.569277234278	
865.100000	-79.568316146578	
865.300000	-79.567357714860	
865.500000	-79.566401899770	
865.700000	-79.565448659877	
865.900000	-79.564497951374	
866.100000	-79.563549727733	
866.300000	-79.562603939290	
866.500000	-79.561660532731	
866.700000	-79.560719450472	
866.900000	-79.559780629871	
867.100000	-79.558844002251	
867.300000	-79.557909491630	
867.500000	-79.556977013071	
867.700000	-79.556046470478	
867.900000	-79.555117753583	
868.100000	-79.554190733713	
868.300000	-79.553265257614	
868.500000	-79.552341138085	
868.700000	-79.551418138948	
868.900000	-79.550495949185	
869.100000	-79.549574133977	
869.300000	-79.548652027876	
869.500000	-79.547728440678	
869.700000	-79.546800315918	
869.900000	-79.545835531812	
870.100000	-79.544705399517	
870.300000	-79.542996568494	
870.500000	-79.540828267114	
870.700000	-79.538603226668	
870.900000	-79.536491370909	
871.100000	-79.534547510617	
871.300000	-79.532735316283	
871.500000	-79.530999968060	
871.700000	-79.529324665105	
871.900000	-79.527715199189	
872.100000	-79.526189735319	
872.300000	-79.524765851767	
872.500000	-79.523422180947	
872.700000	-79.522130511878	
872.900000	-79.520877778364	
873.100000	-79.519653184174	
873.300000	-79.518448236515	
873.500000	-79.517257514462	
873.700000	-79.516077687736	
873.900000	-79.514906706451	
874.100000	-79.513743295557	
874.300000	-79.512586651480	
874.500000	-79.511436259204	
874.700000	-79.510291780576	
874.900000	-79.509152985365	
875.100000	-79.508019708530	
875.300000	-79.506891823769	
875.500000	-79.505769227305	
875.700000	-79.504651828121	
875.900000	-79.503539542249	
876.100000	-79.502432289600	
876.300000	-79.501329992333	
876.500000	-79.500232574155	
876.700000	-79.499139960140	
876.900000	-79.498052076833	
877.100000	-79.496968852468	
877.300000	-79.495890217225	
877.500000	-79.494816103464	
877.700000	-79.493746445919	
877.900000	-79.492681181841	
878.100000	-79.491620251076	
878.300000	-79.490563596108	
878.500000	-79.489511162043	
878.700000	-79.488462896570	
878.900000	-79.487418749882	
879.100000	-79.486378674586	
879.300000	-79.485342625587	
879.500000	-79.484310559970	
879.700000	-79.483282436866	
879.900000	-79.482258217327	
880.100000	-79.481237864193	
880.300000	-79.480221341957	
880.500000	-79.479208616648	
880.700000	-79.478199655702	
880.900000	-79.477194427851	
881.100000	-79.476192903010	
881.300000	-79.475195052174	
881.500000	-79.474200847323	
881.700000	-79.473210261326	
881.900000	-79.472223267858	
882.100000	-79.471239841322	
882.300000	-79.470259956771	
882.500000	-79.469283589843	
882.700000	-79.468310716695	
882.900000	-79.467341313945	
883.100000	-79.466375358613	
883.300000	-79.465412828077	
883.500000	-79.464453700018	
883.700000	-79.463497952379	
883.900000	-79.462545563323	
884.100000	-79.461596511193	
884.300000	-79.460650774476	
884.500000	-79.459708331769	
884.700000	-79.458769161746	
884.900000	-79.457833243123	
885.100000	-79.456900554635	
885.300000	-79.455971074999	
885.500000	-79.455044782893	
885.700000	-79.454121656924	
885.900000	-79.453201675600	
886.100000	-79.452284817308	
886.300000	-79.451371060282	
886.500000	-79.450460382578	
886.700000	-79.449552762044	
886.900000	-79.448648176294	
887.100000	-79.447746602676	
887.300000	-79.446848018241	
887.500000	-79.445952399711	
887.700000	-79.445059723443	
887.900000	-79.444169965391	
888.100000	-79.443283101067	
888.300000	-79.442399105496	
888.500000	-79.441517953167	
888.700000	-79.440639617985	
888.900000	-79.439764073205	
889.100000	-79.438891291376	
889.300000	-79.438021244260	
889.500000	-79.437153902758	
889.700000	-79.436289236812	
889.900000	-79.435427215306	
890.100000	-79.434567805942	
890.300000	-79.433710975104	
890.500000	-79.432856687699	
890.700000	-79.432004906972	
890.900000	-79.431155594287	
891.100000	-79.430308708868	
891.300000	-79.429464207497	
891.500000	-79.428622044141	
891.700000	-79.427782169504	
891.900000	-79.426944530477	
892.100000	-79.426109069455	
892.300000	-79.425275723476	
892.500000	-79.424444423120	
892.700000	-79.423615091074	
892.900000	-79.422787640236	
893.100000	-79.421961971132	
893.300000	-79.421137968311	
893.500000	-79.420315495137	
893.700000	-79.419494385969	
893.900000	-79.418674433776	
894.100000	-79.417855369200	
894.300000	-79.417036821813	
894.500000	-79.416218238474	
894.700000	-79.415398671358	
894.900000	-79.414575940899	
895.100000	-79.413732466647	
895.300000	-79.412766284534	
895.500000	-79.411350381581	
895.700000	-79.409448088619	
895.900000	-79.407454888570	
896.100000	-79.405544001371	
896.300000	-79.403778336232	
896.500000	-79.402136838242	
896.700000	-79.400565198159	
896.900000	-79.399042975422	
897.100000	-79.397573631823	
897.300000	-79.396172634062	
897.500000	-79.394858351468	
897.700000	-79.393616693533	
897.900000	-79.392421969174	
898.100000	-79.391262231492	
898.300000	-79.390128078125	
898.500000	-79.389011894601	
898.700000	-79.387908806827	
898.900000	-79.386815836741	
899.100000	-79.385731164192	
899.300000	-79.384653665176	
899.500000	-79.383582636032	
899.700000	-79.382517628178	
899.900000	-79.381458347852	
900.100000	-79.380404594684	
900.300000	-79.379356223903	
900.500000	-79.378313123167	
900.700000	-79.377275198522	
900.900000	-79.376242366080	
901.100000	-79.375214547262	
901.300000	-79.374191666246	
901.500000	-79.373173648750	
901.700000	-79.372160421586	
901.900000	-79.371151912647	
902.100000	-79.370148051110	
902.300000	-79.369148767720	
902.500000	-79.368153995071	
902.700000	-79.367163667873	
902.900000	-79.366177723146	
903.100000	-79.365196100366	
903.300000	-79.364218741553	
903.500000	-79.363245591304	
903.700000	-79.362276596789	
903.900000	-79.361311707700	
904.100000	-79.360350876183	
904.300000	-79.359394056743	
904.500000	-79.358441206138	
904.700000	-79.357492283252	
904.900000	-79.356547248980	
905.100000	-79.355606066094	
905.300000	-79.354668699118	
905.500000	-79.353735114202	
905.700000	-79.352805279001	
905.900000	-79.351879162558	
906.100000	-79.350956735191	
906.300000	-79.350037968391	
906.500000	-79.349122834716	
906.700000	-79.348211307707	
906.900000	-79.347303361790	
907.100000	-79.346398972205	
907.300000	-79.345498114923	
907.500000	-79.344600766579	
907.700000	-79.343706904408	
907.900000	-79.342816506183	
908.100000	-79.341929550160	
908.300000	-79.341046015031	
908.500000	-79.340165879869	
908.700000	-79.339289124093	
908.900000	-79.338415727422	
909.100000	-79.337545669838	
909.300000	-79.336678931556	
909.500000	-79.335815492987	
909.700000	-79.334955334714	
909.900000	-79.334098437458	
910.100000	-79.333244782056	
910.300000	-79.332394349440	
910.500000	-79.331547120608	
910.700000	-79.330703076606	
910.900000	-79.329862198510	
911.100000	-79.329024467403	
911.300000	-79.328189864361	
911.500000	-79.327358370429	
911.700000	-79.326529966613	
911.900000	-79.325704633855	
912.100000	-79.324882353022	
912.300000	-79.324063104887	
912.500000	-79.323246870116	
912.700000	-79.322433629250	
912.900000	-79.321623362687	
913.100000	-79.320816050669	
913.300000	-79.320011673263	
913.500000	-79.319210210344	
913.700000	-79.318411641576	
913.900000	-79.317615946392	
914.100000	-79.316823103975	
914.300000	-79.316033093236	
914.500000	-79.315245892790	
914.700000	-79.314461480931	
914.900000	-79.313679835605	
915.100000	-79.312900934381	
915.300000	-79.312124754417	
915.500000	-79.311351272428	
915.700000	-79.310580464643	
915.900000	-79.309812306764	
916.100000	-79.309046773917	
916.300000	-79.308283840599	
916.500000	-79.307523480617	
916.700000	-79.306765667020	
916.900000	-79.306010372022	
917.100000	-79.305257566915	
917.300000	-79.304507221965	
917.500000	-79.303759306302	
917.700000	-79.303013787783	
917.900000	-79.302270632836	
918.100000	-79.301529806281	
918.300000	-79.300791271112	
918.500000	-79.300054988248	
918.700000	-79.299320916218	
918.900000	-79.298589010803	
919.100000	-79.297859224576	
919.300000	-79.297131506351	
919.500000	-79.296405800487	
919.700000	-79.295682046001	
919.900000	-79.294960175436	
920.100000	-79.294240113362	
920.300000	-79.293521774378	
920.500000	-79.292805060352	
920.700000	-79.292089856514	
920.900000	-79.291376025711	
921.100000	-79.290663399557	
921.300000	-79.289951764010	
921.500000	-79.289240833947	
921.700000	-79.288530203301	
921.900000	-79.287819229857	
922.100000	-79.287106680657	
922.300000	-79.286388370697	
922.500000	-79.285612841971	
922.700000	-79.284618623863	
922.900000	-79.283079347167	
923.100000	-79.281333378042	
923.300000	-79.279604928008	
923.500000	-79.277985562931	
923.700000	-79.276489442986	
923.900000	-79.275069846491	
924.100000	-79.273693041040	
924.300000	-79.272355036937	
924.500000	-79.271066198254	
924.700000	-79.269845191678	
924.900000	-79.268694387812	
925.100000	-79.267590605866	
925.300000	-79.266520003931	
925.500000	-79.265474559831	
925.700000	-79.264446938099	
925.900000	-79.263432191396	
926.100000	-79.262427299479	
926.300000	-79.261430438399	
926.500000	-79.260440498711	
926.700000	-79.259456797362	
926.900000	-79.258478906740	
927.100000	-79.257506552195	
927.300000	-79.256539549958	
927.500000	-79.255577769364	
927.700000	-79.254621109944	
927.900000	-79.253669487711	
928.100000	-79.252722827159	
928.300000	-79.251781056783	
928.500000	-79.250844106772	
928.700000	-79.249911907982	
928.900000	-79.248984391658	
929.100000	-79.248061489549	
935.080000	-79.222336769638	
935.280000	-79.221532788422	
935.480000	-79.220732178330	
935.680000	-79.219934919838	
935.880000	-79.219140993792	
936.080000	-79.218350381372	
936.280000	-79.217563064058	
936.480000	-79.216779023596	
936.680000	-79.215998241967	
936.880000	-79.215220701364	
937.080000	-79.214446384162	
937.280000	-79.213675272899	
937.480000	-79.212907350250	
937.680000	-79.212142599013	
937.880000	-79.211381002088	
938.080000	-79.210622542460	
938.280000	-79.209867203183	
938.480000	-79.209114967370	
938.680000	-79.208365818174	
938.880000	-79.207619738778	
939.080000	-79.206876712386	
939.280000	-79.206136722206	
939.480000	-79.205399751448	
939.680000	-79.204665783304	
939.880000	-79.203934800949	
940.080000	-79.203206787524	
940.280000	-79.202481726132	
940.480000	-79.201759599829	
940.680000	-79.201040391614	
940.880000	-79.200324084423	
941.080000	-79.199610661120	
941.280000	-79.198900104490	
941.480000	-79.198192397230	
941.680000	-79.197487521941	
941.880000	-79.196785461123	
942.080000	-79.196086197161	
942.280000	-79.195389712321	
942.480000	-79.194695988740	
942.680000	-79.194005008415	
942.880000	-79.193316753194	
943.080000	-79.192631204769	
943.280000	-79.191948344657	
943.480000	-79.191268154198	
943.680000	-79.190590614534	
943.880000	-79.189915706600	
944.080000	-79.189243411109	
944.280000	-79.188573708534	
944.480000	-79.187906579095	
944.680000	-79.187242002733	
944.880000	-79.186579959097	
945.080000	-79.185920427516	
945.280000	-79.185263386977	
945.480000	-79.184608816098	
945.680000	-79.183956693092	
945.880000	-79.183306995741	
946.080000	-79.182659701350	
946.280000	-79.182014786713	
946.480000	-79.181372228057	
946.680000	-79.180732000995	
946.880000	-79.180094080460	
947.080000	-79.179458440640	
947.280000	-79.178825054896	
947.480000	-79.178193895674	
947.680000	-79.177564934400	
947.880000	-79.176938141356	
948.080000	-79.176313485544	
948.280000	-79.175690934520	
948.480000	-79.175070454195	
948.680000	-79.174452008609	
948.880000	-79.173835559648	
949.080000	-79.173221066710	
949.280000	-79.172608486292	
949.480000	-79.171997771481	
949.680000	-79.171388871318	
949.880000	-79.170781729990	
950.080000	-79.170176285778	
950.280000	-79.169572469693	
950.480000	-79.168970203619	
950.680000	-79.168369397770	
950.880000	-79.167769947065	
951.080000	-79.167171725778	
951.280000	-79.166574579256	
951.480000	-79.165978310333	
951.680000	-79.165382655141	
951.880000	-79.164787234982	
952.080000	-79.164191442378	
952.280000	-79.163594071889	
952.480000	-79.162990222875	
952.680000	-79.162323723640	
952.880000	-79.161412004303	
953.080000	-79.160038678320	
953.280000	-79.158526658461	
953.480000	-79.157044642135	
953.680000	-79.155659686711	
953.880000	-79.154373330540	
954.080000	-79.153140976665	
954.280000	-79.151937748546	
954.480000	-79.150763773991	
954.680000	-79.149630633423	
954.880000	-79.148555416936	
955.080000	-79.147534695986	
955.280000	-79.146549078891	
955.480000	-79.145589465495	
955.680000	-79.144649687100	
955.880000	-79.143724090419	
956.080000	-79.142808975384	
956.280000	-79.141902114444	
956.480000	-79.141002179486	
956.680000	-79.140108374210	
956.880000	-79.139220215971	
957.080000	-79.138337407008	
957.280000	-79.137459757758	
957.480000	-79.136587140868	
957.680000	-79.135719463621	
957.880000	-79.134856651582	
958.080000	-79.133998639111	
958.280000	-79.133145364107	
958.480000	-79.132296765301	
969.020000	-79.092994986467	
969.220000	-79.092338089423	
969.420000	-79.091684165111	
969.620000	-79.091033198531	
969.820000	-79.090385174705	
970.020000	-79.089740078679	
970.220000	-79.089097895510	
970.420000	-79.088458610264	
970.620000	-79.087822208009	
970.820000	-79.087188673814	
971.020000	-79.086557992738	
971.220000	-79.085930149833	
971.420000	-79.085305130134	
971.620000	-79.084682918662	
971.820000	-79.084063500415	
972.020000	-79.083446860366	
972.220000	-79.082832983462	
972.420000	-79.082221854620	
972.620000	-79.081613458724	
972.820000	-79.081007780622	
973.020000	-79.080404805123	
973.220000	-79.079804516996	
973.420000	-79.079206900966	
973.620000	-79.078611941712	
973.820000	-79.078019623864	
974.020000	-79.077429932000	
974.220000	-79.076842850644	
974.420000	-79.076258364263	
974.620000	-79.075676457263	
974.820000	-79.075097113989	
975.020000	-79.074520318716	
975.220000	-79.073946055653	
975.420000	-79.073374308934	
975.620000	-79.072805062614	
975.820000	-79.072238300670	
976.020000	-79.071674006992	
976.220000	-79.071112165380	
976.420000	-79.070552759539	
976.620000	-79.069995773074	
976.820000	-79.069441189483	
977.020000	-79.068888992153	
977.220000	-79.068339164350	
977.420000	-79.067791689216	
977.620000	-79.067246549757	
977.820000	-79.066703728837	
978.020000	-79.066163209167	
978.220000	-79.065624973296	
978.420000	-79.065089003599	
978.620000	-79.064555282264	
978.820000	-79.064023791280	
979.020000	-79.063494512423	
979.220000	-79.062967427236	
979.420000	-79.062442517014	
979.620000	-79.061919762783	
979.820000	-79.061399145278	
980.020000	-79.060880644917	
980.220000	-79.060364241778	
980.420000	-79.059849915562	
980.620000	-79.059337645565	
980.820000	-79.058827410633	
981.020000	-79.058319189124	
981.220000	-79.057812958857	
981.420000	-79.057308697056	
981.620000	-79.056806380284	
981.820000	-79.056305984377	
982.020000	-79.055807484350	
982.220000	-79.055310854311	
982.420000	-79.054816067340	
982.620000	-79.054323095363	
982.820000	-79.053831908993	
983.020000	-79.053342477351	
983.220000	-79.052854767841	
983.420000	-79.052368745893	
983.620000	-79.051884374637	
983.820000	-79.051401614509	
984.020000	-79.050920422764	
984.220000	-79.050440752855	
984.420000	-79.049962553645	
984.620000	-79.049485768377	
984.820000	-79.049010333309	
985.020000	-79.048536175858	
985.220000	-79.048063212005	
985.420000	-79.047591342548	
985.620000	-79.047120447452	
985.820000	-79.046650376894	
986.020000	-79.046180936041	
986.220000	-79.045711856685	
986.420000	-79.045242736659	
986.620000	-79.044772878112	
986.820000	-79.044300594973	
987.020000	-79.043809079346	
987.220000	-79.043216923099	
987.420000	-79.042257295284	
987.620000	-79.041032179753	
987.820000	-79.039771405156	
988.020000	-79.038566741559	
988.220000	-79.037446541626	
988.420000	-79.036385905203	
988.620000	-79.035349694119	
988.820000	-79.034329778611	
989.020000	-79.033333394305	
989.220000	-79.032375510110	
989.420000	-79.031465673244	
989.620000	-79.030590315714	
989.820000	-79.029738391108	
990.020000	-79.028904782632	
990.220000	-79.028084403605	
990.420000	-79.027273668048	
990.620000	-79.026470431898	
990.820000	-79.025673450449	
991.020000	-79.024882004313	
991.220000	-79.024095677439	
991.420000	-79.023314227955	
991.620000	-79.022537512621	
991.820000	-79.021765442377	
992.020000	-79.020997956247	
992.220000	-79.020235006240	
1008.500000	-78.969956502176	
1008.700000	-78.969459524065	
1008.900000	-78.968965067903	
1009.100000	-78.968473120341	
1009.300000	-78.967983668027	
1009.500000	-78.967496697597	
1009.700000	-78.967012195683	
1009.900000	-78.966530148906	
1010.100000	-78.966050543882	
1010.300000	-78.965573367218	
1010.500000	-78.965098605514	
1010.700000	-78.964626245362	
1010.900000	-78.964156273348	
1011.100000	-78.963688676050	
1011.300000	-78.963223440039	
1011.500000	-78.962760551878	
1011.700000	-78.962299998123	
1011.900000	-78.961841765325	
1012.100000	-78.961385840027	
1012.300000	-78.960932208762	
1012.500000	-78.960480858061	
1012.700000	-78.960031774444	
1012.900000	-78.959584944425	
1013.100000	-78.959140354511	
1013.300000	-78.958697991200	
1013.500000	-78.958257840983	
1013.700000	-78.957819890343	
1013.900000	-78.957384125753	
1014.100000	-78.956950533679	
1014.300000	-78.956519100575	
1014.500000	-78.956089812887	
1014.700000	-78.955662657050	
1014.900000	-78.955237619485	
1015.100000	-78.954814686604	
1015.300000	-78.954393844804	
1015.500000	-78.953975080467	
1015.700000	-78.953558379962	
1015.900000	-78.953143729638	
1016.100000	-78.952731115830	
1016.300000	-78.952320524849	
1016.500000	-78.951911942987	
1016.700000	-78.951505356515	
1016.900000	-78.951100751674	
1017.100000	-78.950698114682	
1017.300000	-78.950297431726	
1017.500000	-78.949898688961	
1017.700000	-78.949501872506	
1017.900000	-78.949106968443	
1018.100000	-78.948713962812	
1018.300000	-78.948322841609	
1018.500000	-78.947933590779	
1018.700000	-78.947546196217	
1018.900000	-78.947160643756	
1019.100000	-78.946776919170	
1019.300000	-78.946395008161	
1019.500000	-78.946014896359	
1019.700000	-78.945636569311	
1019.900000	-78.945260012477	
1020.100000	-78.944885211219	
1020.300000	-78.944512150797	
1020.500000	-78.944140816353	
1020.700000	-78.943771192907	
1020.900000	-78.943403265342	
1021.100000	-78.943037018393	
1021.300000	-78.942672436633	
1021.500000	-78.942309504456	
1021.700000	-78.941948206063	
1021.900000	-78.941588525441	
1022.100000	-78.941230446345	
1022.300000	-78.940873952272	
1022.500000	-78.940519026436	
1022.700000	-78.940165651740	
1022.900000	-78.939813810743	
1023.100000	-78.939463485624	
1023.300000	-78.939114658137	
1023.500000	-78.938767309572	
1023.700000	-78.938421420690	
1023.900000	-78.938076971673	
1024.100000	-78.937733942044	
1024.300000	-78.937392310593	
1024.500000	-78.937052055274	
1024.700000	-78.936713153100	
1024.900000	-78.936375580010	
1025.100000	-78.936039310710	
1025.300000	-78.935704318494	
1025.500000	-78.935370575012	
1025.700000	-78.935038050004	
1025.900000	-78.934706710956	
1026.100000	-78.934376522691	
1026.300000	-78.934047446830	
1026.500000	-78.933719441122	
1026.700000	-78.933392458555	
1026.900000	-78.933066446179	
1027.100000	-78.932741343497	
1027.300000	-78.932417080213	
1027.500000	-78.932093572946	
1027.700000	-78.931770720268	
1027.900000	-78.931448394748	
1028.100000	-78.931126429295	
1028.300000	-78.930804591300	
1028.500000	-78.930482526049	
1028.700000	-78.930159598886	
1028.900000	-78.929834130245	
1029.100000	-78.929486304586	
1029.300000	-78.929035884118	
1029.500000	-78.928249721210	
1029.700000	-78.927282382976	
1029.900000	-78.926297554819	
1030.100000	-78.925358363089	
1030.300000	-78.924479565195	
1030.500000	-78.923634651875	
1030.700000	-78.922797707542	
1030.900000	-78.921966176058	
1031.100000	-78.921149024319	
1031.300000	-78.920361116180	
1031.500000	-78.919607729186	
1031.700000	-78.918877263227	
1031.900000	-78.918163352880	
1032.100000	-78.917462370652	
1032.300000	-78.916770682732	
1032.500000	-78.916085934971	
1032.700000	-78.915406785546	
1032.900000	-78.914732495871	
1033.100000	-78.914062669097	
1033.300000	-78.913397098597	
1033.500000	-78.912735681302	
1033.700000	-78.912078368002	
1033.900000	-78.911425134942	
1053.900000	-78.862238051392	
1059.460000	-78.853011616570	
1059.660000	-78.852708286044	
1059.860000	-78.852406826847	
1060.060000	-78.852107227963	
1060.260000	-78.851809478406	
1060.460000	-78.851513567230	
1060.660000	-78.851219483518	
1060.860000	-78.850927216393	
1061.060000	-78.850636755012	
1061.260000	-78.850348088568	
1061.460000	-78.850061206293	
1061.660000	-78.849776097454	
1061.860000	-78.849492751359	
1062.060000	-78.849211157352	
1062.260000	-78.848931304817	
1062.460000	-78.848653183178	
1062.660000	-78.848376781899	
1062.860000	-78.848102090484	
1063.060000	-78.847829098476	
1063.260000	-78.847557795463	
1063.460000	-78.847288171072	
1063.660000	-78.847020214972	
1063.860000	-78.846753916875	
1064.060000	-78.846489266537	
1064.260000	-78.846226253754	
1064.460000	-78.845964868368	
1064.660000	-78.845705100264	
1064.860000	-78.845446939372	
1065.060000	-78.845190375664	
1065.260000	-78.844935399159	
1065.460000	-78.844681999920	
1065.660000	-78.844430168056	
1065.860000	-78.844179893720	
1066.060000	-78.843931167111	
1066.260000	-78.843683978476	
1066.460000	-78.843438318106	
1066.660000	-78.843194176340	
1066.860000	-78.842951543561	
1067.060000	-78.842710410203	
1067.260000	-78.842470766743	
1067.460000	-78.842232603708	
1067.660000	-78.841995911670	
1067.860000	-78.841760681251	
1068.060000	-78.841526903119	
1068.260000	-78.841294567989	
1068.460000	-78.841063666626	
1068.660000	-78.840834189842	
1068.860000	-78.840606128498	
1069.060000	-78.840379473501	
1069.260000	-78.840154215808	
1069.460000	-78.839930346424	
1069.660000	-78.839707856404	
1069.860000	-78.839486736848	
1070.060000	-78.839266978908	
1070.260000	-78.839048573783	
1070.460000	-78.838831512720	
1070.660000	-78.838615787017	
1070.860000	-78.838401388018	
1071.060000	-78.838188307117	
1071.260000	-78.837976535757	
1071.460000	-78.837766065429	
1071.660000	-78.837556887673	
1071.860000	-78.837348994078	
1072.060000	-78.837142376280	
1072.260000	-78.836937025966	
1072.460000	-78.836732934869	
1072.660000	-78.836530094772	
1072.860000	-78.836328497507	
1073.060000	-78.836128134952	
1073.260000	-78.835928999036	
1073.460000	-78.835731081733	
1073.660000	-78.835534375068	
1073.860000	-78.835338871113	
1074.060000	-78.835144561987	
1074.260000	-78.834951439857	
1074.460000	-78.834759496938	
1074.660000	-78.834568725494	
1074.860000	-78.834379117832	
1075.060000	-78.834190666312	
1075.260000	-78.834003363336	
1075.460000	-78.833817201355	
1075.660000	-78.833632172867	
1075.860000	-78.833448270416	
1076.060000	-78.833265486593	
1076.260000	-78.833083814035	
1076.460000	-78.832903245423	
1076.660000	-78.832723773487	
1076.860000	-78.832545391001	
1077.060000	-78.832368090783	
1077.260000	-78.832191865700	
1077.460000	-78.832016708659	
1077.660000	-78.831842612616	
1077.860000	-78.831669570569	
1078.060000	-78.831497575561	
1078.260000	-78.831326620678	
1078.460000	-78.831156699051	
1078.660000	-78.830987803854	
1078.860000	-78.830819928304	
1079.060000	-78.830653065661	
1079.260000	-78.830487209227	
1079.460000	-78.830322352346	
1079.660000	-78.830158488405	
1079.860000	-78.829995610833	
1080.060000	-78.829833713097	
1080.260000	-78.829672788710	
1080.460000	-78.829512831222	
1080.660000	-78.829353834223	
1080.860000	-78.829195791346	
1081.060000	-78.829038696260	
1081.260000	-78.828882542675	
1081.460000	-78.828727324340	
1081.660000	-78.828573035041	
1081.860000	-78.828419668604	
1082.060000	-78.828267218889	
1082.260000	-78.828115679797	
1082.460000	-78.827965045263	
1082.660000	-78.827815309258	
1082.860000	-78.827666465792	
1083.060000	-78.827518508906	
1083.260000	-78.827371432677	
1083.460000	-78.827225231218	
1083.660000	-78.827079898673	
1083.860000	-78.826935429220	
1084.060000	-78.826791817071	
1084.260000	-78.826649056468	
1084.460000	-78.826507141684	
1084.660000	-78.826366067025	
1084.860000	-78.826225826824	
1085.060000	-78.826086415447	
1085.260000	-78.825947827285	
1085.460000	-78.825810056758	
1085.660000	-78.825673098316	
1085.860000	-78.825536946431	
1086.060000	-78.825401595604	
1086.260000	-78.825267040359	
1086.460000	-78.825133275244	
1086.660000	-78.825000294832	
1086.860000	-78.824868093715	
1087.060000	-78.824736666508	
1087.260000	-78.824606007847	
1087.460000	-78.824476112385	
1087.660000	-78.824346974793	
1087.860000	-78.824218589760	
1088.060000	-78.824090951990	
1088.260000	-78.823964056202	
1088.460000	-78.823837897125	
1088.660000	-78.823712469503	
1088.860000	-78.823587768088	
1089.060000	-78.823463787641	
1089.260000	-78.823340522930	
1089.460000	-78.823217968726	
1089.660000	-78.823096119807	
1089.860000	-78.822974970948	
1090.060000	-78.822854516927	
1090.260000	-78.822734752515	
1090.460000	-78.822615672481	
1090.660000	-78.822497271585	
1090.860000	-78.822379544575	
1091.060000	-78.822262486189	
1091.260000	-78.822146091144	
1091.460000	-78.822030354141	
1091.660000	-78.821915269857	
1091.860000	-78.821800832943	
1092.060000	-78.821687038017	
1092.260000	-78.821573879664	
1092.460000	-78.821461352429	
1092.660000	-78.821349450811	
1092.860000	-78.821238169261	
1093.060000	-78.821127502173	
1093.260000	-78.821017443878	
1093.460000	-78.820907988639	
1093.660000	-78.820799130641	
1093.860000	-78.820690863984	
1094.060000	-78.820583182675	
1094.260000	-78.820476080615	
1094.460000	-78.820369551591	
1094.660000	-78.820263589263	
1094.860000	-78.820158187148	
1095.060000	-78.820053338609	
1095.260000	-78.819949036838	
1095.460000	-78.819845274833	
1095.660000	-78.819742045384	
1095.860000	-78.819639341043	
1096.060000	-78.819537154102	
1096.260000	-78.819435476562	
1096.460000	-78.819334300099	
1096.660000	-78.819233616026	
1096.860000	-78.819133415245	
1097.060000	-78.819033688201	
1097.260000	-78.818934424817	
1097.460000	-78.818835614431	
1097.660000	-78.818737245705	
1097.860000	-78.818639306536	
1098.060000	-78.818541783939	
1098.260000	-78.818444663906	
1098.460000	-78.818347931239	
1098.660000	-78.818251569344	
1098.860000	-78.818155559977	
1099.060000	-78.818059882918	
1099.260000	-78.817964515568	
1099.460000	-78.817869432415	
1099.660000	-78.817774604338	
1099.860000	-78.817679997660	
1100.060000	-78.817585572841	
1100.260000	-78.817491282613	
1100.460000	-78.817397069203	
1100.660000	-78.817302860017	
1100.860000	-78.817208560491	
1101.060000	-78.817114041256	
1101.260000	-78.817019112232	
1101.460000	-78.816923459987	
1101.660000	-78.816826435833	
1101.860000	-78.816724853351	
1102.060000	-78.816586288860	
1102.260000	-78.816304351276	
1102.460000	-78.815789053377	
1102.660000	-78.815202616821	
1102.860000	-78.814617514606	
1103.060000	-78.814058191659	
1103.260000	-78.813519520516	
1103.460000	-78.812977669634	
1103.660000	-78.812423561997	
1103.860000	-78.811862963449	
1104.060000	-78.811307995792	
1104.260000	-78.810771289082	
1104.460000	-78.810250782662	
1104.660000	-78.809741041160	
1104.860000	-78.809239526279	
1105.060000	-78.808743735609	
1105.260000	-78.808252105660	
1105.460000	-78.807763845167	
1105.660000	-78.807278601384	
1105.860000	-78.806796251779	
1106.060000	-78.806316788494	
1106.260000	-78.805840255654	
1126.260000	-78.771987515540	
1146.260000	-78.758011048518	
1166.260000	-78.755420288745	
1186.260000	-78.759203329759	
1206.260000	-78.766993497639	
1226.260000	-78.777715234007	
1246.260000	-78.790844321960	
1266.260000	-78.806083876920	
1286.260000	-78.823234191775	
1306.260000	-78.842141862169	
1326.260000	-78.862679344192	
1346.260000	-78.884736075641	
1366.260000	-78.908214109585	
1386.260000	-78.933025602642	
1406.260000	-78.959091160714	
1426.260000	-78.986338627337	
1446.260000	-79.014702132367	
1466.260000	-79.044121312590	
1486.260000	-79.074540656649	
1506.260000	-79.105908945704	
1526.260000	-79.138178770987	
1546.260000	-79.171306114913	
1566.260000	-79.205249985752	
1586.260000	-79.239972098020	
1606.260000	-79.275436592276	
1626.260000	-79.311609789061	
1646.260000	-79.348459972555	
1666.260000	-79.385957200142	
1686.260000	-79.424073134623	
1706.260000	-79.462780896196	
1726.260000	-79.502054931747	
1746.260000	-79.541870899247	
1766.260000	-79.582205565394	
1786.260000	-79.623036714809	
1806.260000	-79.664343069364	
1826.260000	-79.706104216375	
1846.260000	-79.748300544557	
1866.260000	-79.790913186796	
1886.260000	-79.833923968897	
1906.260000	-79.877315363596	
1926.260000	-79.921070449191	
1946.260000	-79.965172872264	
1966.260000	-80.009606813995	
1986.260000	-80.054356959674	
2006.260000	-80.099408471026	
2026.260000	-80.144746961046	
2046.260000	-80.190358471064	
2066.260000	-80.236229449791	
2086.260000	-80.282346734132	
2106.260000	-80.328697531585	
2126.260000	-80.375269404056	
2146.260000	-80.422050252936	
2166.260000	-80.469028305327	
2186.260000	-80.516192101288	
2206.260000	-80.563530482005	
2226.260000	-80.611032578797	
2246.260000	-80.658687802874	
2266.260000	-80.706485835777	
2286.260000	-80.754416620436	
2306.260000	-80.802470352789	
2326.260000	-80.850637473910	
2346.260000	-80.898908662605	
2366.260000	-80.947274828427	
2386.260000	-80.99572710