0.000000	0.000000000000	
20.000000	0.000000000000	
40.000000	0.000000000000	
60.000000	0.000000000000	
80.000000	0.000000000000	
100.000000	0.000000000000	
120.000000	0.002882631631	
140.000000	0.004105278522	
160.000000	0.004603521742	
180.000000	0.004777460311	
200.000000	0.004815188917	
220.000000	0.004816731833	
240.000000	0.004809215705	
260.000000	0.004799902470	
280.000000	0.004790692975	
300.000000	0.004782050091	
320.000000	0.004771817895	
340.000000	0.004708590274	
360.000000	0.004681764520	
380.000000	0.004668671093	
400.000000	0.004660744490	
420.000000	0.004654907570	
440.000000	0.004650050818	
460.000000	0.004645763636	
480.000000	0.004641883526	
495.760000	0.004737805990	
495.960000	0.004733086747	
496.160000	0.004728369930	
496.360000	0.004723655592	
496.560000	0.004718943785	
496.760000	0.004714234553	
496.960000	0.004709527941	
497.160000	0.004704823989	
497.360000	0.004700122739	
497.560000	0.004695424229	
497.760000	0.004690728498	
497.960000	0.004686035583	
498.160000	0.004681345521	
498.360000	0.004676658347	
498.560000	0.004671974096	
498.760000	0.004667292803	
518.760000	0.004217662702	
527.800000	0.004027908666	
528.000000	0.004023808026	
528.200000	0.004019711582	
528.400000	0.004015619330	
528.600000	0.004011531271	
528.800000	0.004007447400	
529.000000	0.004003367716	
529.200000	0.003999292216	
529.400000	0.003995220899	
529.600000	0.003991153761	
529.800000	0.003987090801	
530.000000	0.003983032016	
530.200000	0.003978977404	
530.400000	0.003974926962	
530.600000	0.003970880687	
530.800000	0.003966838577	
531.000000	0.003962800630	
531.200000	0.003958766843	
531.400000	0.003954737212	
531.600000	0.003950711736	
531.800000	0.003946690412	
532.000000	0.003942673236	
550.500000	0.003588586061	
550.700000	0.003584942082	
550.900000	0.003581301921	
551.100000	0.003577665575	
551.300000	0.003574033039	
551.500000	0.003570404310	
551.700000	0.003566779383	
551.900000	0.003563158256	
552.100000	0.003559540923	
552.300000	0.003555927382	
552.500000	0.003552317629	
552.700000	0.003548711659	
552.900000	0.003545109470	
553.100000	0.003541511056	
553.300000	0.003537916414	
553.500000	0.003534325541	
553.700000	0.003530738433	
553.900000	0.003527155085	
554.100000	0.003523575494	
554.300000	0.003519999656	
554.500000	0.003516427567	
554.700000	0.003512859223	
554.900000	0.003509294621	
555.100000	0.003505733757	
555.300000	0.003502176627	
555.500000	0.003498623227	
555.700000	0.003495073553	
555.900000	0.003491527601	
556.100000	0.003487985368	
556.300000	0.003484446849	
556.500000	0.003480912042	
556.700000	0.003477380941	
556.900000	0.003473853544	
557.100000	0.003470329846	
557.300000	0.003466809844	
557.500000	0.003463293533	
557.700000	0.003459780911	
557.900000	0.003456271972	
558.100000	0.003452766714	
558.300000	0.003449265133	
558.500000	0.003445767224	
558.700000	0.003442272983	
558.900000	0.003438782408	
559.100000	0.003435295494	
570.940000	0.003235256755	
571.140000	0.003231983304	
571.340000	0.003228713286	
571.540000	0.003225446697	
571.740000	0.003222183532	
571.940000	0.003218923789	
572.140000	0.003215667464	
572.340000	0.003212414552	
572.540000	0.003209165051	
572.740000	0.003205918956	
572.940000	0.003202676265	
573.140000	0.003199436973	
573.340000	0.003196201077	
573.540000	0.003192968573	
573.740000	0.003189739457	
573.940000	0.003186513727	
574.140000	0.003183291378	
574.340000	0.003180072407	
574.540000	0.003176856810	
574.740000	0.003173644583	
574.940000	0.003170435724	
575.140000	0.003167230227	
575.340000	0.003164028091	
575.540000	0.003160829310	
575.740000	0.003157633883	
575.940000	0.003154441804	
576.140000	0.003151253071	
576.340000	0.003148067679	
576.540000	0.003144885626	
576.740000	0.003141706908	
576.940000	0.003138531520	
577.140000	0.003135359461	
577.340000	0.003132190725	
577.540000	0.003129025310	
577.740000	0.003125863211	
577.940000	0.003122704427	
578.140000	0.003119548951	
578.340000	0.003116396783	
578.540000	0.003113247917	
578.740000	0.003110102350	
578.940000	0.003106960079	
579.140000	0.003103821100	
579.340000	0.003100685409	
579.540000	0.003097553004	
579.740000	0.003094423880	
579.940000	0.003091298035	
580.140000	0.003088175464	
580.340000	0.003085056164	
580.540000	0.003081940131	
580.740000	0.003078827363	
580.940000	0.003075717855	
581.140000	0.003072611605	
581.340000	0.003069508608	
581.540000	0.003066408861	
581.740000	0.003063312360	
581.940000	0.003060219103	
582.140000	0.003057129086	
582.340000	0.003054042304	
582.540000	0.003050958756	
582.740000	0.003047878436	
582.940000	0.003044801343	
583.140000	0.003041727472	
583.340000	0.003038656819	
590.500000	0.002930819430	
590.700000	0.002927864862	
590.900000	0.002924913385	
591.100000	0.002921964996	
591.300000	0.002919019691	
591.500000	0.002916077467	
591.700000	0.002913138321	
591.900000	0.002910202249	
592.100000	0.002907269248	
592.300000	0.002904339314	
592.500000	0.002901412446	
592.700000	0.002898488638	
592.900000	0.002895567889	
593.100000	0.002892650193	
593.300000	0.002889735550	
593.500000	0.002886823954	
593.700000	0.002883915403	
593.900000	0.002881009894	
594.100000	0.002878107423	
594.300000	0.002875207987	
594.500000	0.002872311582	
594.700000	0.002869418206	
594.900000	0.002866527856	
595.100000	0.002863640527	
595.300000	0.002860756217	
595.500000	0.002857874922	
595.700000	0.002854996640	
595.900000	0.002852121367	
596.100000	0.002849249099	
596.300000	0.002846379835	
596.500000	0.002843513569	
596.700000	0.002840650300	
596.900000	0.002837790023	
597.100000	0.002834932736	
597.300000	0.002832078436	
597.500000	0.002829227119	
597.700000	0.002826378782	
597.900000	0.002823533422	
598.100000	0.002820691035	
598.300000	0.002817851619	
598.500000	0.002815015171	
598.700000	0.002812181686	
598.900000	0.002809351162	
599.100000	0.002806523596	
599.300000	0.002803698985	
599.500000	0.002800877325	
599.700000	0.002798058613	
599.900000	0.002795242847	
600.100000	0.002792430022	
600.300000	0.002789620136	
600.500000	0.002786813186	
600.700000	0.002784009168	
600.900000	0.002781208079	
601.100000	0.002778409916	
601.300000	0.002775614677	
601.500000	0.002772822357	
601.700000	0.002770032954	
601.900000	0.002767246465	
602.100000	0.002764462886	
602.300000	0.002761682214	
602.500000	0.002758904447	
602.700000	0.002756129581	
602.900000	0.002753357612	
603.100000	0.002750588539	
603.300000	0.002747822358	
603.500000	0.002745059065	
603.700000	0.002742298657	
603.900000	0.002739541132	
604.100000	0.002736786487	
604.300000	0.002734034718	
604.500000	0.002731285822	
604.700000	0.002728539796	
604.900000	0.002725796637	
605.100000	0.002723056342	
605.300000	0.002720318908	
605.500000	0.002717584332	
605.700000	0.002714852610	
605.900000	0.002712123741	
606.100000	0.002709397720	
606.300000	0.002706674544	
606.500000	0.002703954211	
606.700000	0.002701236717	
606.900000	0.002698522060	
607.100000	0.002695810236	
607.300000	0.002693101243	
607.500000	0.002690395076	
607.700000	0.002687691734	
607.900000	0.002684991214	
608.100000	0.002682293511	
608.300000	0.002679598624	
608.500000	0.002676906548	
608.700000	0.002674217282	
608.900000	0.002671530822	
609.100000	0.002668847165	
609.300000	0.002666166308	
609.500000	0.002663488249	
609.700000	0.002660812983	
609.900000	0.002658140508	
610.100000	0.002655470822	
610.300000	0.002652803920	
610.500000	0.002650139801	
610.700000	0.002647478461	
610.900000	0.002644819897	
611.100000	0.002642164106	
611.300000	0.002639511086	
611.500000	0.002636860832	
611.700000	0.002634213343	
611.900000	0.002631568615	
612.100000	0.002628926646	
612.300000	0.002626287432	
612.500000	0.002623650970	
612.700000	0.002621017257	
612.900000	0.002618386292	
613.100000	0.002615758069	
613.300000	0.002613132588	
613.500000	0.002610509844	
613.700000	0.002607889835	
613.900000	0.002605272557	
614.100000	0.002602658009	
614.300000	0.002600046186	
614.500000	0.002597437086	
614.700000	0.002594830707	
614.900000	0.002592227045	
615.100000	0.002589626097	
615.300000	0.002587027860	
615.500000	0.002584432332	
615.700000	0.002581839509	
615.900000	0.002579249389	
616.100000	0.002576661969	
616.300000	0.002574077245	
616.500000	0.002571495216	
616.700000	0.002568915877	
616.900000	0.002566339227	
617.100000	0.002563765262	
617.300000	0.002561193980	
617.500000	0.002558625377	
617.700000	0.002556059450	
617.900000	0.002553496198	
618.100000	0.002550935616	
618.300000	0.002548377703	
618.500000	0.002545822454	
618.700000	0.002543269868	
618.900000	0.002540719942	
619.100000	0.002538172672	
619.300000	0.002535628056	
619.500000	0.002533086091	
619.700000	0.002530546774	
619.900000	0.002528010102	
620.100000	0.002525476073	
620.300000	0.002522944683	
620.500000	0.002520415930	
620.700000	0.002517889811	
620.900000	0.002515366323	
621.100000	0.002512845464	
621.300000	0.002510327230	
621.500000	0.002507811618	
621.700000	0.002505298627	
621.900000	0.002502788252	
622.100000	0.002500280492	
622.300000	0.002497775343	
622.500000	0.002495272802	
622.700000	0.002492772868	
622.900000	0.002490275537	
623.100000	0.002487780806	
623.300000	0.002485288672	
623.500000	0.002482799133	
623.700000	0.002480312186	
623.900000	0.002477827828	
624.100000	0.002475346056	
624.300000	0.002472866868	
624.500000	0.002470390261	
624.700000	0.002467916232	
624.900000	0.002465444778	
625.100000	0.002462975897	
625.300000	0.002460509585	
625.500000	0.002458045841	
625.700000	0.002455584660	
625.900000	0.002453126042	
626.100000	0.002450669982	
626.300000	0.002448216478	
626.500000	0.002445765527	
626.700000	0.002443317127	
626.900000	0.002440871274	
627.100000	0.002438427967	
627.300000	0.002435987202	
627.500000	0.002433548977	
627.700000	0.002431113289	
627.900000	0.002428680135	
628.100000	0.002426249512	
628.300000	0.002423821418	
628.500000	0.002421395850	
628.700000	0.002418972806	
628.900000	0.002416552282	
629.100000	0.002414134276	
629.300000	0.002411718786	
629.500000	0.002409305808	
629.700000	0.002406895340	
629.900000	0.002404487379	
630.100000	0.002402081922	
630.300000	0.002399678968	
630.500000	0.002397278512	
630.700000	0.002394880553	
630.900000	0.002392485088	
631.100000	0.002390092114	
631.300000	0.002387701628	
631.500000	0.002385313628	
631.700000	0.002382928111	
631.900000	0.002380545075	
632.100000	0.002378164517	
632.300000	0.002375786433	
632.500000	0.002373410823	
632.700000	0.002371037682	
632.900000	0.002368667008	
633.100000	0.002366298799	
633.300000	0.002363933051	
633.500000	0.002361569763	
633.700000	0.002359208932	
633.900000	0.002356850555	
634.100000	0.002354494629	
634.300000	0.002352141152	
634.500000	0.002349790121	
634.700000	0.002347441534	
634.900000	0.002345095387	
635.100000	0.002342751679	
635.300000	0.002340410407	
635.500000	0.002338071567	
635.700000	0.002335735158	
635.900000	0.002333401177	
636.100000	0.002331069622	
636.300000	0.002328740489	
636.500000	0.002326413776	
636.700000	0.002324089481	
636.900000	0.002321767600	
637.100000	0.002319448132	
637.300000	0.002317131074	
637.500000	0.002314816422	
637.700000	0.002312504176	
637.900000	0.002310194331	
638.100000	0.002307886886	
638.300000	0.002305581838	
638.500000	0.002303279184	
638.700000	0.002300978922	
638.900000	0.002298681049	
639.100000	0.002296385563	
639.300000	0.002294092461	
639.500000	0.002291801740	
639.700000	0.002289513398	
639.900000	0.002287227433	
640.100000	0.002284943842	
640.300000	0.002282662622	
640.500000	0.002280383771	
640.700000	0.002278107286	
640.900000	0.002275833165	
641.100000	0.002273561405	
641.300000	0.002271292004	
641.500000	0.002269024960	
641.700000	0.002266760268	
641.900000	0.002264497928	
642.100000	0.002262237937	
642.300000	0.002259980292	
642.500000	0.002257724990	
642.700000	0.002255472029	
642.900000	0.002253221407	
643.100000	0.002250973121	
643.300000	0.002248727169	
643.500000	0.002246483548	
643.700000	0.002244242255	
643.900000	0.002242003289	
644.100000	0.002239766646	
644.300000	0.002237532324	
644.500000	0.002235300322	
644.700000	0.002233070635	
644.900000	0.002230843262	
645.100000	0.002228618200	
645.300000	0.002226395447	
645.500000	0.002224175000	
645.700000	0.002221956857	
645.900000	0.002219741015	
646.100000	0.002217527473	
646.300000	0.002215316227	
646.500000	0.002213107274	
646.700000	0.002210900614	
646.900000	0.002208696242	
647.100000	0.002206494157	
647.300000	0.002204294356	
647.500000	0.002202096837	
647.700000	0.002199901598	
647.900000	0.002197708635	
648.100000	0.002195517947	
648.300000	0.002193329530	
648.500000	0.002191143384	
648.700000	0.002188959504	
648.900000	0.002186777889	
649.100000	0.002184598537	
649.300000	0.002182421444	
649.500000	0.002180246609	
649.700000	0.002178074029	
649.900000	0.002175903702	
650.100000	0.002173735625	
650.300000	0.002171569796	
650.500000	0.002169406212	
650.700000	0.002167244871	
650.900000	0.002165085771	
651.100000	0.002162928909	
651.300000	0.002160774283	
651.500000	0.002158621891	
651.700000	0.002156471730	
651.900000	0.002154323797	
652.100000	0.002152178091	
652.300000	0.002150034608	
652.500000	0.002147893347	
652.700000	0.002145754306	
652.900000	0.002143617481	
653.100000	0.002141482871	
653.300000	0.002139350473	
653.500000	0.002137220284	
653.700000	0.002135092303	
653.900000	0.002132966527	
654.100000	0.002130842953	
654.300000	0.002128721580	
654.500000	0.002126602405	
654.700000	0.002124485426	
654.900000	0.002122370639	
655.100000	0.002120258044	
655.300000	0.002118147637	
655.500000	0.002116039417	
655.700000	0.002113933380	
655.900000	0.002111829525	
656.100000	0.002109727849	
656.300000	0.002107628350	
656.500000	0.002105531026	
656.700000	0.002103435874	
656.900000	0.002101342892	
657.100000	0.002099252078	
657.300000	0.002097163429	
657.500000	0.002095076942	
657.700000	0.002092992617	
657.900000	0.002090910450	
658.100000	0.002088830439	
658.300000	0.002086752582	
658.500000	0.002084676876	
658.700000	0.002082603320	
658.900000	0.002080531910	
659.100000	0.002078462646	
659.300000	0.002076395523	
659.500000	0.002074330540	
659.700000	0.002072267695	
659.900000	0.002070206986	
660.100000	0.002068148410	
660.300000	0.002066091965	
660.500000	0.002064037648	
660.700000	0.002061985458	
660.900000	0.002059935391	
661.100000	0.002057887447	
661.300000	0.002055841622	
661.500000	0.002053797915	
661.700000	0.002051756322	
661.900000	0.002049716842	
662.100000	0.002047679473	
662.300000	0.002045644212	
662.500000	0.002043611057	
662.700000	0.002041580006	
662.900000	0.002039551057	
663.100000	0.002037524206	
663.300000	0.002035499453	
663.500000	0.002033476795	
663.700000	0.002031456229	
663.900000	0.002029437753	
664.100000	0.002027421366	
664.300000	0.002025407064	
664.500000	0.002023394847	
664.700000	0.002021384710	
664.900000	0.002019376653	
665.100000	0.002017370673	
665.300000	0.002015366767	
665.500000	0.002013364935	
665.700000	0.002011365172	
665.900000	0.002009367478	
666.100000	0.002007371849	
666.300000	0.002005378285	
666.500000	0.002003386781	
666.700000	0.002001397338	
666.900000	0.001999409951	
667.100000	0.001997424619	
667.300000	0.001995441340	
667.500000	0.001993460112	
667.700000	0.001991480932	
667.900000	0.001989503798	
668.100000	0.001987528709	
668.300000	0.001985555661	
668.500000	0.001983584652	
668.700000	0.001981615682	
668.900000	0.001979648746	
669.100000	0.001977683844	
669.300000	0.001975720972	
669.500000	0.001973760130	
669.700000	0.001971801314	
669.900000	0.001969844523	
670.100000	0.001967889754	
670.300000	0.001965937005	
670.500000	0.001963986274	
670.700000	0.001962037559	
670.900000	0.001960090857	
671.100000	0.001958146168	
671.300000	0.001956203487	
671.500000	0.001954262814	
671.700000	0.001952324146	
671.900000	0.001950387481	
672.100000	0.001948452817	
672.300000	0.001946520152	
672.500000	0.001944589483	
672.700000	0.001942660809	
672.900000	0.001940734127	
673.100000	0.001938809436	
673.300000	0.001936886732	
673.500000	0.001934966015	
673.700000	0.001933047281	
673.900000	0.001931130529	
674.100000	0.001929215757	
674.300000	0.001927302962	
674.500000	0.001925392143	
674.700000	0.001923483297	
674.900000	0.001921576423	
675.100000	0.001919671517	
675.300000	0.001917768578	
675.500000	0.001915867605	
675.700000	0.001913968594	
675.900000	0.001912071544	
676.100000	0.001910176453	
676.300000	0.001908283318	
676.500000	0.001906392137	
676.700000	0.001904502910	
676.900000	0.001902615632	
677.100000	0.001900730303	
677.300000	0.001898846919	
677.500000	0.001896965480	
677.700000	0.001895085983	
677.900000	0.001893208426	
678.100000	0.001891332807	
678.300000	0.001889459124	
678.500000	0.001887587374	
678.700000	0.001885717556	
678.900000	0.001883849668	
679.100000	0.001881983707	
679.300000	0.001880119672	
679.500000	0.001878257561	
679.700000	0.001876397370	
679.900000	0.001874539100	
680.100000	0.001872682746	
680.300000	0.001870828308	
680.500000	0.001868975783	
680.700000	0.001867125170	
680.900000	0.001865276465	
681.100000	0.001863429668	
681.300000	0.001861584776	
681.500000	0.001859741787	
681.700000	0.001857900699	
681.900000	0.001856061510	
682.100000	0.001854224218	
682.300000	0.001852388822	
682.500000	0.001850555318	
682.700000	0.001848723705	
682.900000	0.001846893981	
683.100000	0.001845066144	
683.300000	0.001843240192	
683.500000	0.001841416123	
683.700000	0.001839593935	
683.900000	0.001837773626	
684.100000	0.001835955194	
684.300000	0.001834138637	
684.500000	0.001832323953	
684.700000	0.001830511139	
684.900000	0.001828700195	
685.100000	0.001826891118	
685.300000	0.001825083905	
685.500000	0.001823278556	
685.700000	0.001821475068	
685.900000	0.001819673438	
686.100000	0.001817873666	
686.300000	0.001816075749	
686.500000	0.001814279685	
686.700000	0.001812485472	
686.900000	0.001810693108	
687.100000	0.001808902591	
687.300000	0.001807113920	
687.500000	0.001805327092	
687.700000	0.001803542105	
687.900000	0.001801758958	
688.100000	0.001799977648	
688.300000	0.001798198174	
688.500000	0.001796420533	
688.700000	0.001794644723	
688.900000	0.001792870743	
689.100000	0.001791098591	
689.300000	0.001789328264	
689.500000	0.001787559762	
689.700000	0.001785793081	
689.900000	0.001784028220	
690.100000	0.001782265176	
690.300000	0.001780503949	
690.500000	0.001778744536	
690.700000	0.001776986935	
690.900000	0.001775231145	
691.100000	0.001773477162	
691.300000	0.001771724986	
691.500000	0.001769974615	
691.700000	0.001768226046	
691.900000	0.001766479278	
692.100000	0.001764734308	
692.300000	0.001762991135	
692.500000	0.001761249757	
692.700000	0.001759510172	
692.900000	0.001757772378	
693.100000	0.001756036373	
693.300000	0.001754302156	
693.500000	0.001752569724	
693.700000	0.001750839075	
693.900000	0.001749110208	
694.100000	0.001747383121	
694.300000	0.001745657811	
694.500000	0.001743934277	
694.700000	0.001742212518	
694.900000	0.001740492530	
695.100000	0.001738774313	
695.300000	0.001737057864	
695.500000	0.001735343181	
695.700000	0.001733630263	
695.900000	0.001731919108	
696.100000	0.001730209714	
696.300000	0.001728502078	
696.500000	0.001726796200	
696.700000	0.001725092077	
696.900000	0.001723389708	
697.100000	0.001721689089	
697.300000	0.001719990221	
697.500000	0.001718293100	
697.700000	0.001716597726	
697.900000	0.001714904095	
698.100000	0.001713212207	
698.300000	0.001711522059	
698.500000	0.001709833649	
698.700000	0.001708146976	
698.900000	0.001706462038	
699.100000	0.001704778833	
699.300000	0.001703097360	
699.500000	0.001701417615	
699.700000	0.001699739598	
699.900000	0.001698063307	
700.100000	0.001696388739	
700.300000	0.001694715894	
700.500000	0.001693044768	
700.700000	0.001691375361	
700.900000	0.001689707670	
701.100000	0.001688041694	
701.300000	0.001686377431	
701.500000	0.001684714879	
701.700000	0.001683054036	
701.900000	0.001681394901	
702.100000	0.001679737471	
702.300000	0.001678081745	
702.500000	0.001676427721	
702.700000	0.001674775397	
702.900000	0.001673124771	
703.100000	0.001671475842	
703.300000	0.001669828608	
703.500000	0.001668183067	
703.700000	0.001666539217	
703.900000	0.001664897056	
704.100000	0.001663256583	
704.300000	0.001661617795	
704.500000	0.001659980692	
704.700000	0.001658345270	
704.900000	0.001656711530	
705.100000	0.001655079467	
705.300000	0.001653449082	
705.500000	0.001651820372	
705.700000	0.001650193335	
705.900000	0.001648567969	
706.100000	0.001646944273	
706.300000	0.001645322246	
706.500000	0.001643701884	
706.700000	0.001642083187	
706.900000	0.001640466152	
707.100000	0.001638850779	
707.300000	0.001637237064	
707.500000	0.001635625007	
707.700000	0.001634014605	
707.900000	0.001632405858	
708.100000	0.001630798762	
708.300000	0.001629193317	
708.500000	0.001627589520	
708.700000	0.001625987371	
708.900000	0.001624386866	
709.100000	0.001622788005	
709.300000	0.001621190785	
709.500000	0.001619595205	
709.700000	0.001618001263	
709.900000	0.001616408958	
710.100000	0.001614818287	
710.300000	0.001613229250	
710.500000	0.001611641843	
710.700000	0.001610056066	
710.900000	0.001608471917	
711.100000	0.001606889393	
711.300000	0.001605308494	
711.500000	0.001603729218	
711.700000	0.001602151562	
711.900000	0.001600575526	
712.100000	0.001599001107	
712.300000	0.001597428303	
712.500000	0.001595857114	
712.700000	0.001594287537	
712.900000	0.001592719570	
713.100000	0.001591153212	
713.300000	0.001589588461	
713.500000	0.001588025316	
713.700000	0.001586463775	
713.900000	0.001584903835	
714.100000	0.001583345496	
714.300000	0.001581788755	
714.500000	0.001580233612	
714.700000	0.001578680063	
714.900000	0.001577128109	
715.100000	0.001575577746	
715.300000	0.001574028973	
715.500000	0.001572481789	
715.700000	0.001570936191	
715.900000	0.001569392179	
716.100000	0.001567849750	
716.300000	0.001566308903	
716.500000	0.001564769636	
716.700000	0.001563231947	
716.900000	0.001561695836	
717.100000	0.001560161299	
717.300000	0.001558628335	
717.500000	0.001557096944	
717.700000	0.001555567122	
717.900000	0.001554038869	
718.100000	0.001552512183	
718.300000	0.001550987061	
718.500000	0.001549463503	
718.700000	0.001547941507	
718.900000	0.001546421071	
719.100000	0.001544902194	
719.300000	0.001543384873	
719.500000	0.001541869107	
719.700000	0.001540354895	
719.900000	0.001538842235	
720.100000	0.001537331125	
720.300000	0.001535821563	
720.500000	0.001534313549	
720.700000	0.001532807080	
720.900000	0.001531302154	
721.100000	0.001529798771	
721.300000	0.001528296927	
721.500000	0.001526796623	
721.700000	0.001525297856	
721.900000	0.001523800624	
722.100000	0.001522304926	
722.300000	0.001520810761	
722.500000	0.001519318126	
722.700000	0.001517827020	
722.900000	0.001516337441	
723.100000	0.001514849388	
723.300000	0.001513362860	
723.500000	0.001511877854	
723.700000	0.001510394368	
723.900000	0.001508912402	
724.100000	0.001507431954	
724.300000	0.001505953022	
724.500000	0.001504475605	
724.700000	0.001502999700	
724.900000	0.001501525307	
725.100000	0.001500052423	
725.300000	0.001498581047	
725.500000	0.001497111178	
725.700000	0.001495642814	
725.900000	0.001494175953	
726.100000	0.001492710594	
726.300000	0.001491246735	
726.500000	0.001489784374	
726.700000	0.001488323511	
726.900000	0.001486864143	
727.100000	0.001485406268	
727.300000	0.001483949886	
727.500000	0.001482494994	
727.700000	0.001481041592	
727.900000	0.001479589677	
728.100000	0.001478139248	
728.300000	0.001476690303	
728.500000	0.001475242841	
728.700000	0.001473796860	
728.900000	0.001472352359	
729.100000	0.001470909335	
729.300000	0.001469467789	
729.500000	0.001468027717	
729.700000	0.001466589118	
729.900000	0.001465151992	
730.100000	0.001463716335	
730.300000	0.001462282147	
730.500000	0.001460849427	
730.700000	0.001459418172	
730.900000	0.001457988381	
731.100000	0.001456560052	
731.300000	0.001455133185	
731.500000	0.001453707777	
731.700000	0.001452283826	
731.900000	0.001450861332	
732.100000	0.001449440293	
732.300000	0.001448020707	
732.500000	0.001446602573	
732.700000	0.001445185889	
732.900000	0.001443770653	
733.100000	0.001442356864	
733.300000	0.001440944522	
733.500000	0.001439533623	
733.700000	0.001438124166	
733.900000	0.001436716151	
734.100000	0.001435309575	
734.300000	0.001433904437	
734.500000	0.001432500735	
734.700000	0.001431098469	
734.900000	0.001429697635	
735.100000	0.001428298234	
735.300000	0.001426900263	
735.500000	0.001425503720	
735.700000	0.001424108605	
735.900000	0.001422714916	
736.100000	0.001421322651	
736.300000	0.001419931809	
736.500000	0.001418542388	
736.700000	0.001417154387	
736.900000	0.001415767805	
737.100000	0.001414382639	
737.300000	0.001412998888	
737.500000	0.001411616551	
737.700000	0.001410235627	
737.900000	0.001408856113	
738.100000	0.001407478009	
738.300000	0.001406101312	
738.500000	0.001404726022	
738.700000	0.001403352136	
738.900000	0.001401979654	
739.100000	0.001400608574	
739.300000	0.001399238895	
739.500000	0.001397870614	
739.700000	0.001396503730	
739.900000	0.001395138243	
740.100000	0.001393774150	
740.300000	0.001392411450	
740.500000	0.001391050142	
740.700000	0.001389690224	
740.900000	0.001388331694	
741.100000	0.001386974552	
741.300000	0.001385618795	
741.500000	0.001384264422	
741.700000	0.001382911432	
741.900000	0.001381559824	
742.100000	0.001380209595	
742.300000	0.001378860745	
742.500000	0.001377513271	
742.700000	0.001376167174	
742.900000	0.001374822450	
743.100000	0.001373479098	
743.300000	0.001372137118	
743.500000	0.001370796507	
743.700000	0.001369457265	
743.900000	0.001368119389	
744.100000	0.001366782879	
744.300000	0.001365447733	
744.500000	0.001364113949	
744.700000	0.001362781526	
744.900000	0.001361450462	
745.100000	0.001360120757	
745.300000	0.001358792408	
745.500000	0.001357465415	
745.700000	0.001356139776	
745.900000	0.001354815489	
746.100000	0.001353492552	
746.300000	0.001352170966	
746.500000	0.001350850728	
746.700000	0.001349531836	
746.900000	0.001348214289	
747.100000	0.001346898087	
747.300000	0.001345583227	
747.500000	0.001344269708	
747.700000	0.001342957528	
747.900000	0.001341646687	
748.100000	0.001340337182	
748.300000	0.001339029013	
748.500000	0.001337722178	
748.700000	0.001336416675	
748.900000	0.001335112504	
749.100000	0.001333809662	
749.300000	0.001332508149	
749.500000	0.001331207962	
749.700000	0.001329909101	
749.900000	0.001328611564	
750.100000	0.001327315350	
750.300000	0.001326020458	
750.500000	0.001324726885	
750.700000	0.001323434631	
750.900000	0.001322143694	
751.100000	0.001320854072	
751.300000	0.001319565766	
751.500000	0.001318278772	
751.700000	0.001316993089	
751.900000	0.001315708717	
752.100000	0.001314425654	
752.300000	0.001313143899	
752.500000	0.001311863449	
752.700000	0.001310584304	
752.900000	0.001309306463	
753.100000	0.001308029923	
753.300000	0.001306754684	
753.500000	0.001305480744	
753.700000	0.001304208102	
753.900000	0.001302936757	
754.100000	0.001301666706	
754.300000	0.001300397950	
754.500000	0.001299130485	
754.700000	0.001297864312	
754.900000	0.001296599429	
755.100000	0.001295335833	
755.300000	0.001294073525	
755.500000	0.001292812502	
755.700000	0.001291552764	
755.900000	0.001290294308	
756.100000	0.001289037134	
756.300000	0.001287781240	
756.500000	0.001286526625	
756.700000	0.001285273287	
756.900000	0.001284021225	
757.100000	0.001282770439	
757.300000	0.001281520925	
757.500000	0.001280272684	
757.700000	0.001279025713	
757.900000	0.001277780012	
758.100000	0.001276535579	
758.300000	0.001275292413	
758.500000	0.001274050512	
758.700000	0.001272809875	
758.900000	0.001271570501	
759.100000	0.001270332388	
759.300000	0.001269095536	
759.500000	0.001267859942	
759.700000	0.001266625605	
759.900000	0.001265392525	
760.100000	0.001264160699	
760.300000	0.001262930127	
760.500000	0.001261700807	
760.700000	0.001260472738	
760.900000	0.001259245918	
761.100000	0.001258020346	
761.300000	0.001256796021	
761.500000	0.001255572942	
761.700000	0.001254351107	
761.900000	0.001253130515	
762.100000	0.001251911165	
762.300000	0.001250693055	
762.500000	0.001249476183	
762.700000	0.001248260550	
762.900000	0.001247046153	
763.100000	0.001245832991	
763.300000	0.001244621063	
763.500000	0.001243410367	
763.700000	0.001242200902	
763.900000	0.001240992668	
764.100000	0.001239785662	
764.300000	0.001238579883	
764.500000	0.001237375330	
764.700000	0.001236172002	
764.900000	0.001234969897	
765.100000	0.001233769015	
765.300000	0.001232569353	
765.500000	0.001231370911	
765.700000	0.001230173687	
765.900000	0.001228977681	
766.100000	0.001227782890	
766.300000	0.001226589313	
766.500000	0.001225396949	
766.700000	0.001224205798	
766.900000	0.001223015857	
767.100000	0.001221827125	
767.300000	0.001220639601	
767.500000	0.001219453285	
767.700000	0.001218268173	
767.900000	0.001217084266	
768.100000	0.001215901562	
768.300000	0.001214720060	
768.500000	0.001213539758	
768.700000	0.001212360655	
768.900000	0.001211182750	
769.100000	0.001210006042	
769.300000	0.001208830529	
769.500000	0.001207656210	
769.700000	0.001206483085	
769.900000	0.001205311151	
770.100000	0.001204140407	
770.300000	0.001202970852	
770.500000	0.001201802485	
770.700000	0.001200635305	
770.900000	0.001199469310	
771.100000	0.001198304500	
771.300000	0.001197140872	
771.500000	0.001195978426	
771.700000	0.001194817160	
771.900000	0.001193657073	
772.100000	0.001192498165	
772.300000	0.001191340433	
772.500000	0.001190183876	
772.700000	0.001189028494	
772.900000	0.001187874284	
773.100000	0.001186721247	
773.300000	0.001185569379	
773.500000	0.001184418681	
773.700000	0.001183269152	
773.900000	0.001182120788	
774.100000	0.001180973591	
774.300000	0.001179827558	
774.500000	0.001178682688	
774.700000	0.001177538979	
774.900000	0.001176396432	
775.100000	0.001175255044	
775.300000	0.001174114814	
775.500000	0.001172975741	
775.700000	0.001171837824	
775.900000	0.001170701062	
776.100000	0.001169565453	
776.300000	0.001168430996	
776.500000	0.001167297690	
776.700000	0.001166165534	
776.900000	0.001165034527	
777.100000	0.001163904666	
777.300000	0.001162775952	
777.500000	0.001161648383	
777.700000	0.001160521958	
777.900000	0.001159396675	
778.100000	0.001158272533	
778.300000	0.001157149531	
778.500000	0.001156027669	
778.700000	0.001154906944	
778.900000	0.001153787355	
779.100000	0.001152668902	
779.300000	0.001151551583	
779.500000	0.001150435397	
779.700000	0.001149320343	
779.900000	0.001148206419	
780.100000	0.001147093625	
780.300000	0.001145981958	
780.500000	0.001144871419	
780.700000	0.001143762006	
780.900000	0.001142653717	
781.100000	0.001141546552	
781.300000	0.001140440509	
781.500000	0.001139335587	
781.700000	0.001138231785	
781.900000	0.001137129101	
782.100000	0.001136027536	
782.300000	0.001134927086	
782.500000	0.001133827752	
782.700000	0.001132729532	
782.900000	0.001131632425	
783.100000	0.001130536429	
783.300000	0.001129441544	
783.500000	0.001128347768	
783.700000	0.001127255101	
783.900000	0.001126163541	
784.100000	0.001125073086	
784.300000	0.001123983736	
784.500000	0.001122895490	
784.700000	0.001121808346	
784.900000	0.001120722303	
785.100000	0.001119637361	
785.300000	0.001118553517	
785.500000	0.001117470771	
785.700000	0.001116389122	
785.900000	0.001115308568	
786.100000	0.001114229109	
786.300000	0.001113150743	
786.500000	0.001112073468	
786.700000	0.001110997285	
786.900000	0.001109922191	
787.100000	0.001108848186	
787.300000	0.001107775268	
787.500000	0.001106703437	
787.700000	0.001105632691	
787.900000	0.001104563029	
788.100000	0.001103494449	
788.300000	0.001102426952	
788.500000	0.001101360535	
788.700000	0.001100295198	
788.900000	0.001099230938	
789.100000	0.001098167756	
789.300000	0.001097105651	
789.500000	0.001096044620	
789.700000	0.001094984663	
789.900000	0.001093925778	
790.100000	0.001092867966	
790.300000	0.001091811223	
790.500000	0.001090755550	
790.700000	0.001089700945	
790.900000	0.001088647408	
791.100000	0.001087594936	
791.300000	0.001086543529	
791.500000	0.001085493186	
791.700000	0.001084443905	
791.900000	0.001083395686	
792.100000	0.001082348527	
792.300000	0.001081302428	
792.500000	0.001080257386	
792.700000	0.001079213402	
792.900000	0.001078170474	
793.100000	0.001077128600	
793.300000	0.001076087781	
793.500000	0.001075048013	
793.700000	0.001074009298	
793.900000	0.001072971633	
794.100000	0.001071935017	
794.300000	0.001070899449	
794.500000	0.001069864928	
794.700000	0.001068831454	
794.900000	0.001067799024	
795.100000	0.001066767638	
795.300000	0.001065737295	
795.500000	0.001064707993	
795.700000	0.001063679733	
795.900000	0.001062652511	
796.100000	0.001061626328	
796.300000	0.001060601182	
796.500000	0.001059577072	
796.700000	0.001058553998	
796.900000	0.001057531957	
797.100000	0.001056510949	
797.300000	0.001055490973	
797.500000	0.001054472028	
797.700000	0.001053454113	
797.900000	0.001052437226	
798.100000	0.001051421367	
798.300000	0.001050406534	
798.500000	0.001049392727	
798.700000	0.001048379943	
798.900000	0.001047368184	
799.100000	0.001046357446	
799.300000	0.001045347729	
799.500000	0.001044339032	
799.700000	0.001043331355	
799.900000	0.001042324695	
800.100000	0.001041319052	
800.300000	0.001040314424	
800.500000	0.001039310812	
800.700000	0.001038308213	
800.900000	0.001037306626	
801.100000	0.001036306051	
801.300000	0.001035306486	
801.500000	0.001034307931	
801.700000	0.001033310384	
801.900000	0.001032313845	
802.100000	0.001031318311	
802.300000	0.001030323783	
802.500000	0.001029330259	
802.700000	0.001028337738	
802.900000	0.001027346218	
803.100000	0.001026355700	
803.300000	0.001025366182	
803.500000	0.001024377662	
803.700000	0.001023390141	
803.900000	0.001022403616	
804.100000	0.001021418087	
804.300000	0.001020433552	
804.500000	0.001019450011	
804.700000	0.001018467463	
804.900000	0.001017485906	
805.100000	0.001016505340	
805.300000	0.001015525763	
805.500000	0.001014547175	
805.700000	0.001013569574	
805.900000	0.001012592959	
806.100000	0.001011617330	
806.300000	0.001010642685	
806.500000	0.001009669023	
806.700000	0.001008696344	
806.900000	0.001007724646	
807.100000	0.001006753928	
807.300000	0.001005784189	
807.500000	0.001004815428	
807.700000	0.001003847644	
807.900000	0.001002880837	
808.100000	0.001001915004	
808.300000	0.001000950146	
808.500000	0.000999986261	
808.700000	0.000999023347	
808.900000	0.000998061405	
809.100000	0.000997100433	
809.300000	0.000996140429	
809.500000	0.000995181394	
809.700000	0.000994223325	
809.900000	0.000993266222	
810.100000	0.000992310085	
810.300000	0.000991354911	
810.500000	0.000990400700	
810.700000	0.000989447451	
810.900000	0.000988495163	
811.100000	0.000987543835	
811.300000	0.000986593465	
811.500000	0.000985644054	
811.700000	0.000984695599	
811.900000	0.000983748100	
812.100000	0.000982801556	
812.300000	0.000981855966	
812.500000	0.000980911329	
812.700000	0.000979967644	
812.900000	0.000979024909	
813.100000	0.000978083125	
813.300000	0.000977142289	
813.500000	0.000976202401	
813.700000	0.000975263461	
813.900000	0.000974325466	
814.100000	0.000973388416	
814.300000	0.000972452309	
814.500000	0.000971517146	
814.700000	0.000970582925	
814.900000	0.000969649645	
815.100000	0.000968717305	
815.300000	0.000967785904	
815.500000	0.000966855440	
815.700000	0.000965925914	
815.900000	0.000964997324	
816.100000	0.000964069669	
816.300000	0.000963142949	
816.500000	0.000962217161	
816.700000	0.000961292305	
816.900000	0.000960368381	
817.100000	0.000959445387	
817.300000	0.000958523322	
817.500000	0.000957602185	
817.700000	0.000956681976	
817.900000	0.000955762693	
818.100000	0.000954844336	
818.300000	0.000953926902	
818.500000	0.000953010393	
818.700000	0.000952094805	
818.900000	0.000951180139	
819.100000	0.000950266394	
819.300000	0.000949353569	
819.500000	0.000948441661	
819.700000	0.000947530672	
819.900000	0.000946620599	
820.100000	0.000945711442	
820.300000	0.000944803200	
820.500000	0.000943895872	
820.700000	0.000942989456	
820.900000	0.000942083953	
821.100000	0.000941179360	
821.300000	0.000940275677	
821.500000	0.000939372904	
821.700000	0.000938471039	
821.900000	0.000937570080	
822.100000	0.000936670028	
822.300000	0.000935770881	
822.500000	0.000934872639	
822.700000	0.000933975300	
822.900000	0.000933078863	
823.100000	0.000932183328	
823.300000	0.000931288694	
823.500000	0.000930394959	
823.700000	0.000929502122	
823.900000	0.000928610184	
824.100000	0.000927719142	
824.300000	0.000926828996	
824.500000	0.000925939745	
824.700000	0.000925051388	
824.900000	0.000924163925	
825.100000	0.000923277353	
825.300000	0.000922391672	
825.500000	0.000921506882	
825.700000	0.000920622981	
825.900000	0.000919739968	
826.100000	0.000918857843	
826.300000	0.000917976605	
826.500000	0.000917096252	
826.700000	0.000916216784	
826.900000	0.000915338199	
827.100000	0.000914460498	
827.300000	0.000913583678	
827.500000	0.000912707739	
827.700000	0.000911832681	
827.900000	0.000910958502	
828.100000	0.000910085201	
828.300000	0.000909212777	
828.500000	0.000908341230	
828.700000	0.000907470558	
828.900000	0.000906600761	
829.100000	0.000905731837	
829.300000	0.000904863786	
829.500000	0.000903996608	
829.700000	0.000903130300	
829.900000	0.000902264862	
830.100000	0.000901400293	
830.300000	0.000900536593	
830.500000	0.000899673760	
830.700000	0.000898811793	
830.900000	0.000897950692	
831.100000	0.000897090455	
831.300000	0.000896231082	
831.500000	0.000895372572	
831.700000	0.000894514924	
831.900000	0.000893658137	
832.100000	0.000892802210	
832.300000	0.000891947142	
832.500000	0.000891092933	
832.700000	0.000890239581	
832.900000	0.000889387085	
833.100000	0.000888535445	
833.300000	0.000887684660	
833.500000	0.000886834729	
833.700000	0.000885985651	
833.900000	0.000885137424	
834.100000	0.000884290049	
834.300000	0.000883443525	
834.500000	0.000882597849	
834.700000	0.000881753023	
834.900000	0.000880909044	
835.100000	0.000880065911	
835.300000	0.000879223625	
835.500000	0.000878382183	
835.700000	0.000877541586	
835.900000	0.000876701832	
836.100000	0.000875862920	
836.300000	0.000875024850	
836.500000	0.000874187620	
836.700000	0.000873351230	
836.900000	0.000872515679	
837.100000	0.000871680966	
837.300000	0.000870847090	
837.500000	0.000870014050	
837.700000	0.000869181846	
837.900000	0.000868350476	
838.100000	0.000867519940	
838.300000	0.000866690236	
838.500000	0.000865861364	
838.700000	0.000865033324	
838.900000	0.000864206113	
839.100000	0.000863379732	
839.300000	0.000862554179	
839.500000	0.000861729454	
839.700000	0.000860905556	
839.900000	0.000860082483	
840.100000	0.000859260235	
840.300000	0.000858438812	
840.500000	0.000857618211	
840.700000	0.000856798433	
840.900000	0.000855979477	
841.100000	0.000855161341	
841.300000	0.000854344026	
841.500000	0.000853527529	
841.700000	0.000852711850	
841.900000	0.000851896988	
842.100000	0.000851082943	
842.300000	0.000850269714	
842.500000	0.000849457299	
842.700000	0.000848645698	
842.900000	0.000847834911	
843.100000	0.000847024935	
843.300000	0.000846215771	
843.500000	0.000845407417	
843.700000	0.000844599873	
843.900000	0.000843793137	
844.100000	0.000842987210	
844.300000	0.000842182090	
844.500000	0.000841377776	
844.700000	0.000840574267	
844.900000	0.000839771563	
845.100000	0.000838969663	
845.300000	0.000838168566	
845.500000	0.000837368271	
845.700000	0.000836568777	
845.900000	0.000835770083	
846.100000	0.000834972190	
846.300000	0.000834175095	
846.500000	0.000833378797	
846.700000	0.000832583297	
846.900000	0.000831788594	
847.100000	0.000830994685	
847.300000	0.000830201572	
847.500000	0.000829409252	
847.700000	0.000828617725	
847.900000	0.000827826990	
848.100000	0.000827037046	
848.300000	0.000826247893	
848.500000	0.000825459530	
848.700000	0.000824671955	
848.900000	0.000823885169	
849.100000	0.000823099170	
849.300000	0.000822313957	
849.500000	0.000821529530	
849.700000	0.000820745887	
849.900000	0.000819963028	
850.100000	0.000819180953	
850.300000	0.000818399660	
850.500000	0.000817619148	
850.700000	0.000816839417	
850.900000	0.000816060466	
851.100000	0.000815282294	
851.300000	0.000814504900	
851.500000	0.000813728283	
851.700000	0.000812952444	
851.900000	0.000812177380	
852.100000	0.000811403091	
852.300000	0.000810629576	
852.500000	0.000809856835	
852.700000	0.000809084866	
852.900000	0.000808313669	
853.100000	0.000807543243	
853.300000	0.000806773587	
853.500000	0.000806004701	
853.700000	0.000805236583	
853.900000	0.000804469233	
854.100000	0.000803702650	
854.300000	0.000802936834	
854.500000	0.000802171782	
854.700000	0.000801407496	
854.900000	0.000800643973	
855.100000	0.000799881213	
855.300000	0.000799119215	
855.500000	0.000798357979	
855.700000	0.000797597503	
855.900000	0.000796837787	
856.100000	0.000796078831	
856.300000	0.000795320632	
856.500000	0.000794563191	
856.700000	0.000793806507	
856.900000	0.000793050579	
857.100000	0.000792295406	
857.300000	0.000791540987	
857.500000	0.000790787322	
857.700000	0.000790034409	
857.900000	0.000789282249	
858.100000	0.000788530839	
858.300000	0.000787780180	
858.500000	0.000787030271	
858.700000	0.000786281111	
858.900000	0.000785532699	
859.100000	0.000784785034	
859.300000	0.000784038115	
859.500000	0.000783291943	
859.700000	0.000782546515	
859.900000	0.000781801832	
860.100000	0.000781057892	
860.300000	0.000780314695	
860.500000	0.000779572239	
860.700000	0.000778830525	
860.900000	0.000778089551	
861.100000	0.000777349317	
861.300000	0.000776609822	
861.500000	0.000775871064	
861.700000	0.000775133044	
861.900000	0.000774395761	
862.100000	0.000773659213	
862.300000	0.000772923400	
862.500000	0.000772188322	
862.700000	0.000771453976	
862.900000	0.000770720364	
863.100000	0.000769987484	
863.300000	0.000769255335	
863.500000	0.000768523916	
863.700000	0.000767793227	
863.900000	0.000767063267	
864.100000	0.000766334035	
864.300000	0.000765605530	
864.500000	0.000764877752	
864.700000	0.000764150700	
864.900000	0.000763424373	
865.100000	0.000762698771	
865.300000	0.000761973892	
865.500000	0.000761249736	
865.700000	0.000760526302	
865.900000	0.000759803590	
866.100000	0.000759081598	
866.300000	0.000758360326	
866.500000	0.000757639774	
866.700000	0.000756919939	
866.900000	0.000756200823	
867.100000	0.000755482423	
867.300000	0.000754764739	
867.500000	0.000754047771	
867.700000	0.000753331518	
867.900000	0.000752615978	
868.100000	0.000751901152	
868.300000	0.000751187038	
868.500000	0.000750473636	
868.700000	0.000749760945	
868.900000	0.000749048964	
869.100000	0.000748337693	
869.300000	0.000747627130	
869.500000	0.000746917276	
869.700000	0.000746208128	
869.900000	0.000745499688	
870.100000	0.000744791953	
870.300000	0.000744084923	
870.500000	0.000743378598	
870.700000	0.000742672976	
870.900000	0.000741968058	
871.100000	0.000741263841	
871.300000	0.000740560326	
871.500000	0.000739857512	
871.700000	0.000739155397	
871.900000	0.000738453982	
872.100000	0.000737753266	
872.300000	0.000737053247	
872.500000	0.000736353926	
872.700000	0.000735655300	
872.900000	0.000734957371	
873.100000	0.000734260137	
873.300000	0.000733563596	
873.500000	0.000732867749	
873.700000	0.000732172595	
873.900000	0.000731478134	
874.100000	0.000730784363	
874.300000	0.000730091283	
874.500000	0.000729398893	
874.700000	0.000728707192	
874.900000	0.000728016180	
875.100000	0.000727325855	
875.300000	0.000726636218	
875.500000	0.000725947267	
875.700000	0.000725259002	
875.900000	0.000724571421	
876.100000	0.000723884525	
876.300000	0.000723198312	
876.500000	0.000722512782	
876.700000	0.000721827934	
876.900000	0.000721143768	
877.100000	0.000720460282	
877.300000	0.000719777476	
877.500000	0.000719095350	
877.700000	0.000718413902	
877.900000	0.000717733132	
878.100000	0.000717053039	
878.300000	0.000716373623	
878.500000	0.000715694882	
878.700000	0.000715016817	
878.900000	0.000714339425	
879.100000	0.000713662708	
879.300000	0.000712986663	
879.500000	0.000712311291	
879.700000	0.000711636591	
879.900000	0.000710962561	
880.100000	0.000710289201	
880.300000	0.000709616511	
880.500000	0.000708944490	
880.700000	0.000708273137	
880.900000	0.000707602451	
881.100000	0.000706932432	
881.300000	0.000706263079	
881.500000	0.000705594392	
881.700000	0.000704926369	
881.900000	0.000704259010	
882.100000	0.000703592314	
882.300000	0.000702926281	
882.500000	0.000702260910	
882.700000	0.000701596200	
882.900000	0.000700932151	
883.100000	0.000700268762	
883.300000	0.000699606031	
883.500000	0.000698943960	
883.700000	0.000698282546	
883.900000	0.000697621789	
884.100000	0.000696961689	
884.300000	0.000696302244	
884.500000	0.000695643455	
884.700000	0.000694985320	
884.900000	0.000694327838	
885.100000	0.000693671010	
885.300000	0.000693014834	
885.500000	0.000692359310	
885.700000	0.000691704437	
885.900000	0.000691050215	
886.100000	0.000690396642	
886.300000	0.000689743718	
886.500000	0.000689091442	
886.700000	0.000688439815	
886.900000	0.000687788834	
887.100000	0.000687138499	
887.300000	0.000686488810	
887.500000	0.000685839767	
887.700000	0.000685191367	
887.900000	0.000684543611	
888.100000	0.000683896499	
888.300000	0.000683250028	
888.500000	0.000682604200	
888.700000	0.000681959012	
888.900000	0.000681314465	
889.100000	0.000680670557	
889.300000	0.000680027289	
889.500000	0.000679384658	
889.700000	0.000678742666	
889.900000	0.000678101311	
890.100000	0.000677460592	
890.300000	0.000676820508	
890.500000	0.000676181060	
890.700000	0.000675542247	
890.900000	0.000674904067	
891.100000	0.000674266520	
891.300000	0.000673629605	
891.500000	0.000672993323	
891.700000	0.000672357671	
891.900000	0.000671722651	
892.100000	0.000671088260	
892.300000	0.000670454498	
892.500000	0.000669821364	
892.700000	0.000669188859	
892.900000	0.000668556981	
893.100000	0.000667925730	
893.300000	0.000667295104	
893.500000	0.000666665104	
893.700000	0.000666035728	
893.900000	0.000665406977	
894.100000	0.000664778849	
894.300000	0.000664151343	
894.500000	0.000663524460	
894.700000	0.000662898198	
894.900000	0.000662272557	
895.100000	0.000661647536	
895.300000	0.000661023135	
895.500000	0.000660399353	
895.700000	0.000659776188	
895.900000	0.000659153642	
896.100000	0.000658531712	
896.300000	0.000657910399	
896.500000	0.000657289701	
896.700000	0.000656669619	
896.900000	0.000656050151	
897.100000	0.000655431297	
897.300000	0.000654813055	
897.500000	0.000654195427	
897.700000	0.000653578410	
897.900000	0.000652962005	
898.100000	0.000652346210	
898.300000	0.000651731025	
898.500000	0.000651116450	
898.700000	0.000650502483	
898.900000	0.000649889125	
899.100000	0.000649276374	
899.300000	0.000648664229	
899.500000	0.000648052692	
899.700000	0.000647441759	
899.900000	0.000646831432	
900.100000	0.000646221709	
900.300000	0.000645612590	
900.500000	0.000645004074	
900.700000	0.000644396160	
900.900000	0.000643788848	
901.100000	0.000643182138	
901.300000	0.000642576028	
901.500000	0.000641970518	
901.700000	0.000641365608	
901.900000	0.000640761296	
902.100000	0.000640157582	
902.300000	0.000639554466	
902.500000	0.000638951947	
902.700000	0.000638350025	
902.900000	0.000637748698	
903.100000	0.000637147966	
903.300000	0.000636547828	
903.500000	0.000635948284	
903.700000	0.000635349334	
903.900000	0.000634750976	
904.100000	0.000634153210	
904.300000	0.000633556036	
904.500000	0.000632959453	
904.700000	0.000632363459	
904.900000	0.000631768055	
905.100000	0.000631173241	
905.300000	0.000630579014	
905.500000	0.000629985375	
905.700000	0.000629392324	
905.900000	0.000628799859	
906.100000	0.000628207980	
906.300000	0.000627616686	
906.500000	0.000627025977	
906.700000	0.000626435852	
906.900000	0.000625846311	
907.100000	0.000625257353	
907.300000	0.000624668977	
907.500000	0.000624081182	
907.700000	0.000623493969	
907.900000	0.000622907337	
908.100000	0.000622321284	
908.300000	0.000621735810	
908.500000	0.000621150916	
908.700000	0.000620566599	
908.900000	0.000619982860	
909.100000	0.000619399698	
909.300000	0.000618817113	
909.500000	0.000618235103	
909.700000	0.000617653668	
909.900000	0.000617072808	
910.100000	0.000616492522	
910.300000	0.000615912809	
910.500000	0.000615333669	
910.700000	0.000614755102	
910.900000	0.000614177105	
911.100000	0.000613599680	
911.300000	0.000613022826	
911.500000	0.000612446541	
911.700000	0.000611870826	
911.900000	0.000611295679	
912.100000	0.000610721100	
912.300000	0.000610147089	
912.500000	0.000609573645	
912.700000	0.000609000767	
912.900000	0.000608428455	
913.100000	0.000607856708	
913.300000	0.000607285525	
913.500000	0.000606714907	
913.700000	0.000606144852	
913.900000	0.000605575360	
914.100000	0.000605006431	
914.300000	0.000604438062	
914.500000	0.000603870256	
914.700000	0.000603303009	
914.900000	0.000602736323	
915.100000	0.000602170196	
915.300000	0.000601604628	
915.500000	0.000601039618	
915.700000	0.000600475166	
915.900000	0.000599911270	
916.100000	0.000599347932	
916.300000	0.000598785149	
916.500000	0.000598222922	
916.700000	0.000597661249	
916.900000	0.000597100131	
917.100000	0.000596539566	
917.300000	0.000595979555	
917.500000	0.000595420096	
917.700000	0.000594861189	
917.900000	0.000594302833	
918.100000	0.000593745028	
918.300000	0.000593187774	
918.500000	0.000592631069	
918.700000	0.000592074913	
918.900000	0.000591519306	
919.100000	0.000590964247	
919.300000	0.000590409735	
919.500000	0.000589855770	
919.700000	0.000589302351	
919.900000	0.000588749479	
920.100000	0.000588197151	
920.300000	0.000587645368	
920.500000	0.000587094129	
920.700000	0.000586543433	
920.900000	0.000585993281	
921.100000	0.000585443671	
921.300000	0.000584894603	
921.500000	0.000584346075	
921.700000	0.000583798089	
921.900000	0.000583250643	
922.100000	0.000582703736	
922.300000	0.000582157369	
922.500000	0.000581611540	
922.700000	0.000581066249	
922.900000	0.000580521495	
923.100000	0.000579977278	
923.300000	0.000579433598	
923.500000	0.000578890453	
923.700000	0.000578347843	
923.900000	0.000577805768	
924.100000	0.000577264227	
924.300000	0.000576723220	
924.500000	0.000576182746	
924.700000	0.000575642804	
924.900000	0.000575103394	
925.100000	0.000574564515	
925.300000	0.000574026167	
925.500000	0.000573488349	
925.700000	0.000572951061	
925.900000	0.000572414303	
926.100000	0.000571878072	
926.300000	0.000571342370	
926.500000	0.000570807196	
926.700000	0.000570272548	
926.900000	0.000569738427	
927.100000	0.000569204832	
927.300000	0.000568671762	
927.500000	0.000568139217	
927.700000	0.000567607196	
927.900000	0.000567075699	
928.100000	0.000566544726	
928.300000	0.000566014275	
928.500000	0.000565484346	
928.700000	0.000564954939	
928.900000	0.000564426052	
929.100000	0.000563897687	
935.080000	0.000548337413	
935.280000	0.000547824871	
935.480000	0.000547312833	
935.680000	0.000546801299	
935.880000	0.000546290267	
936.080000	0.000545779737	
936.280000	0.000545269709	
936.480000	0.000544760182	
936.680000	0.000544251156	
936.880000	0.000543742630	
937.080000	0.000543234604	
937.280000	0.000542727076	
937.480000	0.000542220048	
937.680000	0.000541713517	
937.880000	0.000541207485	
938.080000	0.000540701949	
938.280000	0.000540196910	
938.480000	0.000539692366	
938.680000	0.000539188319	
938.880000	0.000538684766	
939.080000	0.000538181708	
939.280000	0.000537679144	
939.480000	0.000537177074	
939.680000	0.000536675497	
939.880000	0.000536174412	
940.080000	0.000535673819	
940.280000	0.000535173718	
940.480000	0.000534674108	
940.680000	0.000534174988	
940.880000	0.000533676358	
941.080000	0.000533178218	
941.280000	0.000532680567	
941.480000	0.000532183404	
941.680000	0.000531686729	
941.880000	0.000531190542	
942.080000	0.000530694842	
942.280000	0.000530199628	
942.480000	0.000529704900	
942.680000	0.000529210658	
942.880000	0.000528716901	
943.080000	0.000528223628	
943.280000	0.000527730839	
943.480000	0.000527238534	
943.680000	0.000526746712	
943.880000	0.000526255373	
944.080000	0.000525764515	
944.280000	0.000525274139	
944.480000	0.000524784244	
944.680000	0.000524294830	
944.880000	0.000523805895	
945.080000	0.000523317441	
945.280000	0.000522829465	
945.480000	0.000522341968	
945.680000	0.000521854949	
945.880000	0.000521368407	
946.080000	0.000520882343	
946.280000	0.000520396756	
946.480000	0.000519911644	
946.680000	0.000519427008	
946.880000	0.000518942848	
947.080000	0.000518459162	
947.280000	0.000517975950	
947.480000	0.000517493212	
947.680000	0.000517010947	
947.880000	0.000516529155	
948.080000	0.000516047835	
948.280000	0.000515566987	
948.480000	0.000515086611	
948.680000	0.000514606705	
948.880000	0.000514127269	
949.080000	0.000513648304	
949.280000	0.000513169807	
949.480000	0.000512691780	
949.680000	0.000512214221	
949.880000	0.000511737130	
950.080000	0.000511260506	
950.280000	0.000510784350	
950.480000	0.000510308659	
950.680000	0.000509833435	
950.880000	0.000509358677	
951.080000	0.000508884383	
951.280000	0.000508410554	
951.480000	0.000507937189	
951.680000	0.000507464288	
951.880000	0.000506991850	
952.080000	0.000506519875	
952.280000	0.000506048362	
952.480000	0.000505577311	
952.680000	0.000505106720	
952.880000	0.000504636591	
953.080000	0.000504166922	
953.280000	0.000503697713	
953.480000	0.000503228964	
953.680000	0.000502760673	
953.880000	0.000502292841	
954.080000	0.000501825466	
954.280000	0.000501358550	
954.480000	0.000500892090	
954.680000	0.000500426087	
954.880000	0.000499960540	
955.080000	0.000499495448	
955.280000	0.000499030812	
955.480000	0.000498566631	
955.680000	0.000498102903	
955.880000	0.000497639630	
956.080000	0.000497176810	
956.280000	0.000496714443	
956.480000	0.000496252528	
956.680000	0.000495791065	
956.880000	0.000495330053	
957.080000	0.000494869493	
957.280000	0.000494409383	
957.480000	0.000493949723	
957.680000	0.000493490513	
957.880000	0.000493031752	
958.080000	0.000492573440	
958.280000	0.000492115576	
958.480000	0.000491658160	
969.020000	0.000468174321	
969.220000	0.000467740292	
969.420000	0.000467306686	
969.620000	0.000466873504	
969.820000	0.000466440745	
970.020000	0.000466008407	
970.220000	0.000465576491	
970.420000	0.000465144997	
970.620000	0.000464713923	
970.820000	0.000464283270	
971.020000	0.000463853037	
971.220000	0.000463423224	
971.420000	0.000462993830	
971.620000	0.000462564854	
971.820000	0.000462136297	
972.020000	0.000461708158	
972.220000	0.000461280436	
972.420000	0.000460853131	
972.620000	0.000460426243	
972.820000	0.000459999771	
973.020000	0.000459573715	
973.220000	0.000459148074	
973.420000	0.000458722848	
973.620000	0.000458298037	
973.820000	0.000457873640	
974.020000	0.000457449656	
974.220000	0.000457026086	
974.420000	0.000456602928	
974.620000	0.000456180183	
974.820000	0.000455757850	
975.020000	0.000455335928	
975.220000	0.000454914418	
975.420000	0.000454493318	
975.620000	0.000454072629	
975.820000	0.000453652349	
976.020000	0.000453232479	
976.220000	0.000452813018	
976.420000	0.000452393966	
976.620000	0.000451975322	
976.820000	0.000451557085	
977.020000	0.000451139256	
977.220000	0.000450721834	
977.420000	0.000450304819	
977.620000	0.000449888209	
977.820000	0.000449472006	
978.020000	0.000449056208	
978.220000	0.000448640814	
978.420000	0.000448225825	
978.620000	0.000447811241	
978.820000	0.000447397059	
979.020000	0.000446983282	
979.220000	0.000446569907	
979.420000	0.000446156934	
979.620000	0.000445744364	
979.820000	0.000445332195	
980.020000	0.000444920427	
980.220000	0.000444509060	
980.420000	0.000444098094	
980.620000	0.000443687527	
980.820000	0.000443277360	
981.020000	0.000442867592	
981.220000	0.000442458223	
981.420000	0.000442049253	
981.620000	0.000441640680	
981.820000	0.000441232505	
982.020000	0.000440824727	
982.220000	0.000440417346	
982.420000	0.000440010361	
982.620000	0.000439603772	
982.820000	0.000439197579	
983.020000	0.000438791780	
983.220000	0.000438386377	
983.420000	0.000437981368	
983.620000	0.000437576752	
983.820000	0.000437172531	
984.020000	0.000436768702	
984.220000	0.000436365266	
984.420000	0.000435962223	
984.620000	0.000435559571	
984.820000	0.000435157311	
985.020000	0.000434755442	
985.220000	0.000434353964	
985.420000	0.000433952876	
985.620000	0.000433552178	
985.820000	0.000433151869	
986.020000	0.000432751950	
986.220000	0.000432352420	
986.420000	0.000431953278	
986.620000	0.000431554523	
986.820000	0.000431156157	
987.020000	0.000430758177	
987.220000	0.000430360585	
987.420000	0.000429963379	
987.620000	0.000429566558	
987.820000	0.000429170124	
988.020000	0.000428774074	
988.220000	0.000428378410	
988.420000	0.000427983129	
988.620000	0.000427588233	
988.820000	0.000427193721	
989.020000	0.000426799592	
989.220000	0.000426405845	
989.420000	0.000426012481	
989.620000	0.000425619500	
989.820000	0.000425226900	
990.020000	0.000424834681	
990.220000	0.000424442843	
990.420000	0.000424051386	
990.620000	0.000423660309	
990.820000	0.000423269611	
991.020000	0.000422879293	
991.220000	0.000422489354	
991.420000	0.000422099794	
991.620000	0.000421710612	
991.820000	0.000421321808	
992.020000	0.000420933381	
992.220000	0.000420545331	
1008.500000	0.000390187743	
1008.700000	0.000389829486	
1008.900000	0.000389471576	
1009.100000	0.000389114011	
1009.300000	0.000388756793	
1009.500000	0.000388399920	
1009.700000	0.000388043392	
1009.900000	0.000387687209	
1010.100000	0.000387331370	
1010.300000	0.000386975875	
1010.500000	0.000386620724	
1010.700000	0.000386265916	
1010.900000	0.000385911452	
1011.100000	0.000385557329	
1011.300000	0.000385203550	
1011.500000	0.000384850112	
1011.700000	0.000384497016	
1011.900000	0.000384144261	
1012.100000	0.000383791847	
1012.300000	0.000383439774	
1012.500000	0.000383088041	
1012.700000	0.000382736647	
1012.900000	0.000382385594	
1013.100000	0.000382034879	
1013.300000	0.000381684504	
1013.500000	0.000381334467	
1013.700000	0.000380984768	
1013.900000	0.000380635407	
1014.100000	0.000380286383	
1014.300000	0.000379937697	
1014.500000	0.000379589347	
1014.700000	0.000379241334	
1014.900000	0.000378893657	
1015.100000	0.000378546316	
1015.300000	0.000378199310	
1015.500000	0.000377852640	
1015.700000	0.000377506304	
1015.900000	0.000377160302	
1016.100000	0.000376814635	
1016.300000	0.000376469302	
1016.500000	0.000376124302	
1016.700000	0.000375779635	
1016.900000	0.000375435300	
1017.100000	0.000375091299	
1017.300000	0.000374747629	
1017.500000	0.000374404291	
1017.700000	0.000374061284	
1017.900000	0.000373718609	
1018.100000	0.000373376264	
1018.300000	0.000373034250	
1018.500000	0.000372692565	
1018.700000	0.000372351211	
1018.900000	0.000372010185	
1019.100000	0.000371669489	
1019.300000	0.000371329122	
1019.500000	0.000370989083	
1019.700000	0.000370649372	
1019.900000	0.000370309989	
1020.100000	0.000369970933	
1020.300000	0.000369632205	
1020.500000	0.000369293803	
1020.700000	0.000368955728	
1020.900000	0.000368617978	
1021.100000	0.000368280555	
1021.300000	0.000367943456	
1021.500000	0.000367606683	
1021.700000	0.000367270235	
1021.900000	0.000366934111	
1022.100000	0.000366598312	
1022.300000	0.000366262836	
1022.500000	0.000365927683	
1022.700000	0.000365592854	
1022.900000	0.000365258348	
1023.100000	0.000364924164	
1023.300000	0.000364590302	
1023.500000	0.000364256762	
1023.700000	0.000363923543	
1023.900000	0.000363590646	
1024.100000	0.000363258070	
1024.300000	0.000362925814	
1024.500000	0.000362593878	
1024.700000	0.000362262262	
1024.900000	0.000361930966	
1025.100000	0.000361599989	
1025.300000	0.000361269331	
1025.500000	0.000360938992	
1025.700000	0.000360608971	
1025.900000	0.000360279268	
1026.100000	0.000359949882	
1026.300000	0.000359620814	
1026.500000	0.000359292063	
1026.700000	0.000358963628	
1026.900000	0.000358635510	
1027.100000	0.000358307708	
1027.300000	0.000357980222	
1027.500000	0.000357653051	
1027.700000	0.000357326195	
1027.900000	0.000356999654	
1028.100000	0.000356673427	
1028.300000	0.000356347515	
1028.500000	0.000356021916	
1028.700000	0.000355696631	
1028.900000	0.000355371659	
1029.100000	0.000355047000	
1029.300000	0.000354722653	
1029.500000	0.000354398619	
1029.700000	0.000354074897	
1029.900000	0.000353751486	
1030.100000	0.000353428386	
1030.300000	0.000353105598	
1030.500000	0.000352783120	
1030.700000	0.000352460953	
1030.900000	0.000352139095	
1031.100000	0.000351817548	
1031.300000	0.000351496309	
1031.500000	0.000351175380	
1031.700000	0.000350854760	
1031.900000	0.000350534448	
1032.100000	0.000350214444	
1032.300000	0.000349894748	
1032.500000	0.000349575360	
1032.700000	0.000349256279	
1032.900000	0.000348937505	
1033.100000	0.000348619037	
1033.300000	0.000348300876	
1033.500000	0.000347983021	
1033.700000	0.000347665471	
1033.900000	0.000347348227	
1053.900000	0.000317114563	
1059.460000	0.000309211889	
1059.660000	0.000308931518	
1059.860000	0.000308651416	
1060.060000	0.000308371581	
1060.260000	0.000308092014	
1060.460000	0.000307812714	
1060.660000	0.000307533681	
1060.860000	0.000307254915	
1061.060000	0.000306976415	
1061.260000	0.000306698181	
1061.460000	0.000306420213	
1061.660000	0.000306142511	
1061.860000	0.000305865074	
1062.060000	0.000305587902	
1062.260000	0.000305310995	
1062.460000	0.000305034353	
1062.660000	0.000304757975	
1062.860000	0.000304481861	
1063.060000	0.000304206010	
1063.260000	0.000303930424	
1063.460000	0.000303655100	
1063.660000	0.000303380039	
1063.860000	0.000303105242	
1064.060000	0.000302830706	
1064.260000	0.000302556433	
1064.460000	0.000302282422	
1064.660000	0.000302008672	
1064.860000	0.000301735184	
1065.060000	0.000301461957	
1065.260000	0.000301188990	
1065.460000	0.000300916285	
1065.660000	0.000300643839	
1065.860000	0.000300371654	
1066.060000	0.000300099729	
1066.260000	0.000299828063	
1066.460000	0.000299556657	
1066.660000	0.000299285509	
1066.860000	0.000299014621	
1067.060000	0.000298743991	
1067.260000	0.000298473619	
1067.460000	0.000298203505	
1067.660000	0.000297933649	
1067.860000	0.000297664050	
1068.060000	0.000297394709	
1068.260000	0.000297125625	
1068.460000	0.000296856797	
1068.660000	0.000296588226	
1068.860000	0.000296319911	
1069.060000	0.000296051852	
1069.260000	0.000295784049	
1069.460000	0.000295516501	
1069.660000	0.000295249209	
1069.860000	0.000294982171	
1070.060000	0.000294715388	
1070.260000	0.000294448859	
1070.460000	0.000294182585	
1070.660000	0.000293916565	
1070.860000	0.000293650798	
1071.060000	0.000293385284	
1071.260000	0.000293120024	
1071.460000	0.000292855017	
1071.660000	0.000292590262	
1071.860000	0.000292325760	
1072.060000	0.000292061510	
1072.260000	0.000291797511	
1072.460000	0.000291533765	
1072.660000	0.000291270270	
1072.860000	0.000291007026	
1073.060000	0.000290744032	
1073.260000	0.000290481290	
1073.460000	0.000290218798	
1073.660000	0.000289956556	
1073.860000	0.000289694564	
1074.060000	0.000289432821	
1074.260000	0.000289171328	
1074.460000	0.000288910084	
1074.660000	0.000288649089	
1074.860000	0.000288388342	
1075.060000	0.000288127844	
1075.260000	0.000287867594	
1075.460000	0.000287607592	
1075.660000	0.000287347838	
1075.860000	0.000287088331	
1076.060000	0.000286829071	
1076.260000	0.000286570058	
1076.460000	0.000286311292	
1076.660000	0.000286052772	
1076.860000	0.000285794498	
1077.060000	0.000285536471	
1077.260000	0.000285278689	
1077.460000	0.000285021152	
1077.660000	0.000284763861	
1077.860000	0.000284506814	
1078.060000	0.000284250012	
1078.260000	0.000283993455	
1078.460000	0.000283737142	
1078.660000	0.000283481072	
1078.860000	0.000283225247	
1079.060000	0.000282969665	
1079.260000	0.000282714326	
1079.460000	0.000282459230	
1079.660000	0.000282204377	
1079.860000	0.000281949767	
1080.060000	0.000281695398	
1080.260000	0.000281441272	
1080.460000	0.000281187388	
1080.660000	0.000280933745	
1080.860000	0.000280680343	
1081.060000	0.000280427183	
1081.260000	0.000280174263	
1081.460000	0.000279921584	
1081.660000	0.000279669145	
1081.860000	0.000279416946	
1082.060000	0.000279164987	
1082.260000	0.000278913268	
1082.460000	0.000278661788	
1082.660000	0.000278410547	
1082.860000	0.000278159545	
1083.060000	0.000277908782	
1083.260000	0.000277658257	
1083.460000	0.000277407971	
1083.660000	0.000277157922	
1083.860000	0.000276908111	
1084.060000	0.000276658538	
1084.260000	0.000276409201	
1084.460000	0.000276160102	
1084.660000	0.000275911240	
1084.860000	0.000275662614	
1085.060000	0.000275414224	
1085.260000	0.000275166070	
1085.460000	0.000274918153	
1085.660000	0.000274670470	
1085.860000	0.000274423024	
1086.060000	0.000274175812	
1086.260000	0.000273928835	
1086.460000	0.000273682093	
1086.660000	0.000273435585	
1086.860000	0.000273189311	
1087.060000	0.000272943272	
1087.260000	0.000272697466	
1087.460000	0.000272451893	
1087.660000	0.000272206554	
1087.860000	0.000271961448	
1088.060000	0.000271716575	
1088.260000	0.000271471934	
1088.460000	0.000271227525	
1088.660000	0.000270983349	
1088.860000	0.000270739404	
1089.060000	0.000270495691	
1089.260000	0.000270252210	
1089.460000	0.000270008959	
1089.660000	0.000269765940	
1089.860000	0.000269523151	
1090.060000	0.000269280593	
1090.260000	0.000269038264	
1090.460000	0.000268796166	
1090.660000	0.000268554298	
1090.860000	0.000268312659	
1091.060000	0.000268071250	
1091.260000	0.000267830070	
1091.460000	0.000267589118	
1091.660000	0.000267348396	
1091.860000	0.000267107901	
1092.060000	0.000266867635	
1092.260000	0.000266627597	
1092.460000	0.000266387786	
1092.660000	0.000266148203	
1092.860000	0.000265908848	
1093.060000	0.000265669719	
1093.260000	0.000265430817	
1093.460000	0.000265192142	
1093.660000	0.000264953693	
1093.860000	0.000264715471	
1094.060000	0.000264477474	
1094.260000	0.000264239703	
1094.460000	0.000264002157	
1094.660000	0.000263764837	
1094.860000	0.000263527742	
1095.060000	0.000263290871	
1095.260000	0.000263054225	
1095.460000	0.000262817804	
1095.660000	0.000262581606	
1095.860000	0.000262345633	
1096.060000	0.000262109883	
1096.260000	0.000261874357	
1096.460000	0.000261639054	
1096.660000	0.000261403974	
1096.860000	0.000261169116	
1097.060000	0.000260934482	
1097.260000	0.000260700069	
1097.460000	0.000260465879	
1097.660000	0.000260231911	
1097.860000	0.000259998164	
1098.060000	0.000259764639	
1098.260000	0.000259531335	
1098.460000	0.000259298252	
1098.660000	0.000259065390	
1098.860000	0.000258832749	
1099.060000	0.000258600328	
1099.260000	0.000258368127	
1099.460000	0.000258136146	
1099.660000	0.000257904384	
1099.860000	0.000257672843	
1100.060000	0.000257441520	
1100.260000	0.000257210417	
1100.460000	0.000256979532	
1100.660000	0.000256748866	
1100.860000	0.000256518419	
1101.060000	0.000256288189	
1101.260000	0.000256058178	
1101.460000	0.000255828384	
1101.660000	0.000255598808	
1101.860000	0.000255369450	
1102.060000	0.000255140308	
1102.260000	0.000254911383	
1102.460000	0.000254682675	
1102.660000	0.000254454183	
1102.860000	0.000254225908	
1103.060000	0.000253997849	
1103.260000	0.000253770005	
1103.460000	0.000253542377	
1103.660000	0.000253314965	
1103.860000	0.000253087768	
1104.060000	0.000252860785	
1104.260000	0.000252634018	
1104.460000	0.000252407464	
1104.660000	0.000252181126	
1104.860000	0.000251955001	
1105.060000	0.000251729090	
1105.260000	0.000251503393	
1105.460000	0.000251277910	
1105.660000	0.000251052639	
1105.860000	0.000250827582	
1106.060000	0.000250602737	
1106.260000	0.000250378106	
1126.260000	0.000228953339	
1146.260000	0.000209453870	
1166.260000	0.000191698696	
1186.260000	0.000175524490	
1206.260000	0.000160783825	
1226.260000	0.000147343578	
1246.260000	0.000135083496	
1266.260000	0.000123894911	
1286.260000	0.000113679590	
1306.260000	0.000104348693	
1326.260000	0.000095821850	
1346.260000	0.000088026317	
1366.260000	0.000080896232	
1386.260000	0.000074371935	
1406.260000	0.000068399365	
1426.260000	0.000062929511	
1446.260000	0.000057917923	
1466.260000	0.000053324269	
1486.260000	0.000049111941	
1506.260000	0.000045247692	
1526.260000	0.000041701317	
1546.260000	0.000038445361	
1566.260000	0.000035454859	
1586.260000	0.000032707100	
1606.260000	0.000030181412	
1626.260000	0.000027858973	
1646.260000	0.000025722638	
1666.260000	0.000023756778	
1686.260000	0.000021947145	
1706.260000	0.000020280742	
1726.260000	0.000018745707	
1746.260000	0.000017331210	
1766.260000	0.000016027358	
1786.260000	0.000014825111	
1806.260000	0.000013716205	
1826.260000	0.000012693079	
1846.260000	0.000011748816	
1866.260000	0.000010877084	
1886.260000	0.000010072083	
1906.260000	0.000009328499	
1926.260000	0.000008641462	
1946.260000	0.000008006506	
1966.260000	0.000007419533	
1986.260000	0.000006876782	
2006.260000	0.000006374802	
2026.260000	0.000005910421	
2046.260000	0.000005480725	
2066.260000	0.000005083037	
2086.260000	0.000004714894	
2106.260000	0.000004374030	
2126.260000	0.000004058360	
2146.260000	0.000003765967	
2166.260000	0.000003495082	
2186.260000	0.000003244078	
2206.260000	0.000003011454	
2226.260000	0.000002795829	
2246.260000	0.000002595926	
2266.260000	0.000002410571	
2286.260000	0.000002238678	
2306.260000	0.000002079246	
2326.260000	0.000001931349	
2346.260000	0.000001794136	
2366.260000	0.000001666816	
2386.260000	0.000001548661	
2406.260000	0.000001438999	
2426.260000	0.000001337205	
2446.260000	0.000001242706	
2466.260000	0.000001154968	
2486.260000	0.000001073498	
