0.000000	0.00	
20.000000	0.00	
40.000000	0.00	
60.000000	0.00	
80.000000	0.00	
100.000000	0.00	
120.000000	0.00	
140.000000	0.00	
160.000000	0.00	
180.000000	0.00	
200.000000	0.00	
220.000000	0.00	
240.000000	0.00	
260.000000	0.00	
280.000000	0.00	
300.000000	0.00	
320.000000	0.00	
340.000000	0.00	
360.000000	0.00	
380.000000	0.00	
400.000000	0.00	
420.000000	0.00	
440.000000	0.00	
460.000000	0.00	
480.000000	0.00	
495.760000	0.00	
495.960000	0.00	
496.160000	0.00	
496.360000	0.00	
496.560000	0.00	
496.760000	0.00	
496.960000	0.00	
497.160000	0.00	
497.360000	0.00	
497.560000	0.00	
497.760000	0.00	
497.960000	0.00	
498.160000	0.00	
498.360000	0.00	
498.560000	0.00	
498.760000	0.00	
518.760000	0.00	
527.800000	0.00	
528.000000	0.00	
528.200000	0.00	
528.400000	0.00	
528.600000	0.00	
528.800000	0.00	
529.000000	0.00	
529.200000	0.00	
529.400000	0.00	
529.600000	0.00	
529.800000	0.00	
530.000000	0.00	
530.200000	0.00	
530.400000	0.00	
530.600000	0.00	
530.800000	0.00	
531.000000	0.00	
531.200000	0.00	
531.400000	0.00	
531.600000	0.00	
531.800000	0.00	
532.000000	0.00	
550.500000	0.00	
550.700000	0.00	
550.900000	0.00	
551.100000	0.00	
551.300000	0.00	
551.500000	0.00	
551.700000	0.00	
551.900000	0.00	
552.100000	0.00	
552.300000	0.00	
552.500000	0.00	
552.700000	0.00	
552.900000	0.00	
553.100000	0.00	
553.300000	0.00	
553.500000	0.00	
553.700000	0.00	
553.900000	0.00	
554.100000	0.00	
554.300000	0.00	
554.500000	0.00	
554.700000	0.00	
554.900000	0.00	
555.100000	0.00	
555.300000	0.00	
555.500000	0.00	
555.700000	0.00	
555.900000	0.00	
556.100000	0.00	
556.300000	0.00	
556.500000	0.00	
556.700000	0.00	
556.900000	0.00	
557.100000	0.00	
557.300000	0.00	
557.500000	0.00	
557.700000	0.00	
557.900000	0.00	
558.100000	0.00	
558.300000	0.00	
558.500000	0.00	
558.700000	0.00	
558.900000	0.00	
559.100000	0.00	
570.940000	0.00	
571.140000	0.00	
571.340000	0.00	
571.540000	0.00	
571.740000	0.00	
571.940000	0.00	
572.140000	0.00	
572.340000	0.00	
572.540000	0.00	
572.740000	0.00	
572.940000	0.00	
573.140000	0.00	
573.340000	0.00	
573.540000	0.00	
573.740000	0.00	
573.940000	0.00	
574.140000	0.00	
574.340000	0.00	
574.540000	0.00	
574.740000	0.00	
574.940000	0.00	
575.140000	0.00	
575.340000	0.00	
575.540000	0.00	
575.740000	0.00	
575.940000	0.00	
576.140000	0.00	
576.340000	0.00	
576.540000	0.00	
576.740000	0.00	
576.940000	0.00	
577.140000	0.00	
577.340000	0.00	
577.540000	0.00	
577.740000	0.00	
577.940000	0.00	
578.140000	0.00	
578.340000	0.00	
578.540000	0.00	
578.740000	0.00	
578.940000	0.00	
579.140000	0.00	
579.340000	0.00	
579.540000	0.00	
579.740000	0.00	
579.940000	0.00	
580.140000	0.00	
580.340000	0.00	
580.540000	0.00	
580.740000	0.00	
580.940000	0.00	
581.140000	0.00	
581.340000	0.00	
581.540000	0.00	
581.740000	0.00	
581.940000	0.00	
582.140000	0.00	
582.340000	0.00	
582.540000	0.00	
582.740000	0.00	
582.940000	0.00	
583.140000	0.00	
583.340000	0.00	
590.500000	0.00	
590.700000	0.00	
590.900000	0.00	
591.100000	0.00	
591.300000	0.00	
591.500000	0.00	
591.700000	0.00	
591.900000	0.00	
592.100000	0.00	
592.300000	0.00	
592.500000	0.00	
592.700000	0.00	
592.900000	0.00	
593.100000	0.00	
593.300000	0.00	
593.500000	0.00	
593.700000	0.00	
593.900000	0.00	
594.100000	0.00	
594.300000	0.00	
594.500000	0.00	
594.700000	0.00	
594.900000	0.00	
595.100000	0.00	
595.300000	0.00	
595.500000	0.00	
595.700000	0.00	
595.900000	0.00	
596.100000	0.00	
596.300000	0.00	
596.500000	0.00	
596.700000	0.00	
596.900000	0.00	
597.100000	0.00	
597.300000	0.00	
597.500000	0.00	
597.700000	0.00	
597.900000	0.00	
598.100000	0.00	
598.300000	0.00	
598.500000	0.00	
598.700000	0.00	
598.900000	0.00	
599.100000	0.00	
599.300000	0.00	
599.500000	0.00	
599.700000	0.00	
599.900000	0.00	
600.100000	0.00	
600.300000	0.00	
600.500000	0.00	
600.700000	0.00	
600.900000	0.00	
601.100000	0.00	
601.300000	0.00	
601.500000	0.00	
601.700000	0.00	
601.900000	0.00	
602.100000	0.00	
602.300000	0.00	
602.500000	0.00	
602.700000	0.00	
602.900000	0.00	
603.100000	0.00	
603.300000	0.00	
603.500000	0.00	
603.700000	0.00	
603.900000	0.00	
604.100000	0.00	
604.300000	0.00	
604.500000	0.00	
604.700000	0.00	
604.900000	0.00	
605.100000	0.00	
605.300000	0.00	
605.500000	0.00	
605.700000	0.00	
605.900000	0.00	
606.100000	0.00	
606.300000	0.00	
606.500000	0.00	
606.700000	0.00	
606.900000	0.00	
607.100000	0.00	
607.300000	0.00	
607.500000	0.00	
607.700000	0.00	
607.900000	0.00	
608.100000	0.00	
608.300000	0.00	
608.500000	0.00	
608.700000	0.00	
608.900000	0.00	
609.100000	0.00	
609.300000	0.00	
609.500000	0.00	
609.700000	0.00	
609.900000	0.00	
610.100000	0.00	
610.300000	0.00	
610.500000	0.00	
610.700000	0.00	
610.900000	0.00	
611.100000	0.00	
611.300000	0.00	
611.500000	0.00	
611.700000	0.00	
611.900000	0.00	
612.100000	0.00	
612.300000	0.00	
612.500000	0.00	
612.700000	0.00	
612.900000	0.00	
613.100000	0.00	
613.300000	0.00	
613.500000	0.00	
613.700000	0.00	
613.900000	0.00	
614.100000	0.00	
614.300000	0.00	
614.500000	0.00	
614.700000	0.00	
614.900000	0.00	
615.100000	0.00	
615.300000	0.00	
615.500000	0.00	
615.700000	0.00	
615.900000	0.00	
616.100000	0.00	
616.300000	0.00	
616.500000	0.00	
616.700000	0.00	
616.900000	0.00	
617.100000	0.00	
617.300000	0.00	
617.500000	0.00	
617.700000	0.00	
617.900000	0.00	
618.100000	0.00	
618.300000	0.00	
618.500000	0.00	
618.700000	0.00	
618.900000	0.00	
619.100000	0.00	
619.300000	0.00	
619.500000	0.00	
619.700000	0.00	
619.900000	0.00	
620.100000	0.00	
620.300000	0.00	
620.500000	0.00	
620.700000	0.00	
620.900000	0.00	
621.100000	0.00	
621.300000	0.00	
621.500000	0.00	
621.700000	0.00	
621.900000	0.00	
622.100000	0.00	
622.300000	0.00	
622.500000	0.00	
622.700000	0.00	
622.900000	0.00	
623.100000	0.00	
623.300000	0.00	
623.500000	0.00	
623.700000	0.00	
623.900000	0.00	
624.100000	0.00	
624.300000	0.00	
624.500000	0.00	
624.700000	0.00	
624.900000	0.00	
625.100000	0.00	
625.300000	0.00	
625.500000	0.00	
625.700000	0.00	
625.900000	0.00	
626.100000	0.00	
626.300000	0.00	
626.500000	0.00	
626.700000	0.00	
626.900000	0.00	
627.100000	0.00	
627.300000	0.00	
627.500000	0.00	
627.700000	0.00	
627.900000	0.00	
628.100000	0.00	
628.300000	0.00	
628.500000	0.00	
628.700000	0.00	
628.900000	0.00	
629.100000	0.00	
629.300000	0.00	
629.500000	0.00	
629.700000	0.00	
629.900000	0.00	
630.100000	0.00	
630.300000	0.00	
630.500000	0.00	
630.700000	0.00	
630.900000	0.00	
631.100000	0.00	
631.300000	0.00	
631.500000	0.00	
631.700000	0.00	
631.900000	0.00	
632.100000	0.00	
632.300000	0.00	
632.500000	0.00	
632.700000	0.00	
632.900000	0.00	
633.100000	0.00	
633.300000	0.00	
633.500000	0.00	
633.700000	0.00	
633.900000	0.00	
634.100000	0.00	
634.300000	0.00	
634.500000	0.00	
634.700000	0.00	
634.900000	0.00	
635.100000	0.00	
635.300000	0.00	
635.500000	0.00	
635.700000	0.00	
635.900000	0.00	
636.100000	0.00	
636.300000	0.00	
636.500000	0.00	
636.700000	0.00	
636.900000	0.00	
637.100000	0.00	
637.300000	0.00	
637.500000	0.00	
637.700000	0.00	
637.900000	0.00	
638.100000	0.00	
638.300000	0.00	
638.500000	0.00	
638.700000	0.00	
638.900000	0.00	
639.100000	0.00	
639.300000	0.00	
639.500000	0.00	
639.700000	0.00	
639.900000	0.00	
640.100000	0.00	
640.300000	0.00	
640.500000	0.00	
640.700000	0.00	
640.900000	0.00	
641.100000	0.00	
641.300000	0.00	
641.500000	0.00	
641.700000	0.00	
641.900000	0.00	
642.100000	0.00	
642.300000	0.00	
642.500000	0.00	
642.700000	0.00	
642.900000	0.00	
643.100000	0.00	
643.300000	0.00	
643.500000	0.00	
643.700000	0.00	
643.900000	0.00	
644.100000	0.00	
644.300000	0.00	
644.500000	0.00	
644.700000	0.00	
644.900000	0.00	
645.100000	0.00	
645.300000	0.00	
645.500000	0.00	
645.700000	0.00	
645.900000	0.00	
646.100000	0.00	
646.300000	0.00	
646.500000	0.00	
646.700000	0.00	
646.900000	0.00	
647.100000	0.00	
647.300000	0.00	
647.500000	0.00	
647.700000	0.00	
647.900000	0.00	
648.100000	0.00	
648.300000	0.00	
648.500000	0.00	
648.700000	0.00	
648.900000	0.00	
649.100000	0.00	
649.300000	0.00	
649.500000	0.00	
649.700000	0.00	
649.900000	0.00	
650.100000	0.00	
650.300000	0.00	
650.500000	0.00	
650.700000	0.00	
650.900000	0.00	
651.100000	0.00	
651.300000	0.00	
651.500000	0.00	
651.700000	0.00	
651.900000	0.00	
652.100000	0.00	
652.300000	0.00	
652.500000	0.00	
652.700000	0.00	
652.900000	0.00	
653.100000	0.00	
653.300000	0.00	
653.500000	0.00	
653.700000	0.00	
653.900000	0.00	
654.100000	0.00	
654.300000	0.00	
654.500000	0.00	
654.700000	0.00	
654.900000	0.00	
655.100000	0.00	
655.300000	0.00	
655.500000	0.00	
655.700000	0.00	
655.900000	0.00	
656.100000	0.00	
656.300000	0.00	
656.500000	0.00	
656.700000	0.00	
656.900000	0.00	
657.100000	0.00	
657.300000	0.00	
657.500000	0.00	
657.700000	0.00	
657.900000	0.00	
658.100000	0.00	
658.300000	0.00	
658.500000	0.00	
658.700000	0.00	
658.900000	0.00	
659.100000	0.00	
659.300000	0.00	
659.500000	0.00	
659.700000	0.00	
659.900000	0.00	
660.100000	0.00	
660.300000	0.00	
660.500000	0.00	
660.700000	0.00	
660.900000	0.00	
661.100000	0.00	
661.300000	0.00	
661.500000	0.00	
661.700000	0.00	
661.900000	0.00	
662.100000	0.00	
662.300000	0.00	
662.500000	0.00	
662.700000	0.00	
662.900000	0.00	
663.100000	0.00	
663.300000	0.00	
663.500000	0.00	
663.700000	0.00	
663.900000	0.00	
664.100000	0.00	
664.300000	0.00	
664.500000	0.00	
664.700000	0.00	
664.900000	0.00	
665.100000	0.00	
665.300000	0.00	
665.500000	0.00	
665.700000	0.00	
665.900000	0.00	
666.100000	0.00	
666.300000	0.00	
666.500000	0.00	
666.700000	0.00	
666.900000	0.00	
667.100000	0.00	
667.300000	0.00	
667.500000	0.00	
667.700000	0.00	
667.900000	0.00	
668.100000	0.00	
668.300000	0.00	
668.500000	0.00	
668.700000	0.00	
668.900000	0.00	
669.100000	0.00	
669.300000	0.00	
669.500000	0.00	
669.700000	0.00	
669.900000	0.00	
670.100000	0.00	
670.300000	0.00	
670.500000	0.00	
670.700000	0.00	
670.900000	0.00	
671.100000	0.00	
671.300000	0.00	
671.500000	0.00	
671.700000	0.00	
671.900000	0.00	
672.100000	0.00	
672.300000	0.00	
672.500000	0.00	
672.700000	0.00	
672.900000	0.00	
673.100000	0.00	
673.300000	0.00	
673.500000	0.00	
673.700000	0.00	
673.900000	0.00	
674.100000	0.00	
674.300000	0.00	
674.500000	0.00	
674.700000	0.00	
674.900000	0.00	
675.100000	0.00	
675.300000	0.00	
675.500000	0.00	
675.700000	0.00	
675.900000	0.00	
676.100000	0.00	
676.300000	0.00	
676.500000	0.00	
676.700000	0.00	
676.900000	0.00	
677.100000	0.00	
677.300000	0.00	
677.500000	0.00	
677.700000	0.00	
677.900000	0.00	
678.100000	0.00	
678.300000	0.00	
678.500000	0.00	
678.700000	0.00	
678.900000	0.00	
679.100000	0.00	
679.300000	0.00	
679.500000	0.00	
679.700000	0.00	
679.900000	0.00	
680.100000	0.00	
680.300000	0.00	
680.500000	0.00	
680.700000	0.00	
680.900000	0.00	
681.100000	0.00	
681.300000	0.00	
681.500000	0.00	
681.700000	0.00	
681.900000	0.00	
682.100000	0.00	
682.300000	0.00	
682.500000	0.00	
682.700000	0.00	
682.900000	0.00	
683.100000	0.00	
683.300000	0.00	
683.500000	0.00	
683.700000	0.00	
683.900000	0.00	
684.100000	0.00	
684.300000	0.00	
684.500000	0.00	
684.700000	0.00	
684.900000	0.00	
685.100000	0.00	
685.300000	0.00	
685.500000	0.00	
685.700000	0.00	
685.900000	0.00	
686.100000	0.00	
686.300000	0.00	
686.500000	0.00	
686.700000	0.00	
686.900000	0.00	
687.100000	0.00	
687.300000	0.00	
687.500000	0.00	
687.700000	0.00	
687.900000	0.00	
688.100000	0.00	
688.300000	0.00	
688.500000	0.00	
688.700000	0.00	
688.900000	0.00	
689.100000	0.00	
689.300000	0.00	
689.500000	0.00	
689.700000	0.00	
689.900000	0.00	
690.100000	0.00	
690.300000	0.00	
690.500000	0.00	
690.700000	0.00	
690.900000	0.00	
691.100000	0.00	
691.300000	0.00	
691.500000	0.00	
691.700000	0.00	
691.900000	0.00	
692.100000	0.00	
692.300000	0.00	
692.500000	0.00	
692.700000	0.00	
692.900000	0.00	
693.100000	0.00	
693.300000	0.00	
693.500000	0.00	
693.700000	0.00	
693.900000	0.00	
694.100000	0.00	
694.300000	0.00	
694.500000	0.00	
694.700000	0.00	
694.900000	0.00	
695.100000	0.00	
695.300000	0.00	
695.500000	0.00	
695.700000	0.00	
695.900000	0.00	
696.100000	0.00	
696.300000	0.00	
696.500000	0.00	
696.700000	0.00	
696.900000	0.00	
697.100000	0.00	
697.300000	0.00	
697.500000	0.00	
697.700000	0.00	
697.900000	0.00	
698.100000	0.00	
698.300000	0.00	
698.500000	0.00	
698.700000	0.00	
698.900000	0.00	
699.100000	0.00	
699.300000	0.00	
699.500000	0.00	
699.700000	0.00	
699.900000	0.00	
700.100000	0.00	
700.300000	0.00	
700.500000	0.00	
700.700000	0.00	
700.900000	0.00	
701.100000	0.00	
701.300000	0.00	
701.500000	0.00	
701.700000	0.00	
701.900000	0.00	
702.100000	0.00	
702.300000	0.00	
702.500000	0.00	
702.700000	0.00	
702.900000	0.00	
703.100000	0.00	
703.300000	0.00	
703.500000	0.00	
703.700000	0.00	
703.900000	0.00	
704.100000	0.00	
704.300000	0.00	
704.500000	0.00	
704.700000	0.00	
704.900000	0.00	
705.100000	0.00	
705.300000	0.00	
705.500000	0.00	
705.700000	0.00	
705.900000	0.00	
706.100000	0.00	
706.300000	0.00	
706.500000	0.00	
706.700000	0.00	
706.900000	0.00	
707.100000	0.00	
707.300000	0.00	
707.500000	0.00	
707.700000	0.00	
707.900000	0.00	
708.100000	0.00	
708.300000	0.00	
708.500000	0.00	
708.700000	0.00	
708.900000	0.00	
709.100000	0.00	
709.300000	0.00	
709.500000	0.00	
709.700000	0.00	
709.900000	0.00	
710.100000	0.00	
710.300000	0.00	
710.500000	0.00	
710.700000	0.00	
710.900000	0.00	
711.100000	0.00	
711.300000	0.00	
711.500000	0.00	
711.700000	0.00	
711.900000	0.00	
712.100000	0.00	
712.300000	0.00	
712.500000	0.00	
712.700000	0.00	
712.900000	0.00	
713.100000	0.00	
713.300000	0.00	
713.500000	0.00	
713.700000	0.00	
713.900000	0.00	
714.100000	0.00	
714.300000	0.00	
714.500000	0.00	
714.700000	0.00	
714.900000	0.00	
715.100000	0.00	
715.300000	0.00	
715.500000	0.00	
715.700000	0.00	
715.900000	0.00	
716.100000	0.00	
716.300000	0.00	
716.500000	0.00	
716.700000	0.00	
716.900000	0.00	
717.100000	0.00	
717.300000	0.00	
717.500000	0.00	
717.700000	0.00	
717.900000	0.00	
718.100000	0.00	
718.300000	0.00	
718.500000	0.00	
718.700000	0.00	
718.900000	0.00	
719.100000	0.00	
719.300000	0.00	
719.500000	0.00	
719.700000	0.00	
719.900000	0.00	
720.100000	0.00	
720.300000	0.00	
720.500000	0.00	
720.700000	0.00	
720.900000	0.00	
721.100000	0.00	
721.300000	0.00	
721.500000	0.00	
721.700000	0.00	
721.900000	0.00	
722.100000	0.00	
722.300000	0.00	
722.500000	0.00	
722.700000	0.00	
722.900000	0.00	
723.100000	0.00	
723.300000	0.00	
723.500000	0.00	
723.700000	0.00	
723.900000	0.00	
724.100000	0.00	
724.300000	0.00	
724.500000	0.00	
724.700000	0.00	
724.900000	0.00	
725.100000	0.00	
725.300000	0.00	
725.500000	0.00	
725.700000	0.00	
725.900000	0.00	
726.100000	0.00	
726.300000	0.00	
726.500000	0.00	
726.700000	0.00	
726.900000	0.00	
727.100000	0.00	
727.300000	0.00	
727.500000	0.00	
727.700000	0.00	
727.900000	0.00	
728.100000	0.00	
728.300000	0.00	
728.500000	0.00	
728.700000	0.00	
728.900000	0.00	
729.100000	0.00	
729.300000	0.00	
729.500000	0.00	
729.700000	0.00	
729.900000	0.00	
730.100000	0.00	
730.300000	0.00	
730.500000	0.00	
730.700000	0.00	
730.900000	0.00	
731.100000	0.00	
731.300000	0.00	
731.500000	0.00	
731.700000	0.00	
731.900000	0.00	
732.100000	0.00	
732.300000	0.00	
732.500000	0.00	
732.700000	0.00	
732.900000	0.00	
733.100000	0.00	
733.300000	0.00	
733.500000	0.00	
733.700000	0.00	
733.900000	0.00	
734.100000	0.00	
734.300000	0.00	
734.500000	0.00	
734.700000	0.00	
734.900000	0.00	
735.100000	0.00	
735.300000	0.00	
735.500000	0.00	
735.700000	0.00	
735.900000	0.00	
736.100000	0.00	
736.300000	0.00	
736.500000	0.00	
736.700000	0.00	
736.900000	0.00	
737.100000	0.00	
737.300000	0.00	
737.500000	0.00	
737.700000	0.00	
737.900000	0.00	
738.100000	0.00	
738.300000	0.00	
738.500000	0.00	
738.700000	0.00	
738.900000	0.00	
739.100000	0.00	
739.300000	0.00	
739.500000	0.00	
739.700000	0.00	
739.900000	0.00	
740.100000	0.00	
740.300000	0.00	
740.500000	0.00	
740.700000	0.00	
740.900000	0.00	
741.100000	0.00	
741.300000	0.00	
741.500000	0.00	
741.700000	0.00	
741.900000	0.00	
742.100000	0.00	
742.300000	0.00	
742.500000	0.00	
742.700000	0.00	
742.900000	0.00	
743.100000	0.00	
743.300000	0.00	
743.500000	0.00	
743.700000	0.00	
743.900000	0.00	
744.100000	0.00	
744.300000	0.00	
744.500000	0.00	
744.700000	0.00	
744.900000	0.00	
745.100000	0.00	
745.300000	0.00	
745.500000	0.00	
745.700000	0.00	
745.900000	0.00	
746.100000	0.00	
746.300000	0.00	
746.500000	0.00	
746.700000	0.00	
746.900000	0.00	
747.100000	0.00	
747.300000	0.00	
747.500000	0.00	
747.700000	0.00	
747.900000	0.00	
748.100000	0.00	
748.300000	0.00	
748.500000	0.00	
748.700000	0.00	
748.900000	0.00	
749.100000	0.00	
749.300000	0.00	
749.500000	0.00	
749.700000	0.00	
749.900000	0.00	
750.100000	0.00	
750.300000	0.00	
750.500000	0.00	
750.700000	0.00	
750.900000	0.00	
751.100000	0.00	
751.300000	0.00	
751.500000	0.00	
751.700000	0.00	
751.900000	0.00	
752.100000	0.00	
752.300000	0.00	
752.500000	0.00	
752.700000	0.00	
752.900000	0.00	
753.100000	0.00	
753.300000	0.00	
753.500000	0.00	
753.700000	0.00	
753.900000	0.00	
754.100000	0.00	
754.300000	0.00	
754.500000	0.00	
754.700000	0.00	
754.900000	0.00	
755.100000	0.00	
755.300000	0.00	
755.500000	0.00	
755.700000	0.00	
755.900000	0.00	
756.100000	0.00	
756.300000	0.00	
756.500000	0.00	
756.700000	0.00	
756.900000	0.00	
757.100000	0.00	
757.300000	0.00	
757.500000	0.00	
757.700000	0.00	
757.900000	0.00	
758.100000	0.00	
758.300000	0.00	
758.500000	0.00	
758.700000	0.00	
758.900000	0.00	
759.100000	0.00	
759.300000	0.00	
759.500000	0.00	
759.700000	0.00	
759.900000	0.00	
760.100000	0.00	
760.300000	0.00	
760.500000	0.00	
760.700000	0.00	
760.900000	0.00	
761.100000	0.00	
761.300000	0.00	
761.500000	0.00	
761.700000	0.00	
761.900000	0.00	
762.100000	0.00	
762.300000	0.00	
762.500000	0.00	
762.700000	0.00	
762.900000	0.00	
763.100000	0.00	
763.300000	0.00	
763.500000	0.00	
763.700000	0.00	
763.900000	0.00	
764.100000	0.00	
764.300000	0.00	
764.500000	0.00	
764.700000	0.00	
764.900000	0.00	
765.100000	0.00	
765.300000	0.00	
765.500000	0.00	
765.700000	0.00	
765.900000	0.00	
766.100000	0.00	
766.300000	0.00	
766.500000	0.00	
766.700000	0.00	
766.900000	0.00	
767.100000	0.00	
767.300000	0.00	
767.500000	0.00	
767.700000	0.00	
767.900000	0.00	
768.100000	0.00	
768.300000	0.00	
768.500000	0.00	
768.700000	0.00	
768.900000	0.00	
769.100000	0.00	
769.300000	0.00	
769.500000	0.00	
769.700000	0.00	
769.900000	0.00	
770.100000	0.00	
770.300000	0.00	
770.500000	0.00	
770.700000	0.00	
770.900000	0.00	
771.100000	0.00	
771.300000	0.00	
771.500000	0.00	
771.700000	0.00	
771.900000	0.00	
772.100000	0.00	
772.300000	0.00	
772.500000	0.00	
772.700000	0.00	
772.900000	0.00	
773.100000	0.00	
773.300000	0.00	
773.500000	0.00	
773.700000	0.00	
773.900000	0.00	
774.100000	0.00	
774.300000	0.00	
774.500000	0.00	
774.700000	0.00	
774.900000	0.00	
775.100000	0.00	
775.300000	0.00	
775.500000	0.00	
775.700000	0.00	
775.900000	0.00	
776.100000	0.00	
776.300000	0.00	
776.500000	0.00	
776.700000	0.00	
776.900000	0.00	
777.100000	0.00	
777.300000	0.00	
777.500000	0.00	
777.700000	0.00	
777.900000	0.00	
778.100000	0.00	
778.300000	0.00	
778.500000	0.00	
778.700000	0.00	
778.900000	0.00	
779.100000	0.00	
779.300000	0.00	
779.500000	0.00	
779.700000	0.00	
779.900000	0.00	
780.100000	0.00	
780.300000	0.00	
780.500000	0.00	
780.700000	0.00	
780.900000	0.00	
781.100000	0.00	
781.300000	0.00	
781.500000	0.00	
781.700000	0.00	
781.900000	0.00	
782.100000	0.00	
782.300000	0.00	
782.500000	0.00	
782.700000	0.00	
782.900000	0.00	
783.100000	0.00	
783.300000	0.00	
783.500000	0.00	
783.700000	0.00	
783.900000	0.00	
784.100000	0.00	
784.300000	0.00	
784.500000	0.00	
784.700000	0.00	
784.900000	0.00	
785.100000	0.00	
785.300000	0.00	
785.500000	0.00	
785.700000	0.00	
785.900000	0.00	
786.100000	0.00	
786.300000	0.00	
786.500000	0.00	
786.700000	0.00	
786.900000	0.00	
787.100000	0.00	
787.300000	0.00	
787.500000	0.00	
787.700000	0.00	
787.900000	0.00	
788.100000	0.00	
788.300000	0.00	
788.500000	0.00	
788.700000	0.00	
788.900000	0.00	
789.100000	0.00	
789.300000	0.00	
789.500000	0.00	
789.700000	0.00	
789.900000	0.00	
790.100000	0.00	
790.300000	0.00	
790.500000	0.00	
790.700000	0.00	
790.900000	0.00	
791.100000	0.00	
791.300000	0.00	
791.500000	0.00	
791.700000	0.00	
791.900000	0.00	
792.100000	0.00	
792.300000	0.00	
792.500000	0.00	
792.700000	0.00	
792.900000	0.00	
793.100000	0.00	
793.300000	0.00	
793.500000	0.00	
793.700000	0.00	
793.900000	0.00	
794.100000	0.00	
794.300000	0.00	
794.500000	0.00	
794.700000	0.00	
794.900000	0.00	
795.100000	0.00	
795.300000	0.00	
795.500000	0.00	
795.700000	0.00	
795.900000	0.00	
796.100000	0.00	
796.300000	0.00	
796.500000	0.00	
796.700000	0.00	
796.900000	0.00	
797.100000	0.00	
797.300000	0.00	
797.500000	0.00	
797.700000	0.00	
797.900000	0.00	
798.100000	0.00	
798.300000	0.00	
798.500000	0.00	
798.700000	0.00	
798.900000	0.00	
799.100000	0.00	
799.300000	0.00	
799.500000	0.00	
799.700000	0.00	
799.900000	0.00	
800.100000	0.00	
800.300000	0.00	
800.500000	0.00	
800.700000	0.00	
800.900000	0.00	
801.100000	0.00	
801.300000	0.00	
801.500000	0.00	
801.700000	0.00	
801.900000	0.00	
802.100000	0.00	
802.300000	0.00	
802.500000	0.00	
802.700000	0.00	
802.900000	0.00	
803.100000	0.00	
803.300000	0.00	
803.500000	0.00	
803.700000	0.00	
803.900000	0.00	
804.100000	0.00	
804.300000	0.00	
804.500000	0.00	
804.700000	0.00	
804.900000	0.00	
805.100000	0.00	
805.300000	0.00	
805.500000	0.00	
805.700000	0.00	
805.900000	0.00	
806.100000	0.00	
806.300000	0.00	
806.500000	0.00	
806.700000	0.00	
806.900000	0.00	
807.100000	0.00	
807.300000	0.00	
807.500000	0.00	
807.700000	0.00	
807.900000	0.00	
808.100000	0.00	
808.300000	0.00	
808.500000	0.00	
808.700000	0.00	
808.900000	0.00	
809.100000	0.00	
809.300000	0.00	
809.500000	0.00	
809.700000	0.00	
809.900000	0.00	
810.100000	0.00	
810.300000	0.00	
810.500000	0.00	
810.700000	0.00	
810.900000	0.00	
811.100000	0.00	
811.300000	0.00	
811.500000	0.00	
811.700000	0.00	
811.900000	0.00	
812.100000	0.00	
812.300000	0.00	
812.500000	0.00	
812.700000	0.00	
812.900000	0.00	
813.100000	0.00	
813.300000	0.00	
813.500000	0.00	
813.700000	0.00	
813.900000	0.00	
814.100000	0.00	
814.300000	0.00	
814.500000	0.00	
814.700000	0.00	
814.900000	0.00	
815.100000	0.00	
815.300000	0.00	
815.500000	0.00	
815.700000	0.00	
815.900000	0.00	
816.100000	0.00	
816.300000	0.00	
816.500000	0.00	
816.700000	0.00	
816.900000	0.00	
817.100000	0.00	
817.300000	0.00	
817.500000	0.00	
817.700000	0.00	
817.900000	0.00	
818.100000	0.00	
818.300000	0.00	
818.500000	0.00	
818.700000	0.00	
818.900000	0.00	
819.100000	0.00	
819.300000	0.00	
819.500000	0.00	
819.700000	0.00	
819.900000	0.00	
820.100000	0.00	
820.300000	0.00	
820.500000	0.00	
820.700000	0.00	
820.900000	0.00	
821.100000	0.00	
821.300000	0.00	
821.500000	0.00	
821.700000	0.00	
821.900000	0.00	
822.100000	0.00	
822.300000	0.00	
822.500000	0.00	
822.700000	0.00	
822.900000	0.00	
823.100000	0.00	
823.300000	0.00	
823.500000	0.00	
823.700000	0.00	
823.900000	0.00	
824.100000	0.00	
824.300000	0.00	
824.500000	0.00	
824.700000	0.00	
824.900000	0.00	
825.100000	0.00	
825.300000	0.00	
825.500000	0.00	
825.700000	0.00	
825.900000	0.00	
826.100000	0.00	
826.300000	0.00	
826.500000	0.00	
826.700000	0.00	
826.900000	0.00	
827.100000	0.00	
827.300000	0.00	
827.500000	0.00	
827.700000	0.00	
827.900000	0.00	
828.100000	0.00	
828.300000	0.00	
828.500000	0.00	
828.700000	0.00	
828.900000	0.00	
829.100000	0.00	
829.300000	0.00	
829.500000	0.00	
829.700000	0.00	
829.900000	0.00	
830.100000	0.00	
830.300000	0.00	
830.500000	0.00	
830.700000	0.00	
830.900000	0.00	
831.100000	0.00	
831.300000	0.00	
831.500000	0.00	
831.700000	0.00	
831.900000	0.00	
832.100000	0.00	
832.300000	0.00	
832.500000	0.00	
832.700000	0.00	
832.900000	0.00	
833.100000	0.00	
833.300000	0.00	
833.500000	0.00	
833.700000	0.00	
833.900000	0.00	
834.100000	0.00	
834.300000	0.00	
834.500000	0.00	
834.700000	0.00	
834.900000	0.00	
835.100000	0.00	
835.300000	0.00	
835.500000	0.00	
835.700000	0.00	
835.900000	0.00	
836.100000	0.00	
836.300000	0.00	
836.500000	0.00	
836.700000	0.00	
836.900000	0.00	
837.100000	0.00	
837.300000	0.00	
837.500000	0.00	
837.700000	0.00	
837.900000	0.00	
838.100000	0.00	
838.300000	0.00	
838.500000	0.00	
838.700000	0.00	
838.900000	0.00	
839.100000	0.00	
839.300000	0.00	
839.500000	0.00	
839.700000	0.00	
839.900000	0.00	
840.100000	0.00	
840.300000	0.00	
840.500000	0.00	
840.700000	0.00	
840.900000	0.00	
841.100000	0.00	
841.300000	0.00	
841.500000	0.00	
841.700000	0.00	
841.900000	0.00	
842.100000	0.00	
842.300000	0.00	
842.500000	0.00	
842.700000	0.00	
842.900000	0.00	
843.100000	0.00	
843.300000	0.00	
843.500000	0.00	
843.700000	0.00	
843.900000	0.00	
844.100000	0.00	
844.300000	0.00	
844.500000	0.00	
844.700000	0.00	
844.900000	0.00	
845.100000	0.00	
845.300000	0.00	
845.500000	0.00	
845.700000	0.00	
845.900000	0.00	
846.100000	0.00	
846.300000	0.00	
846.500000	0.00	
846.700000	0.00	
846.900000	0.00	
847.100000	0.00	
847.300000	0.00	
847.500000	0.00	
847.700000	0.00	
847.900000	0.00	
848.100000	0.00	
848.300000	0.00	
848.500000	0.00	
848.700000	0.00	
848.900000	0.00	
849.100000	0.00	
849.300000	0.00	
849.500000	0.00	
849.700000	0.00	
849.900000	0.00	
850.100000	0.00	
850.300000	0.00	
850.500000	0.00	
850.700000	0.00	
850.900000	0.00	
851.100000	0.00	
851.300000	0.00	
851.500000	0.00	
851.700000	0.00	
851.900000	0.00	
852.100000	0.00	
852.300000	0.00	
852.500000	0.00	
852.700000	0.00	
852.900000	0.00	
853.100000	0.00	
853.300000	0.00	
853.500000	0.00	
853.700000	0.00	
853.900000	0.00	
854.100000	0.00	
854.300000	0.00	
854.500000	0.00	
854.700000	0.00	
854.900000	0.00	
855.100000	0.00	
855.300000	0.00	
855.500000	0.00	
855.700000	0.00	
855.900000	0.00	
856.100000	0.00	
856.300000	0.00	
856.500000	0.00	
856.700000	0.00	
856.900000	0.00	
857.100000	0.00	
857.300000	0.00	
857.500000	0.00	
857.700000	0.00	
857.900000	0.00	
858.100000	0.00	
858.300000	0.00	
858.500000	0.00	
858.700000	0.00	
858.900000	0.00	
859.100000	0.00	
859.300000	0.00	
859.500000	0.00	
859.700000	0.00	
859.900000	0.00	
860.100000	0.00	
860.300000	0.00	
860.500000	0.00	
860.700000	0.00	
860.900000	0.00	
861.100000	0.00	
861.300000	0.00	
861.500000	0.00	
861.700000	0.00	
861.900000	0.00	
862.100000	0.00	
862.300000	0.00	
862.500000	0.00	
862.700000	0.00	
862.900000	0.00	
863.100000	0.00	
863.300000	0.00	
863.500000	0.00	
863.700000	0.00	
863.900000	0.00	
864.100000	0.00	
864.300000	0.00	
864.500000	0.00	
864.700000	0.00	
864.900000	0.00	
865.100000	0.00	
865.300000	0.00	
865.500000	0.00	
865.700000	0.00	
865.900000	0.00	
866.100000	0.00	
866.300000	0.00	
866.500000	0.00	
866.700000	0.00	
866.900000	0.00	
867.100000	0.00	
867.300000	0.00	
867.500000	0.00	
867.700000	0.00	
867.900000	0.00	
868.100000	0.00	
868.300000	0.00	
868.500000	0.00	
868.700000	0.00	
868.900000	0.00	
869.100000	0.00	
869.300000	0.00	
869.500000	0.00	
869.700000	0.00	
869.900000	0.00	
870.100000	0.00	
870.300000	0.00	
870.500000	0.00	
870.700000	0.00	
870.900000	0.00	
871.100000	0.00	
871.300000	0.00	
871.500000	0.00	
871.700000	0.00	
871.900000	0.00	
872.100000	0.00	
872.300000	0.00	
872.500000	0.00	
872.700000	0.00	
872.900000	0.00	
873.100000	0.00	
873.300000	0.00	
873.500000	0.00	
873.700000	0.00	
873.900000	0.00	
874.100000	0.00	
874.300000	0.00	
874.500000	0.00	
874.700000	0.00	
874.900000	0.00	
875.100000	0.00	
875.300000	0.00	
875.500000	0.00	
875.700000	0.00	
875.900000	0.00	
876.100000	0.00	
876.300000	0.00	
876.500000	0.00	
876.700000	0.00	
876.900000	0.00	
877.100000	0.00	
877.300000	0.00	
877.500000	0.00	
877.700000	0.00	
877.900000	0.00	
878.100000	0.00	
878.300000	0.00	
878.500000	0.00	
878.700000	0.00	
878.900000	0.00	
879.100000	0.00	
879.300000	0.00	
879.500000	0.00	
879.700000	0.00	
879.900000	0.00	
880.100000	0.00	
880.300000	0.00	
880.500000	0.00	
880.700000	0.00	
880.900000	0.00	
881.100000	0.00	
881.300000	0.00	
881.500000	0.00	
881.700000	0.00	
881.900000	0.00	
882.100000	0.00	
882.300000	0.00	
882.500000	0.00	
882.700000	0.00	
882.900000	0.00	
883.100000	0.00	
883.300000	0.00	
883.500000	0.00	
883.700000	0.00	
883.900000	0.00	
884.100000	0.00	
884.300000	0.00	
884.500000	0.00	
884.700000	0.00	
884.900000	0.00	
885.100000	0.00	
885.300000	0.00	
885.500000	0.00	
885.700000	0.00	
885.900000	0.00	
886.100000	0.00	
886.300000	0.00	
886.500000	0.00	
886.700000	0.00	
886.900000	0.00	
887.100000	0.00	
887.300000	0.00	
887.500000	0.00	
887.700000	0.00	
887.900000	0.00	
888.100000	0.00	
888.300000	0.00	
888.500000	0.00	
888.700000	0.00	
888.900000	0.00	
889.100000	0.00	
889.300000	0.00	
889.500000	0.00	
889.700000	0.00	
889.900000	0.00	
890.100000	0.00	
890.300000	0.00	
890.500000	0.00	
890.700000	0.00	
890.900000	0.00	
891.100000	0.00	
891.300000	0.00	
891.500000	0.00	
891.700000	0.00	
891.900000	0.00	
892.100000	0.00	
892.300000	0.00	
892.500000	0.00	
892.700000	0.00	
892.900000	0.00	
893.100000	0.00	
893.300000	0.00	
893.500000	0.00	
893.700000	0.00	
893.900000	0.00	
894.100000	0.00	
894.300000	0.00	
894.500000	0.00	
894.700000	0.00	
894.900000	0.00	
895.100000	0.00	
895.300000	0.00	
895.500000	0.00	
895.700000	0.00	
895.900000	0.00	
896.100000	0.00	
896.300000	0.00	
896.500000	0.00	
896.700000	0.00	
896.900000	0.00	
897.100000	0.00	
897.300000	0.00	
897.500000	0.00	
897.700000	0.00	
897.900000	0.00	
898.100000	0.00	
898.300000	0.00	
898.500000	0.00	
898.700000	0.00	
898.900000	0.00	
899.100000	0.00	
899.300000	0.00	
899.500000	0.00	
899.700000	0.00	
899.900000	0.00	
900.100000	0.00	
900.300000	0.00	
900.500000	0.00	
900.700000	0.00	
900.900000	0.00	
901.100000	0.00	
901.300000	0.00	
901.500000	0.00	
901.700000	0.00	
901.900000	0.00	
902.100000	0.00	
902.300000	0.00	
902.500000	0.00	
902.700000	0.00	
902.900000	0.00	
903.100000	0.00	
903.300000	0.00	
903.500000	0.00	
903.700000	0.00	
903.900000	0.00	
904.100000	0.00	
904.300000	0.00	
904.500000	0.00	
904.700000	0.00	
904.900000	0.00	
905.100000	0.00	
905.300000	0.00	
905.500000	0.00	
905.700000	0.00	
905.900000	0.00	
906.100000	0.00	
906.300000	0.00	
906.500000	0.00	
906.700000	0.00	
906.900000	0.00	
907.100000	0.00	
907.300000	0.00	
907.500000	0.00	
907.700000	0.00	
907.900000	0.00	
908.100000	0.00	
908.300000	0.00	
908.500000	0.00	
908.700000	0.00	
908.900000	0.00	
909.100000	0.00	
909.300000	0.00	
909.500000	0.00	
909.700000	0.00	
909.900000	0.00	
910.100000	0.00	
910.300000	0.00	
910.500000	0.00	
910.700000	0.00	
910.900000	0.00	
911.100000	0.00	
911.300000	0.00	
911.500000	0.00	
911.700000	0.00	
911.900000	0.00	
912.100000	0.00	
912.300000	0.00	
912.500000	0.00	
912.700000	0.00	
912.900000	0.00	
913.100000	0.00	
913.300000	0.00	
913.500000	0.00	
913.700000	0.00	
913.900000	0.00	
914.100000	0.00	
914.300000	0.00	
914.500000	0.00	
914.700000	0.00	
914.900000	0.00	
915.100000	0.00	
915.300000	0.00	
915.500000	0.00	
915.700000	0.00	
915.900000	0.00	
916.100000	0.00	
916.300000	0.00	
916.500000	0.00	
916.700000	0.00	
916.900000	0.00	
917.100000	0.00	
917.300000	0.00	
917.500000	0.00	
917.700000	0.00	
917.900000	0.00	
918.100000	0.00	
918.300000	0.00	
918.500000	0.00	
918.700000	0.00	
918.900000	0.00	
919.100000	0.00	
919.300000	0.00	
919.500000	0.00	
919.700000	0.00	
919.900000	0.00	
920.100000	0.00	
920.300000	0.00	
920.500000	0.00	
920.700000	0.00	
920.900000	0.00	
921.100000	0.00	
921.300000	0.00	
921.500000	0.00	
921.700000	0.00	
921.900000	0.00	
922.100000	0.00	
922.300000	0.00	
922.500000	0.00	
922.700000	0.00	
922.900000	0.00	
923.100000	0.00	
923.300000	0.00	
923.500000	0.00	
923.700000	0.00	
923.900000	0.00	
924.100000	0.00	
924.300000	0.00	
924.500000	0.00	
924.700000	0.00	
924.900000	0.00	
925.100000	0.00	
925.300000	0.00	
925.500000	0.00	
925.700000	0.00	
925.900000	0.00	
926.100000	0.00	
926.300000	0.00	
926.500000	0.00	
926.700000	0.00	
926.900000	0.00	
927.100000	0.00	
927.300000	0.00	
927.500000	0.00	
927.700000	0.00	
927.900000	0.00	
928.100000	0.00	
928.300000	0.00	
928.500000	0.00	
928.700000	0.00	
928.900000	0.00	
929.100000	0.00	
935.080000	0.00	
935.280000	0.00	
935.480000	0.00	
935.680000	0.00	
935.880000	0.00	
936.080000	0.00	
936.280000	0.00	
936.480000	0.00	
936.680000	0.00	
936.880000	0.00	
937.080000	0.00	
937.280000	0.00	
937.480000	0.00	
937.680000	0.00	
937.880000	0.00	
938.080000	0.00	
938.280000	0.00	
938.480000	0.00	
938.680000	0.00	
938.880000	0.00	
939.080000	0.00	
939.280000	0.00	
939.480000	0.00	
939.680000	0.00	
939.880000	0.00	
940.080000	0.00	
940.280000	0.00	
940.480000	0.00	
940.680000	0.00	
940.880000	0.00	
941.080000	0.00	
941.280000	0.00	
941.480000	0.00	
941.680000	0.00	
941.880000	0.00	
942.080000	0.00	
942.280000	0.00	
942.480000	0.00	
942.680000	0.00	
942.880000	0.00	
943.080000	0.00	
943.280000	0.00	
943.480000	0.00	
943.680000	0.00	
943.880000	0.00	
944.080000	0.00	
944.280000	0.00	
944.480000	0.00	
944.680000	0.00	
944.880000	0.00	
945.080000	0.00	
945.280000	0.00	
945.480000	0.00	
945.680000	0.00	
945.880000	0.00	
946.080000	0.00	
946.280000	0.00	
946.480000	0.00	
946.680000	0.00	
946.880000	0.00	
947.080000	0.00	
947.280000	0.00	
947.480000	0.00	
947.680000	0.00	
947.880000	0.00	
948.080000	0.00	
948.280000	0.00	
948.480000	0.00	
948.680000	0.00	
948.880000	0.00	
949.080000	0.00	
949.280000	0.00	
949.480000	0.00	
949.680000	0.00	
949.880000	0.00	
950.080000	0.00	
950.280000	0.00	
950.480000	0.00	
950.680000	0.00	
950.880000	0.00	
951.080000	0.00	
951.280000	0.00	
951.480000	0.00	
951.680000	0.00	
951.880000	0.00	
952.080000	0.00	
952.280000	0.00	
952.480000	0.00	
952.680000	0.00	
952.880000	0.00	
953.080000	0.00	
953.280000	0.00	
953.480000	0.00	
953.680000	0.00	
953.880000	0.00	
954.080000	0.00	
954.280000	0.00	
954.480000	0.00	
954.680000	0.00	
954.880000	0.00	
955.080000	0.00	
955.280000	0.00	
955.480000	0.00	
955.680000	0.00	
955.880000	0.00	
956.080000	0.00	
956.280000	0.00	
956.480000	0.00	
956.680000	0.00	
956.880000	0.00	
957.080000	0.00	
957.280000	0.00	
957.480000	0.00	
957.680000	0.00	
957.880000	0.00	
958.080000	0.00	
958.280000	0.00	
958.480000	0.00	
969.020000	0.00	
969.220000	0.00	
969.420000	0.00	
969.620000	0.00	
969.820000	0.00	
970.020000	0.00	
970.220000	0.00	
970.420000	0.00	
970.620000	0.00	
970.820000	0.00	
971.020000	0.00	
971.220000	0.00	
971.420000	0.00	
971.620000	0.00	
971.820000	0.00	
972.020000	0.00	
972.220000	0.00	
972.420000	0.00	
972.620000	0.00	
972.820000	0.00	
973.020000	0.00	
973.220000	0.00	
973.420000	0.00	
973.620000	0.00	
973.820000	0.00	
974.020000	0.00	
974.220000	0.00	
974.420000	0.00	
974.620000	0.00	
974.820000	0.00	
975.020000	0.00	
975.220000	0.00	
975.420000	0.00	
975.620000	0.00	
975.820000	0.00	
976.020000	0.00	
976.220000	0.00	
976.420000	0.00	
976.620000	0.00	
976.820000	0.00	
977.020000	0.00	
977.220000	0.00	
977.420000	0.00	
977.620000	0.00	
977.820000	0.00	
978.020000	0.00	
978.220000	0.00	
978.420000	0.00	
978.620000	0.00	
978.820000	0.00	
979.020000	0.00	
979.220000	0.00	
979.420000	0.00	
979.620000	0.00	
979.820000	0.00	
980.020000	0.00	
980.220000	0.00	
980.420000	0.00	
980.620000	0.00	
980.820000	0.00	
981.020000	0.00	
981.220000	0.00	
981.420000	0.00	
981.620000	0.00	
981.820000	0.00	
982.020000	0.00	
982.220000	0.00	
982.420000	0.00	
982.620000	0.00	
982.820000	0.00	
983.020000	0.00	
983.220000	0.00	
983.420000	0.00	
983.620000	0.00	
983.820000	0.00	
984.020000	0.00	
984.220000	0.00	
984.420000	0.00	
984.620000	0.00	
984.820000	0.00	
985.020000	0.00	
985.220000	0.00	
985.420000	0.00	
985.620000	0.00	
985.820000	0.00	
986.020000	0.00	
986.220000	0.00	
986.420000	0.00	
986.620000	0.00	
986.820000	0.00	
987.020000	0.00	
987.220000	0.00	
987.420000	0.00	
987.620000	0.00	
987.820000	0.00	
988.020000	0.00	
988.220000	0.00	
988.420000	0.00	
988.620000	0.00	
988.820000	0.00	
989.020000	0.00	
989.220000	0.00	
989.420000	0.00	
989.620000	0.00	
989.820000	0.00	
990.020000	0.00	
990.220000	0.00	
990.420000	0.00	
990.620000	0.00	
990.820000	0.00	
991.020000	0.00	
991.220000	0.00	
991.420000	0.00	
991.620000	0.00	
991.820000	0.00	
992.020000	0.00	
992.220000	0.00	
1008.500000	0.00	
1008.700000	0.00	
1008.900000	0.00	
1009.100000	0.00	
1009.300000	0.00	
1009.500000	0.00	
1009.700000	0.00	
1009.900000	0.00	
1010.100000	0.00	
1010.300000	0.00	
1010.500000	0.00	
1010.700000	0.00	
1010.900000	0.00	
1011.100000	0.00	
1011.300000	0.00	
1011.500000	0.00	
1011.700000	0.00	
1011.900000	0.00	
1012.100000	0.00	
1012.300000	0.00	
1012.500000	0.00	
1012.700000	0.00	
1012.900000	0.00	
1013.100000	0.00	
1013.300000	0.00	
1013.500000	0.00	
1013.700000	0.00	
1013.900000	0.00	
1014.100000	0.00	
1014.300000	0.00	
1014.500000	0.00	
1014.700000	0.00	
1014.900000	0.00	
1015.100000	0.00	
1015.300000	0.00	
1015.500000	0.00	
1015.700000	0.00	
1015.900000	0.00	
1016.100000	0.00	
1016.300000	0.00	
1016.500000	0.00	
1016.700000	0.00	
1016.900000	0.00	
1017.100000	0.00	
1017.300000	0.00	
1017.500000	0.00	
1017.700000	0.00	
1017.900000	0.00	
1018.100000	0.00	
1018.300000	0.00	
1018.500000	0.00	
1018.700000	0.00	
1018.900000	0.00	
1019.100000	0.00	
1019.300000	0.00	
1019.500000	0.00	
1019.700000	0.00	
1019.900000	0.00	
1020.100000	0.00	
1020.300000	0.00	
1020.500000	0.00	
1020.700000	0.00	
1020.900000	0.00	
1021.100000	0.00	
1021.300000	0.00	
1021.500000	0.00	
1021.700000	0.00	
1021.900000	0.00	
1022.100000	0.00	
1022.300000	0.00	
1022.500000	0.00	
1022.700000	0.00	
1022.900000	0.00	
1023.100000	0.00	
1023.300000	0.00	
1023.500000	0.00	
1023.700000	0.00	
1023.900000	0.00	
1024.100000	0.00	
1024.300000	0.00	
1024.500000	0.00	
1024.700000	0.00	
1024.900000	0.00	
1025.100000	0.00	
1025.300000	0.00	
1025.500000	0.00	
1025.700000	0.00	
1025.900000	0.00	
1026.100000	0.00	
1026.300000	0.00	
1026.500000	0.00	
1026.700000	0.00	
1026.900000	0.00	
1027.100000	0.00	
1027.300000	0.00	
1027.500000	0.00	
1027.700000	0.00	
1027.900000	0.00	
1028.100000	0.00	
1028.300000	0.00	
1028.500000	0.00	
1028.700000	0.00	
1028.900000	0.00	
1029.100000	0.00	
1029.300000	0.00	
1029.500000	0.00	
1029.700000	0.00	
1029.900000	0.00	
1030.100000	0.00	
1030.300000	0.00	
1030.500000	0.00	
1030.700000	0.00	
1030.900000	0.00	
1031.100000	0.00	
1031.300000	0.00	
1031.500000	0.00	
1031.700000	0.00	
1031.900000	0.00	
1032.100000	0.00	
1032.300000	0.00	
1032.500000	0.00	
1032.700000	0.00	
1032.900000	0.00	
1033.100000	0.00	
1033.300000	0.00	
1033.500000	0.00	
1033.700000	0.00	
1033.900000	0.00	
1053.900000	0.00	
1059.460000	0.00	
1059.660000	0.00	
1059.860000	0.00	
1060.060000	0.00	
1060.260000	0.00	
1060.460000	0.00	
1060.660000	0.00	
1060.860000	0.00	
1061.060000	0.00	
1061.260000	0.00	
1061.460000	0.00	
1061.660000	0.00	
1061.860000	0.00	
1062.060000	0.00	
1062.260000	0.00	
1062.460000	0.00	
1062.660000	0.00	
1062.860000	0.00	
1063.060000	0.00	
1063.260000	0.00	
1063.460000	0.00	
1063.660000	0.00	
1063.860000	0.00	
1064.060000	0.00	
1064.260000	0.00	
1064.460000	0.00	
1064.660000	0.00	
1064.860000	0.00	
1065.060000	0.00	
1065.260000	0.00	
1065.460000	0.00	
1065.660000	0.00	
1065.860000	0.00	
1066.060000	0.00	
1066.260000	0.00	
1066.460000	0.00	
1066.660000	0.00	
1066.860000	0.00	
1067.060000	0.00	
1067.260000	0.00	
1067.460000	0.00	
1067.660000	0.00	
1067.860000	0.00	
1068.060000	0.00	
1068.260000	0.00	
1068.460000	0.00	
1068.660000	0.00	
1068.860000	0.00	
1069.060000	0.00	
1069.260000	0.00	
1069.460000	0.00	
1069.660000	0.00	
1069.860000	0.00	
1070.060000	0.00	
1070.260000	0.00	
1070.460000	0.00	
1070.660000	0.00	
1070.860000	0.00	
1071.060000	0.00	
1071.260000	0.00	
1071.460000	0.00	
1071.660000	0.00	
1071.860000	0.00	
1072.060000	0.00	
1072.260000	0.00	
1072.460000	0.00	
1072.660000	0.00	
1072.860000	0.00	
1073.060000	0.00	
1073.260000	0.00	
1073.460000	0.00	
1073.660000	0.00	
1073.860000	0.00	
1074.060000	0.00	
1074.260000	0.00	
1074.460000	0.00	
1074.660000	0.00	
1074.860000	0.00	
1075.060000	0.00	
1075.260000	0.00	
1075.460000	0.00	
1075.660000	0.00	
1075.860000	0.00	
1076.060000	0.00	
1076.260000	0.00	
1076.460000	0.00	
1076.660000	0.00	
1076.860000	0.00	
1077.060000	0.00	
1077.260000	0.00	
1077.460000	0.00	
1077.660000	0.00	
1077.860000	0.00	
1078.060000	0.00	
1078.260000	0.00	
1078.460000	0.00	
1078.660000	0.00	
1078.860000	0.00	
1079.060000	0.00	
1079.260000	0.00	
1079.460000	0.00	
1079.660000	0.00	
1079.860000	0.00	
1080.060000	0.00	
1080.260000	0.00	
1080.460000	0.00	
1080.660000	0.00	
1080.860000	0.00	
1081.060000	0.00	
1081.260000	0.00	
1081.460000	0.00	
1081.660000	0.00	
1081.860000	0.00	
1082.060000	0.00	
1082.260000	0.00	
1082.460000	0.00	
1082.660000	0.00	
1082.860000	0.00	
1083.060000	0.00	
1083.260000	0.00	
1083.460000	0.00	
1083.660000	0.00	
1083.860000	0.00	
1084.060000	0.00	
1084.260000	0.00	
1084.460000	0.00	
1084.660000	0.00	
1084.860000	0.00	
1085.060000	0.00	
1085.260000	0.00	
1085.460000	0.00	
1085.660000	0.00	
1085.860000	0.00	
1086.060000	0.00	
1086.260000	0.00	
1086.460000	0.00	
1086.660000	0.00	
1086.860000	0.00	
1087.060000	0.00	
1087.260000	0.00	
1087.460000	0.00	
1087.660000	0.00	
1087.860000	0.00	
1088.060000	0.00	
1088.260000	0.00	
1088.460000	0.00	
1088.660000	0.00	
1088.860000	0.00	
1089.060000	0.00	
1089.260000	0.00	
1089.460000	0.00	
1089.660000	0.00	
1089.860000	0.00	
1090.060000	0.00	
1090.260000	0.00	
1090.460000	0.00	
1090.660000	0.00	
1090.860000	0.00	
1091.060000	0.00	
1091.260000	0.00	
1091.460000	0.00	
1091.660000	0.00	
1091.860000	0.00	
1092.060000	0.00	
1092.260000	0.00	
1092.460000	0.00	
1092.660000	0.00	
1092.860000	0.00	
1093.060000	0.00	
1093.260000	0.00	
1093.460000	0.00	
1093.660000	0.00	
1093.860000	0.00	
1094.060000	0.00	
1094.260000	0.00	
1094.460000	0.00	
1094.660000	0.00	
1094.860000	0.00	
1095.060000	0.00	
1095.260000	0.00	
1095.460000	0.00	
1095.660000	0.00	
1095.860000	0.00	
1096.060000	0.00	
1096.260000	0.00	
1096.460000	0.00	
1096.660000	0.00	
1096.860000	0.00	
1097.060000	0.00	
1097.260000	0.00	
1097.460000	0.00	
1097.660000	0.00	
1097.860000	0.00	
1098.060000	0.00	
1098.260000	0.00	
1098.460000	0.00	
1098.660000	0.00	
1098.860000	0.00	
1099.060000	0.00	
1099.260000	0.00	
1099.460000	0.00	
1099.660000	0.00	
1099.860000	0.00	
1100.060000	0.00	
1100.260000	0.00	
1100.460000	0.00	
1100.660000	0.00	
1100.860000	0.00	
1101.060000	0.00	
1101.260000	0.00	
1101.460000	0.00	
1101.660000	0.00	
1101.860000	0.00	
1102.060000	0.00	
1102.260000	0.00	
1102.460000	0.00	
1102.660000	0.00	
1102.860000	0.00	
1103.060000	0.00	
1103.260000	0.00	
1103.460000	0.00	
1103.660000	0.00	
1103.860000	0.00	
1104.060000	0.00	
1104.260000	0.00	
1104.460000	0.00	
1104.660000	0.00	
1104.860000	0.00	
1105.060000	0.00	
1105.260000	0.00	
1105.460000	0.00	
1105.660000	0.00	
1105.860000	0.00	
1106.060000	0.00	
1106.260000	0.00	
1126.260000	0.00	
1146.260000	0.00	
1166.260000	0.00	
1186.260000	0.00	
1206.260000	0.00	
1226.260000	0.00	
1246.260000	0.00	
1266.260000	0.00	
1286.260000	0.00	
1306.260000	0.00	
1326.260000	0.00	
1346.260000	0.00	
1366.260000	0.00	
1386.260000	0.00	
1406.260000	0.00	
1426.260000	0.00	
1446.260000	0.00	
1466.260000	0.00	
1486.260000	0.00	
1506.260000	0.00	
1526.260000	0.00	
1546.260000	0.00	
1566.260000	0.00	
1586.260000	0.00	
1606.260000	0.00	
1626.260000	0.00	
1646.260000	0.00	
1666.260000	0.00	
1686.260000	0.00	
1706.260000	0.00	
1726.260000	0.00	
1746.260000	0.00	
1766.260000	0.00	
1786.260000	0.00	
1806.260000	0.00	
1826.260000	0.00	
1846.260000	0.00	
1866.260000	0.00	
1886.260000	0.00	
1906.260000	0.00	
1926.260000	0.00	
1946.260000	0.00	
1966.260000	0.00	
1986.260000	0.00	
2006.260000	0.00	
2026.260000	0.00	
2046.260000	0.00	
2066.260000	0.00	
2086.260000	0.00	
2106.260000	0.00	
2126.260000	0.00	
2146.260000	0.00	
2166.260000	0.00	
2186.260000	0.00	
2206.260000	0.00	
2226.260000	0.00	
2246.260000	0.00	
2266.260000	0.00	
2286.260000	0.00	
2306.260000	0.00	
2326.260000	0.00	
2346.260000	0.00	
2366.260000	0.00	
2386.260000	0.00	
2406.260000	0.00	
2426.260000	0.00	
2446.260000	0.00	
2466.260000	0.00	
2486.260000	0.00	
