0.000000	-0.000000362671	
20.000000	-0.000000379627	
40.000000	-0.000000380367	
60.000000	-0.000000379563	
80.000000	-0.000000378887	
100.000000	-0.000000378535	
120.000000	-0.000000107128	
140.000000	-0.000000128176	
160.000000	-0.000000155757	
180.000000	-0.000000187902	
200.000000	-0.000000223884	
220.000000	-0.000000263163	
240.000000	-0.000000305641	
260.000000	-0.000000351372	
280.000000	-0.000000400465	
300.000000	-0.000000453048	
320.000000	-0.000000509274	
340.000000	-0.000000572239	
360.000000	-0.000000637174	
380.000000	-0.000000705529	
400.000000	-0.000000778304	
420.000000	-0.000000856442	
440.000000	-0.000000941255	
460.000000	-0.000001035256	
480.000000	-0.000001145920	
495.760000	-0.000001311884	
495.960000	-0.000001427123	
496.160000	-0.000002069563	
496.360000	-0.000004480868	
496.560000	-0.000622479861	
496.760000	-0.004607757301	
496.960000	-0.008207896890	
497.160000	-0.009819421486	
497.360000	-0.009748394678	
497.560000	-0.009095473265	
497.760000	-0.008344170207	
497.960000	-0.007632285925	
498.160000	-0.007020829574	
498.360000	-0.006591953667	
498.560000	-0.006037117513	
498.760000	-0.005399218346	
518.760000	-0.000001218004	
527.800000	-0.000001441294	
528.000000	-0.000001450448	
528.200000	-0.000001460590	
528.400000	-0.000001472161	
528.600000	-0.000001486026	
528.800000	-0.000001504388	
529.000000	-0.000001544773	
529.200000	-0.000001984962	
529.400000	-0.000003975072	
529.600000	-0.000526537048	
529.800000	-0.004592883667	
530.000000	-0.008558806313	
530.200000	-0.010655715117	
530.400000	-0.010806199784	
530.600000	-0.010137102793	
530.800000	-0.009306336060	
531.000000	-0.008504133587	
531.200000	-0.007803140675	
531.400000	-0.007279189320	
531.600000	-0.006729429062	
531.800000	-0.006041445603	
532.000000	-0.005366545962	
550.500000	-0.000001455851	
550.700000	-0.000001459261	
550.900000	-0.000001463119	
551.100000	-0.000001467385	
551.300000	-0.000001472024	
551.500000	-0.000001477007	
551.700000	-0.000001482311	
551.900000	-0.000001487918	
552.100000	-0.000001493813	
552.300000	-0.000001499988	
552.500000	-0.000001506438	
552.700000	-0.000001513162	
552.900000	-0.000001520166	
553.100000	-0.000001527459	
553.300000	-0.000001535058	
553.500000	-0.000001542985	
553.700000	-0.000001551273	
553.900000	-0.000001559966	
554.100000	-0.000001569123	
554.300000	-0.000001578825	
554.500000	-0.000001589186	
554.700000	-0.000001600371	
554.900000	-0.000001612628	
555.100000	-0.000001626366	
555.300000	-0.000001642324	
555.500000	-0.000001662140	
555.700000	-0.000001691314	
555.900000	-0.000001904353	
556.100000	-0.000003151333	
556.300000	-0.000088553224	
556.500000	-0.003466068742	
556.700000	-0.007644748106	
556.900000	-0.010434488177	
557.100000	-0.011105791819	
557.300000	-0.010586338005	
557.500000	-0.009764526119	
557.700000	-0.008922939779	
557.900000	-0.008164287146	
558.100000	-0.007550634586	
558.300000	-0.007043198038	
558.500000	-0.006379477016	
558.700000	-0.005687104078	
558.900000	-0.005033525383	
559.100000	-0.004432011612	
570.940000	-0.000003067960	
571.140000	-0.000002867140	
571.340000	-0.000002692270	
571.540000	-0.000002540119	
571.740000	-0.000002407855	
571.940000	-0.000002293004	
572.140000	-0.000002193399	
572.340000	-0.000002107145	
572.540000	-0.000002032584	
572.740000	-0.000001968265	
572.940000	-0.000001912919	
573.140000	-0.000001865437	
573.340000	-0.000001824847	
573.540000	-0.000001790300	
573.740000	-0.000001761055	
573.940000	-0.000001736462	
574.140000	-0.000001715954	
574.340000	-0.000001699038	
574.540000	-0.000001685280	
574.740000	-0.000001674303	
574.940000	-0.000001665780	
575.140000	-0.000001659423	
575.340000	-0.000001654986	
575.540000	-0.000001652253	
575.740000	-0.000001651037	
575.940000	-0.000001651179	
576.140000	-0.000001652543	
576.340000	-0.000001655013	
576.540000	-0.000001658492	
576.740000	-0.000001662901	
576.940000	-0.000001668179	
577.140000	-0.000001674279	
577.340000	-0.000001681172	
577.540000	-0.000001688847	
577.740000	-0.000001697312	
577.940000	-0.000001706596	
578.140000	-0.000001716761	
578.340000	-0.000001727909	
578.540000	-0.000001740204	
578.740000	-0.000001753907	
578.940000	-0.000001769462	
579.140000	-0.000001787684	
579.340000	-0.000001810374	
579.540000	-0.000001843459	
579.740000	-0.000002063909	
579.940000	-0.000003470117	
580.140000	-0.000179169254	
580.340000	-0.003724892210	
580.540000	-0.007819539903	
580.740000	-0.010519410670	
580.940000	-0.011148930025	
581.140000	-0.010621225429	
581.340000	-0.009796602539	
581.540000	-0.008950373804	
581.740000	-0.008185521378	
581.940000	-0.007561697597	
582.140000	-0.007045032140	
582.340000	-0.006388657474	
582.540000	-0.005699103838	
582.740000	-0.005047539524	
582.940000	-0.004446808579	
583.140000	-0.003905535371	
583.340000	-0.003424457566	
590.500000	-0.000030357075	
590.700000	-0.000026745009	
590.900000	-0.000023584904	
591.100000	-0.000020820336	
591.300000	-0.000018401921	
591.500000	-0.000016286442	
591.700000	-0.000014436079	
591.900000	-0.000012817732	
592.100000	-0.000011402435	
592.300000	-0.000010164838	
592.500000	-0.000009082759	
592.700000	-0.000008136783	
592.900000	-0.000007309922	
593.100000	-0.000006587309	
593.300000	-0.000005955933	
593.500000	-0.000005404409	
593.700000	-0.000004922775	
593.900000	-0.000004502311	
594.100000	-0.000004135389	
594.300000	-0.000003815333	
594.500000	-0.000003536301	
594.700000	-0.000003293182	
594.900000	-0.000003081501	
595.100000	-0.000002897347	
595.300000	-0.000002737294	
595.500000	-0.000002598348	
595.700000	-0.000002477886	
595.900000	-0.000002373617	
596.100000	-0.000002283535	
596.300000	-0.000002205886	
596.500000	-0.000002139136	
596.700000	-0.000002081944	
596.900000	-0.000002033140	
597.100000	-0.000001991698	
597.300000	-0.000001956724	
597.500000	-0.000001927439	
597.700000	-0.000001903162	
597.900000	-0.000001883301	
598.100000	-0.000001867341	
598.300000	-0.000001854834	
598.500000	-0.000001845395	
598.700000	-0.000001838690	
598.900000	-0.000001834436	
599.100000	-0.000001832393	
599.300000	-0.000001832359	
599.500000	-0.000001834173	
599.700000	-0.000001837709	
599.900000	-0.000001842878	
600.100000	-0.000001849634	
600.300000	-0.000001857975	
600.500000	-0.000001867959	
600.700000	-0.000001879730	
600.900000	-0.000001893558	
601.100000	-0.000001909952	
601.300000	-0.000001929911	
601.500000	-0.000001955798	
601.700000	-0.000001996569	
601.900000	-0.000002357908	
602.100000	-0.000004779280	
602.300000	-0.000787193960	
602.500000	-0.004757630208	
602.700000	-0.008640709711	
602.900000	-0.010863255472	
603.100000	-0.011148388733	
603.300000	-0.010513172976	
603.500000	-0.009667421349	
603.700000	-0.008825983433	
603.900000	-0.008077590367	
604.100000	-0.007476606109	
604.300000	-0.006936919042	
604.500000	-0.006264689217	
604.700000	-0.005582184792	
604.900000	-0.004940255399	
605.100000	-0.004350643281	
605.300000	-0.003820563818	
605.500000	-0.003349873357	
605.700000	-0.002934696372	
605.900000	-0.002569808873	
606.100000	-0.002249756028	
606.300000	-0.001969335329	
606.500000	-0.001723784537	
606.700000	-0.001508834244	
606.900000	-0.001320699481	
607.100000	-0.001156045472	
607.300000	-0.001011944197	
607.500000	-0.000885829632	
607.700000	-0.000775455227	
607.900000	-0.000678855068	
608.100000	-0.000594309151	
608.300000	-0.000520312665	
608.500000	-0.000455549011	
608.700000	-0.000398866172	
608.900000	-0.000349256051	
609.100000	-0.000305836420	
609.300000	-0.000267835157	
609.500000	-0.000234576465	
609.700000	-0.000205468833	
609.900000	-0.000179994510	
610.100000	-0.000157700302	
610.300000	-0.000138189517	
610.500000	-0.000121114923	
610.700000	-0.000106172582	
610.900000	-0.000093096454	
611.100000	-0.000081653676	
611.300000	-0.000071640425	
611.500000	-0.000062878299	
611.700000	-0.000055211151	
611.900000	-0.000048502314	
612.100000	-0.000042632171	
612.300000	-0.000037496032	
612.500000	-0.000033002269	
612.700000	-0.000029070692	
612.900000	-0.000025631117	
613.100000	-0.000022622123	
613.300000	-0.000019989953	
613.500000	-0.000017687564	
613.700000	-0.000015673785	
613.900000	-0.000013912586	
614.100000	-0.000012372435	
614.300000	-0.000011025738	
614.500000	-0.000009848348	
614.700000	-0.000008819131	
614.900000	-0.000007919595	
615.100000	-0.000007133557	
615.300000	-0.000006446855	
615.500000	-0.000005847096	
615.700000	-0.000005323436	
615.900000	-0.000004866386	
616.100000	-0.000004467641	
616.300000	-0.000004119938	
616.500000	-0.000003816917	
616.700000	-0.000003553016	
616.900000	-0.000003323369	
617.100000	-0.000003123717	
617.300000	-0.000002950335	
617.500000	-0.000002799965	
617.700000	-0.000002669758	
617.900000	-0.000002557221	
618.100000	-0.000002460174	
618.300000	-0.000002376713	
618.500000	-0.000002305174	
618.700000	-0.000002244103	
618.900000	-0.000002192230	
619.100000	-0.000002148450	
619.300000	-0.000002111798	
619.500000	-0.000002081435	
619.700000	-0.000002056634	
619.900000	-0.000002036767	
620.100000	-0.000002021290	
620.300000	-0.000002009742	
620.500000	-0.000002001732	
620.700000	-0.000001996935	
620.900000	-0.000001995092	
621.100000	-0.000001996006	
621.300000	-0.000001999550	
621.500000	-0.000002005675	
621.700000	-0.000002014432	
621.900000	-0.000002026022	
622.100000	-0.000002040889	
622.300000	-0.000002059975	
622.500000	-0.000002085499	
622.700000	-0.000002125112	
622.900000	-0.000002412799	
623.100000	-0.000004499443	
623.300000	-0.000589658147	
623.500000	-0.004417255371	
623.700000	-0.008348468327	
623.900000	-0.010779476966	
624.100000	-0.011222869475	
624.300000	-0.010636936377	
624.500000	-0.009796936550	
624.700000	-0.008945635699	
624.900000	-0.008178403987	
625.100000	-0.007550225369	
625.300000	-0.007009188173	
625.500000	-0.006348326374	
625.700000	-0.005664113425	
625.900000	-0.005018302702	
626.100000	-0.004422906592	
626.300000	-0.003886036700	
626.500000	-0.003408421145	
626.700000	-0.002986637490	
626.900000	-0.002615663546	
627.100000	-0.002290113562	
627.300000	-0.002004786401	
627.500000	-0.001754888184	
627.700000	-0.001536103355	
627.900000	-0.001344596145	
628.100000	-0.001176981436	
628.300000	-0.001030283848	
628.500000	-0.000901894069	
628.700000	-0.000789526653	
628.900000	-0.000691181102	
629.100000	-0.000605106857	
629.300000	-0.000529772218	
629.500000	-0.000463836979	
629.700000	-0.000406128424	
629.900000	-0.000355620322	
630.100000	-0.000311414569	
630.300000	-0.000272725134	
630.500000	-0.000238864045	
630.700000	-0.000209229130	
630.900000	-0.000183293301	
631.100000	-0.000160595187	
631.300000	-0.000140730936	
631.500000	-0.000123347042	
631.700000	-0.000108134076	
631.900000	-0.000094821186	
632.100000	-0.000083171294	
632.300000	-0.000072976887	
632.500000	-0.000064056333	
632.700000	-0.000056250654	
632.900000	-0.000049420704	
633.100000	-0.000043444697	
633.300000	-0.000038216042	
633.500000	-0.000033641450	
633.700000	-0.000029639273	
633.900000	-0.000026138053	
634.100000	-0.000023075252	
634.300000	-0.000020396140	
634.500000	-0.000018052818	
634.700000	-0.000016003366	
634.900000	-0.000014211102	
635.100000	-0.000012643920	
635.300000	-0.000011273726	
635.500000	-0.000010075934	
635.700000	-0.000009029028	
635.900000	-0.000008114181	
636.100000	-0.000007314916	
636.300000	-0.000006616816	
636.500000	-0.000006007264	
636.700000	-0.000005475221	
636.900000	-0.000005011027	
637.100000	-0.000004606229	
637.300000	-0.000004253432	
637.500000	-0.000003946165	
637.700000	-0.000003678767	
637.900000	-0.000003446286	
638.100000	-0.000003244390	
638.300000	-0.000003069290	
638.500000	-0.000002917672	
638.700000	-0.000002786640	
638.900000	-0.000002673662	
639.100000	-0.000002576525	
639.300000	-0.000002493297	
639.500000	-0.000002422292	
639.700000	-0.000002362038	
639.900000	-0.000002311257	
640.100000	-0.000002268835	
640.300000	-0.000002233807	
640.500000	-0.000002205340	
640.700000	-0.000002182719	
640.900000	-0.000002165337	
641.100000	-0.000002152682	
641.300000	-0.000002144340	
641.500000	-0.000002139986	
641.700000	-0.000002139395	
641.900000	-0.000002142452	
642.100000	-0.000002149186	
642.300000	-0.000002159840	
642.500000	-0.000002175032	
642.700000	-0.000002196195	
642.900000	-0.000002227272	
643.100000	-0.000002304435	
643.300000	-0.000003137642	
643.500000	-0.000023982681	
643.700000	-0.002515164615	
643.900000	-0.006617664554	
644.100000	-0.009969913204	
644.300000	-0.011322663900	
644.500000	-0.011099570367	
644.700000	-0.010326422429	
644.900000	-0.009454413668	
645.100000	-0.008627422193	
645.300000	-0.007913469737	
645.500000	-0.007340980003	
645.700000	-0.006734352439	
645.900000	-0.006041904093	
646.100000	-0.005371799146	
646.300000	-0.004747295559	
646.500000	-0.004177951163	
646.700000	-0.003668069390	
646.900000	-0.003216059263	
647.100000	-0.002817601096	
647.300000	-0.002467457927	
647.500000	-0.002160323119	
647.700000	-0.001891189462	
647.900000	-0.001655491447	
648.100000	-0.001449141028	
648.300000	-0.001268514433	
648.500000	-0.001110417902	
648.700000	-0.000972045976	
648.900000	-0.000850938939	
649.100000	-0.000744942456	
649.300000	-0.000652170687	
649.500000	-0.000570973242	
649.700000	-0.000499905912	
649.900000	-0.000437704911	
650.100000	-0.000383264291	
650.300000	-0.000335616173	
650.500000	-0.000293913460	
650.700000	-0.000257414730	
650.900000	-0.000225471021	
651.100000	-0.000197514290	
651.300000	-0.000173047308	
651.500000	-0.000151634833	
651.700000	-0.000132895877	
651.900000	-0.000116496945	
652.100000	-0.000102146118	
652.300000	-0.000089587873	
652.500000	-0.000078598546	
652.700000	-0.000068982367	
652.900000	-0.000060567979	
653.100000	-0.000053205400	
653.300000	-0.000046763355	
653.500000	-0.000041126950	
653.700000	-0.000036195624	
653.900000	-0.000031881366	
654.100000	-0.000028107149	
654.300000	-0.000024805559	
654.500000	-0.000021917598	
654.700000	-0.000019391631	
654.900000	-0.000017182471	
655.100000	-0.000015250572	
655.300000	-0.000013561328	
655.500000	-0.000012084452	
655.700000	-0.000010793441	
655.900000	-0.000009665102	
656.100000	-0.000008679138	
656.300000	-0.000007817789	
656.500000	-0.000007065514	
656.700000	-0.000006408712	
656.900000	-0.000005835484	
657.100000	-0.000005335418	
657.300000	-0.000004899403	
657.500000	-0.000004519469	
657.700000	-0.000004188640	
657.900000	-0.000003900818	
658.100000	-0.000003650666	
658.300000	-0.000003433515	
658.500000	-0.000003245286	
658.700000	-0.000003082408	
658.900000	-0.000002941764	
659.100000	-0.000002820627	
659.300000	-0.000002716619	
659.500000	-0.000002627661	
659.700000	-0.000002551944	
659.900000	-0.000002487891	
660.100000	-0.000002434131	
660.300000	-0.000002389480	
660.500000	-0.000002352912	
660.700000	-0.000002323549	
660.900000	-0.000002300649	
661.100000	-0.000002283591	
661.300000	-0.000002271872	
661.500000	-0.000002265115	
661.700000	-0.000002263068	
661.900000	-0.000002265644	
662.100000	-0.000002272976	
662.300000	-0.000002285563	
662.500000	-0.000002304649	
662.700000	-0.000002333554	
662.900000	-0.000002388170	
663.100000	-0.000002993107	
663.300000	-0.000011629115	
663.500000	-0.001944226605	
663.700000	-0.006015268041	
663.900000	-0.009605349060	
664.100000	-0.011324303586	
664.300000	-0.011290473249	
664.500000	-0.010557572357	
664.700000	-0.009681317771	
664.900000	-0.008833041230	
665.100000	-0.008087369914	
665.300000	-0.007482560474	
665.500000	-0.006886503678	
665.700000	-0.006194421329	
665.900000	-0.005514728963	
666.100000	-0.004879472144	
666.300000	-0.004297814150	
666.500000	-0.003775319329	
666.700000	-0.003311249230	
666.900000	-0.002901669725	
667.100000	-0.002541474951	
667.300000	-0.002225362157	
667.500000	-0.001948267345	
667.700000	-0.001705541949	
667.900000	-0.001493006441	
668.100000	-0.001306946287	
668.300000	-0.001144082165	
668.500000	-0.001001530233	
668.700000	-0.000876760169	
668.900000	-0.000767554707	
669.100000	-0.000671972286	
669.300000	-0.000588313388	
669.500000	-0.000515090602	
669.700000	-0.000451002214	
669.900000	-0.000394909014	
670.100000	-0.000345813970	
670.300000	-0.000302844442	
670.500000	-0.000265236629	
670.700000	-0.000232321973	
670.900000	-0.000203515261	
671.100000	-0.000178304229	
671.300000	-0.000156240464	
671.500000	-0.000136931444	
671.700000	-0.000120033571	
671.900000	-0.000105246079	
672.100000	-0.000092305694	
672.300000	-0.000080981966	
672.500000	-0.000071073182	
672.700000	-0.000062402780	
672.900000	-0.000054816220	
673.100000	-0.000048178238	
673.300000	-0.000042370444	
673.500000	-0.000037289220	
673.700000	-0.000032843877	
673.900000	-0.000028955042	
674.100000	-0.000025553250	
674.300000	-0.000022577705	
674.500000	-0.000019975200	
674.700000	-0.000017699174	
674.900000	-0.000015708875	
675.100000	-0.000013968642	
675.300000	-0.000012447267	
675.500000	-0.000011117439	
675.700000	-0.000009955260	
675.900000	-0.000008939814	
676.100000	-0.000008052801	
676.300000	-0.000007278208	
676.500000	-0.000006602020	
676.700000	-0.000006011976	
676.900000	-0.000005497349	
677.100000	-0.000005048752	
677.300000	-0.000004657973	
677.500000	-0.000004317827	
677.700000	-0.000004022030	
677.900000	-0.000003765087	
678.100000	-0.000003542189	
678.300000	-0.000003349134	
678.500000	-0.000003182250	
678.700000	-0.000003038325	
678.900000	-0.000002914557	
679.100000	-0.000002808499	
679.300000	-0.000002718018	
679.500000	-0.000002641257	
679.700000	-0.000002576600	
679.900000	-0.000002522649	
680.100000	-0.000002478196	
680.300000	-0.000002442206	
680.500000	-0.000002413798	
680.700000	-0.000002392240	
680.900000	-0.000002376937	
681.100000	-0.000002367438	
681.300000	-0.000002363443	
681.500000	-0.000002364845	
681.700000	-0.000002371798	
681.900000	-0.000002384906	
682.100000	-0.000002405709	
682.300000	-0.000002438568	
682.500000	-0.000002521679	
682.700000	-0.000003472863	
682.900000	-0.000051957227	
683.100000	-0.002890315347	
683.300000	-0.006976092503	
683.500000	-0.010293984455	
683.700000	-0.011585183842	
683.900000	-0.011316705396	
684.100000	-0.010517618593	
684.300000	-0.009625525680	
684.500000	-0.008781941315	
684.700000	-0.008052027592	
684.900000	-0.007454454848	
685.100000	-0.006818903879	
685.300000	-0.006114070175	
685.500000	-0.005436388675	
685.700000	-0.004805614903	
685.900000	-0.004230633209	
686.100000	-0.003715460857	
686.300000	-0.003258469822	
686.500000	-0.002855373150	
686.700000	-0.002500966665	
686.900000	-0.002189958473	
687.100000	-0.001917338056	
687.300000	-0.001678523396	
687.500000	-0.001469401835	
687.700000	-0.001286320892	
687.900000	-0.001126056793	
688.100000	-0.000985774558	
688.300000	-0.000862986488	
688.500000	-0.000755512366	
688.700000	-0.000661442796	
688.900000	-0.000579106183	
689.100000	-0.000507039386	
689.300000	-0.000443961795	
689.500000	-0.000388752576	
689.700000	-0.000340430706	
689.900000	-0.000298137510	
690.100000	-0.000261121371	
690.300000	-0.000228724370	
690.500000	-0.000200370585	
690.700000	-0.000175555875	
690.900000	-0.000153838920	
691.100000	-0.000134833405	
691.300000	-0.000118201154	
691.500000	-0.000103646146	
691.700000	-0.000090909256	
691.900000	-0.000079763663	
692.100000	-0.000070010825	
692.300000	-0.000061476959	
692.500000	-0.000054009952	
692.700000	-0.000047476667	
692.900000	-0.000041760572	
693.100000	-0.000036759675	
693.300000	-0.000032384710	
693.500000	-0.000028557550	
693.700000	-0.000025209818	
693.900000	-0.000022281674	
694.100000	-0.000019720745	
694.300000	-0.000017481198	
694.500000	-0.000015522923	
694.700000	-0.000013810817	
694.900000	-0.000012314161	
695.100000	-0.000011006075	
695.300000	-0.000009863033	
695.500000	-0.000008864451	
695.700000	-0.000007992316	
695.900000	-0.000007230865	
696.100000	-0.000006566306	
696.300000	-0.000005986573	
696.500000	-0.000005481106	
696.700000	-0.000005040667	
696.900000	-0.000004657176	
697.100000	-0.000004323563	
697.300000	-0.000004033646	
697.500000	-0.000003782015	
697.700000	-0.000003563945	
697.900000	-0.000003375301	
698.100000	-0.000003212471	
698.300000	-0.000003072302	
698.500000	-0.000002952040	
698.700000	-0.000002849283	
698.900000	-0.000002761940	
699.100000	-0.000002688190	
699.300000	-0.000002626458	
699.500000	-0.000002575379	
699.700000	-0.000002533782	
699.900000	-0.000002500671	
700.100000	-0.000002475209	
700.300000	-0.000002456712	
700.500000	-0.000002444650	
700.700000	-0.000002438654	
700.900000	-0.000002438550	
701.100000	-0.000002444421	
701.300000	-0.000002456769	
701.500000	-0.000002476922	
701.700000	-0.000002508441	
701.900000	-0.000002567027	
702.100000	-0.000003200006	
702.300000	-0.000016029814	
702.500000	-0.002189625339	
702.700000	-0.006270903418	
702.900000	-0.009892339344	
703.100000	-0.011638865986	
703.300000	-0.011597061679	
703.500000	-0.010842187017	
703.700000	-0.009940600557	
703.900000	-0.009068404316	
704.100000	-0.008299738135	
704.300000	-0.007667781920	
704.500000	-0.007039327806	
704.700000	-0.006328157475	
704.900000	-0.005634453146	
705.100000	-0.004986587078	
705.300000	-0.004393478561	
705.500000	-0.003860502959	
705.700000	-0.003386855801	
705.900000	-0.002968581989	
706.100000	-0.002600551527	
706.300000	-0.002277422432	
706.500000	-0.001994078078	
706.700000	-0.001745809006	
706.900000	-0.001528371414	
707.100000	-0.001337986769	
707.300000	-0.001171314430	
707.500000	-0.001025413314	
707.700000	-0.000897700626	
707.900000	-0.000785911610	
708.100000	-0.000688062109	
708.300000	-0.000602414645	
708.500000	-0.000527448133	
708.700000	-0.000461831091	
708.900000	-0.000404398048	
709.100000	-0.000354128846	
709.300000	-0.000310130507	
709.500000	-0.000271621357	
709.700000	-0.000237917137	
709.900000	-0.000208418854	
710.100000	-0.000182602151	
710.300000	-0.000160008002	
710.500000	-0.000140234578	
710.700000	-0.000122930118	
710.900000	-0.000107786699	
711.100000	-0.000094534770	
711.300000	-0.000082938383	
711.500000	-0.000072790998	
711.700000	-0.000063911831	
711.900000	-0.000056142636	
712.100000	-0.000049344906	
712.300000	-0.000043397408	
712.500000	-0.000038194033	
712.700000	-0.000033641910	
712.900000	-0.000029659757	
713.100000	-0.000026176434	
713.300000	-0.000023129682	
713.500000	-0.000020465012	
713.700000	-0.000018134737	
713.900000	-0.000016097124	
714.100000	-0.000014315652	
714.300000	-0.000012758360	
714.500000	-0.000011397278	
714.700000	-0.000010207929	
714.900000	-0.000009168897	
715.100000	-0.000008261439	
715.300000	-0.000007469155	
715.500000	-0.000006777695	
715.700000	-0.000006174503	
715.900000	-0.000005648594	
716.100000	-0.000005190355	
716.300000	-0.000004791379	
716.500000	-0.000004444311	
716.700000	-0.000004142717	
716.900000	-0.000003880971	
717.100000	-0.000003654154	
717.300000	-0.000003457966	
717.500000	-0.000003288649	
717.700000	-0.000003142920	
717.900000	-0.000003017916	
718.100000	-0.000002911137	
718.300000	-0.000002820406	
718.500000	-0.000002743831	
718.700000	-0.000002679769	
718.900000	-0.000002626801	
719.100000	-0.000002583706	
719.300000	-0.000002549443	
719.500000	-0.000002523139	
719.700000	-0.000002504074	
719.900000	-0.000002491685	
720.100000	-0.000002485569	
720.300000	-0.000002485510	
720.500000	-0.000002491533	
720.700000	-0.000002504030	
720.900000	-0.000002524072	
721.100000	-0.000002554355	
721.300000	-0.000002603798	
721.500000	-0.000002915002	
721.700000	-0.000006392208	
721.900000	-0.001173726749	
722.100000	-0.005145060939	
722.300000	-0.009072546366	
722.500000	-0.011528292264	
722.700000	-0.011932619434	
722.900000	-0.011291686232	
723.100000	-0.010392172085	
723.300000	-0.009485138142	
723.500000	-0.008665196415	
723.700000	-0.007979731996	
723.900000	-0.007356405056	
724.100000	-0.006644304140	
724.300000	-0.005928331795	
724.500000	-0.005255981950	
724.700000	-0.004636506701	
724.900000	-0.004077226395	
725.100000	-0.003578791098	
725.300000	-0.003137859342	
725.500000	-0.002749462919	
725.700000	-0.002408205627	
725.900000	-0.002108820064	
726.100000	-0.001846408861	
726.300000	-0.001616532738	
726.500000	-0.001415224576	
726.700000	-0.001238968690	
726.900000	-0.001084665049	
727.100000	-0.000949588428	
727.300000	-0.000831347487	
727.500000	-0.000727846158	
727.700000	-0.000637248361	
727.900000	-0.000557946321	
728.100000	-0.000488532445	
728.300000	-0.000427774496	
728.500000	-0.000374593784	
728.700000	-0.000328046028	
728.900000	-0.000287304604	
729.100000	-0.000251645871	
729.300000	-0.000220436333	
729.500000	-0.000193121408	
729.700000	-0.000169215597	
729.900000	-0.000148293878	
730.100000	-0.000129984178	
730.300000	-0.000113960779	
730.500000	-0.000099938549	
730.700000	-0.000087667889	
730.900000	-0.000076930309	
731.100000	-0.000067534555	
731.300000	-0.000059313215	
731.500000	-0.000052119755	
731.700000	-0.000045825914	
731.900000	-0.000040319428	
732.100000	-0.000035502039	
732.300000	-0.000031287746	
732.500000	-0.000027601281	
732.700000	-0.000024376767	
732.900000	-0.000021556552	
733.100000	-0.000019090178	
733.300000	-0.000016933486	
733.500000	-0.000015047833	
733.700000	-0.000013399398	
733.900000	-0.000011958586	
734.100000	-0.000010699497	
734.300000	-0.000009599468	
734.500000	-0.000008638665	
734.700000	-0.000007799735	
734.900000	-0.000007067491	
735.100000	-0.000006428647	
735.300000	-0.000005871577	
735.500000	-0.000005386110	
735.700000	-0.000004963347	
735.900000	-0.000004595504	
736.100000	-0.000004275772	
736.300000	-0.000003998196	
736.500000	-0.000003757568	
736.700000	-0.000003549336	
736.900000	-0.000003369521	
737.100000	-0.000003214647	
737.300000	-0.000003081679	
737.500000	-0.000002967967	
737.700000	-0.000002871204	
737.900000	-0.000002789378	
738.100000	-0.000002720745	
738.300000	-0.000002663791	
738.500000	-0.000002617210	
738.700000	-0.000002579883	
738.900000	-0.000002550859	
739.100000	-0.000002529344	
739.300000	-0.000002514693	
739.500000	-0.000002506406	
739.700000	-0.000002504142	
739.900000	-0.000002507743	
740.100000	-0.000002517287	
740.300000	-0.000002533220	
740.500000	-0.000002556652	
740.700000	-0.000002590264	
740.900000	-0.000002642480	
741.100000	-0.000002915824	
741.300000	-0.000006119880	
741.500000	-0.001121845968	
741.700000	-0.005097357672	
741.900000	-0.009086606907	
742.100000	-0.011701142323	
742.300000	-0.012204475556	
742.500000	-0.011578156369	
742.700000	-0.010663147367	
742.900000	-0.009733508627	
743.100000	-0.008889982136	
743.300000	-0.008180990663	
743.500000	-0.007537546896	
743.700000	-0.006808608439	
743.900000	-0.006075808739	
744.100000	-0.005388472544	
744.300000	-0.004754889568	
744.500000	-0.004182391876	
744.700000	-0.003671837892	
744.900000	-0.003219956679	
745.100000	-0.002821759689	
745.300000	-0.002471784291	
745.500000	-0.002164676171	
745.700000	-0.001895444431	
745.900000	-0.001659557084	
746.100000	-0.001452959016	
746.300000	-0.001272053144	
746.500000	-0.001113665359	
746.700000	-0.000975003758	
746.900000	-0.000853617428	
747.100000	-0.000747357360	
747.300000	-0.000654340597	
747.500000	-0.000572917971	
747.700000	-0.000501645401	
747.900000	-0.000439258542	
748.100000	-0.000384650467	
748.300000	-0.000336852091	
748.500000	-0.000295015006	
748.700000	-0.000258396450	
748.900000	-0.000226346152	
749.100000	-0.000198294812	
749.300000	-0.000173744022	
749.500000	-0.000152257443	
749.700000	-0.000133453076	
749.900000	-0.000116996505	
750.100000	-0.000102594973	
750.300000	-0.000089992196	
750.500000	-0.000078963827	
750.700000	-0.000069313480	
750.900000	-0.000060869247	
751.100000	-0.000053480654	
751.300000	-0.000047015987	
751.500000	-0.000041359961	
751.700000	-0.000036411669	
751.900000	-0.000032082791	
752.100000	-0.000028296028	
752.300000	-0.000024983725	
752.500000	-0.000022086671	
752.700000	-0.000019553044	
752.900000	-0.000017337492	
753.100000	-0.000015400325	
753.300000	-0.000013706808	
753.500000	-0.000012226543	
753.700000	-0.000010932930	
753.900000	-0.000009802689	
754.100000	-0.000008815451	
754.300000	-0.000007953391	
754.500000	-0.000007200909	
754.700000	-0.000006544359	
754.900000	-0.000005971799	
755.100000	-0.000005472779	
755.300000	-0.000005038161	
755.500000	-0.000004659946	
755.700000	-0.000004331139	
755.900000	-0.000004045623	
756.100000	-0.000003798046	
756.300000	-0.000003583731	
756.500000	-0.000003398587	
756.700000	-0.000003239041	
756.900000	-0.000003101972	
757.100000	-0.000002984655	
757.300000	-0.000002884712	
757.500000	-0.000002800072	
757.700000	-0.000002728933	
757.900000	-0.000002669731	
758.100000	-0.000002621111	
758.300000	-0.000002581906	
758.500000	-0.000002551117	
758.700000	-0.000002527897	
758.900000	-0.000002511541	
759.100000	-0.000002501477	
759.300000	-0.000002497267	
759.500000	-0.000002498612	
759.700000	-0.000002505374	
759.900000	-0.000002517617	
760.100000	-0.000002535705	
760.300000	-0.000002560503	
760.500000	-0.000002593938	
760.700000	-0.000002640994	
760.900000	-0.000002733907	
761.100000	-0.000003805460	
761.300000	-0.000144980025	
761.500000	-0.003450017553	
761.700000	-0.007593543672	
761.900000	-0.011072190633	
762.100000	-0.012475741587	
762.300000	-0.012195077315	
762.500000	-0.011332776492	
762.700000	-0.010368908581	
762.900000	-0.009459501991	
763.100000	-0.008670923610	
763.300000	-0.008003404631	
763.500000	-0.007287158144	
763.700000	-0.006525203811	
763.900000	-0.005801334476	
764.100000	-0.005129436386	
764.300000	-0.004517611939	
764.500000	-0.003969355422	
764.700000	-0.003482700913	
764.900000	-0.003053094573	
765.100000	-0.002675080816	
765.300000	-0.002343117672	
765.500000	-0.002051947135	
765.700000	-0.001796747380	
765.900000	-0.001573178389	
766.100000	-0.001377376026	
766.300000	-0.001205922299	
766.500000	-0.001055805972	
766.700000	-0.000924380732	
766.900000	-0.000809324527	
767.100000	-0.000708601733	
767.300000	-0.000620428829	
767.500000	-0.000543243683	
767.700000	-0.000475678327	
767.900000	-0.000416534942	
768.100000	-0.000364764745	
768.300000	-0.000319449468	
768.500000	-0.000279785123	
768.700000	-0.000245067785	
768.900000	-0.000214681144	
769.100000	-0.000188085600	
769.300000	-0.000164808726	
769.500000	-0.000144436907	
769.700000	-0.000126608031	
769.900000	-0.000111005079	
770.100000	-0.000097350515	
770.300000	-0.000085401378	
770.500000	-0.000074944979	
770.700000	-0.000065795131	
770.900000	-0.000057788856	
771.100000	-0.000050783489	
771.300000	-0.000044654156	
771.500000	-0.000039291553	
771.700000	-0.000034600009	
771.900000	-0.000030495787	
772.100000	-0.000026905596	
772.300000	-0.000023765291	
772.500000	-0.000021018730	
772.700000	-0.000018616781	
772.900000	-0.000016516442	
773.100000	-0.000014680079	
773.300000	-0.000013074759	
773.500000	-0.000011671660	
773.700000	-0.000010445559	
773.900000	-0.000009374383	
774.100000	-0.000008438819	
774.300000	-0.000007621964	
774.500000	-0.000006909028	
774.700000	-0.000006287071	
774.900000	-0.000005744768	
775.100000	-0.000005272214	
775.300000	-0.000004860740	
775.500000	-0.000004502763	
775.700000	-0.000004191650	
775.900000	-0.000003921599	
776.100000	-0.000003687536	
776.300000	-0.000003485025	
776.500000	-0.000003310187	
776.700000	-0.000003159632	
776.900000	-0.000003030398	
777.100000	-0.000002919900	
777.300000	-0.000002825883	
777.500000	-0.000002746378	
777.700000	-0.000002679674	
777.900000	-0.000002624283	
778.100000	-0.000002578913	
778.300000	-0.000002542452	
778.500000	-0.000002513939	
778.700000	-0.000002492559	
778.900000	-0.000002477623	
779.100000	-0.000002468559	
779.300000	-0.000002464914	
779.500000	-0.000002466344	
779.700000	-0.000002472625	
779.900000	-0.000002483670	
780.100000	-0.000002499559	
780.300000	-0.000002520612	
780.500000	-0.000002547534	
780.700000	-0.000002581763	
780.900000	-0.000002626521	
781.100000	-0.000002691839	
781.300000	-0.000003042884	
781.500000	-0.000008528430	
781.700000	-0.001699348468	
781.900000	-0.005806014268	
782.100000	-0.009823242201	
782.300000	-0.012376122032	
782.500000	-0.012770926019	
782.700000	-0.012069667766	
782.900000	-0.011100207747	
783.100000	-0.010129989158	
783.300000	-0.009257886259	
783.500000	-0.008525555091	
783.700000	-0.007827316949	
783.900000	-0.007048276864	
784.100000	-0.006283295409	
784.300000	-0.005568754643	
784.500000	-0.004912262412	
784.700000	-0.004320386537	
784.900000	-0.003793109000	
785.100000	-0.003326618289	
785.300000	-0.002915581605	
785.500000	-0.002554292970	
785.700000	-0.002237208745	
785.900000	-0.001959180679	
786.100000	-0.001715540899	
786.300000	-0.001502114612	
786.500000	-0.001315198405	
786.700000	-0.001151523413	
786.900000	-0.001008213287	
787.100000	-0.000882741946	
787.300000	-0.000772893590	
787.500000	-0.000676726015	
787.700000	-0.000592537594	
787.900000	-0.000518837865	
788.100000	-0.000454321529	
788.300000	-0.000397845540	
788.500000	-0.000348408984	
788.700000	-0.000305135431	
788.900000	-0.000267257461	
789.100000	-0.000234103121	
789.300000	-0.000205084055	
789.500000	-0.000179685109	
789.700000	-0.000157455237	
789.900000	-0.000137999529	
790.100000	-0.000120972233	
790.300000	-0.000106070645	
790.500000	-0.000093029755	
790.700000	-0.000081617560	
790.900000	-0.000071630958	
791.100000	-0.000062892155	
791.300000	-0.000055245512	
791.500000	-0.000048554792	
791.700000	-0.000042700739	
791.900000	-0.000037578971	
792.100000	-0.000033098120	
792.300000	-0.000029178217	
792.500000	-0.000025749266	
792.700000	-0.000022750006	
792.900000	-0.000020126820	
793.100000	-0.000017832782	
793.300000	-0.000015826823	
793.500000	-0.000014073001	
793.700000	-0.000012539860	
793.900000	-0.000011199873	
794.100000	-0.000010028950	
794.300000	-0.000009006010	
794.500000	-0.000008112603	
794.700000	-0.000007332587	
794.900000	-0.000006651835	
795.100000	-0.000006057985	
795.300000	-0.000005540223	
795.500000	-0.000005089084	
795.700000	-0.000004696289	
795.900000	-0.000004354594	
796.100000	-0.000004057663	
796.300000	-0.000003799951	
796.500000	-0.000003576611	
796.700000	-0.000003383404	
796.900000	-0.000003216622	
797.100000	-0.000003073025	
797.300000	-0.000002949782	
797.500000	-0.000002844419	
797.700000	-0.000002754777	
797.900000	-0.000002678972	
798.100000	-0.000002615363	
798.300000	-0.000002562520	
798.500000	-0.000002519203	
798.700000	-0.000002484334	
798.900000	-0.000002456985	
799.100000	-0.000002436356	
799.300000	-0.000002421766	
799.500000	-0.000002412639	
799.700000	-0.000002408498	
799.900000	-0.000002408958	
800.100000	-0.000002413725	
800.300000	-0.000002422594	
800.500000	-0.000002435462	
800.700000	-0.000002452340	
800.900000	-0.000002473386	
801.100000	-0.000002498970	
801.300000	-0.000002529793	
801.500000	-0.000002567177	
801.700000	-0.000002613851	
801.900000	-0.000002677162	
802.100000	-0.000002865536	
802.300000	-0.000005281085	
802.500000	-0.000965127437	
802.700000	-0.004969539511	
802.900000	-0.009127821831	
803.100000	-0.012270104189	
803.300000	-0.013159000302	
803.500000	-0.012606124456	
803.700000	-0.011641031460	
803.900000	-0.010632663220	
804.100000	-0.009708997127	
804.300000	-0.008924373737	
804.500000	-0.008212229500	
804.700000	-0.007418087186	
804.900000	-0.006621449768	
805.100000	-0.005875766972	
805.300000	-0.005187998726	
805.500000	-0.004565758162	
805.700000	-0.004010231253	
805.900000	-0.003518086771	
806.100000	-0.003084066078	
806.300000	-0.002702347311	
806.500000	-0.002367190451	
806.700000	-0.002073223987	
806.900000	-0.001815555964	
807.100000	-0.001589799034	
807.300000	-0.001392054117	
807.500000	-0.001218875345	
807.700000	-0.001067227943	
807.900000	-0.000934444994	
808.100000	-0.000818186048	
808.300000	-0.000716398901	
808.500000	-0.000627285038	
808.700000	-0.000549268780	
808.900000	-0.000480969936	
809.100000	-0.000421179690	
809.300000	-0.000368839395	
809.500000	-0.000323021954	
809.700000	-0.000282915502	
809.900000	-0.000247809098	
810.100000	-0.000217080195	
810.300000	-0.000190183659	
810.500000	-0.000166642161	
810.700000	-0.000146037746	
810.900000	-0.000128004466	
811.100000	-0.000112221913	
811.300000	-0.000098409563	
811.500000	-0.000086321819	
811.700000	-0.000075743665	
811.900000	-0.000066486872	
812.100000	-0.000058386656	
812.300000	-0.000051298770	
812.500000	-0.000045096944	
812.700000	-0.000039670648	
812.900000	-0.000034923132	
813.100000	-0.000030769713	
813.300000	-0.000027136267	
813.500000	-0.000023957917	
813.700000	-0.000021177881	
813.900000	-0.000018746461	
814.100000	-0.000016620159	
814.300000	-0.000014760908	
814.500000	-0.000013135393	
814.700000	-0.000011714455	
814.900000	-0.000010472579	
815.100000	-0.000009387433	
815.300000	-0.000008439476	
815.500000	-0.000007611606	
815.700000	-0.000006888857	
815.900000	-0.000006258135	
816.100000	-0.000005707980	
816.300000	-0.000005228366	
816.500000	-0.000004810519	
816.700000	-0.000004446762	
816.900000	-0.000004130380	
817.100000	-0.000003855496	
817.300000	-0.000003616972	
817.500000	-0.000003410310	
817.700000	-0.000003231580	
817.900000	-0.000003077342	
818.100000	-0.000002944590	
818.300000	-0.000002830697	
818.500000	-0.000002733366	
818.700000	-0.000002650593	
818.900000	-0.000002580626	
819.100000	-0.000002521937	
819.300000	-0.000002473198	
819.500000	-0.000002433247	
819.700000	-0.000002401080	
819.900000	-0.000002375823	
820.100000	-0.000002356723	
820.300000	-0.000002343129	
820.500000	-0.000002334487	
820.700000	-0.000002330328	
820.900000	-0.000002330259	
821.100000	-0.000002333959	
821.300000	-0.000002341175	
821.500000	-0.000002351722	
821.700000	-0.000002365483	
821.900000	-0.000002382414	
822.100000	-0.000002402557	
822.300000	-0.000002426060	
822.500000	-0.000002453215	
822.700000	-0.000002484529	
822.900000	-0.000002520868	
823.100000	-0.000002563781	
823.300000	-0.000002616438	
823.500000	-0.000002687684	
823.700000	-0.000002955872	
823.900000	-0.000007194721	
824.100000	-0.001590000201	
824.300000	-0.005726533081	
824.500000	-0.009884407996	
824.700000	-0.012832914378	
824.900000	-0.013484086530	
825.100000	-0.012819958216	
825.300000	-0.011809641908	
825.500000	-0.010781727977	
825.700000	-0.009852840573	
825.900000	-0.009067957588	
826.100000	-0.008319583031	
826.300000	-0.007489825683	
826.500000	-0.006676880679	
826.700000	-0.005919728862	
826.900000	-0.005223884924	
827.100000	-0.004596020880	
827.300000	-0.004036300147	
827.500000	-0.003540825366	
827.700000	-0.003104038786	
827.900000	-0.002719955363	
828.100000	-0.002382740962	
828.300000	-0.002086965887	
828.500000	-0.001827699270	
828.700000	-0.001600525567	
828.900000	-0.001401523742	
829.100000	-0.001227229830	
829.300000	-0.001074593536	
829.500000	-0.000940934306	
829.700000	-0.000823899528	
829.900000	-0.000721426086	
830.100000	-0.000631705647	
830.300000	-0.000553153697	
830.500000	-0.000484382103	
830.700000	-0.000424174925	
830.900000	-0.000371467141	
831.100000	-0.000325325957	
831.300000	-0.000284934431	
831.500000	-0.000249577103	
831.700000	-0.000218627412	
831.900000	-0.000191536664	
832.100000	-0.000167824372	
832.300000	-0.000147069792	
832.500000	-0.000128904507	
832.700000	-0.000113005929	
832.900000	-0.000099091610	
833.100000	-0.000086914256	
833.300000	-0.000076257357	
833.500000	-0.000066931364	
833.700000	-0.000058770334	
833.900000	-0.000051629000	
834.100000	-0.000045380192	
834.300000	-0.000039912590	
834.500000	-0.000035128750	
834.700000	-0.000030943378	
834.900000	-0.000027281813	
835.100000	-0.000024078708	
835.300000	-0.000021276865	
835.500000	-0.000018826223	
835.700000	-0.000016682965	
835.900000	-0.000014808743	
836.100000	-0.000013169994	
836.300000	-0.000011737346	
836.500000	-0.000010485091	
836.700000	-0.000009390731	
836.900000	-0.000008434578	
837.100000	-0.000007599402	
837.300000	-0.000006870124	
837.500000	-0.000006233550	
837.700000	-0.000005678132	
837.900000	-0.000005193767	
838.100000	-0.000004771612	
838.300000	-0.000004403933	
838.500000	-0.000004083958	
838.700000	-0.000003805767	
838.900000	-0.000003564176	
839.100000	-0.000003354654	
839.300000	-0.000003173234	
839.500000	-0.000003016448	
839.700000	-0.000002881262	
839.900000	-0.000002765024	
840.100000	-0.000002665415	
840.300000	-0.000002580408	
840.500000	-0.000002508232	
840.700000	-0.000002447340	
840.900000	-0.000002396381	
841.100000	-0.000002354179	
841.300000	-0.000002319705	
841.500000	-0.000002292068	
841.700000	-0.000002270490	
841.900000	-0.000002254297	
842.100000	-0.000002242907	
842.300000	-0.000002235819	
842.500000	-0.000002232602	
842.700000	-0.000002232890	
842.900000	-0.000002236377	
843.100000	-0.000002242809	
843.300000	-0.000002251979	
843.500000	-0.000002263732	
843.700000	-0.000002277955	
843.900000	-0.000002294583	
844.100000	-0.000002313601	
844.300000	-0.000002335048	
844.500000	-0.000002359030	
844.700000	-0.000002385737	
844.900000	-0.000002415472	
845.100000	-0.000002448708	
845.300000	-0.000002486188	
845.500000	-0.000002529141	
845.700000	-0.000002579823	
845.900000	-0.000002643321	
846.100000	-0.000002740644	
846.300000	-0.000003705918	
846.500000	-0.000205309788	
846.700000	-0.003797592002	
846.900000	-0.008044824514	
847.100000	-0.011922308501	
847.300000	-0.013775068340	
847.500000	-0.013614047433	
847.700000	-0.012686528405	
847.900000	-0.011615433149	
848.100000	-0.010601733354	
848.300000	-0.009722476318	
848.500000	-0.008958991298	
848.700000	-0.008130290675	
848.900000	-0.007270891921	
849.100000	-0.006462416341	
849.300000	-0.005714038244	
849.500000	-0.005033559648	
849.700000	-0.004424083722	
849.900000	-0.003883060517	
850.100000	-0.003405302172	
850.300000	-0.002984727573	
850.500000	-0.002615202738	
850.700000	-0.002290921785	
850.900000	-0.002006562875	
851.100000	-0.001757333943	
851.300000	-0.001538964921	
851.500000	-0.001347675096	
851.700000	-0.001180130320	
851.900000	-0.001033397629	
852.100000	-0.000904901055	
852.300000	-0.000792380451	
852.500000	-0.000693854021	
852.700000	-0.000607584743	
852.900000	-0.000532050509	
853.100000	-0.000465917758	
853.300000	-0.000408018237	
853.500000	-0.000357328583	
853.700000	-0.000312952404	
853.900000	-0.000274104559	
854.100000	-0.000240097380	
854.300000	-0.000210328592	
854.500000	-0.000184270730	
854.700000	-0.000161461867	
854.900000	-0.000141497483	
855.100000	-0.000124023351	
855.300000	-0.000108729289	
855.500000	-0.000095343702	
855.700000	-0.000083628783	
855.900000	-0.000073376326	
856.100000	-0.000064404041	
856.300000	-0.000056552338	
856.500000	-0.000049681502	
856.700000	-0.000043669225	
856.900000	-0.000038408438	
857.100000	-0.000033805417	
857.300000	-0.000029778118	
857.500000	-0.000026254728	
857.700000	-0.000023172388	
857.900000	-0.000020476078	
858.100000	-0.000018117641	
858.300000	-0.000016054928	
858.500000	-0.000014251047	
858.700000	-0.000012673712	
858.900000	-0.000011294664	
859.100000	-0.000010089170	
859.300000	-0.000009035588	
859.500000	-0.000008114973	
859.700000	-0.000007310749	
859.900000	-0.000006608408	
860.100000	-0.000005995254	
860.300000	-0.000005460175	
860.500000	-0.000004993450	
860.700000	-0.000004586569	
860.900000	-0.000004232089	
861.100000	-0.000003923493	
861.300000	-0.000003655082	
861.500000	-0.000003421867	
861.700000	-0.000003219485	
861.900000	-0.000003044118	
862.100000	-0.000002892425	
862.300000	-0.000002761484	
862.500000	-0.000002648740	
862.700000	-0.000002551957	
862.900000	-0.000002469182	
863.100000	-0.000002398705	
863.300000	-0.000002339032	
863.500000	-0.000002288860	
863.700000	-0.000002247048	
863.900000	-0.000002212601	
864.100000	-0.000002184652	
864.300000	-0.000002162442	
864.500000	-0.000002145315	
864.700000	-0.000002132696	
864.900000	-0.000002124089	
865.100000	-0.000002119063	
865.300000	-0.000002117247	
865.500000	-0.000002118321	
865.700000	-0.000002122014	
865.900000	-0.000002128094	
866.100000	-0.000002136368	
866.300000	-0.000002146678	
866.500000	-0.000002158897	
866.700000	-0.000002172928	
866.900000	-0.000002188703	
867.100000	-0.000002206185	
867.300000	-0.000002225362	
867.500000	-0.000002246258	
867.700000	-0.000002268931	
867.900000	-0.000002293479	
868.100000	-0.000002320054	
868.300000	-0.000002348875	
868.500000	-0.000002380253	
868.700000	-0.000002414634	
868.900000	-0.000002452680	
869.100000	-0.000002495420	
869.300000	-0.000002544598	
869.500000	-0.000002603670	
869.700000	-0.000002682138	
869.900000	-0.000002983271	
870.100000	-0.000009449323	
870.300000	-0.002079183591	
870.500000	-0.006292109845	
870.700000	-0.010536693360	
870.900000	-0.013584478214	
871.100000	-0.014226334652	
871.300000	-0.013505092437	
871.500000	-0.012432569235	
871.700000	-0.011351881137	
871.900000	-0.010383395368	
872.100000	-0.009563163542	
872.300000	-0.008746058768	
872.500000	-0.007853898688	
872.700000	-0.006995042942	
872.900000	-0.006197910709	
873.100000	-0.005467472519	
873.300000	-0.004809742961	
873.500000	-0.004224034627	
873.700000	-0.003705823239	
873.900000	-0.003249082515	
874.100000	-0.002847457735	
874.300000	-0.002494810207	
874.500000	-0.002185452104	
874.700000	-0.001914229933	
874.900000	-0.001676534133	
875.100000	-0.001468273535	
875.300000	-0.001285834451	
875.500000	-0.001126034554	
875.700000	-0.000986076738	
875.900000	-0.000863505466	
876.100000	-0.000756166716	
876.300000	-0.000662171885	
876.500000	-0.000579865600	
876.700000	-0.000507797204	
876.900000	-0.000444695612	
877.100000	-0.000389447186	
877.300000	-0.000341076294	
877.500000	-0.000298728261	
877.700000	-0.000261654410	
877.900000	-0.000229198945	
878.100000	-0.000200787455	
878.300000	-0.000175916841	
878.500000	-0.000154146478	
878.700000	-0.000135090478	
878.900000	-0.000118410905	
879.100000	-0.000103811830	
879.300000	-0.000091034122	
879.500000	-0.000079850880	
879.700000	-0.000070063432	
879.900000	-0.000061497835	
880.100000	-0.000054001796	
880.300000	-0.000047441987	
880.500000	-0.000041701684	
880.700000	-0.000036678704	
880.900000	-0.000032283599	
881.100000	-0.000028438065	
881.300000	-0.000025073559	
881.500000	-0.000022130086	
881.700000	-0.000019555128	
881.900000	-0.000017302719	
882.100000	-0.000015332625	
882.300000	-0.000013609632	
882.500000	-0.000012102917	
882.700000	-0.000010785505	
882.900000	-0.000009633786	
883.100000	-0.000008627096	
883.300000	-0.000007747352	
883.500000	-0.000006978726	
883.700000	-0.000006307366	
883.900000	-0.000005721151	
884.100000	-0.000005209473	
884.300000	-0.000004763046	
884.500000	-0.000004373747	
884.700000	-0.000004034465	
884.900000	-0.000003738979	
885.100000	-0.000003481845	
885.300000	-0.000003258297	
885.500000	-0.000003064168	
885.700000	-0.000002895810	
885.900000	-0.000002750030	
886.100000	-0.000002624037	
886.300000	-0.000002515388	
886.500000	-0.000002421945	
886.700000	-0.000002341839	
886.900000	-0.000002273434	
887.100000	-0.000002215302	
887.300000	-0.000002166191	
887.500000	-0.000002125009	
887.700000	-0.000002090801	
887.900000	-0.000002062732	
888.100000	-0.000002040074	
888.300000	-0.000002022190	
888.500000	-0.000002008525	
888.700000	-0.000001998597	
888.900000	-0.000001991984	
889.100000	-0.000001988321	
889.300000	-0.000001987290	
889.500000	-0.000001988616	
889.700000	-0.000001992062	
889.900000	-0.000001997425	
890.100000	-0.000002004531	
890.300000	-0.000002013230	
890.500000	-0.000002023401	
890.700000	-0.000002034939	
890.900000	-0.000002047763	
891.100000	-0.000002061807	
891.300000	-0.000002077023	
891.500000	-0.000002093381	
891.700000	-0.000002110864	
891.900000	-0.000002129474	
892.100000	-0.000002149227	
892.300000	-0.000002170160	
892.500000	-0.000002192327	
892.700000	-0.000002215808	
892.900000	-0.000002240710	
893.100000	-0.000002267174	
893.300000	-0.000002295386	
893.500000	-0.000002325592	
893.700000	-0.000002358126	
893.900000	-0.000002393442	
894.100000	-0.000002432195	
894.300000	-0.000002475370	
894.500000	-0.000002524589	
894.700000	-0.000002582916	
894.900000	-0.000002658019	
895.100000	-0.000002848223	
895.300000	-0.000005948672	
895.500000	-0.001519468168	
895.700000	-0.005714214451	
895.900000	-0.010033451702	
896.100000	-0.013559510865	
896.300000	-0.014652458830	
896.500000	-0.014066225077	
896.700000	-0.012991340965	
896.900000	-0.011870340689	
897.100000	-0.010852903755	
897.300000	-0.009989728316	
897.500000	-0.009155118406	
897.700000	-0.008234511240	
897.900000	-0.007339164289	
898.100000	-0.006506814289	
898.300000	-0.005742438853	
898.500000	-0.005053104191	
898.700000	-0.004438705438	
898.900000	-0.003894811062	
899.100000	-0.003415256756	
899.300000	-0.002993457518	
899.500000	-0.002623017101	
899.700000	-0.002297992591	
899.900000	-0.002012990983	
900.100000	-0.001763183903	
900.300000	-0.001544283314	
900.500000	-0.001352499983	
900.700000	-0.001184495904	
900.900000	-0.001037336363	
901.100000	-0.000908444438	
901.300000	-0.000795559179	
901.500000	-0.000696697859	
901.700000	-0.000610122305	
901.900000	-0.000534309045	
902.100000	-0.000467922978	
902.300000	-0.000409794197	
902.500000	-0.000358897627	
902.700000	-0.000314335149	
902.900000	-0.000275319922	
903.100000	-0.000241162632	
903.300000	-0.000211259436	
903.500000	-0.000185081392	
903.700000	-0.000162165190	
903.900000	-0.000142105034	
904.100000	-0.000124545516	
904.300000	-0.000109175378	
904.500000	-0.000095722042	
904.700000	-0.000083946812	
904.900000	-0.000073640674	
905.100000	-0.000064620612	
905.300000	-0.000056726382	
905.500000	-0.000049817684	
905.700000	-0.000043771682	
905.900000	-0.000038480839	
906.100000	-0.000033851009	
906.300000	-0.000029799778	
906.500000	-0.000026254996	
906.700000	-0.000023153510	
906.900000	-0.000020440035	
907.100000	-0.000018066181	
907.300000	-0.000015989591	
907.500000	-0.000014173188	
907.700000	-0.000012584522	
907.900000	-0.000011195188	
908.100000	-0.000009980329	
908.300000	-0.000008918183	
908.500000	-0.000007989709	
908.700000	-0.000007178238	
908.900000	-0.000006469184	
909.100000	-0.000005849779	
909.300000	-0.000005308850	
909.500000	-0.000004836620	
909.700000	-0.000004424529	
909.900000	-0.000004065089	
910.100000	-0.000003751745	
910.300000	-0.000003478760	
910.500000	-0.000003241116	
910.700000	-0.000003034420	
910.900000	-0.000002854827	
911.100000	-0.000002698973	
911.300000	-0.000002563915	
911.500000	-0.000002447076	
911.700000	-0.000002346203	
911.900000	-0.000002259324	
912.100000	-0.000002184714	
912.300000	-0.000002120861	
912.500000	-0.000002066447	
912.700000	-0.000002020315	
912.900000	-0.000001981456	
913.100000	-0.000001948985	
913.300000	-0.000001922131	
913.500000	-0.000001900216	
913.700000	-0.000001882652	
913.900000	-0.000001868921	
914.100000	-0.000001858575	
914.300000	-0.000001851219	
914.500000	-0.000001846510	
914.700000	-0.000001844149	
914.900000	-0.000001843876	
915.100000	-0.000001845465	
915.300000	-0.000001848717	
915.500000	-0.000001853464	
915.700000	-0.000001859557	
915.900000	-0.000001866870	
916.100000	-0.000001875293	
916.300000	-0.000001884734	
916.500000	-0.000001895114	
916.700000	-0.000001906366	
916.900000	-0.000001918438	
917.100000	-0.000001931283	
917.300000	-0.000001944869	
917.500000	-0.000001959169	
917.700000	-0.000001974166	
917.900000	-0.000001989851	
918.100000	-0.000002006222	
918.300000	-0.000002023284	
918.500000	-0.000002041053	
918.700000	-0.000002059549	
918.900000	-0.000002078804	
919.100000	-0.000002098857	
919.300000	-0.000002119760	
919.500000	-0.000002141577	
919.700000	-0.000002164386	
919.900000	-0.000002188283	
920.100000	-0.000002213388	
920.300000	-0.000002239850	
920.500000	-0.000002267853	
920.700000	-0.000002297635	
920.900000	-0.000002329503	
921.100000	-0.000002363869	
921.300000	-0.000002401303	
921.500000	-0.000002442633	
921.700000	-0.000002489153	
921.900000	-0.000002543116	
922.100000	-0.000002609286	
922.300000	-0.000002703819	
922.500000	-0.000003476293	
922.700000	-0.000188070381	
922.900000	-0.003896993684	
923.100000	-0.008196382764	
923.300000	-0.012415931434	
923.500000	-0.014791954310	
923.700000	-0.014822425243	
923.900000	-0.013863865307	
924.100000	-0.012707167641	
924.300000	-0.011606957851	
924.500000	-0.010653639852	
924.700000	-0.009811336126	
924.900000	-0.008885507337	
925.100000	-0.007939895131	
925.300000	-0.007054695828	
925.500000	-0.006236155957	
925.700000	-0.005493167216	
925.900000	-0.004828411482	
926.100000	-0.004238625705	
926.300000	-0.003717902609	
926.500000	-0.003259494881	
926.700000	-0.002856668157	
926.900000	-0.002503081518	
927.100000	-0.002192938903	
927.300000	-0.001921029108	
927.500000	-0.001682712163	
927.700000	-0.001473881151	
927.900000	-0.001290914354	
928.100000	-0.001130625329	
928.300000	-0.000990214690	
928.500000	-0.000867225369	
928.700000	-0.000759502015	
928.900000	-0.000665154649	
929.100000	-0.000582526386	
935.080000	-0.000012141794	
935.280000	-0.000010795495	
935.480000	-0.000009618099	
935.680000	-0.000008588546	
935.880000	-0.000007688400	
936.080000	-0.000006901525	
936.280000	-0.000006213801	
936.480000	-0.000005612866	
936.680000	-0.000005087904	
936.880000	-0.000004629446	
937.080000	-0.000004229206	
937.280000	-0.000003879933	
937.480000	-0.000003575279	
937.680000	-0.000003309689	
937.880000	-0.000003078302	
938.080000	-0.000002876864	
938.280000	-0.000002701650	
938.480000	-0.000002549402	
938.680000	-0.000002417269	
938.880000	-0.000002302755	
939.080000	-0.000002203675	
939.280000	-0.000002118118	
939.480000	-0.000002044411	
939.680000	-0.000001981091	
939.880000	-0.000001926877	
940.080000	-0.000001880649	
940.280000	-0.000001841424	
940.480000	-0.000001808345	
940.680000	-0.000001780662	
940.880000	-0.000001757718	
941.080000	-0.000001738938	
941.280000	-0.000001723819	
941.480000	-0.000001711922	
941.680000	-0.000001702864	
941.880000	-0.000001696306	
942.080000	-0.000001691957	
942.280000	-0.000001689559	
942.480000	-0.000001688889	
942.680000	-0.000001689751	
942.880000	-0.000001691974	
943.080000	-0.000001695410	
943.280000	-0.000001699928	
943.480000	-0.000001705417	
943.680000	-0.000001711778	
943.880000	-0.000001718927	
944.080000	-0.000001726790	
944.280000	-0.000001735304	
944.480000	-0.000001744414	
944.680000	-0.000001754075	
944.880000	-0.000001764247	
945.080000	-0.000001774896	
945.280000	-0.000001785995	
945.480000	-0.000001797522	
945.680000	-0.000001809458	
945.880000	-0.000001821789	
946.080000	-0.000001834506	
946.280000	-0.000001847601	
946.480000	-0.000001861072	
946.680000	-0.000001874918	
946.880000	-0.000001889142	
947.080000	-0.000001903750	
947.280000	-0.000001918751	
947.480000	-0.000001934157	
947.680000	-0.000001949982	
947.880000	-0.000001966246	
948.080000	-0.000001982970	
948.280000	-0.000002000181	
948.480000	-0.000002017909	
948.680000	-0.000002036189	
948.880000	-0.000002055063	
949.080000	-0.000002074578	
949.280000	-0.000002094792	
949.480000	-0.000002115768	
949.680000	-0.000002137583	
949.880000	-0.000002160330	
950.080000	-0.000002184115	
950.280000	-0.000002209072	
950.480000	-0.000002235360	
950.680000	-0.000002263178	
950.880000	-0.000002292780	
951.080000	-0.000002324492	
951.280000	-0.000002358752	
951.480000	-0.000002396166	
951.680000	-0.000002437622	
951.880000	-0.000002484514	
952.080000	-0.000002539313	
952.280000	-0.000002607423	
952.480000	-0.000002710435	
952.680000	-0.000003862988	
952.880000	-0.000590255243	
953.080000	-0.004665454178	
953.280000	-0.009012315237	
953.480000	-0.013205673155	
953.680000	-0.015285057703	
953.880000	-0.015095430529	
954.080000	-0.014054356373	
954.280000	-0.012867274601	
954.480000	-0.011760627902	
954.680000	-0.010812311141	
954.880000	-0.009936067003	
955.080000	-0.008961344275	
955.280000	-0.007994575984	
955.480000	-0.007095912271	
955.680000	-0.006267878258	
955.880000	-0.005518793123	
956.080000	-0.004849906260	
956.280000	-0.004257115548	
956.480000	-0.003734064985	
956.680000	-0.003273763214	
956.880000	-0.002869338452	
957.080000	-0.002514369400	
957.280000	-0.002203011019	
957.480000	-0.001930020866	
957.680000	-0.001690737957	
957.880000	-0.001481040373	
958.080000	-0.001297295007	
958.280000	-0.001136306256	
958.480000	-0.000995267009	
969.020000	-0.000002203630	
969.220000	-0.000002099159	
969.420000	-0.000002008641	
969.620000	-0.000001930347	
969.820000	-0.000001862761	
970.020000	-0.000001804558	
970.220000	-0.000001754577	
970.420000	-0.000001711804	
970.620000	-0.000001675349	
970.820000	-0.000001644435	
971.020000	-0.000001618381	
971.220000	-0.000001596591	
971.420000	-0.000001578543	
971.620000	-0.000001563782	
971.820000	-0.000001551908	
972.020000	-0.000001542571	
972.220000	-0.000001535466	
972.420000	-0.000001530325	
972.620000	-0.000001526914	
972.820000	-0.000001525028	
973.020000	-0.000001524487	
973.220000	-0.000001525136	
973.420000	-0.000001526836	
973.620000	-0.000001529468	
973.820000	-0.000001532928	
974.020000	-0.000001537124	
974.220000	-0.000001541975	
974.420000	-0.000001547413	
974.620000	-0.000001553375	
974.820000	-0.000001559810	
975.020000	-0.000001566671	
975.220000	-0.000001573918	
975.420000	-0.000001581515	
975.620000	-0.000001589433	
975.820000	-0.000001597646	
976.020000	-0.000001606131	
976.220000	-0.000001614869	
976.420000	-0.000001623843	
976.620000	-0.000001633039	
976.820000	-0.000001642446	
977.020000	-0.000001652053	
977.220000	-0.000001661853	
977.420000	-0.000001671840	
977.620000	-0.000001682008	
977.820000	-0.000001692354	
978.020000	-0.000001702875	
978.220000	-0.000001713570	
978.420000	-0.000001724438	
978.620000	-0.000001735481	
978.820000	-0.000001746699	
979.020000	-0.000001758096	
979.220000	-0.000001769674	
979.420000	-0.000001781439	
979.620000	-0.000001793394	
979.820000	-0.000001805546	
980.020000	-0.000001817901	
980.220000	-0.000001830468	
980.420000	-0.000001843256	
980.620000	-0.000001856273	
980.820000	-0.000001869531	
981.020000	-0.000001883043	
981.220000	-0.000001896821	
981.420000	-0.000001910880	
981.620000	-0.000001925238	
981.820000	-0.000001939913	
982.020000	-0.000001954925	
982.220000	-0.000001970297	
982.420000	-0.000001986055	
982.620000	-0.000002002228	
982.820000	-0.000002018847	
983.020000	-0.000002035949	
983.220000	-0.000002053575	
983.420000	-0.000002071773	
983.620000	-0.000002090595	
983.820000	-0.000002110105	
984.020000	-0.000002130374	
984.220000	-0.000002151488	
984.420000	-0.000002173546	
984.620000	-0.000002196668	
984.820000	-0.000002221000	
985.020000	-0.000002246720	
985.220000	-0.000002274051	
985.420000	-0.000002303280	
985.620000	-0.000002334781	
985.820000	-0.000002369063	
986.020000	-0.000002406850	
986.220000	-0.000002449230	
986.420000	-0.000002498003	
986.620000	-0.000002556625	
986.820000	-0.000002634167	
987.020000	-0.000002908887	
987.220000	-0.000011584153	
987.420000	-0.002584326352	
987.620000	-0.006870467878	
987.820000	-0.011342281132	
988.020000	-0.014886340152	
988.220000	-0.015753166757	
988.420000	-0.014991638650	
988.620000	-0.013807377848	
988.820000	-0.012619513733	
989.020000	-0.011566840755	
989.220000	-0.010663475103	
989.420000	-0.009702644667	
989.620000	-0.008686866688	
989.820000	-0.007728482547	
990.020000	-0.006839341159	
990.220000	-0.006028829395	
990.420000	-0.005301869368	
990.620000	-0.004655992381	
990.820000	-0.004085259736	
991.020000	-0.003582539028	
991.220000	-0.003140583501	
991.420000	-0.002752515335	
991.620000	-0.002412022591	
991.820000	-0.002113418029	
992.020000	-0.001851631609	
992.220000	-0.001622172426	
1008.500000	-0.000001351580	
1008.700000	-0.000001354108	
1008.900000	-0.000001357180	
1009.100000	-0.000001360735	
1009.300000	-0.000001364717	
1009.500000	-0.000001369078	
1009.700000	-0.000001373777	
1009.900000	-0.000001378776	
1010.100000	-0.000001384044	
1010.300000	-0.000001389552	
1010.500000	-0.000001395275	
1010.700000	-0.000001401193	
1010.900000	-0.000001407285	
1011.100000	-0.000001413535	
1011.300000	-0.000001419929	
1011.500000	-0.000001426455	
1011.700000	-0.000001433100	
1011.900000	-0.000001439856	
1012.100000	-0.000001446713	
1012.300000	-0.000001453666	
1012.500000	-0.000001460706	
1012.700000	-0.000001467829	
1012.900000	-0.000001475029	
1013.100000	-0.000001482303	
1013.300000	-0.000001489648	
1013.500000	-0.000001497059	
1013.700000	-0.000001504534	
1013.900000	-0.000001512072	
1014.100000	-0.000001519671	
1014.300000	-0.000001527328	
1014.500000	-0.000001535043	
1014.700000	-0.000001542815	
1014.900000	-0.000001550644	
1015.100000	-0.000001558528	
1015.300000	-0.000001566468	
1015.500000	-0.000001574463	
1015.700000	-0.000001582515	
1015.900000	-0.000001590622	
1016.100000	-0.000001598786	
1016.300000	-0.000001607007	
1016.500000	-0.000001615286	
1016.700000	-0.000001623625	
1016.900000	-0.000001632023	
1017.100000	-0.000001640483	
1017.300000	-0.000001649005	
1017.500000	-0.000001657592	
1017.700000	-0.000001666244	
1017.900000	-0.000001674965	
1018.100000	-0.000001683755	
1018.300000	-0.000001692617	
1018.500000	-0.000001701553	
1018.700000	-0.000001710566	
1018.900000	-0.000001719658	
1019.100000	-0.000001728833	
1019.300000	-0.000001738093	
1019.500000	-0.000001747442	
1019.700000	-0.000001756882	
1019.900000	-0.000001766419	
1020.100000	-0.000001776056	
1020.300000	-0.000001785798	
1020.500000	-0.000001795649	
1020.700000	-0.000001805613	
1020.900000	-0.000001815698	
1021.100000	-0.000001825908	
1021.300000	-0.000001836249	
1021.500000	-0.000001846729	
1021.700000	-0.000001857355	
1021.900000	-0.000001868134	
1022.100000	-0.000001879075	
1022.300000	-0.000001890187	
1022.500000	-0.000001901479	
1022.700000	-0.000001912964	
1022.900000	-0.000001924653	
1023.100000	-0.000001936557	
1023.300000	-0.000001948693	
1023.500000	-0.000001961074	
1023.700000	-0.000001973717	
1023.900000	-0.000001986642	
1024.100000	-0.000001999870	
1024.300000	-0.000002013421	
1024.500000	-0.000002027324	
1024.700000	-0.000002041605	
1024.900000	-0.000002056297	
1025.100000	-0.000002071435	
1025.300000	-0.000002087061	
1025.500000	-0.000002103222	
1025.700000	-0.000002119969	
1025.900000	-0.000002137367	
1026.100000	-0.000002155485	
1026.300000	-0.000002174408	
1026.500000	-0.000002194237	
1026.700000	-0.000002215090	
1026.900000	-0.000002237115	
1027.100000	-0.000002260489	
1027.300000	-0.000002285439	
1027.500000	-0.000002312254	
1027.700000	-0.000002341317	
1027.900000	-0.000002373150	
1028.100000	-0.000002408502	
1028.300000	-0.000002448512	
1028.500000	-0.000002495100	
1028.700000	-0.000002552065	
1028.900000	-0.000002630155	
1029.100000	-0.000003034669	
1029.300000	-0.000035739755	
1029.500000	-0.003335503890	
1029.700000	-0.007665936942	
1029.900000	-0.012216111215	
1030.100000	-0.015540879959	
1030.300000	-0.016102948912	
1030.500000	-0.015209122283	
1030.700000	-0.013977358566	
1030.900000	-0.012777505964	
1031.100000	-0.011730973745	
1031.300000	-0.010808263741	
1031.500000	-0.009789240088	
1031.700000	-0.008748143590	
1031.900000	-0.007774201656	
1032.100000	-0.006872585861	
1032.300000	-0.006054324719	
1032.500000	-0.005322452147	
1032.700000	-0.004673256395	
1032.900000	-0.004100127754	
1033.100000	-0.003595570641	
1033.300000	-0.003152135672	
1033.500000	-0.002762828262	
1033.700000	-0.002421267145	
1033.900000	-0.002121722726	
1053.900000	-0.000001204581	
1059.460000	-0.000001339452	
1059.660000	-0.000001344448	
1059.860000	-0.000001349442	
1060.060000	-0.000001354436	
1060.260000	-0.000001359426	
1060.460000	-0.000001364414	
1060.660000	-0.000001369399	
1060.860000	-0.000001374380	
1061.060000	-0.000001379357	
1061.260000	-0.000001384330	
1061.460000	-0.000001389297	
1061.660000	-0.000001394259	
1061.860000	-0.000001399216	
1062.060000	-0.000001404166	
1062.260000	-0.000001409111	
1062.460000	-0.000001414048	
1062.660000	-0.000001418979	
1062.860000	-0.000001423902	
1063.060000	-0.000001428818	
1063.260000	-0.000001433725	
1063.460000	-0.000001438625	
1063.660000	-0.000001443517	
1063.860000	-0.000001448400	
1064.060000	-0.000001453274	
1064.260000	-0.000001458139	
1064.460000	-0.000001462994	
1064.660000	-0.000001467840	
1064.860000	-0.000001472677	
1065.060000	-0.000001477504	
1065.260000	-0.000001482320	
1065.460000	-0.000001487126	
1065.660000	-0.000001491922	
1065.860000	-0.000001496707	
1066.060000	-0.000001501482	
1066.260000	-0.000001506245	
1066.460000	-0.000001510998	
1066.660000	-0.000001515739	
1066.860000	-0.000001520469	
1067.060000	-0.000001525187	
1067.260000	-0.000001529893	
1067.460000	-0.000001534588	
1067.660000	-0.000001539271	
1067.860000	-0.000001543942	
1068.060000	-0.000001548601	
1068.260000	-0.000001553248	
1068.460000	-0.000001557883	
1068.660000	-0.000001562505	
1068.860000	-0.000001567115	
1069.060000	-0.000001571712	
1069.260000	-0.000001576297	
1069.460000	-0.000001580869	
1069.660000	-0.000001585428	
1069.860000	-0.000001589975	
1070.060000	-0.000001594509	
1070.260000	-0.000001599030	
1070.460000	-0.000001603538	
1070.660000	-0.000001608033	
1070.860000	-0.000001612515	
1071.060000	-0.000001616984	
1071.260000	-0.000001621440	
1071.460000	-0.000001625884	
1071.660000	-0.000001630314	
1071.860000	-0.000001634731	
1072.060000	-0.000001639135	
1072.260000	-0.000001643526	
1072.460000	-0.000001647904	
1072.660000	-0.000001652269	
1072.860000	-0.000001656621	
1073.060000	-0.000001660960	
1073.260000	-0.000001665286	
1073.460000	-0.000001669599	
1073.660000	-0.000001673900	
1073.860000	-0.000001678187	
1074.060000	-0.000001682462	
1074.260000	-0.000001686724	
1074.460000	-0.000001690973	
1074.660000	-0.000001695210	
1074.860000	-0.000001699434	
1075.060000	-0.000001703646	
1075.260000	-0.000001707845	
1075.460000	-0.000001712032	
1075.660000	-0.000001716207	
1075.860000	-0.000001720370	
1076.060000	-0.000001724520	
1076.260000	-0.000001728659	
1076.460000	-0.000001732786	
1076.660000	-0.000001736901	
1076.860000	-0.000001741004	
1077.060000	-0.000001745096	
1077.260000	-0.000001749177	
1077.460000	-0.000001753246	
1077.660000	-0.000001757305	
1077.860000	-0.000001761352	
1078.060000	-0.000001765389	
1078.260000	-0.000001769415	
1078.460000	-0.000001773431	
1078.660000	-0.000001777436	
1078.860000	-0.000001781432	
1079.060000	-0.000001785417	
1079.260000	-0.000001789393	
1079.460000	-0.000001793359	
1079.660000	-0.000001797316	
1079.860000	-0.000001801263	
1080.060000	-0.000001805202	
1080.260000	-0.000001809133	
1080.460000	-0.000001813054	
1080.660000	-0.000001816968	
1080.860000	-0.000001820874	
1081.060000	-0.000001824772	
1081.260000	-0.000001828663	
1081.460000	-0.000001832547	
1081.660000	-0.000001836424	
1081.860000	-0.000001840294	
1082.060000	-0.000001844158	
1082.260000	-0.000001848017	
1082.460000	-0.000001851870	
1082.660000	-0.000001855717	
1082.860000	-0.000001859560	
1083.060000	-0.000001863399	
1083.260000	-0.000001867233	
1083.460000	-0.000001871064	
1083.660000	-0.000001874892	
1083.860000	-0.000001878716	
1084.060000	-0.000001882539	
1084.260000	-0.000001886359	
1084.460000	-0.000001890178	
1084.660000	-0.000001893997	
1084.860000	-0.000001897814	
1085.060000	-0.000001901632	
1085.260000	-0.000001905451	
1085.460000	-0.000001909270	
1085.660000	-0.000001913092	
1085.860000	-0.000001916916	
1086.060000	-0.000001920743	
1086.260000	-0.000001924574	
1086.460000	-0.000001928410	
1086.660000	-0.000001932250	
1086.860000	-0.000001936097	
1087.060000	-0.000001939950	
1087.260000	-0.000001943811	
1087.460000	-0.000001947680	
1087.660000	-0.000001951559	
1087.860000	-0.000001955448	
1088.060000	-0.000001959348	
1088.260000	-0.000001963260	
1088.460000	-0.000001967186	
1088.660000	-0.000001971126	
1088.860000	-0.000001975081	
1089.060000	-0.000001979054	
1089.260000	-0.000001983044	
1089.460000	-0.000001987054	
1089.660000	-0.000001991085	
1089.860000	-0.000001995138	
1090.060000	-0.000001999214	
1090.260000	-0.000002003317	
1090.460000	-0.000002007446	
1090.660000	-0.000002011605	
1090.860000	-0.000002015794	
1091.060000	-0.000002020016	
1091.260000	-0.000002024274	
1091.460000	-0.000002028568	
1091.660000	-0.000002032903	
1091.860000	-0.000002037279	
1092.060000	-0.000002041700	
1092.260000	-0.000002046169	
1092.460000	-0.000002050689	
1092.660000	-0.000002055263	
1092.860000	-0.000002059893	
1093.060000	-0.000002064585	
1093.260000	-0.000002069342	
1093.460000	-0.000002074167	
1093.660000	-0.000002079065	
1093.860000	-0.000002084042	
1094.060000	-0.000002089102	
1094.260000	-0.000002094250	
1094.460000	-0.000002099492	
1094.660000	-0.000002104836	
1094.860000	-0.000002110287	
1095.060000	-0.000002115852	
1095.260000	-0.000002121541	
1095.460000	-0.000002127361	
1095.660000	-0.000002133323	
1095.860000	-0.000002139436	
1096.060000	-0.000002145711	
1096.260000	-0.000002152162	
1096.460000	-0.000002158801	
1096.660000	-0.000002165643	
1096.860000	-0.000002172706	
1097.060000	-0.000002180008	
1097.260000	-0.000002187568	
1097.460000	-0.000002195411	
1097.660000	-0.000002203561	
1097.860000	-0.000002212048	
1098.060000	-0.000002220905	
1098.260000	-0.000002230168	
1098.460000	-0.000002239882	
1098.660000	-0.000002250095	
1098.860000	-0.000002260866	
1099.060000	-0.000002272261	
1099.260000	-0.000002284361	
1099.460000	-0.000002297262	
1099.660000	-0.000002311079	
1099.860000	-0.000002325955	
1100.060000	-0.000002342067	
1100.260000	-0.000002359642	
1100.460000	-0.000002378976	
1100.660000	-0.000002400467	
1100.860000	-0.000002424674	
1101.060000	-0.000002452424	
1101.260000	-0.000002485037	
1101.460000	-0.000002524902	
1101.660000	-0.000002577431	
1101.860000	-0.000002670353	
1102.060000	-0.000004100966	
1102.260000	-0.000989152706	
1102.460000	-0.005348225063	
1102.660000	-0.009875707437	
1102.860000	-0.014370094641	
1103.060000	-0.016579474619	
1103.260000	-0.016312727378	
1103.460000	-0.015158896214	
1103.660000	-0.013876059473	
1103.860000	-0.012704799744	
1104.060000	-0.011712754364	
1104.260000	-0.010718798004	
1104.460000	-0.009631200744	
1104.660000	-0.008583514347	
1104.860000	-0.007600984026	
1105.060000	-0.006702361097	
1105.260000	-0.005895453397	
1105.460000	-0.005178242142	
1105.660000	-0.004544368806	
1105.860000	-0.003985983816	
1106.060000	-0.003495054074	
1106.260000	-0.003063939171	
1126.260000	-0.000000889918	
1146.260000	-0.000001112220	
1166.260000	-0.000001153345	
1186.260000	-0.000001085797	
1206.260000	-0.000001001867	
1226.260000	-0.000000927139	
1246.260000	-0.000000863094	
1266.260000	-0.000000807815	
1286.260000	-0.000000759667	
1306.260000	-0.000000