0.000000	0.000000001735	
20.000000	0.000000001868	
40.000000	0.000000001865	
60.000000	0.000000001854	
80.000000	0.000000001848	
100.000000	0.000000001846	
120.000000	0.000000000237	
140.000000	0.000000000351	
160.000000	0.000000000497	
180.000000	0.000000000675	
200.000000	0.000000000885	
220.000000	0.000000001127	
240.000000	0.000000001401	
260.000000	0.000000001708	
280.000000	0.000000002051	
300.000000	0.000000002430	
320.000000	0.000000002848	
340.000000	0.000000003333	
360.000000	0.000000003840	
380.000000	0.000000004385	
400.000000	0.000000004977	
420.000000	0.000000005625	
440.000000	0.000000006344	
460.000000	0.000000007162	
480.000000	0.000000008172	
495.760000	0.000000010908	
495.960000	0.000000018131	
496.160000	0.000000045227	
496.360000	0.000000168570	
496.560000	0.000003225209	
496.760000	0.000021718056	
496.960000	0.000050337121	
497.160000	0.000073531417	
497.360000	0.000088093991	
497.560000	0.000097231763	
497.760000	0.000098977848	
497.960000	0.000090719508	
498.160000	0.000070340395	
498.360000	0.000039667374	
498.560000	0.000018713033	
498.760000	0.000007976860	
518.760000	0.000000008392	
527.800000	0.000000011493	
528.000000	0.000000011658	
528.200000	0.000000011854	
528.400000	0.000000012098	
528.600000	0.000000012435	
528.800000	0.000000013008	
529.000000	0.000000016278	
529.200000	0.000000036466	
529.400000	0.000000131988	
529.600000	0.000002652512	
529.800000	0.000020526315	
530.000000	0.000050110480	
530.200000	0.000074757636	
530.400000	0.000089218104	
530.600000	0.000098082729	
530.800000	0.000100453939	
531.000000	0.000094136355	
531.200000	0.000076770996	
531.400000	0.000048094283	
531.600000	0.000024054382	
531.800000	0.000011189447	
532.000000	0.000004748117	
550.500000	0.000000010613	
550.700000	0.000000010699	
550.900000	0.000000010786	
551.100000	0.000000010874	
551.300000	0.000000010964	
551.500000	0.000000011056	
551.700000	0.000000011149	
551.900000	0.000000011245	
552.100000	0.000000011343	
552.300000	0.000000011444	
552.500000	0.000000011548	
552.700000	0.000000011654	
552.900000	0.000000011765	
553.100000	0.000000011880	
553.300000	0.000000012000	
553.500000	0.000000012125	
553.700000	0.000000012258	
553.900000	0.000000012399	
554.100000	0.000000012550	
554.300000	0.000000012714	
554.500000	0.000000012894	
554.700000	0.000000013097	
554.900000	0.000000013331	
555.100000	0.000000013612	
555.300000	0.000000013976	
555.500000	0.000000014511	
555.700000	0.000000015783	
555.900000	0.000000028013	
556.100000	0.000000083546	
556.300000	0.000001066958	
556.500000	0.000013800313	
556.700000	0.000041097786	
556.900000	0.000067443356	
557.100000	0.000083456804	
557.300000	0.000092981670	
557.500000	0.000096989408	
557.700000	0.000093878839	
557.900000	0.000081448749	
558.100000	0.000058030826	
558.300000	0.000031433977	
558.500000	0.000015554675	
558.700000	0.000007157627	
558.900000	0.000003066334	
559.100000	0.000001270815	
570.940000	0.000000009659	
571.140000	0.000000009744	
571.340000	0.000000009831	
571.540000	0.000000009919	
571.740000	0.000000010007	
571.940000	0.000000010097	
572.140000	0.000000010188	
572.340000	0.000000010279	
572.540000	0.000000010372	
572.740000	0.000000010465	
572.940000	0.000000010560	
573.140000	0.000000010656	
573.340000	0.000000010753	
573.540000	0.000000010852	
573.740000	0.000000010952	
573.940000	0.000000011053	
574.140000	0.000000011155	
574.340000	0.000000011260	
574.540000	0.000000011366	
574.740000	0.000000011473	
574.940000	0.000000011583	
575.140000	0.000000011695	
575.340000	0.000000011809	
575.540000	0.000000011926	
575.740000	0.000000012045	
575.940000	0.000000012167	
576.140000	0.000000012292	
576.340000	0.000000012422	
576.540000	0.000000012555	
576.740000	0.000000012693	
576.940000	0.000000012836	
577.140000	0.000000012985	
577.340000	0.000000013141	
577.540000	0.000000013305	
577.740000	0.000000013480	
577.940000	0.000000013666	
578.140000	0.000000013868	
578.340000	0.000000014089	
578.540000	0.000000014336	
578.740000	0.000000014620	
578.940000	0.000000014958	
579.140000	0.000000015388	
579.340000	0.000000016009	
579.540000	0.000000017403	
579.740000	0.000000030154	
579.940000	0.000000092647	
580.140000	0.000001398258	
580.340000	0.000014833204	
580.540000	0.000041567439	
580.740000	0.000066464615	
580.940000	0.000081215922	
581.140000	0.000089793072	
581.340000	0.000093149351	
581.540000	0.000089937446	
581.740000	0.000078212702	
581.940000	0.000056419632	
582.140000	0.000031285427	
582.340000	0.000015827690	
582.540000	0.000007515205	
582.740000	0.000003335301	
582.940000	0.000001431058	
583.140000	0.000000613060	
583.340000	0.000000269931	
590.500000	0.000000008824	
590.700000	0.000000008901	
590.900000	0.000000008980	
591.100000	0.000000009060	
591.300000	0.000000009142	
591.500000	0.000000009226	
591.700000	0.000000009312	
591.900000	0.000000009399	
592.100000	0.000000009487	
592.300000	0.000000009577	
592.500000	0.000000009668	
592.700000	0.000000009761	
592.900000	0.000000009855	
593.100000	0.000000009950	
593.300000	0.000000010047	
593.500000	0.000000010146	
593.700000	0.000000010245	
593.900000	0.000000010346	
594.100000	0.000000010448	
594.300000	0.000000010552	
594.500000	0.000000010658	
594.700000	0.000000010764	
594.900000	0.000000010873	
595.100000	0.000000010982	
595.300000	0.000000011094	
595.500000	0.000000011207	
595.700000	0.000000011322	
595.900000	0.000000011438	
596.100000	0.000000011557	
596.300000	0.000000011677	
596.500000	0.000000011799	
596.700000	0.000000011924	
596.900000	0.000000012051	
597.100000	0.000000012181	
597.300000	0.000000012313	
597.500000	0.000000012448	
597.700000	0.000000012586	
597.900000	0.000000012728	
598.100000	0.000000012873	
598.300000	0.000000013022	
598.500000	0.000000013176	
598.700000	0.000000013335	
598.900000	0.000000013500	
599.100000	0.000000013671	
599.300000	0.000000013849	
599.500000	0.000000014036	
599.700000	0.000000014233	
599.900000	0.000000014443	
600.100000	0.000000014667	
600.300000	0.000000014909	
600.500000	0.000000015175	
600.700000	0.000000015472	
600.900000	0.000000015814	
601.100000	0.000000016224	
601.300000	0.000000016749	
601.500000	0.000000017529	
601.700000	0.000000019717	
601.900000	0.000000038374	
602.100000	0.000000147284	
602.300000	0.000003134422	
602.500000	0.000020240993	
602.700000	0.000047172634	
602.900000	0.000069108189	
603.100000	0.000081224682	
603.300000	0.000088096064	
603.500000	0.000089765520	
603.700000	0.000084971120	
603.900000	0.000071911335	
604.100000	0.000049715299	
604.300000	0.000027128207	
604.500000	0.000013828782	
604.700000	0.000006621870	
604.900000	0.000002988372	
605.100000	0.000001312351	
605.300000	0.000000577431	
605.500000	0.000000261461	
605.700000	0.000000125035	
605.900000	0.000000064726	
606.100000	0.000000037008	
606.300000	0.000000023625	
606.500000	0.000000016811	
606.700000	0.000000013163	
606.900000	0.000000011127	
607.100000	0.000000009953	
607.300000	0.000000009262	
607.500000	0.000000008851	
607.700000	0.000000008605	
607.900000	0.000000008460	
608.100000	0.000000008378	
608.300000	0.000000008335	
608.500000	0.000000008317	
608.700000	0.000000008317	
608.900000	0.000000008329	
609.100000	0.000000008350	
609.300000	0.000000008378	
609.500000	0.000000008413	
609.700000	0.000000008452	
609.900000	0.000000008496	
610.100000	0.000000008545	
610.300000	0.000000008597	
610.500000	0.000000008654	
610.700000	0.000000008714	
610.900000	0.000000008778	
611.100000	0.000000008844	
611.300000	0.000000008914	
611.500000	0.000000008987	
611.700000	0.000000009063	
611.900000	0.000000009142	
612.100000	0.000000009223	
612.300000	0.000000009306	
612.500000	0.000000009392	
612.700000	0.000000009481	
612.900000	0.000000009571	
613.100000	0.000000009664	
613.300000	0.000000009759	
613.500000	0.000000009856	
613.700000	0.000000009955	
613.900000	0.000000010056	
614.100000	0.000000010159	
614.300000	0.000000010264	
614.500000	0.000000010370	
614.700000	0.000000010479	
614.900000	0.000000010590	
615.100000	0.000000010702	
615.300000	0.000000010816	
615.500000	0.000000010932	
615.700000	0.000000011051	
615.900000	0.000000011171	
616.100000	0.000000011293	
616.300000	0.000000011417	
616.500000	0.000000011544	
616.700000	0.000000011672	
616.900000	0.000000011803	
617.100000	0.000000011936	
617.300000	0.000000012072	
617.500000	0.000000012210	
617.700000	0.000000012351	
617.900000	0.000000012495	
618.100000	0.000000012641	
618.300000	0.000000012791	
618.500000	0.000000012945	
618.700000	0.000000013102	
618.900000	0.000000013263	
619.100000	0.000000013429	
619.300000	0.000000013599	
619.500000	0.000000013775	
619.700000	0.000000013957	
619.900000	0.000000014145	
620.100000	0.000000014341	
620.300000	0.000000014545	
620.500000	0.000000014759	
620.700000	0.000000014984	
620.900000	0.000000015223	
621.100000	0.000000015478	
621.300000	0.000000015754	
621.500000	0.000000016055	
621.700000	0.000000016391	
621.900000	0.000000016775	
622.100000	0.000000017229	
622.300000	0.000000017802	
622.500000	0.000000018621	
622.700000	0.000000020483	
622.900000	0.000000036516	
623.100000	0.000000129047	
623.300000	0.000002531621	
623.500000	0.000018052817	
623.700000	0.000044145743	
623.900000	0.000066212601	
624.100000	0.000078409744	
624.300000	0.000085146599	
624.500000	0.000086973736	
624.700000	0.000082819340	
624.900000	0.000071119013	
625.100000	0.000050853170	
625.300000	0.000028640952	
625.500000	0.000014887811	
625.700000	0.000007323091	
625.900000	0.000003394436	
626.100000	0.000001525671	
626.300000	0.000000683698	
626.500000	0.000000313351	
626.700000	0.000000150536	
626.900000	0.000000077620	
627.100000	0.000000043839	
627.300000	0.000000027468	
627.500000	0.000000019125	
627.700000	0.000000014659	
627.900000	0.000000012165	
628.100000	0.000000010724	
628.300000	0.000000009872	
628.500000	0.000000009362	
628.700000	0.000000009055	
628.900000	0.000000008873	
629.100000	0.000000008767	
629.300000	0.000000008710	
629.500000	0.000000008685	
629.700000	0.000000008681	
629.900000	0.000000008693	
630.100000	0.000000008715	
630.300000	0.000000008745	
630.500000	0.000000008783	
630.700000	0.000000008826	
630.900000	0.000000008875	
631.100000	0.000000008929	
631.300000	0.000000008988	
631.500000	0.000000009050	
631.700000	0.000000009117	
631.900000	0.000000009188	
632.100000	0.000000009262	
632.300000	0.000000009340	
632.500000	0.000000009422	
632.700000	0.000000009506	
632.900000	0.000000009594	
633.100000	0.000000009685	
633.300000	0.000000009779	
633.500000	0.000000009876	
633.700000	0.000000009975	
633.900000	0.000000010077	
634.100000	0.000000010182	
634.300000	0.000000010289	
634.500000	0.000000010399	
634.700000	0.000000010511	
634.900000	0.000000010626	
635.100000	0.000000010743	
635.300000	0.000000010862	
635.500000	0.000000010984	
635.700000	0.000000011108	
635.900000	0.000000011235	
636.100000	0.000000011364	
636.300000	0.000000011496	
636.500000	0.000000011630	
636.700000	0.000000011767	
636.900000	0.000000011906	
637.100000	0.000000012048	
637.300000	0.000000012193	
637.500000	0.000000012341	
637.700000	0.000000012492	
637.900000	0.000000012646	
638.100000	0.000000012803	
638.300000	0.000000012964	
638.500000	0.000000013129	
638.700000	0.000000013298	
638.900000	0.000000013470	
639.100000	0.000000013648	
639.300000	0.000000013830	
639.500000	0.000000014018	
639.700000	0.000000014211	
639.900000	0.000000014411	
640.100000	0.000000014619	
640.300000	0.000000014834	
640.500000	0.000000015058	
640.700000	0.000000015293	
640.900000	0.000000015540	
641.100000	0.000000015800	
641.300000	0.000000016078	
641.500000	0.000000016376	
641.700000	0.000000016700	
641.900000	0.000000017056	
642.100000	0.000000017457	
642.300000	0.000000017921	
642.500000	0.000000018482	
642.700000	0.000000019220	
642.900000	0.000000020402	
643.100000	0.000000026358	
643.300000	0.000000063782	
643.500000	0.000000532477	
643.700000	0.000008765125	
643.900000	0.000031333662	
644.100000	0.000056458346	
644.300000	0.000072671381	
644.500000	0.000081018552	
644.700000	0.000084833133	
644.900000	0.000083419191	
645.100000	0.000075577929	
645.300000	0.000059913445	
645.500000	0.000037901716	
645.700000	0.000020414688	
645.900000	0.000010512961	
646.100000	0.000005100374	
646.300000	0.000002364684	
646.500000	0.000001077437	
646.700000	0.000000494703	
646.900000	0.000000234395	
647.100000	0.000000117295	
647.300000	0.000000063349	
647.500000	0.000000037560	
647.700000	0.000000024656	
647.900000	0.000000017877	
648.100000	0.000000014150	
648.300000	0.000000012021	
648.500000	0.000000010770	
648.700000	0.000000010020	
648.900000	0.000000009566	
649.100000	0.000000009291	
649.300000	0.000000009128	
649.500000	0.000000009034	
649.700000	0.000000008986	
649.900000	0.000000008967	
650.100000	0.000000008969	
650.300000	0.000000008986	
650.500000	0.000000009013	
650.700000	0.000000009049	
650.900000	0.000000009093	
651.100000	0.000000009143	
651.300000	0.000000009198	
651.500000	0.000000009259	
651.700000	0.000000009324	
651.900000	0.000000009395	
652.100000	0.000000009469	
652.300000	0.000000009548	
652.500000	0.000000009631	
652.700000	0.000000009718	
652.900000	0.000000009808	
653.100000	0.000000009903	
653.300000	0.000000010000	
653.500000	0.000000010101	
653.700000	0.000000010206	
653.900000	0.000000010313	
654.100000	0.000000010424	
654.300000	0.000000010538	
654.500000	0.000000010655	
654.700000	0.000000010774	
654.900000	0.000000010897	
655.100000	0.000000011023	
655.300000	0.000000011151	
655.500000	0.000000011283	
655.700000	0.000000011417	
655.900000	0.000000011554	
656.100000	0.000000011694	
656.300000	0.000000011837	
656.500000	0.000000011984	
656.700000	0.000000012133	
656.900000	0.000000012286	
657.100000	0.000000012441	
657.300000	0.000000012601	
657.500000	0.000000012763	
657.700000	0.000000012930	
657.900000	0.000000013100	
658.100000	0.000000013275	
658.300000	0.000000013453	
658.500000	0.000000013636	
658.700000	0.000000013824	
658.900000	0.000000014018	
659.100000	0.000000014217	
659.300000	0.000000014421	
659.500000	0.000000014633	
659.700000	0.000000014852	
659.900000	0.000000015078	
660.100000	0.000000015314	
660.300000	0.000000015560	
660.500000	0.000000015817	
660.700000	0.000000016087	
660.900000	0.000000016373	
661.100000	0.000000016677	
661.300000	0.000000017002	
661.500000	0.000000017355	
661.700000	0.000000017743	
661.900000	0.000000018177	
662.100000	0.000000018674	
662.300000	0.000000019269	
662.500000	0.000000020031	
662.700000	0.000000021173	
662.900000	0.000000025068	
663.100000	0.000000054174	
663.300000	0.000000339163	
663.500000	0.000006538375	
663.700000	0.000027163157	
663.900000	0.000052630290	
664.100000	0.000070108754	
664.300000	0.000078824107	
664.500000	0.000082957275	
664.700000	0.000082137106	
664.900000	0.000075333836	
665.100000	0.000061282944	
665.300000	0.000040573887	
665.500000	0.000022362410	
665.700000	0.000011743112	
665.900000	0.000005837679	
666.100000	0.000002764307	
666.300000	0.000001280232	
666.500000	0.000000594111	
666.700000	0.000000282664	
666.900000	0.000000141003	
667.100000	0.000000075341	
667.300000	0.000000043896	
667.500000	0.000000028188	
667.700000	0.000000019966	
667.900000	0.000000015462	
668.100000	0.000000012896	
668.300000	0.000000011387	
668.500000	0.000000010480	
668.700000	0.000000009929	
668.900000	0.000000009593	
669.100000	0.000000009389	
669.300000	0.000000009270	
669.500000	0.000000009205	
669.700000	0.000000009176	
669.900000	0.000000009172	
670.100000	0.000000009184	
670.300000	0.000000009210	
670.500000	0.000000009245	
670.700000	0.000000009289	
670.900000	0.000000009340	
671.100000	0.000000009397	
671.300000	0.000000009460	
671.500000	0.000000009529	
671.700000	0.000000009602	
671.900000	0.000000009681	
672.100000	0.000000009764	
672.300000	0.000000009851	
672.500000	0.000000009943	
672.700000	0.000000010039	
672.900000	0.000000010139	
673.100000	0.000000010242	
673.300000	0.000000010350	
673.500000	0.000000010461	
673.700000	0.000000010576	
673.900000	0.000000010694	
674.100000	0.000000010816	
674.300000	0.000000010942	
674.500000	0.000000011070	
674.700000	0.000000011202	
674.900000	0.000000011338	
675.100000	0.000000011476	
675.300000	0.000000011618	
675.500000	0.000000011764	
675.700000	0.000000011913	
675.900000	0.000000012065	
676.100000	0.000000012221	
676.300000	0.000000012380	
676.500000	0.000000012543	
676.700000	0.000000012710	
676.900000	0.000000012881	
677.100000	0.000000013056	
677.300000	0.000000013235	
677.500000	0.000000013419	
677.700000	0.000000013607	
677.900000	0.000000013800	
678.100000	0.000000013998	
678.300000	0.000000014202	
678.500000	0.000000014412	
678.700000	0.000000014628	
678.900000	0.000000014851	
679.100000	0.000000015082	
679.300000	0.000000015321	
679.500000	0.000000015570	
679.700000	0.000000015828	
679.900000	0.000000016098	
680.100000	0.000000016381	
680.300000	0.000000016680	
680.500000	0.000000016995	
680.700000	0.000000017332	
680.900000	0.000000017694	
681.100000	0.000000018087	
681.300000	0.000000018521	
681.500000	0.000000019007	
681.700000	0.000000019569	
681.900000	0.000000020246	
682.100000	0.000000021127	
682.300000	0.000000022512	
682.500000	0.000000029032	
682.700000	0.000000072121	
682.900000	0.000000739847	
683.100000	0.000010107630	
683.300000	0.000033287389	
683.500000	0.000057640321	
683.700000	0.000072436226	
683.900000	0.000079578329	
684.100000	0.000082269413	
684.300000	0.000079909733	
684.500000	0.000071465168	
684.700000	0.000055909524	
684.900000	0.000035263845	
685.100000	0.000019291881	
685.300000	0.000010125659	
685.500000	0.000005030082	
685.700000	0.000002395644	
685.900000	0.000001121500	
686.100000	0.000000527967	
686.300000	0.000000255490	
686.500000	0.000000129859	
686.700000	0.000000070753	
686.900000	0.000000042013	
687.100000	0.000000027442	
687.300000	0.000000019709	
687.500000	0.000000015422	
687.700000	0.000000012954	
687.900000	0.000000011489	
688.100000	0.000000010602	
688.300000	0.000000010059	
688.500000	0.000000009725	
688.700000	0.000000009521	
688.900000	0.000000009401	
689.100000	0.000000009336	
689.300000	0.000000009306	
689.500000	0.000000009301	
689.700000	0.000000009314	
689.900000	0.000000009340	
690.100000	0.000000009377	
690.300000	0.000000009423	
690.500000	0.000000009476	
690.700000	0.000000009535	
690.900000	0.000000009601	
691.100000	0.000000009673	
691.300000	0.000000009750	
691.500000	0.000000009832	
691.700000	0.000000009919	
691.900000	0.000000010011	
692.100000	0.000000010107	
692.300000	0.000000010208	
692.500000	0.000000010313	
692.700000	0.000000010423	
692.900000	0.000000010536	
693.100000	0.000000010654	
693.300000	0.000000010775	
693.500000	0.000000010901	
693.700000	0.000000011030	
693.900000	0.000000011163	
694.100000	0.000000011299	
694.300000	0.000000011440	
694.500000	0.000000011584	
694.700000	0.000000011732	
694.900000	0.000000011883	
695.100000	0.000000012039	
695.300000	0.000000012198	
695.500000	0.000000012361	
695.700000	0.000000012528	
695.900000	0.000000012699	
696.100000	0.000000012874	
696.300000	0.000000013054	
696.500000	0.000000013238	
696.700000	0.000000013427	
696.900000	0.000000013621	
697.100000	0.000000013820	
697.300000	0.000000014024	
697.500000	0.000000014235	
697.700000	0.000000014451	
697.900000	0.000000014673	
698.100000	0.000000014903	
698.300000	0.000000015141	
698.500000	0.000000015386	
698.700000	0.000000015641	
698.900000	0.000000015906	
699.100000	0.000000016181	
699.300000	0.000000016469	
699.500000	0.000000016772	
699.700000	0.000000017090	
699.900000	0.000000017427	
700.100000	0.000000017786	
700.300000	0.000000018172	
700.500000	0.000000018590	
700.700000	0.000000019050	
700.900000	0.000000019563	
701.100000	0.000000020152	
701.300000	0.000000020852	
701.500000	0.000000021742	
701.700000	0.000000023048	
701.900000	0.000000027055	
702.100000	0.000000058147	
702.300000	0.000000407599	
702.500000	0.000007269362	
702.700000	0.000028579095	
702.900000	0.000053966096	
703.100000	0.000070662396	
703.300000	0.000078425003	
703.500000	0.000081615635	
703.700000	0.000079966619	
703.900000	0.000072566257	
704.100000	0.000058421921	
704.300000	0.000038549733	
704.500000	0.000021513021	
704.700000	0.000011473563	
704.900000	0.000005812048	
705.100000	0.000002813024	
705.300000	0.000001332110	
705.500000	0.000000631016	
705.700000	0.000000305444	
705.900000	0.000000154295	
706.100000	0.000000083007	
706.300000	0.000000048392	
706.500000	0.000000030918	
706.700000	0.000000021700	
706.900000	0.000000016618	
707.100000	0.000000013705	
707.300000	0.000000011981	
707.500000	0.000000010936	
707.700000	0.000000010293	
707.900000	0.000000009895	
708.100000	0.000000009649	
708.300000	0.000000009501	
708.500000	0.000000009416	
708.700000	0.000000009373	
708.900000	0.000000009358	
709.100000	0.000000009364	
709.300000	0.000000009385	
709.500000	0.000000009417	
709.700000	0.000000009460	
709.900000	0.000000009510	
710.100000	0.000000009568	
710.300000	0.000000009633	
710.500000	0.000000009704	
710.700000	0.000000009780	
710.900000	0.000000009862	
711.100000	0.000000009950	
711.300000	0.000000010042	
711.500000	0.000000010140	
711.700000	0.000000010242	
711.900000	0.000000010349	
712.100000	0.000000010460	
712.300000	0.000000010576	
712.500000	0.000000010696	
712.700000	0.000000010820	
712.900000	0.000000010948	
713.100000	0.000000011081	
713.300000	0.000000011218	
713.500000	0.000000011358	
713.700000	0.000000011503	
713.900000	0.000000011651	
714.100000	0.000000011804	
714.300000	0.000000011961	
714.500000	0.000000012122	
714.700000	0.000000012287	
714.900000	0.000000012456	
715.100000	0.000000012629	
715.300000	0.000000012807	
715.500000	0.000000012990	
715.700000	0.000000013177	
715.900000	0.000000013369	
716.100000	0.000000013566	
716.300000	0.000000013768	
716.500000	0.000000013976	
716.700000	0.000000014190	
716.900000	0.000000014410	
717.100000	0.000000014636	
717.300000	0.000000014870	
717.500000	0.000000015111	
717.700000	0.000000015360	
717.900000	0.000000015618	
718.100000	0.000000015886	
718.300000	0.000000016164	
718.500000	0.000000016454	
718.700000	0.000000016757	
718.900000	0.000000017075	
719.100000	0.000000017410	
719.300000	0.000000017764	
719.500000	0.000000018141	
719.700000	0.000000018545	
719.900000	0.000000018983	
720.100000	0.000000019461	
720.300000	0.000000019993	
720.500000	0.000000020598	
720.700000	0.000000021307	
720.900000	0.000000022184	
721.100000	0.000000023388	
721.300000	0.000000025746	
721.500000	0.000000044090	
721.700000	0.000000188096	
721.900000	0.000003934659	
722.100000	0.000021586665	
722.300000	0.000047823448	
722.500000	0.000067754016	
722.700000	0.000077207977	
722.900000	0.000081324411	
723.100000	0.000080810928	
723.300000	0.000074896921	
723.500000	0.000062615958	
723.700000	0.000044025213	
723.900000	0.000025450644	
724.100000	0.000013804503	
724.300000	0.000007154706	
724.500000	0.000003528249	
724.700000	0.000001691321	
724.900000	0.000000805390	
725.100000	0.000000388978	
725.300000	0.000000194499	
725.500000	0.000000102746	
725.700000	0.000000058403	
725.900000	0.000000036208	
726.100000	0.000000024623	
726.300000	0.000000018305	
726.500000	0.000000014716	
726.700000	0.000000012605	
726.900000	0.000000011329	
727.100000	0.000000010543	
727.300000	0.000000010054	
727.500000	0.000000009749	
727.700000	0.000000009560	
727.900000	0.000000009447	
728.100000	0.000000009383	
728.300000	0.000000009354	
728.500000	0.000000009349	
728.700000	0.000000009361	
728.900000	0.000000009386	
729.100000	0.000000009423	
729.300000	0.000000009468	
729.500000	0.000000009522	
729.700000	0.000000009582	
729.900000	0.000000009650	
730.100000	0.000000009723	
730.300000	0.000000009803	
730.500000	0.000000009888	
730.700000	0.000000009978	
730.900000	0.000000010074	
731.100000	0.000000010175	
731.300000	0.000000010280	
731.500000	0.000000010391	
731.700000	0.000000010506	
731.900000	0.000000010625	
732.100000	0.000000010749	
732.300000	0.000000010878	
732.500000	0.000000011011	
732.700000	0.000000011148	
732.900000	0.000000011289	
733.100000	0.000000011434	
733.300000	0.000000011584	
733.500000	0.000000011738	
733.700000	0.000000011896	
733.900000	0.000000012059	
734.100000	0.000000012226	
734.300000	0.000000012397	
734.500000	0.000000012573	
734.700000	0.000000012753	
734.900000	0.000000012938	
735.100000	0.000000013128	
735.300000	0.000000013323	
735.500000	0.000000013523	
735.700000	0.000000013728	
735.900000	0.000000013940	
736.100000	0.000000014157	
736.300000	0.000000014381	
736.500000	0.000000014611	
736.700000	0.000000014848	
736.900000	0.000000015093	
737.100000	0.000000015346	
737.300000	0.000000015608	
737.500000	0.000000015879	
737.700000	0.000000016160	
737.900000	0.000000016453	
738.100000	0.000000016759	
738.300000	0.000000017079	
738.500000	0.000000017415	
738.700000	0.000000017769	
738.900000	0.000000018143	
739.100000	0.000000018542	
739.300000	0.000000018971	
739.500000	0.000000019434	
739.700000	0.000000019941	
739.900000	0.000000020505	
740.100000	0.000000021145	
740.300000	0.000000021893	
740.500000	0.000000022813	
740.700000	0.000000024058	
740.900000	0.000000026347	
741.100000	0.000000043150	
741.300000	0.000000177321	
741.500000	0.000003745599	
741.700000	0.000021342439	
741.900000	0.000048134037	
742.100000	0.000068680813	
742.300000	0.000078208564	
742.500000	0.000082097255	
742.700000	0.000081362687	
742.900000	0.000075273622	
743.100000	0.000062921436	
743.300000	0.000044421662	
743.500000	0.000025873119	
743.700000	0.000014131085	
743.900000	0.000007390572	
744.100000	0.000003678915	
744.300000	0.000001778550	
744.500000	0.000000852770	
744.700000	0.000000413799	
744.900000	0.000000207331	
745.100000	0.000000109419	
745.300000	0.000000061947	
745.500000	0.000000038150	
745.700000	0.000000025727	
745.900000	0.000000018954	
746.100000	0.000000015107	
746.300000	0.000000012843	
746.500000	0.000000011472	
746.700000	0.000000010624	
746.900000	0.000000010092	
747.100000	0.000000009757	
747.300000	0.000000009546	
747.500000	0.000000009416	
747.700000	0.000000009340	
747.900000	0.000000009300	
748.100000	0.000000009285	
748.300000	0.000000009290	
748.500000	0.000000009308	
748.700000	0.000000009339	
748.900000	0.000000009379	
749.100000	0.000000009428	
749.300000	0.000000009484	
749.500000	0.000000009547	
749.700000	0.000000009617	
749.900000	0.000000009693	
750.100000	0.000000009775	
750.300000	0.000000009862	
750.500000	0.000000009955	
750.700000	0.000000010053	
750.900000	0.000000010157	
751.100000	0.000000010265	
751.300000	0.000000010378	
751.500000	0.000000010495	
751.700000	0.000000010618	
751.900000	0.000000010745	
752.100000	0.000000010876	
752.300000	0.000000011012	
752.500000	0.000000011152	
752.700000	0.000000011296	
752.900000	0.000000011445	
753.100000	0.000000011598	
753.300000	0.000000011755	
753.500000	0.000000011917	
753.700000	0.000000012083	
753.900000	0.000000012254	
754.100000	0.000000012429	
754.300000	0.000000012609	
754.500000	0.000000012794	
754.700000	0.000000012983	
754.900000	0.000000013178	
755.100000	0.000000013378	
755.300000	0.000000013583	
755.500000	0.000000013794	
755.700000	0.000000014011	
755.900000	0.000000014234	
756.100000	0.000000014463	
756.300000	0.000000014700	
756.500000	0.000000014944	
756.700000	0.000000015196	
756.900000	0.000000015456	
757.100000	0.000000015725	
757.300000	0.000000016004	
757.500000	0.000000016294	
757.700000	0.000000016596	
757.900000	0.000000016910	
758.100000	0.000000017239	
758.300000	0.000000017584	
758.500000	0.000000017948	
758.700000	0.000000018332	
758.900000	0.000000018741	
759.100000	0.000000019179	
759.300000	0.000000019652	
759.500000	0.000000020167	
759.700000	0.000000020735	
759.900000	0.000000021374	
760.100000	0.000000022111	
760.300000	0.000000022993	
760.500000	0.000000024124	
760.700000	0.000000025825	
760.900000	0.000000032409	
761.100000	0.000000082554	
761.300000	0.000001102832	
761.500000	0.000012427755	
761.700000	0.000038012800	
761.900000	0.000063212724	
762.100000	0.000077055232	
762.300000	0.000082498275	
762.500000	0.000083374227	
762.700000	0.000079228987	
762.900000	0.000069184969	
763.100000	0.000052716711	
763.300000	0.000032880531	
763.500000	0.000018314182	
763.700000	0.000009828092	
763.900000	0.000005015376	
764.100000	0.000002463261	
764.300000	0.000001189107	
764.500000	0.000000575471	
764.700000	0.000000284736	
764.900000	0.000000146903	
765.100000	0.000000080546	
765.300000	0.000000047699	
765.500000	0.000000030826	
765.700000	0.000000021786	
765.900000	0.000000016733	
766.100000	0.000000013797	
766.300000	0.000000012034	
766.500000	0.000000010949	
766.700000	0.000000010268	
766.900000	0.000000009836	
767.100000	0.000000009559	
767.300000	0.000000009383	
767.500000	0.000000009273	
767.700000	0.000000009208	
767.900000	0.000000009174	
768.100000	0.000000009162	
768.300000	0.000000009167	
768.500000	0.000000009186	
768.700000	0.000000009215	
768.900000	0.000000009254	
769.100000	0.000000009301	
769.300000	0.000000009355	
769.500000	0.000000009417	
769.700000	0.000000009485	
769.900000	0.000000009560	
770.100000	0.000000009640	
770.300000	0.000000009726	
770.500000	0.000000009817	
770.700000	0.000000009914	
770.900000	0.000000010016	
771.100000	0.000000010123	
771.300000	0.000000010234	
771.500000	0.000000010351	
771.700000	0.000000010472	
771.900000	0.000000010597	
772.100000	0.000000010727	
772.300000	0.000000010862	
772.500000	0.000000011000	
772.700000	0.000000011144	
772.900000	0.000000011291	
773.100000	0.000000011443	
773.300000	0.000000011599	
773.500000	0.000000011760	
773.700000	0.000000011924	
773.900000	0.000000012094	
774.100000	0.000000012268	
774.300000	0.000000012446	
774.500000	0.000000012630	
774.700000	0.000000012818	
774.900000	0.000000013011	
775.100000	0.000000013210	
775.300000	0.000000013413	
775.500000	0.000000013623	
775.700000	0.000000013838	
775.900000	0.000000014059	
776.100000	0.000000014286	
776.300000	0.000000014521	
776.500000	0.000000014762	
776.700000	0.000000015011	
776.900000	0.000000015268	
777.100000	0.000000015533	
777.300000	0.000000015808	
777.500000	0.000000016093	
777.700000	0.000000016389	
777.900000	0.000000016697	
778.100000	0.000000017018	
778.300000	0.000000017353	
778.500000	0.000000017705	
778.700000	0.000000018076	
778.900000	0.000000018467	
779.100000	0.000000018883	
779.300000	0.000000019327	
779.500000	0.000000019805	
779.700000	0.000000020323	
779.900000	0.000000020893	
780.100000	0.000000021528	
780.300000	0.000000022250	
780.500000	0.000000023099	
780.700000	0.000000024145	
780.900000	0.000000025569	
781.100000	0.000000028255	
781.300000	0.000000048866	
781.500000	0.000000251656	
781.700000	0.000005399147	
781.900000	0.000026190000	
782.100000	0.000054639193	
782.300000	0.000074613557	
782.500000	0.000082796055	
782.700000	0.000085383942	
782.900000	0.000083200393	
783.100000	0.000075484067	
783.300000	0.000061436822	
783.500000	0.000041884740	
783.700000	0.000024098758	
783.900000	0.000013194367	
784.100000	0.000006908397	
784.300000	0.000003453998	
784.500000	0.000001682158	
784.700000	0.000000813707	
784.900000	0.000000398523	
785.100000	0.000000201474	
785.300000	0.000000107185	
785.500000	0.000000061080	
785.700000	0.000000037791	
785.900000	0.000000025549	
786.100000	0.000000018833	
786.300000	0.000000014995	
786.500000	0.000000012720	
786.700000	0.000000011331	
786.900000	0.000000010462	
787.100000	0.000000009908	
787.300000	0.000000009551	
787.500000	0.000000009320	
787.700000	0.000000009170	
787.900000	0.000000009075	
788.100000	0.000000009017	
788.300000	0.000000008985	
788.500000	0.000000008974	
788.700000	0.000000008978	
788.900000	0.000000008994	
789.100000	0.000000009021	
789.300000	0.000000009057	
789.500000	0.000000009101	
789.700000	0.000000009152	
789.900000	0.000000009210	
790.100000	0.000000009275	
790.300000	0.000000009346	
790.500000	0.000000009423	
790.700000	0.000000009505	
790.900000	0.000000009593	
791.100000	0.000000009687	
791.300000	0.000000009785	
791.500000	0.000000009888	
791.700000	0.000000009996	
791.900000	0.000000010109	
792.100000	0.000000010226	
792.300000	0.000000010348	
792.500000	0.000000010474	
792.700000	0.000000010605	
792.900000	0.000000010739	
793.100000	0.000000010879	
793.300000	0.000000011022	
793.500000	0.000000011169	
793.700000	0.000000011321	
793.900000	0.000000011477	
794.100000	0.000000011637	
794.300000	0.000000011802	
794.500000	0.000000011971	
794.700000	0.000000012144	
794.900000	0.000000012322	
795.100000	0.000000012505	
795.300000	0.000000012693	
795.500000	0.000000012885	
795.700000	0.000000013082	
795.900000	0.000000013285	
796.100000	0.000000013493	
796.300000	0.000000013707	
796.500000	0.000000013927	
796.700000	0.000000014153	
796.900000	0.000000014385	
797.100000	0.000000014625	
797.300000	0.000000014871	
797.500000	0.000000015126	
797.700000	0.000000015389	
797.900000	0.000000015660	
798.100000	0.000000015942	
798.300000	0.000000016233	
798.500000	0.000000016536	
798.700000	0.000000016852	
798.900000	0.000000017180	
799.100000	0.000000017524	
799.300000	0.000000017885	
799.500000	0.000000018265	
799.700000	0.000000018666	
799.900000	0.000000019092	
800.100000	0.000000019547	
800.300000	0.000000020036	
800.500000	0.000000020566	
800.700000	0.000000021148	
800.900000	0.000000021794	
801.100000	0.000000022525	
801.300000	0.000000023377	
801.500000	0.000000024412	
801.700000	0.000000025772	
801.900000	0.000000027979	
802.100000	0.000000040625	
802.300000	0.000000147167	
802.500000	0.000003227448	
802.700000	0.000021103576	
802.900000	0.000050621893	
803.100000	0.000074135245	
803.300000	0.000084442824	
803.500000	0.000087662300	
803.700000	0.000086136085	
803.900000	0.000079198039	
804.100000	0.000065996878	
804.300000	0.000046805526	
804.500000	0.000027604976	
804.700000	0.000015264919	
804.900000	0.000008110095	
805.100000	0.000004104829	
805.300000	0.000002014662	
805.500000	0.000000977448	
805.700000	0.000000477648	
805.900000	0.000000239596	
806.100000	0.000000125753	
806.300000	0.000000070328	
806.500000	0.000000042537	
806.700000	0.000000028063	
806.900000	0.000000020200	
807.100000	0.000000015745	
807.300000	0.000000013123	
807.500000	0.000000011527	
807.700000	0.000000010530	
807.900000	0.000000009893	
808.100000	0.000000009478	
808.300000	0.000000009205	
808.500000	0.000000009024	
808.700000	0.000000008904	
808.900000	0.000000008826	
809.100000	0.000000008777	
809.300000	0.000000008750	
809.500000	0.000000008740	
809.700000	0.000000008743	
809.900000	0.000000008758	
810.100000	0.000000008782	
810.300000	0.000000008815	
810.500000	0.000000008855	
810.700000	0.000000008903	
810.900000	0.000000008958	
811.100000	0.000000009019	
811.300000	0.000000009086	
811.500000	0.000000009159	
811.700000	0.000000009238	
811.900000	0.000000009321	
812.100000	0.000000009410	
812.300000	0.000000009504	
812.500000	0.000000009603	
812.700000	0.000000009706	
812.900000	0.000000009814	
813.100000	0.000000009926	
813.300000	0.000000010043	
813.500000	0.000000010164	
813.700000	0.000000010289	
813.900000	0.000000010418	
814.100000	0.000000010551	
814.300000	0.000000010688	
814.500000	0.000000010829	
814.700000	0.000000010975	
814.900000	0.000000011124	
815.100000	0.000000011277	
815.300000	0.000000011435	
815.500000	0.000000011597	
815.700000	0.000000011762	
815.900000	0.000000011933	
816.100000	0.000000012107	
816.300000	0.000000012286	
816.500000	0.000000012469	
816.700000	0.000000012657	
816.900000	0.000000012850	
817.100000	0.000000013048	
817.300000	0.000000013251	
817.500000	0.000000013459	
817.700000	0.000000013673	
817.900000	0.000000013893	
818.100000	0.000000014119	
818.300000	0.000000014351	
818.500000	0.000000014590	
818.700000	0.000000014837	
818.900000	0.000000015090	
819.100000	0.000000015352	
819.300000	0.000000015623	
819.500000	0.000000015903	
819.700000	0.000000016193	
819.900000	0.000000016494	
820.100000	0.000000016808	
820.300000	0.000000017134	
820.500000	0.000000017474	
820.700000	0.000000017831	
820.900000	0.000000018205	
821.100000	0.000000018600	
821.300000	0.000000019018	
821.500000	0.000000019463	
821.700000	0.000000019939	
821.900000	0.000000020451	
822.100000	0.000000021009	
822.300000	0.000000021621	
822.500000	0.000000022304	
822.700000	0.000000023082	
822.900000	0.000000023991	
823.100000	0.000000025104	
823.300000	0.000000026587	
823.500000	0.000000029119	
823.700000	0.000000046108	
823.900000	0.000000215474	
824.100000	0.000005007111	
824.300000	0.000026551234	
824.500000	0.000057619070	
824.700000	0.000079948792	
824.900000	0.000088564530	
825.100000	0.000090641258	
825.300000	0.000087817725	
825.500000	0.000079330722	
825.700000	0.000064392644	
825.900000	0.000043963611	
826.100000	0.000025441256	
826.300000	0.000014029633	
826.500000	0.000007416299	
826.700000	0.000003742066	
826.900000	0.000001836399	
827.100000	0.000000892947	
827.300000	0.000000438197	
827.500000	0.000000221123	
827.700000	0.000000116932	
827.900000	0.000000065966	
828.100000	0.000000040269	
828.300000	0.000000026806	
828.500000	0.000000019448	
828.700000	0.000000015253	
828.900000	0.000000012767	
829.100000	0.000000011244	
829.300000	0.000000010284	
829.500000	0.000000009664	
829.700000	0.000000009256	
829.900000	0.000000008981	
830.100000	0.000000008794	
830.300000	0.000000008666	
830.500000	0.000000008579	
830.700000	0.000000008520	
830.900000	0.000000008483	
831.100000	0.000000008463	
831.300000	0.000000008456	
831.500000	0.000000008461	
831.700000	0.000000008475	
831.900000	0.000000008499	
832.100000	0.000000008530	
832.300000	0.000000008568	
832.500000	0.000000008614	
832.700000	0.000000008666	
832.900000	0.000000008724	
833.100000	0.000000008788	
833.300000	0.000000008857	
833.500000	0.000000008932	
833.700000	0.000000009012	
833.900000	0.000000009096	
834.100000	0.000000009186	
834.300000	0.000000009279	
834.500000	0.000000009378	
834.700000	0.000000009480	
834.900000	0.000000009587	
835.100000	0.000000009697	
835.300000	0.000000009812	
835.500000	0.000000009931	
835.700000	0.000000010053	
835.900000	0.000000010180	
836.100000	0.000000010310	
836.300000	0.000000010444	
836.500000	0.000000010581	
836.700000	0.000000010722	
836.900000	0.000000010867	
837.100000	0.000000011016	
837.300000	0.000000011169	
837.500000	0.000000011325	
837.700000	0.000000011486	
837.900000	0.000000011650	
838.100000	0.000000011818	
838.300000	0.000000011991	
838.500000	0.000000012167	
838.700000	0.000000012348	
838.900000	0.000000012533	
839.100000	0.000000012723	
839.300000	0.000000012918	
839.500000	0.000000013117	
839.700000	0.000000013322	
839.900000	0.000000013531	
840.100000	0.000000013747	
840.300000	0.000000013968	
840.500000	0.000000014195	
840.700000	0.000000014428	
840.900000	0.000000014668	
841.100000	0.000000014916	
841.300000	0.000000015171	
841.500000	0.000000015434	
841.700000	0.000000015705	
841.900000	0.000000015986	
842.100000	0.000000016277	
842.300000	0.000000016579	
842.500000	0.000000016893	
842.700000	0.000000017219	
842.900000	0.000000017560	
843.100000	0.000000017917	
843.300000	0.000000018292	
843.500000	0.000000018686	
843.700000	0.000000019103	
843.900000	0.000000019547	
844.100000	0.000000020020	
844.300000	0.000000020528	
844.500000	0.000000021080	
844.700000	0.000000021683	
844.900000	0.000000022351	
845.100000	0.000000023105	
845.300000	0.000000023973	
845.500000	0.000000025011	
845.700000	0.000000026326	
845.900000	0.000000028219	
846.100000	0.000000033656	
846.300000	0.000000082492	
846.500000	0.000001254235	
846.700000	0.000014611033	
846.900000	0.000045099224	
847.100000	0.000074805571	
847.300000	0.000089970861	
847.500000	0.000094099088	
847.700000	0.000093174165	
847.900000	0.000086885330	
848.100000	0.000074300406	
848.300000	0.000055210932	
848.500000	0.000033908084	
848.700000	0.000018992199	
848.900000	0.000010274488	
849.100000	0.000005292488	
849.300000	0.000002627365	
849.500000	0.000001280975	
849.700000	0.000000624482	
849.900000	0.000000310021	
850.100000	0.000000159693	
850.300000	0.000000086948	
850.500000	0.000000050867	
850.700000	0.000000032341	
850.900000	0.000000022431	
851.100000	0.000000016896	
851.300000	0.000000013675	
851.500000	0.000000011729	
851.700000	0.000000010513	
851.900000	0.000000009732	
852.100000	0.000000009217	
852.300000	0.000000008869	
852.500000	0.000000008629	
852.700000	0.000000008461	
852.900000	0.000000008341	
853.100000	0.000000008255	
853.300000	0.000000008195	
853.500000	0.000000008153	
853.700000	0.000000008127	
853.900000	0.000000008114	
854.100000	0.000000008112	
854.300000	0.000000008119	
854.500000	0.000000008135	
854.700000	0.000000008158	
854.900000	0.000000008189	
855.100000	0.000000008227	
855.300000	0.000000008270	
855.500000	0.000000008320	
855.700000	0.000000008376	
855.900000	0.000000008437	
856.100000	0.000000008503	
856.300000	0.000000008574	
856.500000	0.000000008649	
856.700000	0.000000008730	
856.900000	0.000000008814	
857.100000	0.000000008903	
857.300000	0.000000008995	
857.500000	0.000000009092	
857.700000	0.000000009192	
857.900000	0.000000009296	
858.100000	0.000000009404	
858.300000	0.000000009515	
858.500000	0.000000009630	
858.700000	0.000000009749	
858.900000	0.000000009870	
859.100000	0.000000009995	
859.300000	0.000000010124	
859.500000	0.000000010256	
859.700000	0.000000010391	
859.900000	0.000000010529	
860.100000	0.000000010671	
860.300000	0.000000010817	
860.500000	0.000000010965	
860.700000	0.000000011118	
860.900000	0.000000011273	
861.100000	0.000000011433	
861.300000	0.000000011596	
861.500000	0.000000011763	
861.700000	0.000000011933	
861.900000	0.000000012107	
862.100000	0.000000012286	
862.300000	0.000000012468	
862.500000	0.000000012655	
862.700000	0.000000012846	
862.900000	0.000000013042	
863.100000	0.000000013242	
863.300000	0.000000013448	
863.500000	0.000000013658	
863.700000	0.000000013874	
863.900000	0.000000014096	
864.100000	0.000000014323	
864.300000	0.000000014557	
864.500000	0.000000014798	
864.700000	0.000000015045	
864.900000	0.000000015300	
865.100000	0.000000015563	
865.300000	0.000000015834	
865.500000	0.000000016115	
865.700000	0.000000016406	
865.900000	0.000000016707	
866.100000	0.000000017020	
866.300000	0.000000017346	
866.500000	0.000000017686	
866.700000	0.000000018042	
866.900000	0.000000018415	
867.100000	0.000000018808	
867.300000	0.000000019223	
867.500000	0.000000019663	
867.700000	0.000000020133	
867.900000	0.000000020637	
868.100000	0.000000021181	
868.300000	0.000000021775	
868.500000	0.000000022431	
868.700000	0.000000023164	
868.900000	0.000000024002	
869.100000	0.000000024986	
869.300000	0.000000026194	
869.500000	0.000000027810	
869.700000	0.000000030576	
869.900000	0.000000049771	
870.100000	0.000000279060	
870.300000	0.000006688998	
870.500000	0.000032381826	
870.700000	0.000066898514	
870.900000	0.000089989068	
871.100000	0.000097546413	
871.300000	0.000098239936	
871.500000	0.000093745666	
871.700000	0.000083169004	
871.900000	0.000065790210	
872.100000	0.000043465862	
872.300000	0.000024871002	
872.500000	0.000013691511	
872.700000	0.000007211316	
872.900000	0.000003631560	
873.100000	0.000001781763	
873.300000	0.000000866936	
873.500000	0.000000425833	
873.700000	0.000000215070	
873.900000	0.000000113795	
874.100000	0.000000064202	
874.300000	0.000000039173	
874.500000	0.000000026045	
874.700000	0.000000018857	
874.900000	0.000000014748	
875.100000	0.000000012302	
875.300000	0.000000010792	
875.500000	0.000000009827	
875.700000	0.000000009193	
875.900000	0.000000008763	
876.100000	0.000000008464	
876.300000	0.000000008251	
876.500000	0.000000008095	
876.700000	0.000000007980	
876.900000	0.000000007894	
877.100000	0.000000007830	
877.300000	0.000000007783	
877.500000	0.000000007750	
877.700000	0.000000007730	
877.900000	0.000000007719	
878.100000	0.000000007718	
878.300000	0.000000007726	
878.500000	0.000000007741	
878.700000	0.000000007763	
878.900000	0.000000007792	
879.100000	0.000000007827	
879.300000	0.000000007867	
879.500000	0.000000007914	
879.700000	0.000000007965	
879.900000	0.000000008021	
880.100000	0.000000008082	
880.300000	0.000000008148	
880.500000	0.000000008218	
880.700000	0.000000008292	
880.900000	0.000000008369	
881.100000	0.000000008451	
881.300000	0.000000008536	
881.500000	0.000000008625	
881.700000	0.000000008717	
881.900000	0.000000008812	
882.100000	0.000000008911	
882.300000	0.000000009013	
882.500000	0.000000009118	
882.700000	0.000000009226	
882.900000	0.000000009337	
883.100000	0.000000009451	
883.300000	0.000000009568	
883.500000	0.000000009688	
883.700000	0.000000009810	
883.900000	0.000000009936	
884.100000	0.000000010065	
884.300000	0.000000010196	
884.500000	0.000000010331	
884.700000	0.000000010468	
884.900000	0.000000010609	
885.100000	0.000000010752	
885.300000	0.000000010899	
885.500000	0.000000011048	
885.700000	0.000000011201	
885.900000	0.000000011357	
886.100000	0.000000011516	
886.300000	0.000000011678	
886.500000	0.000000011844	
886.700000	0.000000012013	
886.900000	0.000000012186	
887.100000	0.000000012363	
887.300000	0.000000012543	
887.500000	0.000000012728	
887.700000	0.000000012916	
887.900000	0.000000013109	
888.100000	0.000000013306	
888.300000	0.000000013508	
888.500000	0.000000013714	
888.700000	0.000000013926	
888.900000	0.000000014142	
889.100000	0.000000014365	
889.300000	0.000000014593	
889.500000	0.000000014828	
889.700000	0.000000015069	
889.900000	0.000000015317	
890.100000	0.000000015572	
890.300000	0.000000015836	
890.500000	0.000000016108	
890.700000	0.000000016389	
890.900000	0.000000016680	
891.100000	0.000000016982	
891.300000	0.000000017296	
891.500000	0.000000017622	
891.700000	0.000000017963	
891.900000	0.000000018320	
892.100000	0.000000018694	
892.300000	0.000000019088	
892.500000	0.000000019505	
892.700000	0.000000019947	
892.900000	0.000000020419	
893.100000	0.000000020925	
893.300000	0.000000021472	
893.500000	0.000000022069	
893.700000	0.000000022728	
893.900000	0.000000023464	
894.100000	0.000000024302	
894.300000	0.000000025283	
894.500000	0.000000026478	
894.700000	0.000000028045	
894.900000	0.000000030520	
895.100000	0.000000043734	
895.300000	0.000000181562	
895.500000	0.000004789143	
895.700000	0.000028834048	
895.900000	0.000065810143	
896.100000	0.000092973982	
896.300000	0.000102529944	
896.500000	0.000103461151	
896.700000	0.000099133594	
896.900000	0.000088663724	
897.100000	0.000071185049	
897.300000	0.000048062908	
897.500000	0.000027734126	
897.700000	0.000015316644	
897.900000	0.000008105975	
898.100000	0.000004094212	
898.300000	0.000002009832	
898.500000	0.000000975819	
898.700000	0.000000476881	
898.900000	0.000000238867	
899.100000	0.000000124943	
899.300000	0.000000069488	
899.500000	0.000000041711	
899.700000	0.000000027265	
899.900000	0.000000019421	
900.100000	0.000000014970	
900.300000	0.000000012335	
900.500000	0.000000010712	
900.700000	0.000000009676	
900.900000	0.000000008992	
901.100000	0.000000008525	
901.300000	0.000000008196	
901.500000	0.000000007957	
901.700000	0.000000007779	
901.900000	0.000000007643	
902.100000	0.000000007537	
902.300000	0.000000007455	
902.500000	0.000000007391	
902.700000	0.000000007342	
902.900000	0.000000007305	
903.100000	0.000000007279	
903.300000	0.000000007263	
903.500000	0.000000007256	
903.700000	0.000000007257	
903.900000	0.000000007265	
904.100000	0.000000007279	
904.300000	0.000000007300	
904.500000	0.000000007327	
904.700000	0.000000007359	
904.900000	0.000000007397	
905.100000	0.000000007439	
905.300000	0.000000007487	
905.500000	0.000000007538	
905.700000	0.000000007594	
905.900000	0.000000007653	
906.100000	0.000000007716	
906.300000	0.000000007783	
906.500000	0.000000007854	
906.700000	0.000000007927	
906.900000	0.000000008004	
907.100000	0.000000008084	
907.300000	0.000000008167	
907.500000	0.000000008252	
907.700000	0.000000008341	
907.900000	0.000000008432	
908.100000	0.000000008526	
908.300000	0.000000008623	
908.500000	0.000000008722	
908.700000	0.000000008823	
908.900000	0.000000008928	
909.100000	0.000000009034	
909.300000	0.000000009143	
909.500000	0.000000009255	
909.700000	0.000000009369	
909.900000	0.000000009485	
910.100000	0.000000009604	
910.300000	0.000000009725	
910.500000	0.000000009849	
910.700000	0.000000009975	
910.900000	0.000000010103	
911.100000	0.000000010234	
911.300000	0.000000010367	
911.500000	0.000000010503	
911.700000	0.000000010641	
911.900000	0.000000010782	
912.100000	0.000000010926	
912.300000	0.000000011072	
912.500000	0.000000011221	
912.700000	0.000000011372	
912.900000	0.000000011527	
913.100000	0.000000011684	
913.300000	0.000000011844	
913.500000	0.000000012008	
913.700000	0.000000012174	
913.900000	0.000000012344	
914.100000	0.000000012517	
914.300000	0.000000012693	
914.500000	0.000000012873	
914.700000	0.000000013057	
914.900000	0.000000013245	
915.100000	0.000000013436	
915.300000	0.000000013632	
915.500000	0.000000013832	
915.700000	0.000000014036	
915.900000	0.000000014246	
916.100000	0.000000014460	
916.300000	0.000000014680	
916.500000	0.000000014905	
916.700000	0.000000015137	
916.900000	0.000000015374	
917.100000	0.000000015619	
917.300000	0.000000015870	
917.500000	0.000000016130	
917.700000	0.000000016397	
917.900000	0.000000016674	
918.100000	0.000000016960	
918.300000	0.000000017256	
918.500000	0.000000017564	
918.700000	0.000000017885	
918.900000	0.000000018219	
919.100000	0.000000018569	
919.300000	0.000000018936	
919.500000	0.000000019322	
919.700000	0.000000019729	
919.900000	0.000000020162	
920.100000	0.000000020622	
920.300000	0.000000021116	
920.500000	0.000000021649	
920.700000	0.000000022228	
920.900000	0.000000022865	
921.100000	0.000000023573	
921.300000	0.000000024375	
921.500000	0.000000025301	
921.700000	0.000000026409	
921.900000	0.000000027807	
922.100000	0.000000029774	
922.300000	0.000000034272	
922.500000	0.000000077654	
922.700000	0.000001199158	
922.900000	0.000016161491	
923.100000	0.000052448742	
923.300000	0.000088438703	
923.500000	0.000106213929	
923.700000	0.000109391001	
923.900000	0.000106801781	
924.100000	0.000098327481	
924.300000	0.000082831634	
924.500000	0.000060317688	
924.700000	0.000036454613	
924.900000	0.000020363353	
925.100000	0.000010979708	
925.300000	0.000005630502	
925.500000	0.000002784284	
925.700000	0.000001351522	
925.900000	0.000000655140	
926.100000	0.000000322807	
926.300000	0.000000164691	
926.500000	0.000000088633	
926.700000	0.000000051172	
926.900000	0.000000032077	
927.100000	0.000000021932	
927.300000	0.000000016293	
927.500000	0.000000013016	
927.700000	0.000000011028	
927.900000	0.000000009774	
928.100000	0.000000008952	
928.300000	0.000000008392	
928.500000	0.000000007997	
928.700000	0.000000007709	
928.900000	0.000000007492	
929.100000	0.000000007323	
935.080000	0.000000007569	
935.280000	0.000000007645	
935.480000	0.000000007723	
935.680000	0.000000007803	
935.880000	0.000000007886	
936.080000	0.000000007971	
936.280000	0.000000008057	
936.480000	0.000000008146	
936.680000	0.000000008237	
936.880000	0.000000008330	
937.080000	0.000000008425	
937.280000	0.000000008522	
937.480000	0.000000008620	
937.680000	0.000000008721	
937.880000	0.000000008823	
938.080000	0.000000008928	
938.280000	0.000000009034	
938.480000	0.000000009142	
938.680000	0.000000009252	
938.880000	0.000000009364	
939.080000	0.000000009477	
939.280000	0.000000009593	
939.480000	0.000000009710	
939.680000	0.000000009830	
939.880000	0.000000009951	
940.080000	0.000000010074	
940.280000	0.000000010199	
940.480000	0.000000010326	
940.680000	0.000000010455	
940.880000	0.000000010586	
941.080000	0.000000010719	
941.280000	0.000000010854	
941.480000	0.000000010991	
941.680000	0.000000011131	
941.880000	0.000000011272	
942.080000	0.000000011416	
942.280000	0.000000011562	
942.480000	0.000000011710	
942.680000	0.000000011861	
942.880000	0.000000012014	
943.080000	0.000000012170	
943.280000	0.000000012328	
943.480000	0.000000012489	
943.680000	0.000000012653	
943.880000	0.000000012820	
944.080000	0.000000012989	
944.280000	0.000000013162	
944.480000	0.000000013338	
944.680000	0.000000013517	
944.880000	0.000000013700	
945.080000	0.000000013886	
945.280000	0.000000014076	
945.480000	0.000000014270	
945.680000	0.000000014469	
945.880000	0.000000014671	
946.080000	0.000000014878	
946.280000	0.000000015091	
946.480000	0.000000015308	
946.680000	0.000000015531	
946.880000	0.000000015759	
947.080000	0.000000015994	
947.280000	0.000000016235	
947.480000	0.000000016484	
947.680000	0.000000016740	
947.880000	0.000000017004	
948.080000	0.000000017278	
948.280000	0.000000017561	
948.480000	0.000000017854	
948.680000	0.000000018160	
948.880000	0.000000018477	
949.080000	0.000000018809	
949.280000	0.000000019157	
949.480000	0.000000019522	
949.680000	0.000000019907	
949.880000	0.000000020314	
950.080000	0.000000020747	
950.280000	0.000000021209	
950.480000	0.000000021705	
950.680000	0.000000022243	
950.880000	0.000000022830	
951.080000	0.000000023477	
951.280000	0.000000024200	
951.480000	0.000000025023	
951.680000	0.000000025981	
951.880000	0.000000027136	
952.080000	0.000000028612	
952.280000	0.000000030747	
952.480000	0.000000036842	
952.680000	0.000000099315	
952.880000	0.000002230685	
953.080000	0.000022242679	
953.280000	0.000063146324	
953.480000	0.000099164865	
953.680000	0.000114341079	
953.880000	0.000115760195	
954.080000	0.000111495243	
954.280000	0.000100889391	
954.480000	0.000082777698	
954.680000	0.000057856871	
954.880000	0.000033980677	
955.080000	0.000018875218	
955.280000	0.000010090143	
955.480000	0.000005129912	
955.680000	0.000002521913	
955.880000	0.000001219880	
956.080000	0.000000590600	
956.280000	0.000000291321	
956.480000	0.000000149147	
956.680000	0.000000080741	
956.880000	0.000000046985	
957.080000	0.000000029721	
957.280000	0.000000020506	
957.480000	0.000000015355	
957.680000	0.000000012340	
957.880000	0.000000010496	
958.080000	0.000000009319	
958.280000	0.000000008536	
958.480000	0.000000007994	
969.020000	0.000000008131	
969.220000	0.000000008221	
969.420000	0.000000008312	
969.620000	0.000000008404	
969.820000	0.000000008497	
970.020000	0.000000008592	
970.220000	0.000000008688	
970.420000	0.000000008786	
970.620000	0.000000008884	
970.820000	0.000000008984	
971.020000	0.000000009086	
971.220000	0.000000009188	
971.420000	0.000000009292	
971.620000	0.000000009398	
971.820000	0.000000009504	
972.020000	0.000000009612	
972.220000	0.000000009721	
972.420000	0.000000009831	
972.620000	0.000000009943	
972.820000	0.000000010056	
973.020000	0.000000010171	
973.220000	0.000000010287	
973.420000	0.000000010404	
973.620000	0.000000010523	
973.820000	0.000000010643	
974.020000	0.000000010764	
974.220000	0.000000010887	
974.420000	0.000000011011	
974.620000	0.000000011137	
974.820000	0.000000011265	
975.020000	0.000000011393	
975.220000	0.000000011524	
975.420000	0.000000011656	
975.620000	0.000000011790	
975.820000	0.000000011925	
976.020000	0.000000012063	
976.220000	0.000000012202	
976.420000	0.000000012342	
976.620000	0.000000012485	
976.820000	0.000000012630	
977.020000	0.000000012776	
977.220000	0.000000012925	
977.420000	0.000000013076	
977.620000	0.000000013229	
977.820000	0.000000013384	
978.020000	0.000000013542	
978.220000	0.000000013702	
978.420000	0.000000013865	
978.620000	0.000000014030	
978.820000	0.000000014198	
979.020000	0.000000014369	
979.220000	0.000000014544	
979.420000	0.000000014721	
979.620000	0.000000014902	
979.820000	0.000000015086	
980.020000	0.000000015274	
980.220000	0.000000015466	
980.420000	0.000000015662	
980.620000	0.000000015862	
980.820000	0.000000016067	
981.020000	0.000000016277	
981.220000	0.000000016493	
981.420000	0.000000016714	
981.620000	0.000000016941	
981.820000	0.000000017175	
982.020000	0.000000017416	
982.220000	0.000000017664	
982.420000	0.000000017921	
982.620000	0.000000018187	
982.820000	0.000000018462	
983.020000	0.000000018749	
983.220000	0.000000019047	
983.420000	0.000000019358	
983.620000	0.000000019684	
983.820000	0.000000020026	
984.020000	0.000000020387	
984.220000	0.000000020769	
984.420000	0.000000021174	
984.620000	0.000000021606	
984.820000	0.000000022071	
985.020000	0.000000022573	
985.220000	0.000000023120	
985.420000	0.000000023722	
985.620000	0.000000024392	
985.820000	0.000000025150	
986.020000	0.000000026024	
986.220000	0.000000027062	
986.420000	0.000000028349	
986.620000	0.000000030079	
986.820000	0.000000032981	
987.020000	0.000000052602	
987.220000	0.000000339812	
987.420000	0.000009246470	
987.620000	0.000044046214	
987.820000	0.000088982246	
988.020000	0.000116689589	
988.220000	0.000123018497	
988.420000	0.000120816743	
988.620000	0.000112587975	
988.820000	0.000096966468	
989.020000	0.000073359736	
989.220000	0.000045949818	
989.420000	0.000025826318	
989.620000	0.000014031801	
989.820000	0.000007243983	
990.020000	0.000003585170	
990.220000	0.000001732046	
990.420000	0.000000830729	
990.620000	0.000000402506	
990.820000	0.000000200658	
991.020000	0.000000104895	
991.220000	0.000000058549	
991.420000	0.000000035397	
991.620000	0.000000023348	
991.820000	0.000000016782	
992.020000	0.000000013027	
992.220000	0.000000010775	
1008.500000	0.000000008822	
1008.700000	0.000000008910	
1008.900000	0.000000008999	
1009.100000	0.000000009088	
1009.300000	0.000000009178	
1009.500000	0.000000009268	
1009.700000	0.000000009359	
1009.900000	0.000000009451	
1010.100000	0.000000009544	
1010.300000	0.000000009637	
1010.500000	0.000000009731	
1010.700000	0.000000009826	
1010.900000	0.000000009921	
1011.100000	0.000000010017	
1011.300000	0.000000010114	
1011.500000	0.000000010211	
1011.700000	0.000000010309	
1011.900000	0.000000010408	
1012.100000	0.000000010507	
1012.300000	0.000000010607	
1012.500000	0.000000010708	
1012.700000	0.000000010809	
1012.900000	0.000000010911	
1013.100000	0.000000011014	
1013.300000	0.000000011118	
1013.500000	0.000000011222	
1013.700000	0.000000011327	
1013.900000	0.000000011433	
1014.100000	0.000000011539	
1014.300000	0.000000011647	
1014.500000	0.000000011755	
1014.700000	0.000000011864	
1014.900000	0.000000011973	
1015.100000	0.000000012084	
1015.300000	0.000000012195	
1015.500000	0.000000012307	
1015.700000	0.000000012420	
1015.900000	0.000000012534	
1016.100000	0.000000012649	
1016.300000	0.000000012765	
1016.500000	0.000000012882	
1016.700000	0.000000013000	
1016.900000	0.000000013118	
1017.100000	0.000000013238	
1017.300000	0.000000013359	
1017.500000	0.000000013481	
1017.700000	0.000000013605	
1017.900000	0.000000013729	
1018.100000	0.000000013855	
1018.300000	0.000000013982	
1018.500000	0.000000014110	
1018.700000	0.000000014240	
1018.900000	0.000000014371	
1019.100000	0.000000014503	
1019.300000	0.000000014638	
1019.500000	0.000000014774	
1019.700000	0.000000014911	
1019.900000	0.000000015051	
1020.100000	0.000000015192	
1020.300000	0.000000015335	
1020.500000	0.000000015481	
1020.700000	0.000000015628	
1020.900000	0.000000015778	
1021.100000	0.000000015930	
1021.300000	0.000000016085	
1021.500000	0.000000016243	
1021.700000	0.000000016403	
1021.900000	0.000000016567	
1022.100000	0.000000016734	
1022.300000	0.000000016904	
1022.500000	0.000000017078	
1022.700000	0.000000017255	
1022.900000	0.000000017437	
1023.100000	0.000000017624	
1023.300000	0.000000017815	
1023.500000	0.000000018012	
1023.700000	0.000000018214	
1023.900000	0.000000018422	
1024.100000	0.000000018636	
1024.300000	0.000000018858	
1024.500000	0.000000019088	
1024.700000	0.000000019326	
1024.900000	0.000000019573	
1025.100000	0.000000019830	
1025.300000	0.000000020099	
1025.500000	0.000000020381	
1025.700000	0.000000020677	
1025.900000	0.000000020988	
1026.100000	0.000000021318	
1026.300000	0.000000021667	
1026.500000	0.000000022041	
1026.700000	0.000000022441	
1026.900000	0.000000022873	
1027.100000	0.000000023343	
1027.300000	0.000000023857	
1027.500000	0.000000024428	
1027.700000	0.000000025068	
1027.900000	0.000000025797	
1028.100000	0.000000026648	
1028.300000	0.000000027670	
1028.500000	0.000000028960	
1028.700000	0.000000030742	
1028.900000	0.000000034012	
1029.100000	0.000000061589	
1029.300000	0.000000610642	
1029.500000	0.000013636964	
1029.700000	0.000054825082	
1029.900000	0.000101632127	
1030.100000	0.000126872701	
1030.300000	0.000130645589	
1030.500000	0.000126701591	
1030.700000	0.000116255225	
1030.900000	0.000097754084	
1031.100000	0.000071092526	
1031.300000	0.000042825765	
1031.500000	0.000023830141	
1031.700000	0.000012777645	
1031.900000	0.000006492087	
1032.100000	0.000003172235	
1032.300000	0.000001517060	
1032.500000	0.000000722234	
1032.700000	0.000000348398	
1032.900000	0.000000173515	
1033.100000	0.000000090962	
1033.300000	0.000000051108	
1033.500000	0.000000031195	
1033.700000	0.000000020806	
1033.900000	0.000000015116	
1053.900000	0.000000007916	
1059.460000	0.000000009729	
1059.660000	0.000000009795	
1059.860000	0.000000009860	
1060.060000	0.000000009926	
1060.260000	0.000000009991	
1060.460000	0.000000010057	
1060.660000	0.000000010122	
1060.860000	0.000000010188	
1061.060000	0.000000010253	
1061.260000	0.000000010318	
1061.460000	0.000000010383	
1061.660000	0.000000010448	
1061.860000	0.000000010513	
1062.060000	0.000000010578	
1062.260000	0.000000010642	
1062.460000	0.000000010707	
1062.660000	0.000000010771	
1062.860000	0.000000010836	
1063.060000	0.000000010900	
1063.260000	0.000000010964	
1063.460000	0.000000011028	
1063.660000	0.000000011092	
1063.860000	0.000000011155	
1064.060000	0.000000011219	
1064.260000	0.000000011282	
1064.460000	0.000000011346	
1064.660000	0.000000011409	
1064.860000	0.000000011472	
1065.060000	0.000000011534	
1065.260000	0.000000011597	
1065.460000	0.000000011659	
1065.660000	0.000000011722	
1065.860000	0.000000011784	
1066.060000	0.000000011846	
1066.260000	0.000000011907	
1066.460000	0.000000011969	
1066.660000	0.000000012030	
1066.860000	0.000000012092	
1067.060000	0.000000012153	
1067.260000	0.000000012213	
1067.460000	0.000000012274	
1067.660000	0.000000012334	
1067.860000	0.000000012394	
1068.060000	0.000000012454	
1068.260000	0.000000012514	
1068.460000	0.000000012574	
1068.660000	0.000000012633	
1068.860000	0.000000012692	
1069.060000	0.000000012751	
1069.260000	0.000000012810	
1069.460000	0.000000012869	
1069.660000	0.000000012927	
1069.860000	0.000000012985	
1070.060000	0.000000013043	
1070.260000	0.000000013100	
1070.460000	0.000000013158	
1070.660000	0.000000013215	
1070.860000	0.000000013272	
1071.060000	0.000000013329	
1071.260000	0.000000013385	
1071.460000	0.000000013442	
1071.660000	0.000000013498	
1071.860000	0.000000013553	
1072.060000	0.000000013609	
1072.260000	0.000000013664	
1072.460000	0.000000013720	
1072.660000	0.000000013775	
1072.860000	0.000000013829	
1073.060000	0.000000013884	
1073.260000	0.000000013938	
1073.460000	0.000000013992	
1073.660000	0.000000014046	
1073.860000	0.000000014099	
1074.060000	0.000000014153	
1074.260000	0.000000014206	
1074.460000	0.000000014259	
1074.660000	0.000000014311	
1074.860000	0.000000014364	
1075.060000	0.000000014416	
1075.260000	0.000000014468	
1075.460000	0.000000014520	
1075.660000	0.000000014572	
1075.860000	0.000000014623	
1076.060000	0.000000014674	
1076.260000	0.000000014725	
1076.460000	0.000000014776	
1076.660000	0.000000014826	
1076.860000	0.000000014877	
1077.060000	0.000000014927	
1077.260000	0.000000014977	
1077.460000	0.000000015026	
1077.660000	0.000000015076	
1077.860000	0.000000015125	
1078.060000	0.000000015174	
1078.260000	0.000000015223	
1078.460000	0.000000015272	
1078.660000	0.000000015321	
1078.860000	0.000000015369	
1079.060000	0.000000015417	
1079.260000	0.000000015465	
1079.460000	0.000000015513	
1079.660000	0.000000015561	
1079.860000	0.000000015608	
1080.060000	0.000000015656	
1080.260000	0.000000015703	
1080.460000	0.000000015750	
1080.660000	0.000000015797	
1080.860000	0.000000015844	
1081.060000	0.000000015891	
1081.260000	0.000000015937	
1081.460000	0.000000015983	
1081.660000	0.000000016030	
1081.860000	0.000000016076	
1082.060000	0.000000016122	
1082.260000	0.000000016168	
1082.460000	0.000000016214	
1082.660000	0.000000016259	
1082.860000	0.000000016305	
1083.060000	0.000000016351	
1083.260000	0.000000016396	
1083.460000	0.000000016442	
1083.660000	0.000000016487	
1083.860000	0.000000016532	
1084.060000	0.000000016578	
1084.260000	0.000000016623	
1084.460000	0.000000016668	
1084.660000	0.000000016713	
1084.860000	0.000000016758	
1085.060000	0.000000016804	
1085.260000	0.000000016849	
1085.460000	0.000000016894	
1085.660000	0.000000016939	
1085.860000	0.000000016984	
1086.060000	0.000000017030	
1086.260000	0.000000017075	
1086.460000	0.000000017121	
1086.660000	0.000000017166	
1086.860000	0.000000017212	
1087.060000	0.000000017258	
1087.260000	0.000000017304	
1087.460000	0.000000017350	
1087.660000	0.000000017396	
1087.860000	0.000000017443	
1088.060000	0.000000017489	
1088.260000	0.000000017536	
1088.460000	0.000000017583	
1088.660000	0.000000017631	
1088.860000	0.000000017678	
1089.060000	0.000000017726	
1089.260000	0.000000017775	
1089.460000	0.000000017823	
1089.660000	0.000000017873	
1089.860000	0.000000017922	
1090.060000	0.000000017972	
1090.260000	0.000000018022	
1090.460000	0.000000018073	
1090.660000	0.000000018125	
1090.860000	0.000000018177	
1091.060000	0.000000018229	
1091.260000	0.000000018283	
1091.460000	0.000000018337	
1091.660000	0.000000018391	
1091.860000	0.000000018447	
1092.060000	0.000000018503	
1092.260000	0.000000018560	
1092.460000	0.000000018619	
1092.660000	0.000000018678	
1092.860000	0.000000018738	
1093.060000	0.000000018800	
1093.260000	0.000000018863	
1093.460000	0.000000018927	
1093.660000	0.000000018992	
1093.860000	0.000000019059	
1094.060000	0.000000019128	
1094.260000	0.000000019199	
1094.460000	0.000000019271	
1094.660000	0.000000019345	
1094.860000	0.000000019422	
1095.060000	0.000000019500	
1095.260000	0.000000019582	
1095.460000	0.000000019666	
1095.660000	0.000000019752	
1095.860000	0.000000019842	
1096.060000	0.000000019935	
1096.260000	0.000000020032	
1096.460000	0.000000020133	
1096.660000	0.00000002