0.000000	0.001095352743	
20.000000	0.001105986187	
40.000000	0.001106239668	
60.000000	0.001105726979	
80.000000	0.001105331117	
100.000000	0.001105131105	
120.000000	0.000816526096	
140.000000	0.000856824716	
160.000000	0.000897157477	
180.000000	0.000934484095	
200.000000	0.000968399555	
220.000000	0.000998982853	
240.000000	0.001026718844	
260.000000	0.001052075689	
280.000000	0.001075433083	
300.000000	0.001097092344	
320.000000	0.001117299851	
340.000000	0.001137437127	
360.000000	0.001155560591	
380.000000	0.001172474923	
400.000000	0.001188595512	
420.000000	0.001204205965	
440.000000	0.001219606117	
460.000000	0.001235293080	
480.000000	0.001252749554	
495.760000	0.001311824751	
495.960000	0.001533189900	
496.160000	0.001750377982	
496.360000	0.002088298296	
496.560000	0.003629626075	
496.760000	0.003878931374	
496.960000	0.003713370159	
497.160000	0.003385491344	
497.360000	0.003106553641	
497.560000	0.002911635492	
497.760000	0.002715829342	
497.960000	0.002485940361	
498.160000	0.002194713806	
498.360000	0.001757513532	
498.560000	0.001457070443	
498.760000	0.001306973712	
518.760000	0.001215872470	
527.800000	0.001272321425	
528.000000	0.001274964433	
528.200000	0.001278149431	
528.400000	0.001282269642	
528.600000	0.001288333913	
528.800000	0.001300544045	
529.000000	0.001416487819	
529.200000	0.001672078003	
529.400000	0.002015814808	
529.600000	0.003573644806	
529.800000	0.003906609639	
530.000000	0.003756404679	
530.200000	0.003427028758	
530.400000	0.003110953152	
530.600000	0.002903184877	
530.800000	0.002715642010	
531.000000	0.002505473449	
531.200000	0.002243749416	
531.400000	0.001864873937	
531.600000	0.001519642213	
531.800000	0.001350714252	
532.000000	0.001249474757	
550.500000	0.001234057875	
550.700000	0.001235569890	
550.900000	0.001237092310	
551.100000	0.001238626513	
551.300000	0.001240174074	
551.500000	0.001241736797	
551.700000	0.001243316762	
551.900000	0.001244916389	
552.100000	0.001246538503	
552.300000	0.001248186439	
552.500000	0.001249864168	
552.700000	0.001251576462	
552.900000	0.001253329130	
553.100000	0.001255129334	
553.300000	0.001256986042	
553.500000	0.001258910682	
553.700000	0.001260918117	
553.900000	0.001263028162	
554.100000	0.001265268007	
554.300000	0.001267676337	
554.500000	0.001270310706	
554.700000	0.001273261873	
554.900000	0.001276684615	
555.100000	0.001280874208	
555.300000	0.001286502519	
555.500000	0.001295695444	
555.700000	0.001326738123	
555.900000	0.001575484525	
556.100000	0.001871601892	
556.300000	0.003108334853	
556.500000	0.003880697993	
556.700000	0.003815720813	
556.900000	0.003517290747	
557.100000	0.003170071372	
557.300000	0.002935379035	
557.500000	0.002748788642	
557.700000	0.002557247534	
557.900000	0.002327307485	
558.100000	0.002015627687	
558.300000	0.001632696423	
558.500000	0.001414618810	
558.700000	0.001293614730	
558.900000	0.001218404320	
559.100000	0.001177083684	
570.940000	0.001198153119	
571.140000	0.001199846333	
571.340000	0.001201542681	
571.540000	0.001203242219	
571.740000	0.001204945047	
571.940000	0.001206651304	
572.140000	0.001208361173	
572.340000	0.001210074886	
572.540000	0.001211792719	
572.740000	0.001213515004	
572.940000	0.001215242126	
573.140000	0.001216974532	
573.340000	0.001218712734	
573.540000	0.001220457318	
573.740000	0.001222208952	
573.940000	0.001223968393	
574.140000	0.001225736503	
574.340000	0.001227514261	
574.540000	0.001229302779	
574.740000	0.001231103326	
574.940000	0.001232917350	
575.140000	0.001234746512	
575.340000	0.001236592724	
575.540000	0.001238458200	
575.740000	0.001240345511	
575.940000	0.001242257675	
576.140000	0.001244198248	
576.340000	0.001246171466	
576.540000	0.001248182420	
576.740000	0.001250237298	
576.940000	0.001252343721	
577.140000	0.001254511212	
577.340000	0.001256751880	
577.540000	0.001259081435	
577.740000	0.001261520751	
577.940000	0.001264098378	
578.140000	0.001266854768	
578.340000	0.001269849834	
578.540000	0.001273177560	
578.740000	0.001276997222	
578.940000	0.001281610331	
579.140000	0.001287695701	
579.340000	0.001297362875	
579.540000	0.001327570157	
579.740000	0.001572489792	
579.940000	0.001890948620	
580.140000	0.003271882615	
580.340000	0.003874438461	
580.540000	0.003791764991	
580.740000	0.003488070238	
580.940000	0.003141239060	
581.140000	0.002906814255	
581.340000	0.002721358802	
581.540000	0.002534345613	
581.740000	0.002312134022	
581.940000	0.002013406035	
582.140000	0.001645316068	
582.340000	0.001424627234	
582.540000	0.001301985225	
582.740000	0.001224156918	
582.940000	0.001180324783	
583.140000	0.001156625554	
583.340000	0.001144006588	
590.500000	0.001166581355	
590.700000	0.001168314038	
590.900000	0.001170062872	
591.100000	0.001171826535	
591.300000	0.001173603835	
591.500000	0.001175393694	
591.700000	0.001177195150	
591.900000	0.001179007342	
592.100000	0.001180829504	
592.300000	0.001182660961	
592.500000	0.001184501125	
592.700000	0.001186349483	
592.900000	0.001188205600	
593.100000	0.001190069114	
593.300000	0.001191939728	
593.500000	0.001193817216	
593.700000	0.001195701413	
593.900000	0.001197592219	
594.100000	0.001199489600	
594.300000	0.001201393581	
594.500000	0.001203304254	
594.700000	0.001205221778	
594.900000	0.001207146379	
595.100000	0.001209078355	
595.300000	0.001211018082	
595.500000	0.001212966016	
595.700000	0.001214922702	
595.900000	0.001216888783	
596.100000	0.001218865009	
596.300000	0.001220852250	
596.500000	0.001222851511	
596.700000	0.001224863950	
596.900000	0.001226890902	
597.100000	0.001228933906	
597.300000	0.001230994739	
597.500000	0.001233075460	
597.700000	0.001235178463	
597.900000	0.001237306546	
598.100000	0.001239462998	
598.300000	0.001241651709	
598.500000	0.001243877327	
598.700000	0.001246145448	
598.900000	0.001248462890	
599.100000	0.001250838065	
599.300000	0.001253281509	
599.500000	0.001255806643	
599.700000	0.001258430928	
599.900000	0.001261177628	
600.100000	0.001264078686	
600.300000	0.001267179578	
600.500000	0.001270548111	
600.700000	0.001274291646	
600.900000	0.001278594684	
601.100000	0.001283814286	
601.300000	0.001290786723	
601.500000	0.001302355393	
601.700000	0.001353062085	
601.900000	0.001626066935	
602.100000	0.002035764316	
602.300000	0.003596842894	
602.500000	0.003878571543	
602.700000	0.003723794501	
602.900000	0.003394271128	
603.100000	0.003062783792	
603.300000	0.002844096852	
603.500000	0.002661808294	
603.700000	0.002473776450	
603.900000	0.002246723707	
604.100000	0.001937993998	
604.300000	0.001595898379	
604.500000	0.001402549470	
604.700000	0.001288736866	
604.900000	0.001216961835	
605.100000	0.001176422621	
605.300000	0.001154196758	
605.500000	0.001142188996	
605.700000	0.001135874479	
605.900000	0.001132735536	
606.100000	0.001131358439	
606.300000	0.001130945214	
606.500000	0.001131047531	
606.700000	0.001131418063	
606.900000	0.001131925437	
607.100000	0.001132504648	
607.300000	0.001133127869	
607.500000	0.001133787221	
607.700000	0.001134484698	
607.900000	0.001135226395	
608.100000	0.001136019323	
608.300000	0.001136869776	
608.500000	0.001137782602	
608.700000	0.001138760995	
608.900000	0.001139806556	
609.100000	0.001140919495	
609.300000	0.001142098885	
609.500000	0.001143342908	
609.700000	0.001144649096	
609.900000	0.001146014528	
610.100000	0.001147435998	
610.300000	0.001148910153	
610.500000	0.001150433593	
610.700000	0.001152002954	
610.900000	0.001153614965	
611.100000	0.001155266487	
611.300000	0.001156954544	
611.500000	0.001158676337	
611.700000	0.001160429250	
611.900000	0.001162210861	
612.100000	0.001164018931	
612.300000	0.001165851407	
612.500000	0.001167706408	
612.700000	0.001169582225	
612.900000	0.001171477306	
613.100000	0.001173390249	
613.300000	0.001175319795	
613.500000	0.001177264817	
613.700000	0.001179224315	
613.900000	0.001181197406	
614.100000	0.001183183318	
614.300000	0.001185181386	
614.500000	0.001187191045	
614.700000	0.001189211826	
614.900000	0.001191243352	
615.100000	0.001193285338	
615.300000	0.001195337585	
615.500000	0.001197399984	
615.700000	0.001199472512	
615.900000	0.001201555234	
616.100000	0.001203648306	
616.300000	0.001205751979	
616.500000	0.001207866599	
616.700000	0.001209992622	
616.900000	0.001212130611	
617.100000	0.001214281253	
617.300000	0.001216445371	
617.500000	0.001218623935	
617.700000	0.001220818082	
617.900000	0.001223029143	
618.100000	0.001225258666	
618.300000	0.001227508453	
618.500000	0.001229780602	
618.700000	0.001232077565	
618.900000	0.001234402216	
619.100000	0.001236757938	
619.300000	0.001239148739	
619.500000	0.001241579403	
619.700000	0.001244055691	
619.900000	0.001246584608	
620.100000	0.001249174780	
620.300000	0.001251836981	
620.500000	0.001254584888	
620.700000	0.001257436212	
620.900000	0.001260414437	
621.100000	0.001263551599	
621.300000	0.001266892965	
621.500000	0.001270505397	
621.700000	0.001274493512	
621.900000	0.001279034283	
622.100000	0.001284462632	
622.300000	0.001291535338	
622.500000	0.001302640866	
622.700000	0.001338689160	
622.900000	0.001594985454	
623.100000	0.001983009260	
623.300000	0.003520279785	
623.500000	0.003869853047	
623.700000	0.003740012500	
623.900000	0.003417087660	
624.100000	0.003073788575	
624.300000	0.002844677715	
624.500000	0.002660529787	
624.700000	0.002476471650	
624.900000	0.002259949470	
625.100000	0.001971444280	
625.300000	0.001632569180	
625.500000	0.001425237523	
625.700000	0.001305147560	
625.900000	0.001227570254	
626.100000	0.001182650160	
626.300000	0.001157551484	
626.500000	0.001143700470	
626.700000	0.001136216455	
626.900000	0.001132348225	
627.100000	0.001130529852	
627.300000	0.001129863384	
627.500000	0.001129834412	
627.700000	0.001130151893	
627.900000	0.001130655646	
628.100000	0.001131261867	
628.300000	0.001131930646	
628.500000	0.001132646508	
628.700000	0.001133406832	
628.900000	0.001134215043	
629.100000	0.001135076733	
629.300000	0.001135997554	
629.500000	0.001136982178	
629.700000	0.001138033883	
629.900000	0.001139154483	
630.100000	0.001140344449	
630.300000	0.001141603109	
630.500000	0.001142928878	
630.700000	0.001144319476	
630.900000	0.001145772127	
631.100000	0.001147283731	
631.300000	0.001148850997	
631.500000	0.001150470559	
631.700000	0.001152139060	
631.900000	0.001153853212	
632.100000	0.001155609849	
632.300000	0.001157405953	
632.500000	0.001159238679	
632.700000	0.001161105364	
632.900000	0.001163003534	
633.100000	0.001164930907	
633.300000	0.001166885384	
633.500000	0.001168865051	
633.700000	0.001170868169	
633.900000	0.001172893164	
634.100000	0.001174938625	
634.300000	0.001177003291	
634.500000	0.001179086045	
634.700000	0.001181185908	
634.900000	0.001183302032	
635.100000	0.001185433691	
635.300000	0.001187580282	
635.500000	0.001189741317	
635.700000	0.001191916419	
635.900000	0.001194105325	
636.100000	0.001196307879	
636.300000	0.001198524036	
636.500000	0.001200753863	
636.700000	0.001202997541	
636.900000	0.001205255372	
637.100000	0.001207527780	
637.300000	0.001209815326	
637.500000	0.001212118714	
637.700000	0.001214438805	
637.900000	0.001216776636	
638.100000	0.001219133439	
638.300000	0.001221510669	
638.500000	0.001223910034	
638.700000	0.001226333538	
638.900000	0.001228783529	
639.100000	0.001231262765	
639.300000	0.001233774494	
639.500000	0.001236322561	
639.700000	0.001238911540	
639.900000	0.001241546919	
640.100000	0.001244235337	
640.300000	0.001246984912	
640.500000	0.001249805701	
640.700000	0.001252710343	
640.900000	0.001255715012	
641.100000	0.001258840844	
641.300000	0.001262116173	
641.500000	0.001265580181	
641.700000	0.001269289196	
641.900000	0.001273328320	
642.100000	0.001277834868	
642.300000	0.001283051620	
642.500000	0.001289470744	
642.700000	0.001298349732	
642.900000	0.001315039736	
643.100000	0.001449557241	
643.300000	0.001752666333	
643.500000	0.002669778985	
643.700000	0.003798828131	
643.900000	0.003838084683	
644.100000	0.003580475778	
644.300000	0.003218171556	
644.500000	0.002930346524	
644.700000	0.002730057015	
644.900000	0.002549915965	
645.100000	0.002355478962	
645.300000	0.002113298112	
645.500000	0.001791384674	
645.700000	0.001516320461	
645.900000	0.001365346096	
646.100000	0.001267503754	
646.300000	0.001206367310	
646.500000	0.001171205740	
646.700000	0.001151305104	
646.900000	0.001140166598	
647.100000	0.001134077583	
647.300000	0.001130908743	
647.500000	0.001129425766	
647.700000	0.001128909226	
647.900000	0.001128941231	
648.100000	0.001129282525	
648.300000	0.001129800013	
648.500000	0.001130423295	
648.700000	0.001131118349	
648.900000	0.001131871573	
649.100000	0.001132680172	
649.300000	0.001133546468	
649.500000	0.001134474622	
649.700000	0.001135468850	
649.900000	0.001136532529	
650.100000	0.001137667843	
650.300000	0.001138875724	
650.500000	0.001140155953	
650.700000	0.001141507336	
650.900000	0.001142927902	
651.100000	0.001144415096	
651.300000	0.001145965953	
651.500000	0.001147577249	
651.700000	0.001149245620	
651.900000	0.001150967663	
652.100000	0.001152740009	
652.300000	0.001154559380	
652.500000	0.001156422631	
652.700000	0.001158326778	
652.900000	0.001160269014	
653.100000	0.001162246722	
653.300000	0.001164257477	
653.500000	0.001166299051	
653.700000	0.001168369402	
653.900000	0.001170466679	
654.100000	0.001172589206	
654.300000	0.001174735483	
654.500000	0.001176904172	
654.700000	0.001179094098	
654.900000	0.001181304233	
655.100000	0.001183533699	
655.300000	0.001185781754	
655.500000	0.001188047795	
655.700000	0.001190331352	
655.900000	0.001192632084	
656.100000	0.001194949781	
656.300000	0.001197284361	
656.500000	0.001199635875	
656.700000	0.001202004511	
656.900000	0.001204390595	
657.100000	0.001206794604	
657.300000	0.001209217171	
657.500000	0.001211659103	
657.700000	0.001214121393	
657.900000	0.001216605243	
658.100000	0.001219112090	
658.300000	0.001221643636	
658.500000	0.001224201893	
658.700000	0.001226789227	
658.900000	0.001229408426	
659.100000	0.001232062780	
659.300000	0.001234756185	
659.500000	0.001237493278	
659.700000	0.001240279614	
659.900000	0.001243121902	
660.100000	0.001246028326	
660.300000	0.001249008991	
660.500000	0.001252076545	
660.700000	0.001255247097	
660.900000	0.001258541570	
661.100000	0.001261987815	
661.300000	0.001265624014	
661.500000	0.001269504477	
661.700000	0.001273710167	
661.900000	0.001278369452	
662.100000	0.001283703919	
662.300000	0.001290146972	
662.500000	0.001298739357	
662.700000	0.001313283982	
662.900000	0.001396065247	
663.100000	0.001695101313	
663.300000	0.002405494242	
663.500000	0.003747598839	
663.700000	0.003857986164	
663.900000	0.003630636549	
664.100000	0.003270177113	
664.300000	0.002956198480	
664.500000	0.002745019635	
664.700000	0.002563347412	
664.900000	0.002374338115	
665.100000	0.002146276736	
665.300000	0.001844448998	
665.500000	0.001555518504	
665.700000	0.001391261103	
665.900000	0.001286501587	
666.100000	0.001218652530	
666.300000	0.001178769851	
666.500000	0.001155775746	
666.700000	0.001142608868	
666.900000	0.001135180474	
667.100000	0.001131123386	
667.300000	0.001129050896	
667.500000	0.001128143961	
667.700000	0.001127918581	
667.900000	0.001128091274	
668.100000	0.001128499287	
668.300000	0.001129052394	
668.500000	0.001129703414	
668.700000	0.001130430115	
668.900000	0.001131224136	
669.100000	0.001132084285	
669.300000	0.001133012575	
669.500000	0.001134011957	
669.700000	0.001135085111	
669.900000	0.001136233867	
670.100000	0.001137459007	
670.300000	0.001138760272	
670.500000	0.001140136478	
670.700000	0.001141585678	
670.900000	0.001143105336	
671.100000	0.001144692490	
671.300000	0.001146343899	
671.500000	0.001148056162	
671.700000	0.001149825821	
671.900000	0.001151649438	
672.100000	0.001153523657	
672.300000	0.001155445243	
672.500000	0.001157411121	
672.700000	0.001159418392	
672.900000	0.001161464346	
673.100000	0.001163546473	
673.300000	0.001165662459	
673.500000	0.001167810188	
673.700000	0.001169987738	
673.900000	0.001172193376	
674.100000	0.001174425550	
674.300000	0.001176682883	
674.500000	0.001178964169	
674.700000	0.001181268364	
674.900000	0.001183594582	
675.100000	0.001185942089	
675.300000	0.001188310301	
675.500000	0.001190698781	
675.700000	0.001193107238	
675.900000	0.001195535524	
676.100000	0.001197983642	
676.300000	0.001200451743	
676.500000	0.001202940138	
676.700000	0.001205449301	
676.900000	0.001207979880	
677.100000	0.001210532714	
677.300000	0.001213108849	
677.500000	0.001215709560	
677.700000	0.001218336378	
677.900000	0.001220991127	
678.100000	0.001223675968	
678.300000	0.001226393450	
678.500000	0.001229146583	
678.700000	0.001231938928	
678.900000	0.001234774704	
679.100000	0.001237658943	
679.300000	0.001240597682	
679.500000	0.001243598221	
679.700000	0.001246669479	
679.900000	0.001249822484	
680.100000	0.001253071069	
680.300000	0.001256432885	
680.500000	0.001259930921	
680.700000	0.001263595878	
680.900000	0.001267470024	
681.100000	0.001271613818	
681.300000	0.001276118076	
681.500000	0.001281128373	
681.700000	0.001286900120	
681.900000	0.001293946366	
682.100000	0.001303562587	
682.300000	0.001321156356	
682.500000	0.001454758562	
682.700000	0.001776982077	
682.900000	0.002885382876	
683.100000	0.003820351589	
683.300000	0.003833186756	
683.500000	0.003557352084	
683.700000	0.003183758399	
683.900000	0.002893519325	
684.100000	0.002690249133	
684.300000	0.002508758710	
684.500000	0.002314847635	
684.700000	0.002076515152	
684.900000	0.001769260426	
685.100000	0.001514478828	
685.300000	0.001369616065	
685.500000	0.001273039088	
685.700000	0.001211477780	
685.900000	0.001175078898	
686.100000	0.001153778043	
686.300000	0.001141360222	
686.500000	0.001134204642	
686.700000	0.001130189402	
686.900000	0.001128054981	
687.100000	0.001127047580	
687.300000	0.001126715757	
687.500000	0.001126791269	
687.700000	0.001127117507	
687.900000	0.001127605731	
688.100000	0.001128208008	
688.300000	0.001128900409	
688.500000	0.001129672613	
688.700000	0.001130521544	
688.900000	0.001131447549	
689.100000	0.001132452183	
689.300000	0.001133536990	
689.500000	0.001134702897	
689.700000	0.001135949981	
689.900000	0.001137277431	
690.100000	0.001138683640	
690.300000	0.001140166333	
690.500000	0.001141722719	
690.700000	0.001143349637	
690.900000	0.001145043686	
691.100000	0.001146801339	
691.300000	0.001148619031	
691.500000	0.001150493235	
691.700000	0.001152420520	
691.900000	0.001154397587	
692.100000	0.001156421303	
692.300000	0.001158488719	
692.500000	0.001160597083	
692.700000	0.001162743847	
692.900000	0.001164926666	
693.100000	0.001167143400	
693.300000	0.001169392107	
693.500000	0.001171671041	
693.700000	0.001173978645	
693.900000	0.001176313543	
694.100000	0.001178674536	
694.300000	0.001181060596	
694.500000	0.001183470862	
694.700000	0.001185904634	
694.900000	0.001188361371	
695.100000	0.001190840689	
695.300000	0.001193342362	
695.500000	0.001195866321	
695.700000	0.001198412661	
695.900000	0.001200981641	
696.100000	0.001203573697	
696.300000	0.001206189448	
696.500000	0.001208829714	
696.700000	0.001211495528	
696.900000	0.001214188164	
697.100000	0.001216909159	
697.300000	0.001219660352	
697.500000	0.001222443925	
697.700000	0.001225262460	
697.900000	0.001228119003	
698.100000	0.001231017157	
698.300000	0.001233961189	
698.500000	0.001236956180	
698.700000	0.001240008209	
698.900000	0.001243124612	
699.100000	0.001246314320	
699.300000	0.001249588333	
699.500000	0.001252960384	
699.700000	0.001256447900	
699.900000	0.001260073431	
700.100000	0.001263866856	
700.300000	0.001267868923	
700.500000	0.001272137251	
700.700000	0.001276757128	
700.900000	0.001281862677	
701.100000	0.001287683104	
701.300000	0.001294661003	
701.500000	0.001303840086	
701.700000	0.001318909055	
701.900000	0.001394898879	
702.100000	0.001702895729	
702.300000	0.002513075171	
702.500000	0.003770545605	
702.700000	0.003866624723	
702.900000	0.003626861980	
703.100000	0.003254251000	
703.300000	0.002931770864	
703.500000	0.002715024104	
703.700000	0.002530931639	
703.900000	0.002341811852	
704.100000	0.002116872381	
704.300000	0.001825799284	
704.500000	0.001554460015	
704.700000	0.001395979848	
704.900000	0.001292082972	
705.100000	0.001223845779	
705.300000	0.001182795439	
705.500000	0.001158409513	
705.700000	0.001143920547	
705.900000	0.001135350227	
706.100000	0.001130353734	
706.300000	0.001127529404	
706.500000	0.001126030293	
706.700000	0.001125342633	
706.900000	0.001125155928	
707.100000	0.001125284734	
707.300000	0.001125620602	
707.500000	0.001126102161	
707.700000	0.001126696368	
707.900000	0.001127386773	
708.100000	0.001128166218	
708.300000	0.001129032362	
708.500000	0.001129985016	
708.700000	0.001131024598	
708.900000	0.001132151322	
709.100000	0.001133364802	
709.300000	0.001134663928	
709.500000	0.001136046880	
709.700000	0.001137511223	
709.900000	0.001139054027	
710.100000	0.001140671998	
710.300000	0.001142361603	
710.500000	0.001144119176	
710.700000	0.001145941010	
710.900000	0.001147823428	
711.100000	0.001149762844	
711.300000	0.001151755807	
711.500000	0.001153799027	
711.700000	0.001155889403	
711.900000	0.001158024035	
712.100000	0.001160200229	
712.300000	0.001162415503	
712.500000	0.001164667585	
712.700000	0.001166954409	
712.900000	0.001169274113	
713.100000	0.001171625031	
713.300000	0.001174005687	
713.500000	0.001176414790	
713.700000	0.001178851229	
713.900000	0.001181314064	
714.100000	0.001183802528	
714.300000	0.001186316019	
714.500000	0.001188854097	
714.700000	0.001191416489	
714.900000	0.001194003087	
715.100000	0.001196613949	
715.300000	0.001199249307	
715.500000	0.001201909573	
715.700000	0.001204595350	
715.900000	0.001207307444	
716.100000	0.001210046880	
716.300000	0.001212814928	
716.500000	0.001215613125	
716.700000	0.001218443311	
716.900000	0.001221307671	
717.100000	0.001224208790	
717.300000	0.001227149715	
717.500000	0.001230134042	
717.700000	0.001233166025	
717.900000	0.001236250711	
718.100000	0.001239394124	
718.300000	0.001242603502	
718.500000	0.001245887621	
718.700000	0.001249257228	
718.900000	0.001252725666	
719.100000	0.001256309739	
719.300000	0.001260031014	
719.500000	0.001263917782	
719.700000	0.001268008163	
719.900000	0.001272355261	
720.100000	0.001277036237	
720.300000	0.001282169510	
720.500000	0.001287950824	
720.700000	0.001294740084	
720.900000	0.001303319455	
721.100000	0.001316005722	
721.300000	0.001349405697	
721.500000	0.001603499293	
721.700000	0.002118225326	
721.900000	0.003642241303	
722.100000	0.003894192056	
722.300000	0.003726976979	
722.500000	0.003371169517	
722.700000	0.003007116116	
722.900000	0.002764091257	
723.100000	0.002572919670	
723.300000	0.002387768657	
723.500000	0.002177537843	
723.700000	0.001909477213	
723.900000	0.001620022513	
724.100000	0.001436589345	
724.300000	0.001321286488	
724.500000	0.001242910096	
724.700000	0.001194661903	
724.900000	0.001165620052	
725.100000	0.001148087869	
725.300000	0.001137483257	
725.500000	0.001131097209	
725.700000	0.001127304592	
725.900000	0.001125117191	
726.100000	0.001123929598	
726.300000	0.001123370765	
726.500000	0.001123214780	
726.700000	0.001123325996	
726.900000	0.001123624738	
727.100000	0.001124065678	
727.300000	0.001124624160	
727.500000	0.001125287588	
727.700000	0.001126050047	
727.900000	0.001126909017	
728.100000	0.001127863415	
728.300000	0.001128912481	
728.500000	0.001130055197	
728.700000	0.001131290027	
728.900000	0.001132614847	
729.100000	0.001134026985	
729.300000	0.001135523306	
729.500000	0.001137100324	
729.700000	0.001138754312	
729.900000	0.001140481409	
730.100000	0.001142277704	
730.300000	0.001144139313	
730.500000	0.001146062437	
730.700000	0.001148043410	
730.900000	0.001150078730	
731.100000	0.001152165085	
731.300000	0.001154299365	
731.500000	0.001156478676	
731.700000	0.001158700340	
731.900000	0.001160961895	
732.100000	0.001163261098	
732.300000	0.001165595911	
732.500000	0.001167964505	
732.700000	0.001170365247	
732.900000	0.001172796697	
733.100000	0.001175257600	
733.300000	0.001177746882	
733.500000	0.001180263641	
733.700000	0.001182807151	
733.900000	0.001185376850	
734.100000	0.001187972343	
734.300000	0.001190593403	
734.500000	0.001193239969	
734.700000	0.001195912154	
734.900000	0.001198610244	
735.100000	0.001201334713	
735.300000	0.001204086229	
735.500000	0.001206865669	
735.700000	0.001209674137	
735.900000	0.001212512988	
736.100000	0.001215383854	
736.300000	0.001218288679	
736.500000	0.001221229764	
736.700000	0.001224209820	
736.900000	0.001227232039	
737.100000	0.001230300176	
737.300000	0.001233418663	
737.500000	0.001236592748	
737.700000	0.001239828681	
737.900000	0.001243133956	
738.100000	0.001246517635	
738.300000	0.001249990796	
738.500000	0.001253567147	
738.700000	0.001257263911	
738.900000	0.001261103113	
739.100000	0.001265113542	
739.300000	0.001269333826	
739.500000	0.001273817505	
739.700000	0.001278641910	
739.900000	0.001283924845	
740.100000	0.001289859188	
740.300000	0.001296794971	
740.500000	0.001305477960	
740.700000	0.001318036486	
740.900000	0.001347880109	
741.100000	0.001588510675	
741.300000	0.002094211568	
741.500000	0.003635544447	
741.700000	0.003908811447	
741.900000	0.003749449748	
742.100000	0.003391878763	
742.300000	0.003016192354	
742.500000	0.002763976422	
742.700000	0.002569340876	
742.900000	0.002383623724	
743.100000	0.002175105223	
743.300000	0.001911886529	
743.500000	0.001627171225	
743.700000	0.001444172834	
743.900000	0.001328648023	
744.100000	0.001248760884	
744.300000	0.001198847994	
744.500000	0.001168411257	
744.700000	0.001149745908	
744.900000	0.001138223876	
745.100000	0.001131093975	
745.300000	0.001126696118	
745.500000	0.001124013646	
745.700000	0.001122418222	
745.900000	0.001121520485	
746.100000	0.001121080038	
746.300000	0.001120949878	
746.500000	0.001121041500	
746.700000	0.001121302756	
746.900000	0.001121703755	
747.100000	0.001122227891	
747.300000	0.001122866192	
747.500000	0.001123613802	
747.700000	0.001124467844	
747.900000	0.001125426179	
748.100000	0.001126486709	
748.300000	0.001127647045	
748.500000	0.001128904377	
748.700000	0.001130255465	
748.900000	0.001131696697	
749.100000	0.001133224174	
749.300000	0.001134833807	
749.500000	0.001136521407	
749.700000	0.001138282763	
749.900000	0.001140113715	
750.100000	0.001142010206	
750.300000	0.001143968326	
750.500000	0.001145984343	
750.700000	0.001148054726	
750.900000	0.001150176160	
751.100000	0.001152345554	
751.300000	0.001154560040	
751.500000	0.001156816982	
751.700000	0.001159113962	
751.900000	0.001161448782	
752.100000	0.001163819457	
752.300000	0.001166224204	
752.500000	0.001168661438	
752.700000	0.001171129766	
752.900000	0.001173627978	
753.100000	0.001176155040	
753.300000	0.001178710093	
753.500000	0.001181292446	
753.700000	0.001183901574	
753.900000	0.001186537117	
754.100000	0.001189198877	
754.300000	0.001191886826	
754.500000	0.001194601100	
754.700000	0.001197342014	
754.900000	0.001200110064	
755.100000	0.001202905938	
755.300000	0.001205730532	
755.500000	0.001208584966	
755.700000	0.001211470603	
755.900000	0.001214389080	
756.100000	0.001217342341	
756.300000	0.001220332676	
756.500000	0.001223362772	
756.700000	0.001226435783	
756.900000	0.001229555406	
757.100000	0.001232725985	
757.300000	0.001235952640	
757.500000	0.001239241443	
757.700000	0.001242599632	
757.900000	0.001246035909	
758.100000	0.001249560838	
758.300000	0.001253187394	
758.500000	0.001256931729	
758.700000	0.001260814291	
758.900000	0.001264861479	
759.100000	0.001269108197	
759.300000	0.001273601971	
759.500000	0.001278409922	
759.700000	0.001283631400	
759.900000	0.001289422886	
760.100000	0.001296053085	
760.300000	0.001304046794	
760.500000	0.001314675642	
760.700000	0.001332825475	
760.900000	0.001450252249	
761.100000	0.001807381026	
761.300000	0.003152507660	
761.500000	0.003882393377	
761.700000	0.003867690179	
761.900000	0.003567458083	
762.100000	0.003166786853	
762.300000	0.002855201039	
762.500000	0.002640217684	
762.700000	0.002453386906	
762.900000	0.002257524466	
763.100000	0.002021446927	
763.300000	0.001733725068	
763.500000	0.001509152304	
763.700000	0.001374917614	
763.900000	0.001281010732	
764.100000	0.001219373682	
764.300000	0.001181280832	
764.500000	0.001157681124	
764.700000	0.001142898619	
764.900000	0.001133551072	
765.100000	0.001127601959	
765.300000	0.001123804015	
765.500000	0.001121383408	
765.700000	0.001119856737	
765.900000	0.001118921754	
766.100000	0.001118390292	
766.300000	0.001118146258	
766.500000	0.001118118945	
766.700000	0.001118265953	
766.900000	0.001118562251	
767.100000	0.001118993183	
767.300000	0.001119550056	
767.500000	0.001120227388	
767.700000	0.001121021246	
767.900000	0.001121928279	
768.100000	0.001122945183	
768.300000	0.001124068450	
768.500000	0.001125294278	
768.700000	0.001126618574	
768.900000	0.001128037004	
769.100000	0.001129545072	
769.300000	0.001131138195	
769.500000	0.001132811781	
769.700000	0.001134561293	
769.900000	0.001136382304	
770.100000	0.001138270540	
770.300000	0.001140221914	
770.500000	0.001142232549	
770.700000	0.001144298791	
770.900000	0.001146417222	
771.100000	0.001148584662	
771.300000	0.001150798167	
771.500000	0.001153055028	
771.700000	0.001155352766	
771.900000	0.001157689122	
772.100000	0.001160062051	
772.300000	0.001162469716	
772.500000	0.001164910476	
772.700000	0.001167382881	
772.900000	0.001169885661	
773.100000	0.001172417724	
773.300000	0.001174978147	
773.500000	0.001177566173	
773.700000	0.001180181206	
773.900000	0.001182822806	
774.100000	0.001185490695	
774.300000	0.001188184751	
774.500000	0.001190905011	
774.700000	0.001193651676	
774.900000	0.001196425117	
775.100000	0.001199225880	
775.300000	0.001202054701	
775.500000	0.001204912512	
775.700000	0.001207800468	
775.900000	0.001210719958	
776.100000	0.001213672636	
776.300000	0.001216660455	
776.500000	0.001219685699	
776.700000	0.001222751041	
776.900000	0.001225859595	
777.100000	0.001229014999	
777.300000	0.001232221505	
777.500000	0.001235484103	
777.700000	0.001238808673	
777.900000	0.001242202192	
778.100000	0.001245672991	
778.300000	0.001249231118	
778.500000	0.001252888814	
778.700000	0.001256661187	
778.900000	0.001260567167	
779.100000	0.001264630904	
779.300000	0.001268883879	
779.500000	0.001273368225	
779.700000	0.001278142202	
779.900000	0.001283289754	
780.100000	0.001288938492	
780.300000	0.001295297040	
780.500000	0.001302743967	
780.700000	0.001312088508	
780.900000	0.001325672445	
781.100000	0.001359487894	
781.300000	0.001622797936	
781.500000	0.002260000490	
781.700000	0.003742753363	
781.900000	0.003943435750	
782.100000	0.003745311318	
782.300000	0.003364221561	
782.500000	0.002981491758	
782.700000	0.002727760391	
782.900000	0.002530840004	
783.100000	0.002341584800	
783.300000	0.002127424013	
783.500000	0.001859170315	
783.700000	0.001593552534	
783.900000	0.001428936369	
784.100000	0.001319962872	
784.300000	0.001244546938	
784.500000	0.001197069775	
784.700000	0.001167467361	
784.900000	0.001148764718	
785.100000	0.001136775049	
785.300000	0.001128987905	
785.500000	0.001123871080	
785.700000	0.001120474073	
785.900000	0.001118200934	
786.100000	0.001116676218	
786.300000	0.001115663467	
786.500000	0.001115014423	
786.700000	0.001114636828	
786.900000	0.001114473798	
787.100000	0.001114490539	
787.300000	0.001114665804	
787.500000	0.001114986429	
787.700000	0.001115443879	
787.900000	0.001116032106	
788.100000	0.001116746255	
788.300000	0.001117581921	
788.500000	0.001118534748	
788.700000	0.001119600246	
788.900000	0.001120773730	
789.100000	0.001122050338	
789.300000	0.001123425078	
789.500000	0.001124892896	
789.700000	0.001126448740	
789.900000	0.001128087627	
790.100000	0.001129804692	
790.300000	0.001131595233	
790.500000	0.001133454747	
790.700000	0.001135378948	
790.900000	0.001137363791	
791.100000	0.001139405477	
791.300000	0.001141500456	
791.500000	0.001143645433	
791.700000	0.001145837357	
791.900000	0.001148073419	
792.100000	0.001150351047	
792.300000	0.001152667890	
792.500000	0.001155021815	
792.700000	0.001157410897	
792.900000	0.001159833405	
793.100000	0.001162287800	
793.300000	0.001164772719	
793.500000	0.001167286973	
793.700000	0.001169829540	
793.900000	0.001172399554	
794.100000	0.001174996307	
794.300000	0.001177619239	
794.500000	0.001180267940	
794.700000	0.001182942145	
794.900000	0.001185641738	
795.100000	0.001188366748	
795.300000	0.001191117358	
795.500000	0.001193893902	
795.700000	0.001196696880	
795.900000	0.001199526962	
796.100000	0.001202384996	
796.300000	0.001205272030	
796.500000	0.001208189324	
796.700000	0.001211138370	
796.900000	0.001214120924	
797.100000	0.001217139034	
797.300000	0.001220195080	
797.500000	0.001223291823	
797.700000	0.001226432466	
797.900000	0.001229620727	
798.100000	0.001232860933	
798.300000	0.001236158139	
798.500000	0.001239518278	
798.700000	0.001242948354	
798.900000	0.001246456703	
799.100000	0.001250053323	
799.300000	0.001253750341	
799.500000	0.001257562641	
799.700000	0.001261508763	
799.900000	0.001265612192	
800.100000	0.001269903303	
800.300000	0.001274422367	
800.500000	0.001279224438	
800.700000	0.001284387719	
800.900000	0.001290028955	
801.100000	0.001296334401	
801.300000	0.001303630424	
801.500000	0.001312577050	
801.700000	0.001324889966	
801.900000	0.001348719850	
802.100000	0.001543194973	
802.300000	0.002019901569	
802.500000	0.003620249752	
802.700000	0.003965495614	
802.900000	0.003832565913	
803.100000	0.003472724143	
803.300000	0.003061039071	
803.500000	0.002774892387	
803.700000	0.002566901973	
803.900000	0.002377315958	
804.100000	0.002170364324	
804.300000	0.001915093958	
804.500000	0.001640030637	
804.700000	0.001458975746	
804.900000	0.001343120194	
805.100000	0.001260641874	
805.300000	0.001207615091	
805.500000	0.001174271548	
805.700000	0.001152999104	
805.900000	0.001139172437	
806.100000	0.001130019804	
806.300000	0.001123851689	
806.500000	0.001119619481	
806.700000	0.001116663845	
806.900000	0.001114567170	
807.100000	0.001113064308	
807.300000	0.001111987121	
807.500000	0.001111229380	
807.700000	0.001110724252	
807.900000	0.001110429769	
808.100000	0.001110319449	
808.300000	0.001110376245	
808.500000	0.001110588696	
808.700000	0.001110948502	
808.900000	0.001111449037	
809.100000	0.001112084469	
809.300000	0.001112849262	
809.500000	0.001113737923	
809.700000	0.001114744897	
809.900000	0.001115864549	
810.100000	0.001117091192	
810.300000	0.001118419131	
810.500000	0.001119842726	
810.700000	0.001121356441	
810.900000	0.001122954897	
811.100000	0.001124632903	
811.300000	0.001126385497	
811.500000	0.001128207959	
811.700000	0.001130095829	
811.900000	0.001132044918	
812.100000	0.001134051305	
812.300000	0.001136111339	
812.500000	0.001138221632	
812.700000	0.001140379055	
812.900000	0.001142580724	
813.100000	0.001144823996	
813.300000	0.001147106452	
813.500000	0.001149425890	
813.700000	0.001151780315	
813.900000	0.001154167924	
814.100000	0.001156587100	
814.300000	0.001159036400	
814.500000	0.001161514550	
814.700000	0.001164020432	
814.900000	0.001166553083	
815.100000	0.001169111684	
815.300000	0.001171695556	
815.500000	0.001174304160	
815.700000	0.001176937089	
815.900000	0.001179594069	
816.100000	0.001182274957	
816.300000	0.001184979743	
816.500000	0.001187708549	
816.700000	0.001190461635	
816.900000	0.001193239405	
817.100000	0.001196042406	
817.300000	0.001198871345	
817.500000	0.001201727096	
817.700000	0.001204610711	
817.900000	0.001207523438	
818.100000	0.001210466742	
818.300000	0.001213442325	
818.500000	0.001216452159	
818.700000	0.001219498516	
818.900000	0.001222584016	
819.100000	0.001225711675	
819.300000	0.001228884973	
819.500000	0.001232107931	
819.700000	0.001235385210	
819.900000	0.001238722244	
820.100000	0.001242125392	
820.300000	0.001245602153	
820.500000	0.001249161434	
820.700000	0.001252813918	
820.900000	0.001256572547	
821.100000	0.001260453207	
821.300000	0.001264475683	
821.500000	0.001268665055	
821.700000	0.001273053781	
821.900000	0.001277684955	
822.100000	0.001282617598	
822.300000	0.001287935791	
822.500000	0.001293765575	
822.700000	0.001300309311	
822.900000	0.001307925223	
823.100000	0.001317350903	
823.300000	0.001330578227	
823.500000	0.001358431982	
823.700000	0.001591787927	
823.900000	0.002190744835	
824.100000	0.003749808185	
824.300000	0.003992358085	
824.500000	0.003809721369	
824.700000	0.003424238986	
824.900000	0.003013266077	
825.100000	0.002737473965	
825.300000	0.002531944287	
825.500000	0.002339922384	
825.700000	0.002126070555	
825.900000	0.001861793456	
826.100000	0.001601147300	
826.300000	0.001438649715	
826.500000	0.001330243017	
826.700000	0.001253035412	
826.900000	0.001203433701	
827.100000	0.001171883601	
827.300000	0.001151428460	
827.500000	0.001137863409	
827.700000	0.001128659903	
827.900000	0.001122268955	
828.100000	0.001117724242	
828.300000	0.001114415043	
828.500000	0.001111952411	
828.700000	0.001110087803	
828.900000	0.001108662315	
829.100000	0.001107574431	
829.300000	0.001106759277	
829.500000	0.001106175201	
829.700000	0.001105795084	
829.900000	0.001105600740	
830.100000	0.001105579324	
830.300000	0.001105721084	
830.500000	0.001106017964	
830.700000	0.001106462779	
830.900000	0.001107048742	
831.100000	0.001107769222	
831.300000	0.001108617638	
831.500000	0.001109587434	
831.700000	0.001110672095	
831.900000	0.001111865190	
832.100000	0.001113160415	
832.300000	0.001114551638	
832.500000	0.001116032941	
832.700000	0.001117598648	
832.900000	0.001119243350	
833.100000	0.001120961923	
833.300000	0.001122749534	
833.500000	0.001124601648	
833.700000	0.001126514024	
833.900000	0.001128482712	
834.100000	0.001130504044	
834.300000	0.001132574624	
834.500000	0.001134691319	
834.700000	0.001136851244	
834.900000	0.001139051750	
835.100000	0.001141290415	
835.300000	0.001143565025	
835.500000	0.001145873567	
835.700000	0.001148214217	
835.900000	0.001150585326	
836.100000	0.001152985413	
836.300000	0.001155413156	
836.500000	0.001157867380	
836.700000	0.001160347055	
836.900000	0.001162851282	
837.100000	0.001165379296	
837.300000	0.001167930452	
837.500000	0.001170504230	
837.700000	0.001173100223	
837.900000	0.001175718142	
838.100000	0.001178357811	
838.300000	0.001181019167	
838.500000	0.001183702262	
838.700000	0.001186407264	
838.900000	0.001189134459	
839.100000	0.001191884257	
839.300000	0.001194657197	
839.500000	0.001197453952	
839.700000	0.001200275343	
839.900000	0.001203122342	
840.100000	0.001205996094	
840.300000	0.001208897927	
840.500000	0.001211829371	
840.700000	0.001214792185	
840.900000	0.001217788384	
841.100000	0.001220820269	
841.300000	0.001223890469	
841.500000	0.001227001995	
841.700000	0.001230158294	
841.900000	0.001233363325	
842.100000	0.001236621657	
842.300000	0.001239938578	
842.500000	0.001243320244	
842.700000	0.001246773872	
842.900000	0.001250307979	
843.100000	0.001253932706	
843.300000	0.001257660253	
843.500000	0.001261505464	
843.700000	0.001265486651	
843.900000	0.001269626771	
844.100000	0.001273955154	
844.300000	0.001278510138	
844.500000	0.001283343256	
844.700000	0.001288526208	
844.900000	0.001294163266	
845.100000	0.001300415153	
845.300000	0.001307550343	
845.500000	0.001316073760	
845.700000	0.001327139489	
845.900000	0.001344673479	
846.100000	0.001427609165	
846.300000	0.001804064153	
846.500000	0.003258046930	
846.700000	0.003976097414	
846.900000	0.003961408112	
847.100000	0.003648574424	
847.300000	0.003214320074	
847.500000	0.002859291356	
847.700000	0.002623867212	
847.900000	0.002428028970	
848.100000	0.002226721362	
848.300000	0.001987160869	
848.500000	0.001708792203	
848.700000	0.001503799762	
848.900000	0.001377864520	
849.100000	0.001286402362	
849.300000	0.001225146965	
849.500000	0.001186037966	
849.700000	0.001160673615	
849.900000	0.001143797482	
850.100000	0.001132263555	
850.300000	0.001124161859	
850.500000	0.001118309132	
850.700000	0.001113960351	
850.900000	0.001110641361	
851.100000	0.001108048542	
851.300000	0.001105986898	
851.500000	0.001104330999	
851.700000	0.001102999980	
851.900000	0.001101941389	
852.100000	0.001101120721	
852.300000	0.001100514647	
852.500000	0.001100106663	
852.700000	0.001099884328	
852.900000	0.001099837530	
853.100000	0.001099957446	
853.300000	0.001100235922	
853.500000	0.001100665141	
853.700000	0.001101237456	
853.900000	0.001101945329	
854.100000	0.001102781326	
854.300000	0.001103738145	
854.500000	0.001104808653	
854.700000	0.001105985928	
854.900000	0.001107263293	
855.100000	0.001108634352	
855.300000	0.001110093007	
855.500000	0.001111633477	
855.700000	0.001113250307	
855.900000	0.001114938369	
856.100000	0.001116692862	
856.300000	0.001118509303	
856.500000	0.001120383520	
856.700000	0.001122311640	
856.900000	0.001124290076	
857.100000	0.001126315513	
857.300000	0.001128384895	
857.500000	0.001130495408	
857.700000	0.001132644468	
857.900000	0.001134829704	
858.100000	0.001137048949	
858.300000	0.001139300224	
858.500000	0.001141581726	
858.700000	0.001143891818	
858.900000	0.001146229020	
859.100000	0.001148591995	
859.300000	0.001150979546	
859.500000	0.001153390604	
859.700000	0.001155824221	
859.900000	0.001158279568	
860.100000	0.001160755924	
860.300000	0.001163252675	
860.500000	0.001165769311	
860.700000	0.001168305417	
860.900000	0.001170860677	
861.100000	0.001173434870	
861.300000	0.001176027867	
861.500000	0.001178639633	
861.700000	0.001181270226	
861.900000	0.001183919802	
862.100000	0.001186588611	
862.300000	0.001189277006	
862.500000	0.001191985442	
862.700000	0.001194714486	
862.900000	0.001197464821	
863.100000	0.001200237251	
863.300000	0.001203032718	
863.500000	0.001205852306	
863.700000	0.001208697257	
863.900000	0.001211568989	
864.100000	0.001214469112	
864.300000	0.001217399452	
864.500000	0.001220362080	
864.700000	0.001223359339	
864.900000	0.001226393890	
865.100000	0.001229468752	
865.300000	0.001232587367	
865.500000	0.001235753662	
865.700000	0.001238972143	
865.900000	0.001242247999	
866.100000	0.001245587239	
866.300000	0.001248996865	
866.500000	0.001252485096	
866.700000	0.001256061659	
866.900000	0.001259738175	
867.100000	0.001263528684	
867.300000	0.001267450361	
867.500000	0.001271524538	
867.700000	0.001275778173	
867.900000	0.001280246050	
868.100000	0.001284974203	
868.300000	0.001290025468	
868.500000	0.001295489031	
868.700000	0.001301498042	
868.900000	0.001308265332	
869.100000	0.001316165852	
869.300000	0.001325967855	
869.500000	0.001339738496	
869.700000	0.001368835313	
869.900000	0.001616336587	
870.100000	0.002330304032	
870.300000	0.003849938633	
870.500000	0.004047271288	
870.700000	0.003835839217	
870.900000	0.003426954827	
871.100000	0.003000326615	
871.300000	0.002717744425	
871.500000	0.002508118301	
871.700000	0.002311236513	
871.900000	0.002090018992	
872.100000	0.001819815749	
872.300000	0.001575325773	
872.500000	0.001426878298	
872.700000	0.001323761634	
872.900000	0.001250290688	
873.100000	0.001202772804	
873.300000	0.001171956928	
873.500000	0.001151427441	
873.700000	0.001137328914	
873.900000	0.001127340465	
874.100000	0.001120036319	
874.300000	0.001114523965	
874.500000	0.001110237084	
874.700000	0.001106813221	
874.900000	0.001104019205	
875.100000	0.001101704516	
875.300000	0.001099771606	
875.500000	0.001098156786	
875.700000	0.001096817866	
875.900000	0.001095726150	
876.100000	0.001094861277	
876.300000	0.001094207930	
876.500000	0.001093753764	
876.700000	0.001093488138	
876.900000	0.001093401352	
877.100000	0.001093484222	
877.300000	0.001093727861	
877.500000	0.001094123579	
877.700000	0.001094662860	
877.900000	0.001095337372	
878.100000	0.001096139008	
878.300000	0.001097059911	
878.500000	0.001098092521	
878.700000	0.001099229597	
878.900000	0.001100464241	
879.100000	0.001101789914	
879.300000	0.001103200443	
879.500000	0.001104690022	
879.700000	0.001106253209	
879.900000	0.001107884918	
880.100000	0.001109580410	
880.300000	0.001111335275	
880.500000	0.001113145422	
880.700000	0.001115007059	
880.900000	0.001116916682	
881.100000	0.001118871050	
881.300000	0.001120867176	
881.500000	0.001122902308	
881.700000	0.001124973915	
881.900000	0.001127079667	
882.100000	0.001129217429	
882.300000	0.001131385242	
882.500000	0.001133581315	
882.700000	0.001135804008	
882.900000	0.001138051829	
883.100000	0.001140323418	
883.300000	0.001142617540	
883.500000	0.001144933080	
883.700000	0.001147269033	
883.900000	0.001149624496	
884.100000	0.001151998667	
884.300000	0.001154390834	
884.500000	0.001156800376	
884.700000	0.001159226755	
884.900000	0.001161669516	
885.100000	0.001164128281	
885.300000	0.001166602747	
885.500000	0.001169092689	
885.700000	0.001171597951	
885.900000	0.001174118454	
886.100000	0.001176654189	
886.300000	0.001179205219	
886.500000	0.001181771682	
886.700000	0.001184353792	
886.900000	0.001186951840	
887.100000	0.001189566196	
887.300000	0.001192197316	
887.500000	0.001194845743	
887.700000	0.001197512114	
887.900000	0.001200197166	
888.100000	0.001202901743	
888.300000	0.001205626805	
888.500000	0.001208373439	
888.700000	0.001211142871	
888.900000	0.001213936477	
889.100000	0.001216755807	
889.300000	0.001219602597	
889.500000	0.001222478796	
889.700000	0.001225386593	
889.900000	0.001228328450	
890.100000	0.001231307142	
890.300000	0.001234325802	
890.500000	0.001237387981	
890.700000	0.001240497717	
890.900000	0.001243659621	
891.100000	0.001246878986	
891.300000	0.001250161918	
891.500000	0.001253515510	
891.700000	0.001256948061	
891.900000	0.001260469357	
892.100000	0.001264091055	
892.300000	0.001267827181	
892.500000	0.001271694833	
892.700000	0.001275715149	
892.900000	0.001279914716	
893.100000	0.001284327644	
893.300000	0.001288998777	
893.500000	0.001293988834	
893.700000	0.001299383143	
893.900000	0.001305307479	
894.100000	0.001311959481	
894.300000	0.001319678991	
894.500000	0.001329136376	
894.700000	0.001342011010	
894.900000	0.001365689058	
895.100000	0.001556786282	
895.300000	0.002120045383	
895.500000	0.003787133597	
895.700000	0.004084510710	
895.900000	0.003918074402	
896.100000	0.003522808566	
896.300000	0.003070890396	
896.500000	0.002758207698	
896.700000	0.002537705082	
896.900000	0.002339023880	
897.100000	0.002121123874	
897.300000	0.001855366885	
897.500000	0.001600608816	
897.700000	0.001443300161	
897.900000	0.001336170057	
898.100000	0.001259047433	
898.300000	0.001208894262	
898.500000	0.001176240279	
898.700000	0.001154337074	
898.900000	0.001139136757	
899.100000	0.001128213675	
899.300000	0.001120083845	
899.500000	0.001113821364	
899.700000	0.001108840214	
899.900000	0.001104766053	
900.100000	0.001101358398	
900.300000	0.001098462120	
900.500000	0.001095976659	
900.700000	0.001093836247	
900.900000	0.001091997141	
901.100000	0.001090429377	
901.300000	0.001089111469	
901.500000	0.001088027038	
901.700000	0.001087162698	
901.900000	0.001086506770	
902.100000	0.001086048514	
902.300000	0.001085777710	
902.500000	0.001085684439	
902.700000	0.001085758995	
902.900000	0.001085991867	
903.100000	0.001086373759	
903.300000	0.001086895629	
903.500000	0.001087548729	
903.700000	0.001088324641	
903.900000	0.001089215311	
904.100000	0.001090213073	
904.300000	0.001091310657	
904.500000	0.001092501204	
904.700000	0.001093778263	
904.900000	0.001095135782	
905.100000	0.001096568107	
905.300000	0.001098069961	
905.500000	0.001099636431	
905.700000	0.001101262955	
905.900000	0.001102945296	
906.100000	0.001104679532	
906.300000	0.001106462029	
906.500000	0.001108289428	
906.700000	0.001110158627	
906.900000	0.001112066760	
907.100000	0.001114011182	
907.300000	0.001115989456	
907.500000	0.001117999334	
907.700000	0.001120038746	
907.900000	0.001122105787	
908.100000	0.001124198703	
908.300000	0.001126315884	
908.500000	0.001128455849	
908.700000	0.001130617239	
908.900000	0.001132798809	
909.100000	0.001134999422	
909.300000	0.001137218035	
909.500000	0.001139453701	
909.700000	0.001141705558	
909.900000	0.001143972824	
910.100000	0.001146254795	
910.300000	0.001148550838	
910.500000	0.001150860389	
910.700000	0.001153182949	
910.900000	0.001155518081	
911.100000	0.001157865409	
911.300000	0.001160224612	
911.500000	0.001162595427	
911.700000	0.001164977644	
911.900000	0.001167371109	
912.100000	0.001169775717	
912.300000	0.001172191417	
912.500000	0.001174618212	
912.700000	0.001177056154	
912.900000	0.001179505349	
913.100000	0.001181965959	
913.300000	0.001184438200	
913.500000	0.001186922343	
913.700000	0.001189418721	
913.900000	0.001191927727	
914.100000	0.001194449821	
914.300000	0.001196985528	
914.500000	0.001199535450	
914.700000	0.001202100263	
914.900000	0.001204680729	
915.100000	0.001207277701	
915.300000	0.001209892129	
915.500000	0.001212525070	
915.700000	0.001215177699	
915.900000	0.001217851323	
916.100000	0.001220547389	
916.300000	0.001223267508	
916.500000	0.001226013469	
916.700000	0.001228787261	
916.900000	0.001231591106	
917.100000	0.001234427481	
917.300000	0.001237299166	
917.500000	0.001240209278	
917.700000	0.001243161334	
917.900000	0.001246159312	
918.100000	0.001249207733	
918.300000	0.001252311762	
918.500000	0.001255477328	
918.700000	0.001258711285	
918.900000	0.001262021609	
919.100000	0.001265417658	
919.300000	0.001268910506	
919.500000	0.001272513398	
919.700000	0.001276242354	
919.900000	0.001280117023	
920.100000	0.001284161877	
920.300000	0.001288407965	
920.500000	0.001292895564	
920.700000	0.001297678322	
920.900000	0.001302830113	
921.100000	0.001308457007	
921.300000	0.001314719930	
921.500000	0.001321882179	
921.700000	0.001330424849	
921.900000	0.001341398991	
922.100000	0.001358066508	
922.300000	0.001415050713	
922.500000	0.001784473311	
922.700000	0.003262400499	
922.900000	0.004062337707	
923.100000	0.004064402191	
923.300000	0.003746374447	
923.500000	0.003285301222	
923.700000	0.002887409395	
923.900000	0.002631199966	
924.100000	0.002425912289	
924.300000	0.002217796260	
924.500000	0.001971565500	
924.700000	0.001694711247	
924.900000	0.001500404162	
925.100000	0.001378712654	
925.300000	0.001288929928	
925.500000	0.001228953570	
925.700000	0.001190011215	
925.900000	0.001164002228	
926.100000	0.001145977539	
926.300000	0.001132997421	
926.500000	0.001123283755	
926.700000	0.001115737771	
926.900000	0.001109669196	
927.100000	0.001104639633	
927.300000	0.001100368793	
927.500000	0.001096676671	
927.700000	0.001093447137	
927.900000	0.001090604663	
928.100000	0.001088099362	
928.300000	0.001085897349	
928.500000	0.001083974556	
928.700000	0.001082312798	
928.900000	0.001080897320	
929.100000	0.001079715290	
935.080000	0.001106221746	
935.280000	0.001108121979	
935.480000	0.001110048436	
935.680000	0.001111999335	
935.880000	0.001113973030	
936.080000	0.001115967997	
936.280000	0.001117982829	
936.480000	0.001120016224	
936.680000	0.001122066980	
936.880000	0.001124133986	
937.080000	0.001126216218	
937.280000	0.001128312729	
937.480000	0.001130422647	
937.680000	0.001132545170	
937.880000	0.001134679559	
938.080000	0.001136825136	
938.280000	0.001138981281	
938.480000	0.001141147426	
938.680000	0.001143323055	
938.880000	0.001145507699	
939.080000	0.001147700936	
939.280000	0.001149902385	
939.480000	0.001152111708	
939.680000	0.001154328609	
939.880000	0.001156552827	
940.080000	0.001158784141	
940.280000	0.001161022365	
940.480000	0.001163267350	
940.680000	0.001165518978	
940.880000	0.001167777171	
941.080000	0.001170041881	
941.280000	0.001172313095	
941.480000	0.001174590834	
941.680000	0.001176875155	
941.880000	0.001179166147	
942.080000	0.001181463935	
942.280000	0.001183768681	
942.480000	0.001186080584	
942.680000	0.001188399880	
942.880000	0.001190726845	
943.080000	0.001193061798	
943.280000	0.001195405098	
943.480000	0.001197757154	
943.680000	0.001200118420	
943.880000	0.001202489403	
944.080000	0.001204870662	
944.280000	0.001207262818	
944.480000	0.001209666554	
944.680000	0.001212082619	
944.880000	0.001214511837	
945.080000	0.001216955114	
945.280000	0.001219413441	
945.480000	0.001221887906	
945.680000	0.001224379705	
945.880000	0.001226890148	
946.080000	0.001229420677	
946.280000	0.001231972879	
946.480000	0.001234548504	
946.680000	0.001237149484	
946.880000	0.001239777959	
947.080000	0.001242436302	
947.280000	0.001245127155	
947.480000	0.001247853467	
947.680000	0.001250618543	
947.880000	0.001253426097	
948.080000	0.001256280326	
948.280000	0.001259185992	
948.480000	0.001262148530	
948.680000	0.001265174173	
948.880000	0.001268270125	
949.080000	0.001271444766	
949.280000	0.001274707927	
949.480000	0.001278071246	
949.680000	0.001281548650	
949.880000	0.001285156998	
950.080000	0.001288916984	
950.280000	0.001292854422	
950.480000	0.001297002115	
950.680000	0.001301402705	
950.880000	0.001306113149	
951.080000	0.001311212150	
951.280000	0.001316813248	
951.480000	0.001323089830	
951.680000	0.001330328324	
951.880000	0.001339060185	
952.080000	0.001350479589	
952.280000	0.001368556788	
952.480000	0.001454133511	
952.680000	0.001879896913	
952.880000	0.003572780179	
953.080000	0.004131179911	
953.280000	0.004065094460	
953.480000	0.003706830358	
953.680000	0.003228023859	
953.880000	0.002846103687	
954.080000	0.002597865278	
954.280000	0.002391907307	
954.480000	0.002176710991	
954.680000	0.001918541988	
954.880000	0.001650128202	
955.080000	0.001477556790	
955.280000	0.001364707989	
955.480000	0.001280675847	
955.680000	0.001224965386	
955.880000	0.001188411882	
956.080000	0.001163589242	
956.280000	0.001146025836	
956.480000	0.001133066318	
956.680000	0.001123102380	
956.880000	0.001115139627	
957.080000	0.001108553861	
957.280000	0.001102949487	
957.480000	0.001098074362	
957.680000	0.001093767133	
957.880000	0.001089924018	
958.080000	0.001086477587	
958.280000	0.001083383147	
958.480000	0.001080610007	
969.020000	0.001124947407	
969.220000	0.001126931981	
969.420000	0.001128923260	
969.620000	0.001130920726	
969.820000	0.001132923897	
970.020000	0.001134932329	
970.220000	0.001136945605	
970.420000	0.001138963345	
970.620000	0.001140985195	
970.820000	0.001143010829	
971.020000	0.001145039950	
971.220000	0.001147072286	
971.420000	0.001149107589	
971.620000	0.001151145633	
971.820000	0.001153186220	
972.020000	0.001155229168	
972.220000	0.001157274321	
972.420000	0.001159321542	
972.620000	0.001161370714	
972.820000	0.001163421742	
973.020000	0.001165474549	
973.220000	0.001167529078	
973.420000	0.001169585290	
973.620000	0.001171643169	
973.820000	0.001173702713	
974.020000	0.001175763943	
974.220000	0.001177826897	
974.420000	0.001179891635	
974.620000	0.001181958234	
974.820000	0.001184026791	
975.020000	0.001186097427	
975.220000	0.001188170279	
975.420000	0.001190245508	
975.620000	0.001192323299	
975.820000	0.001194403856	
976.020000	0.001196487409	
976.220000	0.001198574212	
976.420000	0.001200664547	
976.620000	0.001202758721	
976.820000	0.001204857071	
977.020000	0.001206959962	
977.220000	0.001209067794	
977.420000	0.001211180999	
977.620000	0.001213300048	
977.820000	0.001215425446	
978.020000	0.001217557745	
978.220000	0.001219697539	
978.420000	0.001221845469	
978.620000	0.001224002232	
978.820000	0.001226168579	
979.020000	0.001228345323	
979.220000	0.001230533344	
979.420000	0.001232733599	
979.620000	0.001234947121	
979.820000	0.001237175036	
980.020000	0.001239418567	
980.220000	0.001241679047	
980.420000	0.001243957931	
980.620000	0.001246256809	
980.820000	0.001248577424	
981.020000	0.001250921692	
981.220000	0.001253291722	
981.420000	0.001255689842	
981.620000	0.001258118634	
981.820000	0.001260580966	
982.020000	0.001263080039	
982.220000	0.001265619436	
982.420000	0.001268203192	
982.620000	0.001270835863	
982.820000	0.001273522632	
983.020000	0.001276269415	
983.220000	0.001279083022	
983.420000	0.001281971337	
983.620000	0.001284943562	
983.820000	0.001288010532	
984.020000	0.001291185132	
984.220000	0.001294482855	
984.420000	0.001297922569	
984.620000	0.001301527595	
984.820000	0.001305327256	
985.020000	0.001309359188	
985.220000	0.001313672886	
985.420000	0.001318335435	
985.620000	0.001323441250	
985.820000	0.001329129861	
986.020000	0.001335621464	
986.220000	0.001343297583	
986.420000	0.001352922020	
986.620000	0.001366474793	
986.820000	0.001393875347	
987.020000	0.001638043916	
987.220000	0.002459126668	
987.420000	0.004004496761	
987.620000	0.004185224566	
987.820000	0.003947375077	
988.020000	0.003498920269	
988.220000	0.003027667919	
988.420000	0.002718775689	
988.620000	0.002495912339	
988.820000	0.002286428305	
989.020000	0.002048484921	
989.220000	0.001767366869	
989.420000	0.001547164712	
989.620000	0.001413911966	
989.820000	0.001315954836	
990.020000	0.001248896502	
990.220000	0.001205180740	
990.420000	0.001175789132	
990.620000	0.001155141325	
990.820000	0.001139957548	
991.020000	0.001128279139	
991.220000	0.001118910307	
991.420000	0.001111108504	
991.620000	0.001104407765	
991.820000	0.001098514119	
992.020000	0.001093241684	
992.220000	0.001088472692	
1008.500000	0.001146325707	
1008.700000	0.001148116832	
1008.900000	0.001149905706	
1009.100000	0.001151692195	
1009.300000	0.001153476179	
1009.500000	0.001155257544	
1009.700000	0.001157036190	
1009.900000	0.001158812025	
1010.100000	0.001160584967	
1010.300000	0.001162354942	
1010.500000	0.001164121888	
1010.700000	0.001165885749	
1010.900000	0.001167646479	
1011.100000	0.001169404041	
1011.300000	0.001171158405	
1011.500000	0.001172909552	
1011.700000	0.001174657468	
1011.900000	0.001176402149	
1012.100000	0.001178143600	
1012.300000	0.001179881832	
1012.500000	0.001181616865	
1012.700000	0.001183348729	
1012.900000	0.001185077459	
1013.100000	0.001186803099	
1013.300000	0.001188525703	
1013.500000	0.001190245331	
1013.700000	0.001191962053	
1013.900000	0.001193675947	
1014.100000	0.001195387098	
1014.300000	0.001197095602	
1014.500000	0.001198801564	
1014.700000	0.001200505096	
1014.900000	0.001202206321	
1015.100000	0.001203905372	
1015.300000	0.001205602391	
1015.500000	0.001207297530	
1015.700000	0.001208990952	
1015.900000	0.001210682832	
1016.100000	0.001212373356	
1016.300000	0.001214062720	
1016.500000	0.001215751135	
1016.700000	0.001217438825	
1016.900000	0.001219126025	
1017.100000	0.001220812987	
1017.300000	0.001222499978	
1017.500000	0.001224187279	
1017.700000	0.001225875190	
1017.900000	0.001227564028	
1018.100000	0.001229254129	
1018.300000	0.001230945848	
1018.500000	0.001232639565	
1018.700000	0.001234335679	
1018.900000	0.001236034615	
1019.100000	0.001237736827	
1019.300000	0.001239442792	
1019.500000	0.001241153023	
1019.700000	0.001242868061	
1019.900000	0.001244588487	
1020.100000	0.001246314917	
1020.300000	0.001248048011	
1020.500000	0.001249788472	
1020.700000	0.001251537056	
1020.900000	0.001253294571	
1021.100000	0.001255061883	
1021.300000	0.001256839925	
1021.500000	0.001258629703	
1021.700000	0.001260432299	
1021.900000	0.001262248884	
1022.100000	0.001264080727	
1022.300000	0.001265929203	
1022.500000	0.001267795811	
1022.700000	0.001269682183	
1022.900000	0.001271590105	
1023.100000	0.001273521532	
1023.300000	0.001275478619	
1023.500000	0.001277463737	
1023.700000	0.001279479515	
1023.900000	0.001281528872	
1024.100000	0.001283615062	
1024.300000	0.001285741730	
1024.500000	0.001287912979	
1024.700000	0.001290133446	
1024.900000	0.001292408403	
1025.100000	0.001294743880	
1025.300000	0.001297146817	
1025.500000	0.001299625263	
1025.700000	0.001302188623	
1025.900000	0.001304847989	
1026.100000	0.001307616576	
1026.300000	0.001310510302	
1026.500000	0.001313548603	
1026.700000	0.001316755564	
1026.900000	0.001320161564	
1027.100000	0.001323805729	
1027.300000	0.001327739740	
1027.500000	0.001332034004	
1027.700000	0.001336788254	
1027.900000	0.001342151114	
1028.100000	0.001348359805	
1028.300000	0.001355832238	
1028.500000	0.001365428105	
1028.700000	0.001379501800	
1028.900000	0.001412538539	
1029.100000	0.001710846008	
1029.300000	0.002845343463	
1029.500000	0.004112478757	
1029.700000	0.004209910219	
1029.900000	0.003923481152	
1030.100000	0.003446754275	
1030.300000	0.002982940938	
1030.500000	0.002687539505	
1030.700000	0.002466607826	
1030.900000	0.002250838596	
1031.100000	0.001999818517	
1031.300000	0.001717291104	
1031.500000	0.001520052518	
1031.700000	0.001396198756	
1031.900000	0.001304031433	
1032.100000	0.001242658702	
1032.300000	0.001202347274	
1032.500000	0.001174765166	
1032.700000	0.001154946205	
1032.900000	0.001139983504	
1033.100000	0.001128140595	
1033.300000	0.001118358224	
1033.500000	0.001109980944	
1033.700000	0.001102600228	
1033.900000	0.001095960989	
1053.900000	0.001135740768	
1059.460000	0.001173777864	
1059.660000	0.001175044891	
1059.860000	0.001176304628	
1060.060000	0.001177557067	
1060.260000	0.001178802203	
1060.460000	0.001180040032	
1060.660000	0.001181270551	
1060.860000	0.001182493760	
1061.060000	0.001183709661	
1061.260000	0.001184918257	
1061.460000	0.001186119551	
1061.660000	0.001187313551	
1061.860000	0.001188500263	
1062.060000	0.001189679697	
1062.260000	0.001190851863	
1062.460000	0.001192016772	
1062.660000	0.001193174438	
1062.860000	0.001194324875	
1063.060000	0.001195468098	
1063.260000	0.001196604124	
1063.460000	0.001197732971	
1063.660000	0.001198854656	
1063.860000	0.001199969201	
1064.060000	0.001201076626	
1064.260000	0.001202176953	
1064.460000	0.001203270205	
1064.660000	0.001204356406	
1064.860000	0.001205435580	
1065.060000	0.001206507752	
1065.260000	0.001207572950	
1065.460000	0.001208631200	
1065.660000	0.001209682531	
1065.860000	0.001210726971	
1066.060000	0.001211764549	
1066.260000	0.001212795296	
1066.460000	0.001213819242	
1066.660000	0.001214836420	
1066.860000	0.001215846861	
1067.060000	0.001216850597	
1067.260000	0.001217847664	
1067.460000	0.001218838093	
1067.660000	0.001219821921	
1067.860000	0.001220799181	
1068.060000	0.001221769911	
1068.260000	0.001222734144	
1068.460000	0.001223691920	
1068.660000	0.001224643274	
1068.860000	0.001225588244	
1069.060000	0.001226526868	
1069.260000	0.001227459184	
1069.460000	0.001228385233	
1069.660000	0.001229305052	
1069.860000	0.001230218682	
1070.060000	0.001231126162	
1070.260000	0.001232027534	
1070.460000	0.001232922838	
1070.660000	0.001233812115	
1070.860000	0.001234695408	
1071.060000	0.001235572757	
1071.260000	0.001236444206	
1071.460000	0.001237309797	
1071.660000	0.001238169574	
1071.860000	0.001239023578	
1072.060000	0.001239871855	
1072.260000	0.001240714448	
1072.460000	0.001241551401	
1072.660000	0.001242382760	
1072.860000	0.001243208568	
1073.060000	0.001244028871	
1073.260000	0.001244843716	
1073.460000	0.001245653146	
1073.660000	0.001246457210	
1073.860000	0.001247255953	
1074.060000	0.001248049421	
1074.260000	0.001248837663	
1074.460000	0.001249620725	
1074.660000	0.001250398656	
1074.860000	0.001251171502	
1075.060000	0.001251939313	
1075.260000	0.001252702138	
1075.460000	0.001253460025	
1075.660000	0.001254213023	
1075.860000	0.001254961183	
1076.060000	0.001255704554	
1076.260000	0.001256443187	
1076.460000	0.001257177133	
1076.660000	0.001257906442	
1076.860000	0.001258631167	
1077.060000	0.001259351360	
1077.260000	0.001260067072	
1077.460000	0.001260778358	
1077.660000	0.001261485269	
1077.860000	0.001262187860	
1078.060000	0.001262886185	
1078.260000	0.001263580300	
1078.460000	0.001264270258	
1078.660000	0.001264956116	
1078.860000	0.001265637931	
1079.060000	0.001266315759	
1079.260000	0.001266989659	
1079.460000	0.001267659687	
1079.660000	0.001268325904	
1079.860000	0.001268988368	
1080.060000	0.001269647140	
1080.260000	0.001270302281	
1080.460000	0.001270953854	
1080.660000	0.001271601920	
1080.860000	0.001272246543	
1081.060000	0.001272887788	
1081.260000	0.001273525721	
1081.460000	0.001274160406	
1081.660000	0.001274791913	
1081.860000	0.001275420310	
1082.060000	0.001276045666	
1082.260000	0.001276668052	
1082.460000	0.001277287540	
1082.660000	0.001277904205	
1082.860000	0.001278518120	
1083.060000	0.001279129362	
1083.260000	0.001279738010	
1083.460000	0.001280344142	
1083.660000	0.001280947840	
1083.860000	0.001281549186	
1084.060000	0.001282148267	
1084.260000	0.001282745168	
1084.460000	0.001283339978	
1084.660000	0.001283932790	
1084.860000	0.001284523695	
1085.060000	0.001285112790	
1085.260000	0.001285700175	
1085.460000	0.001286285948	
1085.660000	0.001286870216	
1085.860000	0.001287453085	
1086.060000	0.001288034665	
1086.260000	0.001288615070	
1086.460000	0.001289194417	
1086.660000	0.001289772828	
1086.860000	0.001290350427	
1087.060000	0.001290927343	
1087.260000	0.001291503711	
1087.460000	0.001292079670	
1087.660000	0.001292655361	
1087.860000	0.001293230936	
1088.060000	0.001293806548	
1088.260000	0.001294382359	
1088.460000	0.001294958534	
1088.660000	0.001295535250	
1088.860000	0.001296112686	
1089.060000	0.001296691033	
1089.260000	0.001297270487	
1089.460000	0.001297851255	
1089.660000	0.001298433554	
1089.860000	0.001299017608	
1090.060000	0.001299603655	
1090.260000	0.001300191944	
1090.460000	0.001300782736	
1090.660000	0.001301376305	
1090.860000	0.001301972939	
1091.060000	0.001302572944	
1091.260000	0.001303176640	
1091.460000	0.001303784366	
1091.660000	0.001304396481	
1091.860000	0.001305013365	
1092.060000	0.001305635419	
1092.260000	0.001306263071	
1092.460000	0.001306896775	
1092.660000	0.001307537013	
1092.860000	0.001308184300	
1093.060000	0.001308839186	
1093.260000	0.001309502257	
1093.460000	0.001310174142	
1093.660000	0.001310855516	
1093.860000	0.001311547102	
1094.060000	0.001312249680	
1094.260000	0.001312964089	
1094.460000	0.001313691236	
1094.660000	0.001314432104	
1094.860000	0.001315187757	
1095.060000	0.001315959353	
1095.260000	0.001316748153	
1095.460000	0.001317555534	
1095.660000	0.001318383004	
1095.860000	0.001319232219	
1096.060000	0.001320105004	
1096.260000	0.001321003373	
1096.460000	0.001321929558	
1096.660000	0.001322886044	
1096.860000	0.001323875603	
1097.060000	0.001324901345	
1097.260000	0.001325966771	
1097.460000	0.001327075840	
1097.660000	0.001328233059	
1097.860000	0.001329443581	
1098.060000	0.001330713337	
1098.260000	0.001332049200	
1098.460000	0.001333459198	
1098.660000	0.001334952781	
1098.860000	0.001336541187	
1099.060000	0.001338237921	
1099.260000	0.001340059406	
1099.460000	0.001342025907	
1099.660000	0.001344162826	
1099.860000	0.001346502636	
1100.060000	0.001349087794	
1100.260000	0.001351975391	
1100.460000	0.001355244883	
1100.660000	0.001359011849	
1100.860000	0.001363454511	
1101.060000	0.001368870876	
1101.260000	0.001375823153	
1101.460000	0.001385608855	
1101.660000	0.001402815295	
1101.860000	0.001515395364	
1102.060000	0.001977012789	
1102.260000	0.003770763146	
1102.460000	0.004258640528	
1102.660000	0.004162216054	
1102.860000	0.003769665197	
1103.060000	0.003257699493	
1103.260000	0.002858669282	
1103.460000	0.002600409339	
1103.660000	0.002382092187	
1103.860000	0.002146703470	
1104.060000	0.001862158029	
1104.260000	0.001606347759	
1104.460000	0.001449202433	
1104.660000	0.001338341596	
1104.860000	0.001265286109	
1105.060000	0.001218058010	
1105.260000	0.001186116136	
1105.460000	0.001163290754	
1105.660000	0.001146044697	
1105.860000	0.001132303365	
1106.060000	0.001120821597	
1106.260000	0.001110841034	
1126.260000	0.001066129648	
1146.260000	0.001149299907	
1166.260000	0.001168367545	
1186.260000	0.001158002991	
1206.260000	0.001140431049	
1226.260000	0.001122535084	
1246.260000	0.001105650862	
1266.260000	0.001089913342	
1286.260000	0.001075271599	
1306.260000	0.001061663342	
1326.260000	0.001049036569	
1346.260000	0.001037348342	
1366.260000	0.001026560327	
1386.260000	0.001016635702	
1406.260000	0.001007537426	
1426.260000	0.000999227299	
1446.260000	0.000991665643	
1466.260000	0.000984811407	
1486.260000	0.000978622507	
1506.260000	0.000973056315	
1526.260000	0.000968070191	
1546.260000	0.000963622004	
1566.260000	0.000959670607	
1586.260000	0.000956176236	
1606.260000	0.000953100830	
1626.260000	0.000950408267	
1646.260000	0.000948064521	
1666.260000	0.000946037752	
1686.260000	0.000944298337	
1706.260000	0.000942818856	
1726.260000	0.000941574038	
1746.260000	0.000940540689	
1766.260000	0.000939697589	
1786.260000	0.000939025384	
1806.260000	0.000938506474	
1826.260000	0.000938124889	
1846.260000	0.000937866174	
1866.260000	0.000937717270	
1886.260000	0.000937666398	
1906.260000	0.000937702961	
1926.260000	0.000937817431	
1946.260000	0.000938001261	
1966.260000	0.000938246792	
1986.260000	0.000938547171	
2006.260000	0.000938896275	
2026.260000	0.000939288637	
2046.260000	0.000939719385	
2066.260000	0.000940184183	
2086.260000	0.000940679173	
2106.260000	0.000941200926	
2126.260000	0.000941746401	
2146.260000	0.000942312900	
2166.260000	0.000942898036	
2186.260000	0.000943499693	
2206.260000	0.000944116002	
2226.260000	0.000944745311	
2246.260000	0.000945386161	
2266.260000	0.000946037265	
2286.260000	0.000946697488	
2306.260000	0.000947365829	
2326.260000	0.000948041406	
2346.260000	0.000948723441	
2366.260000	0.000949411249	
2386.260000	0.000950104227	
2406.260000	0.000950801841	
2426.260000	0.000951503620	
2446.260000	0.000952209150	
2466.260000	0.000952918062	
2486.260000	0.000953630030	
