0.000000	-0.000296221592	
20.000000	-0.000579400295	
40.000000	-0.000580016357	
60.000000	-0.000578127149	
80.000000	-0.000576619304	
100.000000	-0.000575847395	
120.000000	-0.000083140100	
140.000000	-0.000109629091	
160.000000	-0.000148994792	
180.000000	-0.000199751928	
200.000000	-0.000262137162	
220.000000	-0.000336269494	
240.000000	-0.000422809654	
260.000000	-0.000522668545	
280.000000	-0.000636875017	
300.000000	-0.000766534434	
320.000000	-0.000912847559	
340.000000	-0.001085205872	
360.000000	-0.001271756352	
380.000000	-0.001477014078	
400.000000	-0.001704808448	
420.000000	-0.001959288441	
440.000000	-0.002246426835	
460.000000	-0.002577546229	
480.000000	-0.002986650624	
495.760000	-0.004367385501	
495.960000	-0.015528912712	
496.160000	-0.053450707321	
496.360000	-0.254307408255	
496.560000	-0.916691216603	
496.760000	-0.580629052556	
496.960000	-0.440781737596	
497.160000	-0.364722980521	
497.360000	-0.375922826456	
497.560000	-0.382662272136	
497.760000	-0.369382546824	
497.960000	-0.318334588539	
498.160000	-0.186493090315	
498.360000	-0.019932076638	
498.560000	-0.002837476882	
498.760000	-0.001367864170	
518.760000	-0.003253076436	
527.800000	-0.004410232348	
528.000000	-0.004476043291	
528.200000	-0.004557203606	
528.400000	-0.004665103380	
528.600000	-0.004829521172	
528.800000	-0.005178766109	
529.000000	-0.009886376297	
529.200000	-0.042461966229	
529.400000	-0.217668455279	
529.600000	-0.913710906909	
529.800000	-0.556502268471	
530.000000	-0.419413390045	
530.200000	-0.342304726575	
530.400000	-0.340156832586	
530.600000	-0.350621735389	
530.800000	-0.342497269009	
531.000000	-0.306962483360	
531.200000	-0.212114098779	
531.400000	-0.048568677336	
531.600000	-0.004631183240	
531.800000	-0.001963854578	
532.000000	-0.001252767844	
550.500000	-0.004182324067	
550.700000	-0.004216822635	
550.900000	-0.004251732983	
551.100000	-0.004287101319	
551.300000	-0.004322980003	
551.500000	-0.004359428737	
551.700000	-0.004396516056	
551.900000	-0.004434321224	
552.100000	-0.004472936651	
552.300000	-0.004512471038	
552.500000	-0.004553053514	
552.700000	-0.004594839158	
552.900000	-0.004638016528	
553.100000	-0.004682818073	
553.300000	-0.004729534938	
553.500000	-0.004778538472	
553.700000	-0.004830312482	
553.900000	-0.004885503268	
554.100000	-0.004945000511	
554.300000	-0.005010074755	
554.500000	-0.005082625908	
554.700000	-0.005165669232	
554.900000	-0.005264390042	
555.100000	-0.005388791588	
555.300000	-0.005561996382	
555.500000	-0.005859019669	
555.700000	-0.006972520608	
555.900000	-0.028194256355	
556.100000	-0.130324503717	
556.300000	-1.049703603557	
556.500000	-0.583283271272	
556.700000	-0.422295491407	
556.900000	-0.339626753802	
557.100000	-0.311074936886	
557.300000	-0.326602218817	
557.500000	-0.325086336711	
557.700000	-0.302836479396	
557.900000	-0.241607005987	
558.100000	-0.108396899759	
558.300000	-0.010474569453	
558.500000	-0.002961944053	
558.700000	-0.001687759676	
558.900000	-0.001242374103	
559.100000	-0.001094628628	
570.940000	-0.003754808440	
571.140000	-0.003796812515	
571.340000	-0.003838883298	
571.540000	-0.003881033826	
571.740000	-0.003923277966	
571.940000	-0.003965630525	
572.140000	-0.004008107331	
572.340000	-0.004050725365	
572.540000	-0.004093502878	
572.740000	-0.004136459555	
572.940000	-0.004179616678	
573.140000	-0.004222997332	
573.340000	-0.004266626639	
573.540000	-0.004310532030	
573.740000	-0.004354743563	
573.940000	-0.004399294302	
574.140000	-0.004444220759	
574.340000	-0.004489563436	
574.540000	-0.004535367453	
574.740000	-0.004581683330	
574.940000	-0.004628567926	
575.140000	-0.004676085596	
575.340000	-0.004724309626	
575.540000	-0.004773324024	
575.740000	-0.004823225787	
575.940000	-0.004874127803	
576.140000	-0.004926162605	
576.340000	-0.004979487295	
576.540000	-0.005034290123	
576.740000	-0.005090799403	
576.940000	-0.005149295859	
577.140000	-0.005210130083	
577.340000	-0.005273747873	
577.540000	-0.005340728092	
577.740000	-0.005411841234	
577.940000	-0.005488143784	
578.140000	-0.005571137983	
578.340000	-0.005663059446	
578.540000	-0.005767436922	
578.740000	-0.005890300143	
578.940000	-0.006043189926	
579.140000	-0.006252496649	
579.340000	-0.006602265355	
579.540000	-0.007813979653	
579.740000	-0.030552822204	
579.940000	-0.151352911355	
580.140000	-0.976319261318	
580.340000	-0.544180616025	
580.540000	-0.397208232295	
580.740000	-0.320162940431	
580.940000	-0.295110592436	
581.140000	-0.310079031606	
581.340000	-0.308361393064	
581.540000	-0.286948201763	
581.740000	-0.230501065535	
581.940000	-0.109532096811	
582.140000	-0.012439073032	
582.340000	-0.003364318116	
582.540000	-0.001897340209	
582.740000	-0.001377987189	
582.940000	-0.001199175027	
583.140000	-0.001154864043	
583.340000	-0.001170611258	
590.500000	-0.003180012927	
590.700000	-0.003230689766	
590.900000	-0.003281358715	
591.100000	-0.003332026820	
591.300000	-0.003382701413	
591.500000	-0.003433390183	
591.700000	-0.003484101223	
591.900000	-0.003534843078	
592.100000	-0.003585624800	
592.300000	-0.003636455992	
592.500000	-0.003687346850	
592.700000	-0.003738308216	
592.900000	-0.003789351639	
593.100000	-0.003840489420	
593.300000	-0.003891734684	
593.500000	-0.003943101459	
593.700000	-0.003994604752	
593.900000	-0.004046260637	
594.100000	-0.004098086372	
594.300000	-0.004150100512	
594.500000	-0.004202323050	
594.700000	-0.004254775568	
594.900000	-0.004307481436	
595.100000	-0.004360466003	
595.300000	-0.004413756847	
595.500000	-0.004467384066	
595.700000	-0.004521380595	
595.900000	-0.004575782607	
596.100000	-0.004630629965	
596.300000	-0.004685966761	
596.500000	-0.004741841979	
596.700000	-0.004798310261	
596.900000	-0.004855432857	
597.100000	-0.004913278773	
597.300000	-0.004971926183	
597.500000	-0.005031464180	
597.700000	-0.005091994966	
597.900000	-0.005153636630	
598.100000	-0.005216526698	
598.300000	-0.005280826715	
598.500000	-0.005346728320	
598.700000	-0.005414461303	
598.900000	-0.005484304601	
599.100000	-0.005556601511	
599.300000	-0.005631781311	
599.500000	-0.005710390700	
599.700000	-0.005793140999	
599.900000	-0.005880981522	
600.100000	-0.005975218568	
600.300000	-0.006077718563	
600.500000	-0.006191277741	
600.700000	-0.006320352152	
600.900000	-0.006472665500	
601.100000	-0.006663340886	
601.300000	-0.006928393618	
601.500000	-0.007393642914	
601.700000	-0.009763555070	
601.900000	-0.044147619997	
602.100000	-0.269088273744	
602.300000	-0.770496786603	
602.500000	-0.477035003685	
602.700000	-0.360226340386	
602.900000	-0.293599216323	
603.100000	-0.286460029264	
603.300000	-0.298025729578	
603.500000	-0.292695334707	
603.700000	-0.266842837189	
603.900000	-0.203595670556	
604.100000	-0.081442486725	
604.300000	-0.009438394793	
604.500000	-0.003211456257	
604.700000	-0.001908260918	
604.900000	-0.001432925521	
605.100000	-0.001269090129	
605.300000	-0.001231291133	
605.500000	-0.001251499569	
605.700000	-0.001300981146	
605.900000	-0.001365677844	
606.100000	-0.001437960843	
606.300000	-0.001513441814	
606.500000	-0.001589553089	
606.700000	-0.001664825975	
606.900000	-0.001738479985	
607.100000	-0.001810168693	
607.300000	-0.001879814658	
607.500000	-0.001947499981	
607.700000	-0.002013393836	
607.900000	-0.002077705290	
608.100000	-0.002140653654	
608.300000	-0.002202450668	
608.500000	-0.002263290767	
608.700000	-0.002323346552	
608.900000	-0.002382767565	
609.100000	-0.002441681014	
609.300000	-0.002500193610	
609.500000	-0.002558393901	
609.700000	-0.002616354736	
609.900000	-0.002674135682	
610.100000	-0.002731785243	
610.300000	-0.002789342839	
610.500000	-0.002846840517	
610.700000	-0.002904304437	
610.900000	-0.002961756085	
611.100000	-0.003019213316	
611.300000	-0.003076691198	
611.500000	-0.003134202703	
611.700000	-0.003191759285	
611.900000	-0.003249371328	
612.100000	-0.003307048524	
612.300000	-0.003364800182	
612.500000	-0.003422635461	
612.700000	-0.003480563585	
612.900000	-0.003538594009	
613.100000	-0.003596736544	
613.300000	-0.003655001497	
613.500000	-0.003713399766	
613.700000	-0.003771942942	
613.900000	-0.003830643396	
614.100000	-0.003889514377	
614.300000	-0.003948570092	
614.500000	-0.004007825816	
614.700000	-0.004067297983	
614.900000	-0.004127004303	
615.100000	-0.004186963889	
615.300000	-0.004247197396	
615.500000	-0.004307727168	
615.700000	-0.004368577438	
615.900000	-0.004429774523	
616.100000	-0.004491347062	
616.300000	-0.004553326294	
616.500000	-0.004615746385	
616.700000	-0.004678644785	
616.900000	-0.004742062683	
617.100000	-0.004806045521	
617.300000	-0.004870643597	
617.500000	-0.004935912809	
617.700000	-0.005001915523	
617.900000	-0.005068721634	
618.100000	-0.005136409857	
618.300000	-0.005205069301	
618.500000	-0.005274801422	
618.700000	-0.005345722480	
618.900000	-0.005417966591	
619.100000	-0.005491689679	
619.300000	-0.005567074543	
619.500000	-0.005644337518	
619.700000	-0.005723737328	
619.900000	-0.005805587088	
620.100000	-0.005890270861	
620.300000	-0.005978267043	
620.500000	-0.006070182230	
620.700000	-0.006166801745	
620.900000	-0.006269167619	
621.100000	-0.006378704111	
621.300000	-0.006497429955	
621.500000	-0.006628340249	
621.700000	-0.006776149891	
621.900000	-0.006948900436	
622.100000	-0.007161981093	
622.300000	-0.007450718356	
622.500000	-0.007929411753	
622.700000	-0.009673158732	
622.900000	-0.039486899927	
623.100000	-0.231730961380	
623.300000	-0.787732865573	
623.500000	-0.474222126238	
623.700000	-0.353886924445	
623.900000	-0.287550164074	
624.100000	-0.273942011226	
624.300000	-0.286998056338	
624.500000	-0.283370765321	
624.700000	-0.260446366963	
624.900000	-0.204794498399	
625.100000	-0.094803395124	
625.300000	-0.012697746531	
625.500000	-0.003771559280	
625.700000	-0.002158155837	
625.900000	-0.001571081512	
626.100000	-0.001360777969	
626.300000	-0.001302293494	
626.500000	-0.001313026514	
626.700000	-0.001358763944	
626.900000	-0.001423030342	
627.100000	-0.001496948438	
627.300000	-0.001575396123	
627.500000	-0.001655334312	
627.700000	-0.001734976647	
627.900000	-0.001813325424	
628.100000	-0.001889887279	
628.300000	-0.001964488465	
628.500000	-0.002037151369	
628.700000	-0.002108011568	
628.900000	-0.002177262727	
629.100000	-0.002245120956	
629.300000	-0.002311802625	
629.500000	-0.002377511451	
629.700000	-0.002442431757	
629.900000	-0.002506725740	
630.100000	-0.002570533219	
630.300000	-0.002633972920	
630.500000	-0.002697144429	
630.700000	-0.002760130542	
630.900000	-0.002822999670	
631.100000	-0.002885808076	
631.300000	-0.002948601977	
631.500000	-0.003011419345	
631.700000	-0.003074291531	
631.900000	-0.003137244614	
632.100000	-0.003200300534	
632.300000	-0.003263478059	
632.500000	-0.003326793591	
632.700000	-0.003390261793	
632.900000	-0.003453896168	
633.100000	-0.003517709472	
633.300000	-0.003581714098	
633.500000	-0.003645922391	
633.700000	-0.003710346869	
633.900000	-0.003775000484	
634.100000	-0.003839896785	
634.300000	-0.003905050093	
634.500000	-0.003970475653	
634.700000	-0.004036189792	
634.900000	-0.004102210051	
635.100000	-0.004168555338	
635.300000	-0.004235246080	
635.500000	-0.004302304385	
635.700000	-0.004369754231	
635.900000	-0.004437621656	
636.100000	-0.004505934990	
636.300000	-0.004574725109	
636.500000	-0.004644025728	
636.700000	-0.004713873744	
636.900000	-0.004784309625	
637.100000	-0.004855377876	
637.300000	-0.004927127574	
637.500000	-0.004999613004	
637.700000	-0.005072894424	
637.900000	-0.005147038962	
638.100000	-0.005222121699	
638.300000	-0.005298227000	
638.500000	-0.005375450112	
638.700000	-0.005453899129	
638.900000	-0.005533697464	
639.100000	-0.005614986913	
639.300000	-0.005697931549	
639.500000	-0.005782722724	
639.700000	-0.005869585557	
639.900000	-0.005958787482	
640.100000	-0.006050649715	
640.300000	-0.006145562893	
640.500000	-0.006244008847	
640.700000	-0.006346591676	
640.900000	-0.006454083261	
641.100000	-0.006567492124	
641.300000	-0.006688171542	
641.500000	-0.006817997111	
641.700000	-0.006959674814	
641.900000	-0.007117313694	
642.100000	-0.007297590038	
642.300000	-0.007512419638	
642.500000	-0.007786275106	
642.700000	-0.008182887788	
642.900000	-0.008982784596	
643.100000	-0.018562417131	
643.300000	-0.092617239448	
643.500000	-0.833665001127	
643.700000	-0.561873148812	
643.900000	-0.386693350776	
644.100000	-0.306006279892	
644.300000	-0.259598583013	
644.500000	-0.274320281772	
644.700000	-0.278744731307	
644.900000	-0.265851759591	
645.100000	-0.229222831048	
645.300000	-0.149823511209	
645.500000	-0.038594898494	
645.700000	-0.006339318188	
645.900000	-0.002957252361	
646.100000	-0.001925485605	
646.300000	-0.001531209185	
646.500000	-0.001393928486	
646.700000	-0.001366924431	
646.900000	-0.001393481743	
647.100000	-0.001448232316	
647.300000	-0.001518207704	
647.500000	-0.001596127686	
647.700000	-0.001677683963	
647.900000	-0.001760286637	
648.100000	-0.001842408814	
648.300000	-0.001923204679	
648.500000	-0.002002268302	
648.700000	-0.002079473877	
648.900000	-0.002154867517	
649.100000	-0.002228594108	
649.300000	-0.002300848420	
649.500000	-0.002371843444	
649.700000	-0.002441790626	
649.900000	-0.002510888388	
650.100000	-0.002579316157	
650.300000	-0.002647232003	
650.500000	-0.002714772575	
650.700000	-0.002782054260	
650.900000	-0.002849175168	
651.100000	-0.002916217344	
651.300000	-0.002983249035	
651.500000	-0.003050326858	
651.700000	-0.003117497791	
651.900000	-0.003184800959	
652.100000	-0.003252269130	
652.300000	-0.003319930070	
652.500000	-0.003387807656	
652.700000	-0.003455922821	
652.900000	-0.003524294343	
653.100000	-0.003592939504	
653.300000	-0.003661874641	
653.500000	-0.003731115609	
653.700000	-0.003800678168	
653.900000	-0.003870578320	
654.100000	-0.003940832579	
654.300000	-0.004011458239	
654.500000	-0.004082473583	
654.700000	-0.004153898112	
654.900000	-0.004225752735	
655.100000	-0.004298059989	
655.300000	-0.004370844223	
655.500000	-0.004444131833	
655.700000	-0.004517951493	
655.900000	-0.004592334422	
656.100000	-0.004667314663	
656.300000	-0.004742929419	
656.500000	-0.004819219432	
656.700000	-0.004896229416	
656.900000	-0.004974008553	
657.100000	-0.005052611104	
657.300000	-0.005132097080	
657.500000	-0.005212533088	
657.700000	-0.005293993292	
657.900000	-0.005376560603	
658.100000	-0.005460328096	
658.300000	-0.005545400737	
658.500000	-0.005631897513	
658.700000	-0.005719954052	
658.900000	-0.005809725915	
659.100000	-0.005901392738	
659.300000	-0.005995163541	
659.500000	-0.006091283577	
659.700000	-0.006190043348	
659.900000	-0.006291790613	
660.100000	-0.006396946689	
660.300000	-0.006506029031	
660.500000	-0.006619683247	
660.700000	-0.006738729643	
660.900000	-0.006864233084	
661.100000	-0.006997611615	
661.300000	-0.007140812867	
661.500000	-0.007296615932	
661.700000	-0.007469183101	
661.900000	-0.007665157203	
662.100000	-0.007896106832	
662.300000	-0.008184936593	
662.500000	-0.008587618862	
662.700000	-0.009314667434	
662.900000	-0.014508718543	
663.100000	-0.072237728175	
663.300000	-0.624024393143	
663.500000	-0.591730646881	
663.700000	-0.393772675358	
663.900000	-0.307506691221	
664.100000	-0.255790158645	
664.300000	-0.265135612375	
664.500000	-0.272282192067	
664.700000	-0.262201965460	
664.900000	-0.230333647549	
665.100000	-0.161049256158	
665.300000	-0.053094536826	
665.500000	-0.008220109938	
665.700000	-0.003456638363	
665.900000	-0.002163201437	
666.100000	-0.001659514979	
666.300000	-0.001474806649	
666.500000	-0.001424946215	
666.700000	-0.001439593466	
666.900000	-0.001488107458	
667.100000	-0.001555156968	
667.300000	-0.001632241270	
667.500000	-0.001714339608	
667.700000	-0.001798406446	
667.900000	-0.001882606585	
668.100000	-0.001965880246	
668.300000	-0.002047672781	
668.500000	-0.002127756702	
668.700000	-0.002206110915	
668.900000	-0.002282838239	
669.100000	-0.002358109464	
669.300000	-0.002432126263	
669.500000	-0.002505097411	
669.700000	-0.002577224244	
669.900000	-0.002648692542	
670.100000	-0.002719668611	
670.300000	-0.002790298147	
670.500000	-0.002860706735	
670.700000	-0.002931001365	
670.900000	-0.003001272399	
671.100000	-0.003071595741	
671.300000	-0.003142034938	
671.500000	-0.003212643232	
671.700000	-0.003283465355	
671.900000	-0.003354539130	
672.100000	-0.003425896915	
672.300000	-0.003497566768	
672.500000	-0.003569573513	
672.700000	-0.003641939573	
672.900000	-0.003714685744	
673.100000	-0.003787831784	
673.300000	-0.003861396949	
673.500000	-0.003935400446	
673.700000	-0.004009861811	
673.900000	-0.004084801251	
674.100000	-0.004160239946	
674.300000	-0.004236200322	
674.500000	-0.004312706317	
674.700000	-0.004389783651	
674.900000	-0.004467460041	
675.100000	-0.004545765527	
675.300000	-0.004624732704	
675.500000	-0.004704397069	
675.700000	-0.004784797334	
675.900000	-0.004865975830	
676.100000	-0.004947978940	
676.300000	-0.005030857599	
676.500000	-0.005114667882	
676.700000	-0.005199471687	
676.900000	-0.005285337529	
677.100000	-0.005372341495	
677.300000	-0.005460568378	
677.500000	-0.005550113015	
677.700000	-0.005641081951	
677.900000	-0.005733595414	
678.100000	-0.005827789781	
678.300000	-0.005923820603	
678.500000	-0.006021866408	
678.700000	-0.006122133501	
678.900000	-0.006224862112	
679.100000	-0.006330334357	
679.300000	-0.006438884714	
679.500000	-0.006550914004	
679.700000	-0.006666908446	
679.900000	-0.006787466086	
680.100000	-0.006913334405	
680.300000	-0.007045465215	
680.500000	-0.007185097437	
680.700000	-0.007333886558	
680.900000	-0.007494116401	
681.100000	-0.007669064901	
681.300000	-0.007863680786	
681.500000	-0.008085951742	
681.700000	-0.008350025481	
681.900000	-0.008684692424	
682.100000	-0.009164033732	
682.300000	-0.010107547532	
682.500000	-0.020643269509	
682.700000	-0.109478486866	
682.900000	-0.912559864246	
683.100000	-0.517213547296	
683.300000	-0.360047493293	
683.500000	-0.287288592946	
683.700000	-0.246642906090	
683.900000	-0.262597747128	
684.100000	-0.265930936813	
684.300000	-0.251473089837	
684.500000	-0.212956128922	
684.700000	-0.134349246405	
684.900000	-0.034567207447	
685.100000	-0.006651454264	
685.300000	-0.003219512690	
685.500000	-0.002110526254	
685.700000	-0.001674380584	
685.900000	-0.001514362844	
686.100000	-0.001474415011	
686.300000	-0.001493523696	
686.500000	-0.001544257457	
686.700000	-0.001612551008	
686.900000	-0.001690468755	
687.100000	-0.001773266327	
687.300000	-0.001858039865	
687.500000	-0.001943026312	
687.700000	-0.002027199733	
687.900000	-0.002110017721	
688.100000	-0.002191253251	
688.300000	-0.002270879783	
688.500000	-0.002348992304	
688.700000	-0.002425753515	
688.900000	-0.002501357830	
689.100000	-0.002576008072	
689.300000	-0.002649901147	
689.500000	-0.002723219768	
689.700000	-0.002796128445	
689.900000	-0.002868772063	
690.100000	-0.002941276238	
690.300000	-0.003013748616	
690.500000	-0.003086280681	
690.700000	-0.003158949803	
690.900000	-0.003231821251	
691.100000	-0.003304950163	
691.300000	-0.003378383286	
691.500000	-0.003452160588	
691.700000	-0.003526316633	
691.900000	-0.003600881779	
692.100000	-0.003675883226	
692.300000	-0.003751345876	
692.500000	-0.003827293113	
692.700000	-0.003903747404	
692.900000	-0.003980730877	
693.100000	-0.004058265779	
693.300000	-0.004136374884	
693.500000	-0.004215081875	
693.700000	-0.004294411661	
693.900000	-0.004374390709	
694.100000	-0.004455047313	
694.300000	-0.004536411934	
694.500000	-0.004618517456	
694.700000	-0.004701399555	
694.900000	-0.004785096997	
695.100000	-0.004869652047	
695.300000	-0.004955110884	
695.500000	-0.005041524058	
695.700000	-0.005128947051	
695.900000	-0.005217440906	
696.100000	-0.005307072946	
696.300000	-0.005397917641	
696.500000	-0.005490057612	
696.700000	-0.005583584833	
696.900000	-0.005678602074	
697.100000	-0.005775224625	
697.300000	-0.005873582406	
697.500000	-0.005973822548	
697.700000	-0.006076112571	
697.900000	-0.006180644349	
698.100000	-0.006287639125	
698.300000	-0.006397353880	
698.500000	-0.006510089568	
698.700000	-0.006626201889	
698.900000	-0.006746115625	
699.100000	-0.006870344026	
699.300000	-0.006999515586	
699.500000	-0.007134411843	
699.700000	-0.007276022160	
699.900000	-0.007425625561	
700.100000	-0.007584917412	
700.300000	-0.007756214044	
700.500000	-0.007942800962	
700.700000	-0.008149564958	
700.900000	-0.008384241640	
701.100000	-0.008660169009	
701.300000	-0.009003417849	
701.500000	-0.009476535468	
701.700000	-0.010306772471	
701.900000	-0.015447936450	
702.100000	-0.078915221322	
702.300000	-0.713048974834	
702.500000	-0.556990890280	
702.700000	-0.372471552538	
702.900000	-0.292590979033	
703.100000	-0.244637584573	
703.300000	-0.255201125379	
703.500000	-0.261942489367	
703.700000	-0.250866686139	
703.900000	-0.217609101089	
704.100000	-0.148510956496	
704.300000	-0.048576194649	
704.500000	-0.008544910971	
704.700000	-0.003727057213	
704.900000	-0.002343053838	
705.100000	-0.001793567779	
705.300000	-0.001584182243	
705.500000	-0.001519743988	
705.700000	-0.001525256615	
705.900000	-0.001567935418	
706.100000	-0.001631357930	
706.300000	-0.001706400718	
706.500000	-0.001787644339	
706.700000	-0.001871762151	
706.900000	-0.001956707761	
707.100000	-0.002041257885	
707.300000	-0.002124730758	
707.500000	-0.002206801296	
707.700000	-0.002287375280	
707.900000	-0.002366502495	
708.100000	-0.002444316988	
708.300000	-0.002520996497	
708.500000	-0.002596735699	
708.700000	-0.002671729180	
708.900000	-0.002746161195	
709.100000	-0.002820200212	
709.300000	-0.002893996455	
709.500000	-0.002967681532	
709.700000	-0.003041369253	
709.900000	-0.003115157101	
710.100000	-0.003189128140	
710.300000	-0.003263352902	
710.500000	-0.003337891291	
710.700000	-0.003412794393	
710.900000	-0.003488106046	
711.100000	-0.003563864310	
711.300000	-0.003640102693	
711.500000	-0.003716851235	
711.700000	-0.003794137466	
711.900000	-0.003871987191	
712.100000	-0.003950425166	
712.300000	-0.004029475710	
712.500000	-0.004109163210	
712.700000	-0.004189512555	
712.900000	-0.004270549558	
713.100000	-0.004352301314	
713.300000	-0.004434796524	
713.500000	-0.004518065850	
713.700000	-0.004602142213	
713.900000	-0.004687061131	
714.100000	-0.004772861065	
714.300000	-0.004859583781	
714.500000	-0.004947274755	
714.700000	-0.005035983620	
714.900000	-0.005125764658	
715.100000	-0.005216677386	
715.300000	-0.005308787211	
715.500000	-0.005402166193	
715.700000	-0.005496893933	
715.900000	-0.005593058634	
716.100000	-0.005690758341	
716.300000	-0.005790102434	
716.500000	-0.005891213409	
716.700000	-0.005994229046	
716.900000	-0.006099305045	
717.100000	-0.006206618278	
717.300000	-0.006316370826	
717.500000	-0.006428795040	
717.700000	-0.006544159966	
717.900000	-0.006662779603	
718.100000	-0.006785023624	
718.300000	-0.006911331588	
718.500000	-0.007042231996	
718.700000	-0.007178368408	
718.900000	-0.007320535995	
719.100000	-0.007469733969	
719.300000	-0.007627242989	
719.500000	-0.007794743334	
719.700000	-0.007974502722	
719.900000	-0.008169689587	
720.100000	-0.008384928017	
720.300000	-0.008627358763	
720.500000	-0.008908883556	
720.700000	-0.009251630716	
720.900000	-0.009704434883	
721.100000	-0.010415310607	
721.300000	-0.012504400243	
721.500000	-0.048563606711	
721.700000	-0.364945976646	
721.900000	-0.645365178687	
722.100000	-0.401894138018	
722.300000	-0.305153809398	
722.500000	-0.251533535049	
722.700000	-0.245342968688	
722.900000	-0.257486595807	
723.100000	-0.251600015867	
723.300000	-0.225437179606	
723.500000	-0.168495942805	
723.700000	-0.073689799366	
723.900000	-0.013078245628	
724.100000	-0.004610667583	
724.300000	-0.002708302720	
724.500000	-0.001962719321	
724.700000	-0.001670525183	
724.900000	-0.001566865892	
725.100000	-0.001551179028	
725.300000	-0.001581303959	
725.500000	-0.001636887442	
725.700000	-0.001706921891	
725.900000	-0.001784968806	
726.100000	-0.001867091425	
726.300000	-0.001950849262	
726.500000	-0.002034751834	
726.700000	-0.002117931831	
726.900000	-0.002199934719	
727.100000	-0.002280576947	
727.300000	-0.002359848143	
727.500000	-0.002437843395	
727.700000	-0.002514716829	
727.900000	-0.002590650321	
728.100000	-0.002665833142	
728.300000	-0.002740449272	
728.500000	-0.002814670036	
728.700000	-0.002888650437	
728.900000	-0.002962527781	
729.100000	-0.003036421948	
729.300000	-0.003110436419	
729.500000	-0.003184659919	
729.700000	-0.003259168207	
729.900000	-0.003334025887	
730.100000	-0.003409288190	
730.300000	-0.003485002588	
730.500000	-0.003561210278	
730.700000	-0.003637947453	
730.900000	-0.003715246474	
731.100000	-0.003793136824	
731.300000	-0.003871645967	
731.500000	-0.003950800085	
731.700000	-0.004030624707	
731.900000	-0.004111145247	
732.100000	-0.004192387486	
732.300000	-0.004274378002	
732.500000	-0.004357144555	
732.700000	-0.004440716429	
732.900000	-0.004525124787	
733.100000	-0.004610402982	
733.300000	-0.004696586900	
733.500000	-0.004783715298	
733.700000	-0.004871830157	
733.900000	-0.004960977078	
734.100000	-0.005051205709	
734.300000	-0.005142570215	
734.500000	-0.005235129834	
734.700000	-0.005328949475	
734.900000	-0.005424100435	
735.100000	-0.005520661234	
735.300000	-0.005618718549	
735.500000	-0.005718368385	
735.700000	-0.005819717385	
735.900000	-0.005922884447	
736.100000	-0.006028002639	
736.300000	-0.006135221522	
736.500000	-0.006244709981	
736.700000	-0.006356659703	
736.900000	-0.006471289496	
737.100000	-0.006588850689	
737.300000	-0.006709633980	
737.500000	-0.006833978223	
737.700000	-0.006962281813	
737.900000	-0.007095017732	
738.100000	-0.007232753692	
738.300000	-0.007376179670	
738.500000	-0.007526146322	
738.700000	-0.007683719897	
738.900000	-0.007850263028	
739.100000	-0.008027557554	
739.300000	-0.008217998757	
739.500000	-0.008424917509	
739.700000	-0.008653147014	
739.900000	-0.008910097176	
740.100000	-0.009208002405	
740.300000	-0.009569314222	
740.500000	-0.010042595838	
740.700000	-0.010769546871	
740.900000	-0.012685674735	
741.100000	-0.045646292598	
741.300000	-0.345512432341	
741.500000	-0.649456554081	
741.700000	-0.400031271274	
741.900000	-0.302552551256	
742.100000	-0.249665796120	
742.300000	-0.240795746758	
742.500000	-0.253861030594	
742.700000	-0.248464088645	
742.900000	-0.222645680826	
743.100000	-0.166668149826	
743.300000	-0.074345751338	
743.500000	-0.013818822905	
743.700000	-0.004857536251	
743.900000	-0.002847429798	
744.100000	-0.002046417881	
744.300000	-0.001726355065	
744.500000	-0.001607680634	
744.700000	-0.001582678558	
744.900000	-0.001606341373	
745.100000	-0.001657079210	
745.300000	-0.001723287476	
745.500000	-0.001798207853	
745.700000	-0.001877713749	
745.900000	-0.001959240661	
746.100000	-0.002041210527	
746.300000	-0.002122690747	
746.500000	-0.002203176661	
746.700000	-0.002282445843	
746.900000	-0.002360457805	
747.100000	-0.002437284618	
747.300000	-0.002513063062	
747.500000	-0.002587962227	
747.700000	-0.002662162253	
747.900000	-0.002735840753	
748.100000	-0.002809164866	
748.300000	-0.002882286953	
748.500000	-0.002955342894	
748.700000	-0.003028451897	
748.900000	-0.003101717358	
749.100000	-0.003175228250	
749.300000	-0.003249060769	
749.500000	-0.003323280076	
749.700000	-0.003397941957	
749.900000	-0.003473094427	
750.100000	-0.003548779143	
750.300000	-0.003625032698	
750.500000	-0.003701887747	
750.700000	-0.003779373967	
750.900000	-0.003857518931	
751.100000	-0.003936348821	
751.300000	-0.004015889072	
751.500000	-0.004096164909	
751.700000	-0.004177201834	
751.900000	-0.004259026050	
752.100000	-0.004341664831	
752.300000	-0.004425146884	
752.500000	-0.004509502661	
752.700000	-0.004594764702	
752.900000	-0.004680967913	
753.100000	-0.004768149923	
753.300000	-0.004856351382	
753.500000	-0.004945616351	
753.700000	-0.005035992672	
753.900000	-0.005127532392	
754.100000	-0.005220292271	
754.300000	-0.005314334298	
754.500000	-0.005409726329	
754.700000	-0.005506542806	
754.900000	-0.005604865579	
755.100000	-0.005704784889	
755.300000	-0.005806400492	
755.500000	-0.005909823018	
755.700000	-0.006015175555	
755.900000	-0.006122595581	
756.100000	-0.006232237254	
756.300000	-0.006344274209	
756.500000	-0.006458902994	
756.700000	-0.006576347281	
756.900000	-0.006696863140	
757.100000	-0.006820745663	
757.300000	-0.006948337414	
757.500000	-0.007080039312	
757.700000	-0.007216324887	
757.900000	-0.007357759209	
758.100000	-0.007505024496	
758.300000	-0.007658955460	
758.500000	-0.007820589176	
758.700000	-0.007991237396	
758.900000	-0.008172594591	
759.100000	-0.008366905378	
759.300000	-0.008577235478	
759.500000	-0.008807934119	
759.700000	-0.009065477578	
759.900000	-0.009360146554	
760.100000	-0.009709774413	
760.300000	-0.010149659328	
760.500000	-0.010766927589	
760.700000	-0.011906374208	
760.900000	-0.022086541212	
761.100000	-0.132593132835	
761.300000	-0.887284046454	
761.500000	-0.468329325037	
761.700000	-0.329493972526	
761.900000	-0.266052639868	
762.100000	-0.230322711242	
762.300000	-0.247409659155	
762.500000	-0.249856715348	
762.700000	-0.232924493459	
762.900000	-0.190753929348	
763.100000	-0.112033526199	
763.300000	-0.028097948099	
763.500000	-0.006849946537	
763.700000	-0.003546067955	
763.900000	-0.002359407111	
764.100000	-0.001870862475	
764.300000	-0.001676845104	
764.500000	-0.001613155700	
764.700000	-0.001614441127	
764.900000	-0.001651067619	
765.100000	-0.001707816253	
765.300000	-0.001776101766	
765.500000	-0.001850774835	
765.700000	-0.001928649263	
765.900000	-0.002007745608	
766.100000	-0.002086862106	
766.300000	-0.002165310132	
766.500000	-0.002242741008	
766.700000	-0.002319028387	
766.900000	-0.002394187091	
767.100000	-0.002468316993	
767.300000	-0.002541564617	
767.500000	-0.002614097456	
767.700000	-0.002686087269	
767.900000	-0.002757699753	
768.100000	-0.002829088607	
768.300000	-0.002900392640	
768.500000	-0.002971734807	
768.700000	-0.003043222483	
768.900000	-0.003114948519	
769.100000	-0.003186992668	
769.300000	-0.003259423182	
769.500000	-0.003332298456	
769.700000	-0.003405668545	
769.900000	-0.003479576667	
770.100000	-0.003554060449	
770.300000	-0.003629153110	
770.500000	-0.003704884477	
770.700000	-0.003781281855	
770.900000	-0.003858370797	
771.100000	-0.003936175752	
771.300000	-0.004014720640	
771.500000	-0.004094029343	
771.700000	-0.004174126133	
771.900000	-0.004255036052	
772.100000	-0.004336785248	
772.300000	-0.004419401310	
772.500000	-0.004502913540	
772.700000	-0.004587353258	
772.900000	-0.004672754064	
773.100000	-0.004759152142	
773.300000	-0.004846586560	
773.500000	-0.004935099564	
773.700000	-0.005024736967	
773.900000	-0.005115548489	
774.100000	-0.005207588205	
774.300000	-0.005300915025	
774.500000	-0.005395593222	
774.700000	-0.005491693071	
774.900000	-0.005589291554	
775.100000	-0.005688473205	
775.300000	-0.005789331056	
775.500000	-0.005891967794	
775.700000	-0.005996497081	
775.900000	-0.006103045145	
776.100000	-0.006211752660	
776.300000	-0.006322777018	
776.500000	-0.006436295069	
776.700000	-0.006552506449	
776.900000	-0.006671637687	
777.100000	-0.006793947282	
777.300000	-0.006919732060	
777.500000	-0.007049335226	
777.700000	-0.007183156670	
777.900000	-0.007321666346	
778.100000	-0.007465421899	
778.300000	-0.007615092265	
778.500000	-0.007771489893	
778.700000	-0.007935615643	
778.900000	-0.008108722933	
779.100000	-0.008292412002	
779.300000	-0.008488773093	
779.500000	-0.008700612727	
779.700000	-0.008931828814	
779.900000	-0.009188070475	
780.100000	-0.009477989671	
780.300000	-0.009815864547	
780.500000	-0.010227918338	
780.700000	-0.010771106571	
780.900000	-0.011614050520	
781.100000	-0.013966629457	
781.300000	-0.055985886882	
781.500000	-0.500681104653	
781.700000	-0.587871179034	
781.900000	-0.372401981722	
782.100000	-0.287013236889	
782.300000	-0.239212452173	
782.500000	-0.236620504850	
782.700000	-0.248241257137	
782.900000	-0.240306555496	
783.100000	-0.210478301917	
783.300000	-0.148872964451	
783.500000	-0.057732828683	
783.700000	-0.011225615458	
783.900000	-0.004592910938	
784.100000	-0.002802223746	
784.300000	-0.002063959677	
784.500000	-0.001763612555	
784.700000	-0.001648772262	
784.900000	-0.001621834519	
785.100000	-0.001641146088	
785.300000	-0.001686401104	
785.500000	-0.001746580741	
785.700000	-0.001815239548	
785.900000	-0.001888436619	
786.100000	-0.001963722134	
786.300000	-0.002039587276	
786.500000	-0.002115137537	
786.700000	-0.002189884764	
786.900000	-0.002263608428	
787.100000	-0.002336260640	
787.300000	-0.002407900624	
787.500000	-0.002478649686	
787.700000	-0.002548660704	
787.900000	-0.002618098012	
788.100000	-0.002687124607	
788.300000	-0.002755894457	
788.500000	-0.002824548353	
788.700000	-0.002893212124	
788.900000	-0.002961996327	
789.100000	-0.003030996944	
789.300000	-0.003100296549	
789.500000	-0.003169965792	
789.700000	-0.003240064954	
789.900000	-0.003310645480	
790.100000	-0.003381751409	
790.300000	-0.003453420706	
790.500000	-0.003525686461	
790.700000	-0.003598577887	
790.900000	-0.003672121269	
791.100000	-0.003746340736	
791.300000	-0.003821258935	
791.500000	-0.003896897626	
791.700000	-0.003973278161	
791.900000	-0.004050421947	
792.100000	-0.004128350805	
792.300000	-0.004207087298	
792.500000	-0.004286655049	
792.700000	-0.004367078991	
792.900000	-0.004448385630	
793.100000	-0.004530603296	
793.300000	-0.004613762357	
793.500000	-0.004697895487	
793.700000	-0.004783037903	
793.900000	-0.004869227617	
794.100000	-0.004956505736	
794.300000	-0.005044916764	
794.500000	-0.005134508943	
794.700000	-0.005225334634	
794.900000	-0.005317450754	
795.100000	-0.005410919252	
795.300000	-0.005505807681	
795.500000	-0.005602189824	
795.700000	-0.005700146443	
795.900000	-0.005799766125	
796.100000	-0.005901146285	
796.300000	-0.006004394328	
796.500000	-0.006109629018	
796.700000	-0.006216982112	
796.900000	-0.006326600278	
797.100000	-0.006438647418	
797.300000	-0.006553307463	
797.500000	-0.006670787759	
797.700000	-0.006791323222	
797.900000	-0.006915181486	
798.100000	-0.007042669301	
798.300000	-0.007174140621	
798.500000	-0.007310006921	
798.700000	-0.007450750519	
798.900000	-0.007596942051	
799.100000	-0.007749263755	
799.300000	-0.007908541039	
799.500000	-0.008075786203	
799.700000	-0.008252260396	
799.900000	-0.008439563852	
800.100000	-0.008639771510	
800.300000	-0.008855644685	
800.500000	-0.009090976698	
800.700000	-0.009351189627	
800.900000	-0.009644439799	
801.100000	-0.009983863310	
801.300000	-0.010392751788	
801.500000	-0.010918928131	
801.700000	-0.011689307565	
801.900000	-0.013328342417	
802.100000	-0.037146518572	
802.300000	-0.286525086639	
802.500000	-0.672965110756	
802.700000	-0.399205202786	
802.900000	-0.297798445497	
803.100000	-0.246558425590	
803.300000	-0.228903194758	
803.500000	-0.245114477998	
803.700000	-0.241531476825	
803.900000	-0.216653805123	
804.100000	-0.162384232406	
804.300000	-0.074569395095	
804.500000	-0.015104134696	
804.700000	-0.005336944172	
804.900000	-0.003120313616	
805.100000	-0.002211888668	
805.300000	-0.001836054846	
805.500000	-0.001685070850	
805.700000	-0.001637851180	
805.900000	-0.001644111279	
806.100000	-0.001680015122	
806.300000	-0.001732923334	
806.500000	-0.001795567523	
806.700000	-0.001863551419	
806.900000	-0.001934154656	
807.100000	-0.002005698294	
807.300000	-0.002077176154	
807.500000	-0.002148024482	
807.700000	-0.002217970484	
807.900000	-0.002286929623	
808.100000	-0.002354935222	
808.300000	-0.002422090152	
808.500000	-0.002488534117	
808.700000	-0.002554421987	
808.900000	-0.002619909854	
809.100000	-0.002685146633	
809.300000	-0.002750269284	
809.500000	-0.002815400629	
809.700000	-0.002880648763	
809.900000	-0.002946107544	
810.100000	-0.003011857597	
810.300000	-0.003077967711	
810.500000	-0.003144496296	
810.700000	-0.003211492866	
810.900000	-0.003278999471	
811.100000	-0.003347051940	
811.300000	-0.003415681088	
811.500000	-0.003484913724	
811.700000	-0.003554773543	
811.900000	-0.003625281921	
812.100000	-0.003696458544	
812.300000	-0.003768322017	
812.500000	-0.003840890318	
812.700000	-0.003914181242	
812.900000	-0.003988212733	
813.100000	-0.004063003217	
813.300000	-0.004138571855	
813.500000	-0.004214938790	
813.700000	-0.004292125368	
813.900000	-0.004370154339	
814.100000	-0.004449050036	
814.300000	-0.004528838585	
814.500000	-0.004609548065	
814.700000	-0.004691208731	
814.900000	-0.004773853184	
815.100000	-0.004857516608	
815.300000	-0.004942236999	
815.500000	-0.005028055410	
815.700000	-0.005115016243	
815.900000	-0.005203167578	
816.100000	-0.005292561509	
816.300000	-0.005383254565	
816.500000	-0.005475308159	
816.700000	-0.005568789123	
816.900000	-0.005663770296	
817.100000	-0.005760331232	
817.300000	-0.005858558988	
817.500000	-0.005958549058	
817.700000	-0.006060406456	
817.900000	-0.006164246981	
818.100000	-0.006270198717	
818.300000	-0.006378403796	
818.500000	-0.006489020504	
818.700000	-0.006602225806	
818.900000	-0.006718218399	
819.100000	-0.006837222401	
819.300000	-0.006959491909	
819.500000	-0.007085316603	
819.700000	-0.007215028754	
819.900000	-0.007349012088	
820.100000	-0.007487713077	
820.300000	-0.007631655555	
820.500000	-0.007781459917	
820.700000	-0.007937868707	
820.900000	-0.008101781387	
821.100000	-0.008274302553	
821.300000	-0.008456810411	
821.500000	-0.008651056733	
821.700000	-0.008859317508	
821.900000	-0.009084628903	
822.100000	-0.009331174243	
822.300000	-0.009604955964	
822.500000	-0.009915049863	
822.700000	-0.010276179795	
822.900000	-0.010714745164	
823.100000	-0.011285989464	
823.300000	-0.012142407869	
823.500000	-0.014145705852	
823.700000	-0.048226581016	
823.900000	-0.440630563568	
824.100000	-0.603804209096	
824.300000	-0.373567742046	
824.500000	-0.285727860451	
824.700000	-0.238962447480	
824.900000	-0.230376811317	
825.100000	-0.244354080707	
825.300000	-0.237523093560	
825.500000	-0.208088386144	
825.700000	-0.147102539408	
825.900000	-0.057881819033	
826.100000	-0.011715627920	
826.300000	-0.004841540219	
826.500000	-0.002963147313	
826.700000	-0.002161409764	
826.900000	-0.001826181223	
827.100000	-0.001690281580	
827.300000	-0.001648156587	
827.500000	-0.001654956994	
827.700000	-0.001689020895	
827.900000	-0.001738722070	
828.100000	-0.001797335750	
828.300000	-0.001860792180	
828.500000	-0.001926582268	
828.700000	-0.001993168802	
828.900000	-0.002059641123	
829.100000	-0.002125498463	
829.300000	-0.002190507534	
829.500000	-0.002254606415	
829.700000	-0.002317839005	
829.900000	-0.002380310426	
830.100000	-0.002442157137	
830.300000	-0.002503527247	
830.500000	-0.002564568130	
830.700000	-0.002625418976	
830.900000	-0.002686206795	
831.100000	-0.002747044633	
831.300000	-0.002808031276	
831.500000	-0.002869251856	
831.700000	-0.002930778952	
831.900000	-0.002992673963	
832.100000	-0.003054988514	
832.300000	-0.003117765912	
832.500000	-0.003181042482	
832.700000	-0.003244848758	
832.900000	-0.003309210605	
833.100000	-0.003374150151	
833.300000	-0.003439686633	
833.500000	-0.003505837100	
833.700000	-0.003572617024	
833.900000	-0.003640040827	
834.100000	-0.003708122295	
834.300000	-0.003776874976	
834.500000	-0.003846312477	
834.700000	-0.003916448734	
834.900000	-0.003987298250	
835.100000	-0.004058876281	
835.300000	-0.004131199021	
835.500000	-0.004204283762	
835.700000	-0.004278149028	
835.900000	-0.004352814726	
836.100000	-0.004428302265	
836.300000	-0.004504634706	
836.500000	-0.004581836885	
836.700000	-0.004659935560	
836.900000	-0.004738959562	
837.100000	-0.004818939963	
837.300000	-0.004899910250	
837.500000	-0.004981906529	
837.700000	-0.005064967732	
837.900000	-0.005149135885	
838.100000	-0.005234456357	
838.300000	-0.005320978200	
838.500000	-0.005408754481	
838.700000	-0.005497842685	
838.900000	-0.005588305176	
839.100000	-0.005680209712	
839.300000	-0.005773630042	
839.500000	-0.005868646582	
839.700000	-0.005965347220	
839.900000	-0.006063828212	
840.100000	-0.006164195254	
840.300000	-0.006266564725	
840.500000	-0.006371065139	
840.700000	-0.006477838872	
840.900000	-0.006587044198	
841.100000	-0.006698857730	
841.300000	-0.006813477357	
841.500000	-0.006931125789	
841.700000	-0.007052054888	
841.900000	-0.007176551003	
842.100000	-0.007304941594	
842.300000	-0.007437603527	
842.500000	-0.007574973625	
842.700000	-0.007717562194	
842.900000	-0.007865970640	
843.100000	-0.008020914762	
843.300000	-0.008183256056	
843.500000	-0.008354044619	
843.700000	-0.008534579285	
843.900000	-0.008726494020	
844.100000	-0.008931885798	
844.300000	-0.009153510571	
844.500000	-0.009395096320	
844.700000	-0.009661869288	
844.900000	-0.009961496531	
845.100000	-0.010305918334	
845.300000	-0.010715325357	
845.500000	-0.011228261709	
845.700000	-0.011934520010	
845.900000	-0.013147957219	
846.100000	-0.020308902189	
846.300000	-0.133258936147	
846.500000	-0.875784367697	
846.700000	-0.451749293470	
846.900000	-0.316567743654	
847.100000	-0.257688410603	
847.300000	-0.221979703509	
847.500000	-0.238699831783	
847.700000	-0.242112025001	
847.900000	-0.223773631901	
848.100000	-0.178362305278	
848.300000	-0.097867488842	
848.500000	-0.023436857555	
848.700000	-0.006675486801	
848.900000	-0.003648417293	
849.100000	-0.002462729908	
849.300000	-0.001957393852	
849.500000	-0.001745218392	
849.700000	-0.001663631642	
849.900000	-0.001647133751	
850.100000	-0.001665867839	
850.300000	-0.001704538569	
850.500000	-0.001754594425	
850.700000	-0.001810973534	
850.900000	-0.001870590803	
851.100000	-0.001931558545	
851.300000	-0.001992746574	
851.500000	-0.002053514677	
851.700000	-0.002113540847	
851.900000	-0.002172707171	
852.100000	-0.002231022881	
852.300000	-0.002288572207	
852.500000	-0.002345479516	
852.700000	-0.002401886317	
852.900000	-0.002457936648	
853.100000	-0.002513768196	
853.300000	-0.002569507350	
853.500000	-0.002625266871	
853.700000	-0.002681145232	
853.900000	-0.002737227014	
854.100000	-0.002793583924	
854.300000	-0.002850276106	
854.500000	-0.002907353586	
854.700000	-0.002964857694	
854.900000	-0.003022822445	
855.100000	-0.003081275776	
855.300000	-0.003140240653	
855.500000	-0.003199736072	
855.700000	-0.003259777882	
855.900000	-0.003320379527	
856.100000	-0.003381552651	
856.300000	-0.003443307637	
856.500000	-0.003505654018	
856.700000	-0.003568600869	
856.900000	-0.003632157090	
857.100000	-0.003696331673	
857.300000	-0.003761133903	
857.500000	-0.003826573550	
857.700000	-0.003892661006	
857.900000	-0.003959407426	
858.100000	-0.004026824831	
858.300000	-0.004094926213	
858.500000	-0.004163725624	
858.700000	-0.004233238272	
858.900000	-0.004303480590	
859.100000	-0.004374470329	
859.300000	-0.004446226643	
859.500000	-0.004518770177	
859.700000	-0.004592123166	
859.900000	-0.004666309530	
860.100000	-0.004741355005	
860.300000	-0.004817287250	
860.500000	-0.004894135993	
860.700000	-0.004971933189	
860.900000	-0.005050713195	
861.100000	-0.005130512949	
861.300000	-0.005211372204	
861.500000	-0.005293333763	
861.700000	-0.005376443752	
861.900000	-0.005460751942	
862.100000	-0.005546312083	
862.300000	-0.005633182324	
862.500000	-0.005721425640	
862.700000	-0.005811110374	
862.900000	-0.005902310806	
863.100000	-0.005995107848	
863.300000	-0.006089589808	
863.500000	-0.006185853300	
863.700000	-0.006284004291	
863.900000	-0.006384159309	
864.100000	-0.006486446880	
864.300000	-0.006591009204	
864.500000	-0.006698004138	
864.700000	-0.006807607570	
864.900000	-0.006920016246	
865.100000	-0.007035451194	
865.300000	-0.007154161879	
865.500000	-0.007276431299	
865.700000	-0.007402582280	
865.900000	-0.007532985338	
866.100000	-0.007668068587	
866.300000	-0.007808330406	
866.500000	-0.007954355785	
866.700000	-0.008106837786	
866.900000	-0.008266606137	
867.100000	-0.008434666032	
867.300000	-0.008612251879	
867.500000	-0.008800903540	
867.700000	-0.009002577435	
867.900000	-0.009219813760	
868.100000	-0.009455997873	
868.300000	-0.009715788147	
868.500000	-0.010005857234	
868.700000	-0.010336272450	
868.900000	-0.010723322469	
869.100000	-0.011196119191	
869.300000	-0.011815368790	
869.500000	-0.012748205675	
869.700000	-0.014949522882	
869.900000	-0.054546074614	
870.100000	-0.574654991639	
870.300000	-0.568774743034	
870.500000	-0.357468530759	
870.700000	-0.277466700114	
870.900000	-0.234517606990	
871.100000	-0.229264226323	
871.300000	-0.242690148113	
871.500000	-0.233727005675	
871.700000	-0.200287398307	
871.900000	-0.133397195657	
872.100000	-0.045571661737	
872.300000	-0.009833506052	
872.500000	-0.004541498411	
872.700000	-0.002869889203	
872.900000	-0.002136450431	
873.100000	-0.001824681497	
873.300000	-0.001694418811	
873.500000	-0.001650424680	
873.700000	-0.001651567950	
873.900000	-0.001677753668	
874.100000	-0.001718149597	
874.300000	-0.001766507113	
874.500000	-0.001819078797	
874.700000	-0.001873588462	
874.900000	-0.001928670757	
875.100000	-0.001983540833	
875.300000	-0.002037787386	
875.500000	-0.002091237792	
875.700000	-0.002143868178	
875.900000	-0.002195743212	
876.100000	-0.002246975923	
876.300000	-0.002297701380	
876.500000	-0.002348059898	
876.700000	-0.002398186840	
876.900000	-0.002448206857	
877.100000	-0.002498231037	
877.300000	-0.002548356036	
877.500000	-0.002598664348	
877.700000	-0.002649225258	
877.900000	-0.002700096169	
878.100000	-0.002751324089	
878.300000	-0.002802947087	
878.500000	-0.002854995674	
878.700000	-0.002907494127	
878.900000	-0.002960461606	
879.100000	-0.003013913147	
879.300000	-0.003067860551	
879.500000	-0.003122313109	
879.700000	-0.003177278211	
879.900000	-0.003232761888	
880.100000	-0.003288769212	
880.300000	-0.003345304700	
880.500000	-0.003402372559	
880.700000	-0.003459976946	
880.900000	-0.003518122177	
881.100000	-0.003576812857	
881.300000	-0.003636054037	
881.500000	-0.003695851297	
881.700000	-0.003756210838	
881.900000	-0.003817139576	
882.100000	-0.003878645169	
882.300000	-0.003940736094	
882.500000	-0.004003421674	
882.700000	-0.004066712159	
882.900000	-0.004130618713	
883.100000	-0.004195153512	
883.300000	-0.004260329740	
883.500000	-0.004326161674	
883.700000	-0.004392664712	
883.900000	-0.004459855424	
884.100000	-0.004527751633	
884.300000	-0.004596372454	
884.500000	-0.004665738393	
884.700000	-0.004735871412	
884.900000	-0.004806795032	
885.100000	-0.004878534432	
885.300000	-0.004951116558	
885.500000	-0.005024570265	
885.700000	-0.005098926448	
885.900000	-0.005174218208	
886.100000	-0.005250481032	
886.300000	-0.005327752990	
886.500000	-0.005406074965	
886.700000	-0.005485490902	
886.900000	-0.005566048098	
887.100000	-0.005647797518	
887.300000	-0.005730794157	
887.500000	-0.005815097455	
887.700000	-0.005900771753	
887.900000	-0.005987886835	
888.100000	-0.006076518521	
888.300000	-0.006166749368	
888.500000	-0.006258669460	
888.700000	-0.006352377334	
888.900000	-0.006447981040	
889.100000	-0.006545599383	
889.300000	-0.006645363376	
889.500000	-0.006747417944	
889.700000	-0.006851923943	
889.900000	-0.006959060553	
890.100000	-0.007069028157	
890.300000	-0.007182051787	
890.500000	-0.007298385329	
890.700000	-0.007418316654	
890.900000	-0.007542173950	
891.100000	-0.007670333621	
891.300000	-0.007803230209	
891.500000	-0.007941369052	
891.700000	-0.008085342581	
891.900000	-0.008235851637	
892.100000	-0.008393733781	
892.300000	-0.008560001558	
892.500000	-0.008735895250	
892.700000	-0.008922957319	
892.900000	-0.009123140218	
893.100000	-0.009338967481	
893.300000	-0.009573783357	
893.500000	-0.009832157159	
893.700000	-0.010120574768	
893.900000	-0.010448705230	
894.100000	-0.010831938410	
894.300000	-0.011297133629	
894.500000	-0.011898220091	
894.700000	-0.012773349017	
894.900000	-0.014550745809	
895.100000	-0.039541442254	
895.300000	-0.377038490352	
895.500000	-0.630023355116	
895.700000	-0.376645037493	
895.900000	-0.285645728141	
896.100000	-0.240796248136	
896.300000	-0.224847571423	
896.500000	-0.242272881127	
896.700000	-0.236727681909	
896.900000	-0.206641305008	
897.100000	-0.143704637628	
897.300000	-0.054469542303	
897.500000	-0.011295968261	
897.700000	-0.004857297504	
897.900000	-0.002998475300	
898.100000	-0.002189048759	
898.300000	-0.001844654559	
898.500000	-0.001697867527	
898.700000	-0.001643416564	
898.900000	-0.001636593337	
899.100000	-0.001655876544	
899.300000	-0.001689811637	
899.500000	-0.001731865334	
899.700000	-0.001778161061	
899.900000	-0.001826369428	
900.100000	-0.001875109793	
900.300000	-0.001923600211	
900.500000	-0.001971440037	
900.700000	-0.002018469293	
900.900000	-0.002064675851	
901.100000	-0.002110133812	
901.300000	-0.002154962878	
901.500000	-0.002199302026	
901.700000	-0.002243293057	
901.900000	-0.002287070772	
902.100000	-0.002330757626	
902.300000	-0.002374461281	
902.500000	-0.002418274077	
902.700000	-0.002462273564	
902.900000	-0.002506523719	
903.100000	-0.002551076422	
903.300000	-0.002595973063	
903.500000	-0.002641246108	
903.700000	-0.002686920557	
903.900000	-0.002733015263	
904.100000	-0.002779544106	
904.300000	-0.002826516980	
904.500000	-0.002873940681	
904.700000	-0.002921819611	
904.900000	-0.002970156392	
905.100000	-0.003018952363	
905.300000	-0.003068208005	
905.500000	-0.003117923245	
905.700000	-0.003168097768	
905.900000	-0.003218731185	
906.100000	-0.003269823239	
906.300000	-0.003321373928	
906.500000	-0.003373383612	
906.700000	-0.003425853088	
906.900000	-0.003478783663	
907.100000	-0.003532177192	
907.300000	-0.003586036115	
907.500000	-0.003640363491	
907.700000	-0.003695163016	
907.900000	-0.003750439036	
908.100000	-0.003806196556	
908.300000	-0.003862441269	
908.500000	-0.003919179546	
908.700000	-0.003976418466	
908.900000	-0.004034165810	
909.100000	-0.004092430102	
909.300000	-0.004151220596	
909.500000	-0.004210547313	
909.700000	-0.004270421063	
909.900000	-0.004330853465	
910.100000	-0.004391856985	
910.300000	-0.004453444964	
910.500000	-0.004515631658	
910.700000	-0.004578432290	
910.900000	-0.004641863091	
911.100000	-0.004705941360	
911.300000	-0.004770685529	
911.500000	-0.004836115230	
911.700000	-0.004902251376	
911.900000	-0.004969116243	
912.100000	-0.005036733570	
912.300000	-0.005105128666	
912.500000	-0.005174328524	
912.700000	-0.005244361962	
912.900000	-0.005315259753	
913.100000	-0.005387054807	
913.300000	-0.005459782331	
913.500000	-0.005533480048	
913.700000	-0.005608188414	
913.900000	-0.005683950865	
914.100000	-0.005760814110	
914.300000	-0.005838828430	
914.500000	-0.005918048056	
914.700000	-0.005998531554	
914.900000	-0.006080342290	
915.100000	-0.006163548943	
915.300000	-0.006248226094	
915.500000	-0.006334454905	
915.700000	-0.006422323886	
915.900000	-0.006511929789	
916.100000	-0.006603378638	
916.300000	-0.006696786928	
916.500000	-0.006792283015	
916.700000	-0.006890008761	
916.900000	-0.006990121462	
917.100000	-0.007092796142	
917.300000	-0.007198228281	
917.500000	-0.007306637105	
917.700000	-0.007418269547	
917.900000	-0.007533405096	
918.100000	-0.007652361736	
918.300000	-0.007775503320	
918.500000	-0.007903248811	
918.700000	-0.008036083966	
918.900000	-0.008174576323	
919.100000	-0.008319394642	
919.300000	-0.008471334532	
919.500000	-0.008631352783	
919.700000	-0.008800614211	
919.900000	-0.008980556996	
920.100000	-0.009172986032	
920.300000	-0.009380210186	
920.500000	-0.009605251002	
920.700000	-0.009852173039	
920.900000	-0.010126632945	
921.100000	-0.010436849504	
921.300000	-0.010795456991	
921.500000	-0.011223437018	
921.700000	-0.011759792991	
921.900000	-0.012491517991	
922.100000	-0.013695997926	
922.300000	-0.018558786184	
922.500000	-0.119531163468	
922.700000	-0.919029313298	
922.900000	-0.455208585592	
923.100000	-0.314948669948	
923.300000	-0.257688155728	
923.500000	-0.222575186579	
923.700000	-0.236904691309	
923.900000	-0.241995580997	
924.100000	-0.222799698199	
924.300000	-0.174161967072	
924.500000	-0.090018010227	
924.700000	-0.020250872869	
924.900000	-0.006308995865	
925.100000	-0.003552671696	
925.300000	-0.002422106294	
925.500000	-0.001939246662	
925.700000	-0.001730838467	
925.900000	-0.001644349855	
926.100000	-0.001618242857	
926.300000	-0.001624341193	
926.500000	-0.001648224769	
926.700000	-0.001681901967	
926.900000	-0.001720724675	
927.100000	-0.001761935952	
927.300000	-0.001803913263	
927.500000	-0.001845738553	
927.700000	-0.001886937117	
927.900000	-0.001927311638	
928.100000	-0.001966834048	
928.300000	-0.002005574451	
928.500000	-0.002043654651	
928.700000	-0.002081218355	
928.900000	-0.002118412619	
929.100000	-0.002155376871	
935.080000	-0.003393361533	
935.280000	-0.003440545171	
935.480000	-0.003488092470	
935.680000	-0.003536004539	
935.880000	-0.003584282986	
936.080000	-0.003632929886	
936.280000	-0.003681947811	
936.480000	-0.003731339786	
936.680000	-0.003781109308	
936.880000	-0.003831260330	
937.080000	-0.003881797267	
937.280000	-0.003932724980	
937.480000	-0.003984048801	
937.680000	-0.004035774512	
937.880000	-0.004087908369	
938.080000	-0.004140457100	
938.280000	-0.004193427923	
938.480000	-0.004246828551	
938.680000	-0.004300667217	
938.880000	-0.004354952682	
939.080000	-0.004409694267	
939.280000	-0.004464901864	
939.480000	-0.004520585975	
939.680000	-0.004576757738	
939.880000	-0.004633428957	
940.080000	-0.004690612138	
940.280000	-0.004748320541	
940.480000	-0.004806568210	
940.680000	-0.004865370034	
940.880000	-0.004924741795	
941.080000	-0.004984700228	
941.280000	-0.005045263088	
941.480000	-0.005106449222	
941.680000	-0.005168278642	
941.880000	-0.005230772618	
942.080000	-0.005293953766	
942.280000	-0.005357846155	
942.480000	-0.005422475425	
942.680000	-0.005487868902	
942.880000	-0.005554055748	
943.080000	-0.005621067108	
943.280000	-0.005688936282	
943.480000	-0.005757698917	
943.680000	-0.005827393210	
943.880000	-0.005898060149	
944.080000	-0.005969743769	
944.280000	-0.006042491450	
944.480000	-0.006116354244	
944.680000	-0.006191387242	
944.880000	-0.006267649998	
945.080000	-0.006345206998	
945.280000	-0.006424128203	
945.480000	-0.006504489653	
945.680000	-0.006586374182	
945.880000	-0.006669872211	
946.080000	-0.006755082687	
946.280000	-0.006842114149	
946.480000	-0.006931085986	
946.680000	-0.007022129893	
946.880000	-0.007115391585	
947.080000	-0.007211032825	
947.280000	-0.007309233823	
947.480000	-0.007410196104	
947.680000	-0.007514145965	
947.880000	-0.007621338649	
948.080000	-0.007732063444	
948.280000	-0.007846649963	
948.480000	-0.007965475928	
948.680000	-0.008088976952	
948.880000	-0.008217658931	
949.080000	-0.008352113944	
949.280000	-0.008493040950	
949.480000	-0.008641273096	
949.680000	-0.008797814393	
949.880000	-0.008963889885	
950.080000	-0.009141015807	
950.280000	-0.009331100137	
950.480000	-0.009536590977	
950.680000	-0.009760703118	
950.880000	-0.010007778476	
951.080000	-0.010283888956	
951.280000	-0.010597910013	
951.480000	-0.010963593435	
951.680000	-0.011404029400	
951.880000	-0.011962868809	
952.080000	-0.012740406744	
952.280000	-0.014079975175	
952.480000	-0.022037735277	
952.680000	-0.173760719866	
952.880000	-0.792602867726	
953.080000	-0.421023585226	
953.280000	-0.302063031029	
953.480000	-0.251827676009	
953.680000	-0.220994587208	
953.880000	-0.240401775215	
954.080000	-0.241598890568	
954.280000	-0.217207460396	
954.480000	-0.160554482808	
954.680000	-0.071031015130	
954.880000	-0.014616690647	
955.080000	-0.005501199938	
955.280000	-0.003279827532	
955.480000	-0.002307307235	
955.680000	-0.001888925643	
955.880000	-0.001705488753	
956.080000	-0.001628303625	
956.280000	-0.001604283925	
956.480000	-0.001608621625	
956.680000	-0.001628456829	
956.880000	-0.001656631085	
957.080000	-0.001688998155	
957.280000	-0.001723130853	
957.480000	-0.001757634965	
957.680000	-0.001791754138	
957.880000	-0.001825128264	
958.080000	-0.001857639946	
958.280000	-0.001889315064	
958.480000	-0.001920258224	
969.020000	-0.003823788791	
969.220000	-0.003867395315	
969.420000	-0.003911274450	
969.620000	-0.003955429132	
969.820000	-0.003999862521	
970.020000	-0.004044578007	
970.220000	-0.004089579211	
970.420000	-0.004134869996	
970.620000	-0.004180454472	
970.820000	-0.004226337006	
971.020000	-0.004272522226	
971.220000	-0.004319015039	
971.420000	-0.004365820636	
971.620000	-0.004412944511	
971.820000	-0.004460392467	
972.020000	-0.004508170643	
972.220000	-0.004556285521	
972.420000	-0.004604743944	
972.620000	-0.004653553145	
972.820000	-0.004702720757	
973.020000	-0.004752254845	
973.220000	-0.004802163927	
973.420000	-0.004852456996	
973.620000	-0.004903143559	
973.820000	-0.004954233657	
974.020000	-0.005005737909	
974.220000	-0.005057667541	
974.420000	-0.005110034428	
974.620000	-0.005162851132	
974.820000	-0.005216130956	
975.020000	-0.005269887987	
975.220000	-0.005324137149	
975.420000	-0.005378894269	
975.620000	-0.005434176133	
975.820000	-0.005490000559	
976.020000	-0.005546386470	
976.220000	-0.005603353978	
976.420000	-0.005660924478	
976.620000	-0.005719120740	
976.820000	-0.005777967022	
977.020000	-0.005837489187	
977.220000	-0.005897714840	
977.420000	-0.005958673467	
977.620000	-0.006020396597	
977.820000	-0.006082917988	
978.020000	-0.006146273812	
978.220000	-0.006210502887	
978.420000	-0.006275646917	
978.620000	-0.006341750771	
978.820000	-0.006408862790	
979.020000	-0.006477035134	
979.220000	-0.006546324176	
979.420000	-0.006616790947	
979.620000	-0.006688501634	
979.820000	-0.006761528160	
980.020000	-0.006835948835	
980.220000	-0.006911849107	
980.420000	-0.006989322427	
980.620000	-0.007068471250	
980.820000	-0.007149408192	
981.020000	-0.007232257381	
981.220000	-0.007317156044	
981.420000	-0.007404256371	
981.620000	-0.007493727720	
981.820000	-0.007585759256	
982.020000	-0.007680563096	
982.220000	-0.007778378121	
982.420000	-0.007879474603	
982.620000	-0.007984159878	
982.820000	-0.008092785357	
983.020000	-0.008205755284	
983.220000	-0.008323537769	
983.420000	-0.008446678873	
983.620000	-0.008575820793	
983.820000	-0.008711725697	
984.020000	-0.008855307432	
984.220000	-0.009007674483	
984.420000	-0.009170189348	
984.620000	-0.009344552508	
984.820000	-0.009532924410	
985.020000	-0.009738108269	
985.220000	-0.009963834412	
985.420000	-0.010215222845	
985.620000	-0.010499578684	
985.820000	-0.010827859617	
986.020000	-0.011217645377	
986.220000	-0.011699964807	
986.420000	-0.012338279037	
986.620000	-0.013301441130	
986.820000	-0.015468710954	
987.020000	-0.055392594176	
987.220000	-0.695847871788	
987.420000	-0.552896851918	
987.620000	-0.346435442960	
987.820000	-0.272946077217	
988.020000	-0.235425556351	
988.220000	-0.230692520980	
988.420000	-0.245268375638	
988.620000	-0.233482276072	
988.820000	-0.192565691298	
989.020000	-0.114012315429	
989.220000	-0.030200881481	
989.420000	-0.007584967084	
989.620000	-0.003948709591	
989.820000	-0.002575228510	
990.020000	-0.001986696821	
990.220000	-0.001731779686	
990.420000	-0.001619476842	
990.620000	-0.001575275293	
990.820000	-0.001566245150	
991.020000	-0.001576031677	
991.220000	-0.001595808167	
991.420000	-0.001620571563	
991.620000	-0.001647437148	
991.820000	-0.001674765851	
992.020000	-0.001701675903	
992.220000	-0.001727750359	
1008.500000	-0.004150383015	
1008.700000	-0.004187172822	
1008.900000	-0.004224112256	
1009.100000	-0.004261202480	
1009.300000	-0.004298444763	
1009.500000	-0.004335840481	
1009.700000	-0.004373391121	
1009.900000	-0.004411098291	
1010.100000	-0.004448963718	
1010.300000	-0.004486989260	
1010.500000	-0.004525176909	
1010.700000	-0.004563528794	
1010.900000	-0.004602047194	
1011.100000	-0.004640734541	
1011.300000	-0.004679593425	
1011.500000	-0.004718626605	
1011.700000	-0.004757837016	
1011.900000	-0.004797227779	
1012.100000	-0.004836802203	
1012.300000	-0.004876563804	
1012.500000	-0.004916516305	
1012.700000	-0.004956663657	
1012.900000	-0.004997010040	
1013.100000	-0.005037559879	
1013.300000	-0.005078317859	
1013.500000	-0.005119288934	
1013.700000	-0.005160478341	
1013.900000	-0.005201891620	
1014.100000	-0.005243534623	
1014.300000	-0.005285413537	
1014.500000	-0.005327534897	
1014.700000	-0.005369905608	
1014.900000	-0.005412532969	
1015.100000	-0.005455424689	
1015.300000	-0.005498588912	
1015.500000	-0.005542034248	
1015.700000	-0.005585769795	
1015.900000	-0.005629805170	
1016.100000	-0.005674150542	
1016.300000	-0.005718816665	
1016.500000	-0.005763814919	
1016.700000	-0.005809157344	
1016.900000	-0.005854856687	
1017.100000	-0.005900926453	
1017.300000	-0.005947380948	
1017.500000	-0.005994235344	
1017.700000	-0.006041505731	
1017.900000	-0.006089209190	
1018.100000	-0.006137363864	
1018.300000	-0.006185989035	
1018.500000	-0.006235105213	
1018.700000	-0.006284734230	
1018.900000	-0.006334899345	
1019.100000	-0.006385625362	
1019.300000	-0.006436938754	
1019.500000	-0.006488867803	
1019.700000	-0.006541442763	
1019.900000	-0.006594696023	
1020.100000	-0.006648662309	
1020.300000	-0.006703378893	
1020.500000	-0.006758885833	
1020.700000	-0.006815226248	
1020.900000	-0.006872446613	
1021.100000	-0.006930597104	
1021.300000	-0.006989731978	
1021.500000	-0.007049910014	
1021.700000	-0.007111195003	
1021.900000	-0.007173656315	
1022.100000	-0.007237369543	
1022.300000	-0.007302417244	
1022.500000	-0.007368889794	
1022.700000	-0.007436886374	
1022.900000	-0.007506516120	
1023.100000	-0.007577899468	
1023.300000	-0.007651169720	
1023.500000	-0.007726474908	
1023.700000	-0.007803979989	
1023.900000	-0.007883869477	
1024.100000	-0.007966350595	
1024.300000	-0.008051657088	
1024.500000	-0.008140053870	
1024.700000	-0.008231842726	
1024.900000	-0.008327369386	
1025.100000	-0.008427032357	
1025.300000	-0.008531294100	
1025.500000	-0.008640695320	
1025.700000	-0.008755873468	
1025.900000	-0.008877587055	
1026.100000	-0.009006748109	
1026.300000	-0.009144466291	
1026.500000	-0.009292110097	
1026.700000	-0.009451393794	
1026.900000	-0.009624504306	
1027.100000	-0.009814292430	
1027.300000	-0.010024572200	
1027.500000	-0.010260611705	
1027.700000	-0.010529985195	
1027.900000	-0.010844164293	
1028.100000	-0.011221790185	
1028.300000	-0.011696370097	
1028.500000	-0.012338454828	
1028.700000	-0.013346850272	
1028.900000	-0.016002955039	
1029.100000	-0.075303471119	
1029.300000	-0.970372220571	
1029.500000	-0.502879341292	
1029.700000	-0.328505939717	
1029.900000	-0.265504973772	
1030.100000	-0.231282567375	
1030.300000	-0.235438810053	
1030.500000	-0.246178718907	
1030.700000	-0.229399805120	
1030.900000	-0.180700143380	
1031.100000	-0.093688593353	
1031.300000	-0.020529155414	
1031.500000	-0.006253403018	
1031.700000	-0.003487468857	
1031.900000	-0.002350283147	
1032.100000	-0.001870512563	
1032.300000	-0.001659737162	
1032.500000	-0.001565781083	
1032.700000	-0.001528280228	
1032.900000	-0.001519883384	
1033.100000	-0.001526770057	
1033.300000	-0.001541431580	
1033.500000	-0.001559635051	
1033.700000	-0.001578987648	
1033.900000	-0.001598183334	
1053.900000	-0.003700801131	
1059.460000	-0.004385277141	
1059.660000	-0.004409565157	
1059.860000	-0.004433818368	
1060.060000	-0.004458035749	
1060.260000	-0.004482216293	
1060.460000	-0.004506359015	
1060.660000	-0.004530462946	
1060.860000	-0.004554527141	
1061.060000	-0.004578550674	
1061.260000	-0.004602532637	
1061.460000	-0.004626472143	
1061.660000	-0.004650368327	
1061.860000	-0.004674220342	
1062.060000	-0.004698027362	
1062.260000	-0.004721788580	
1062.460000	-0.004745503211	
1062.660000	-0.004769170489	
1062.860000	-0.004792789669	
1063.060000	-0.004816360026	
1063.260000	-0.004839880853	
1063.460000	-0.004863351466	
1063.660000	-0.004886771200	
1063.860000	-0.004910139411	
1064.060000	-0.004933455474	
1064.260000	-0.004956718784	
1064.460000	-0.004979928758	
1064.660000	-0.005003084831	
1064.860000	-0.005026186460	
1065.060000	-0.005049233120	
1065.260000	-0.005072224307	
1065.460000	-0.005095159538	
1065.660000	-0.005118038348	
1065.860000	-0.005140860295	
1066.060000	-0.005163624954	
1066.260000	-0.005186331920	
1066.460000	-0.005208980812	
1066.660000	-0.005231571264	
1066.860000	-0.005254102933	
1067.060000	-0.005276575494	
1067.260000	-0.005298988644	
1067.460000	-0.005321342098	
1067.660000	-0.005343635592	
1067.860000	-0.005365868883	
1068.060000	-0.005388041745	
1068.260000	-0.005410153974	
1068.460000	-0.005432205387	
1068.660000	-0.005454195818	
1068.860000	-0.005476125124	
1069.060000	-0.005497993180	
1069.260000	-0.005519799882	
1069.460000	-0.005541545146	
1069.660000	-0.005563228908	
1069.860000	-0.005584851125	
1070.060000	-0.005606411774	
1070.260000	-0.005627910851	
1070.460000	-0.005649348374	
1070.660000	-0.005670724381	
1070.860000	-0.005692038931	
1071.060000	-0.005713292103	
1071.260000	-0.005734483999	
1071.460000	-0.005755614738	
1071.660000	-0.005776684464	
1071.860000	-0.005797693340	
1072.060000	-0.005818641552	
1072.260000	-0.005839529305	
1072.460000	-0.005860356829	
1072.660000	-0.005881124374	
1072.860000	-0.005901832213	
1073.060000	-0.005922480641	
1073.260000	-0.005943069975	
1073.460000	-0.005963600556	
1073.660000	-0.005984072748	
1073.860000	-0.006004486937	
1074.060000	-0.006024843536	
1074.260000	-0.006045142979	
1074.460000	-0.006065385726	
1074.660000	-0.006085572261	
1074.860000	-0.006105703093	
1075.060000	-0.006125778759	
1075.260000	-0.006145799819	
1075.460000	-0.006165766861	
1075.660000	-0.006185680500	
1075.860000	-0.006205541379	
1076.060000	-0.006225350167	
1076.260000	-0.006245107566	
1076.460000	-0.006264814303	
1076.660000	-0.006284471136	
1076.860000	-0.006304078856	
1077.060000	-0.006323638282	
1077.260000	-0.006343150267	
1077.460000	-0.006362615698	
1077.660000	-0.006382035493	
1077.860000	-0.006401410608	
1078.060000	-0.006420742031	
1078.260000	-0.006440030790	
1078.460000	-0.006459277949	
1078.660000	-0.006478484610	
1078.860000	-0.006497651917	
1079.060000	-0.006516781053	
1079.260000	-0.006535873247	
1079.460000	-0.006554929767	
1079.660000	-0.006573951930	
1079.860000	-0.006592941099	
1080.060000	-0.006611898685	
1080.260000	-0.006630826148	
1080.460000	-0.006649725003	
1080.660000	-0.006668596816	
1080.860000	-0.006687443209	
1081.060000	-0.006706265863	
1081.260000	-0.006725066519	
1081.460000	-0.006743846980	
1081.660000	-0.006762609113	
1081.860000	-0.006781354855	
1082.060000	-0.006800086210	
1082.260000	-0.006818805259	
1082.460000	-0.006837514154	
1082.660000	-0.006856215133	
1082.860000	-0.006874910511	
1083.060000	-0.006893602693	
1083.260000	-0.006912294173	
1083.460000	-0.006930987542	
1083.660000	-0.006949685486	
1083.860000	-0.006968390799	
1084.060000	-0.006987106378	
1084.260000	-0.007005835239	
1084.460000	-0.007024580514	
1084.660000	-0.007043345461	
1084.860000	-0.007062133469	
1085.060000	-0.007080948065	
1085.260000	-0.007099792920	
1085.460000	-0.007118671858	
1085.660000	-0.007137588865	
1085.860000	-0.007156548092	
1086.060000	-0.007175553873	
1086.260000	-0.007194610726	
1086.460000	-0.007213723369	
1086.660000	-0.007232896728	
1086.860000	-0.007252135952	
1087.060000	-0.007271446423	
1087.260000	-0.007290833770	
1087.460000	-0.007310303886	
1087.660000	-0.007329862940	
1087.860000	-0.007349517398	
1088.060000	-0.007369274037	
1088.260000	-0.007389139969	
1088.460000	-0.007409122659	
1088.660000	-0.007429229948	
1088.860000	-0.007449470080	
1089.060000	-0.007469851725	
1089.260000	-0.007490384010	
1089.460000	-0.007511076553	
1089.660000	-0.007531939489	
1089.860000	-0.007552983514	
1090.060000	-0.007574219923	
1090.260000	-0.007595660653	
1090.460000	-0.007617318329	
1090.660000	-0.007639206317	
1090.860000	-0.007661338784	
1091.060000	-0.007683730755	
1091.260000	-0.007706398182	
1091.460000	-0.007729358021	
1091.660000	-0.007752628314	
1091.860000	-0.007776228278	
1092.060000	-0.007800178404	
1092.260000	-0.007824500573	
1092.460000	-0.007849218173	
1092.660000	-0.007874356238	
1092.860000	-0.007899941600	
1093.060000	-0.007926003058	
1093.260000	-0.007952571567	
1093.460000	-0.007979680450	
1093.660000	-0.008007365636	
1093.860000	-0.008035665932	
1094.060000	-0.008064623319	
1094.260000	-0.008094283305	
1094.460000	-0.008124695308	
1094.660000	-0.008155913105	
1094.860000	-0.008187995340	
1095.060000	-0.008221006111	
1095.260000	-0.008255015640	
1095.460000	-0.008290101055	
1095.660000	-0.008326347294	
1095.860000	-0.008363848165	
1096.060000	-0.008402707578	
1096.260000	-0.008443041014	
1096.460000	-0.008484977247	
1096.660000	-0.008528660408	
1096.860000	-0.008574252457	
1097.060000	-0.008621936169	
1097.260000	-0.008671918755	
1097.460000	-0.008724436314	
1097.660000	-0.008779759320	
1097.860000	-0.008838199480	
1098.060000	-0.008900118355	
1098.260000	-0.008965938362	
1098.460000	-0.009036156946	
1098.660000	-0.009111365107	
1098.860000	-0.009192271992	
1099.060000	-0.009279738077	
1099.260000	-0.009374820826	
1099.460000	-0.009478838910	
1099.660000	-0.009593464835	
1099.860000	-0.009720862552	
1100.060000	-0.009863899127	
1100.260000	-0.010026484220	
1100.460000	-0.010214143109	
1100.660000	-0.010435047896	
1100.860000	-0.010702033772	
1101.060000	-0.011037008858	
1101.260000	-0.011482288656	
1101.460000	-0.012138308513	
1101.660000	-0.013373498809	
1101.860000	-0.024158079441	
1102.060000	-0.214684721515	
1102.260000	-0.744105554275	
1102.460000	-0.401468106167	
1102.660000	-0.292382475886	
1102.860000	-0.248207498308	
1103.060000	-0.221305844530	
1103.260000	-0.242837110261	
1103.460000	-0.241544848257	
1103.660000	-0.210624212012	
1103.860000	-0.140961410993	
1104.060000	-0.045948118311	
1104.260000	-0.009086076281	
1104.460000	-0.004041990946	
1104.660000	-0.002461005037	
1104.860000	-0.001847328796	
1105.060000	-0.001588613792	
1105.260000	-0.001472632969	
1105.460000	-0.001422073560	
1105.660000	-0.001403895343	
1105.860000	-0.001402070650	
1106.060000	-0.001408149391	
1106.260000	-0.001417488010	
1126.260000	-0.002356868671	
1146.260000	-0.003283183366	
1166.260000	-0.003382959665	
1186.260000	-0.003066484640	
1206.260000	-0.002712676793	
1226.260000	-0.002411036648	
1246.260000	-0.002160760473	
1266.260000	-0.001951110899	
1286.260000	-0.001773671022	
1306.260000	-0.001622384359	
1326.260000	-0.001492726243	
1346.260000	-0.001381179865	
1366.260000	-0.001284927923	
1386.260000	-0.001201667914	
1406.260000	-0.001129493327	
1426.260000	-0.001066810497	
1446.260000	-0.001012278063	
1466.260000	-0.000964761186	
1486.260000	-0.000923295912	
1506.260000	-0.000887060802	
1526.260000	-0.000855353996	
1546.260000	-0.000827574410	
1566.260000	-0.000803206188	
1586.260000	-0.000781805752	
1606.260000	-0.000762990946	
1626.260000	-0.000746431924	
1646.260000	-0.000731843455	
1666.260000	-0.000718978435	
1686.260000	-0.000707622393	
1706.260000	-0.000697588845	
1726.260000	-0.000688715351	
1746.260000	-0.000680860176	
1766.260000	-0.000673899448	
1786.260000	-0.000667724746	
1806.260000	-0.000662241039	
1826.260000	-0.000657364933	
1846.260000	-0.000653023163	
1866.260000	-0.000649151305	
1886.260000	-0.000645692670	
1906.260000	-0.000642597340	
1926.260000	-0.000639821344	
1946.260000	-0.000637325940	
1966.260000	-0.000635076988	
1986.260000	-0.000633044406	
2006.260000	-0.000631201693	
2026.260000	-0.000629525509	
2046.260000	-0.000627995310	
2066.260000	-0.000626593024	
2086.260000	-0.000625302762	
2106.260000	-0.000624110570	
2126.260000	-0.000623004204	
2146.260000	-0.000621972931	
2166.260000	-0.000621007357	
2186.260000	-0.000620099267	
2206.260000	-0.000619241490	
2226.260000	-0.000618427777	
2246.260000	-0.000617652689	
2266.260000	-0.000616911503	
2286.260000	-0.000616200124	
2306.260000	-0.000615515010	
2326.260000	-0.000614853105	
2346.260000	-0.000614211779	
2366.260000	-0.000613588772	
2386.260000	-0.000612982149	
2406.260000	-0.000612390261	
2426.260000	-0.000611811701	
2446.260000	-0.000611245281	
2466.260000	-0.000610689994	
2486.260000	-0.000610144996	
