0.000000	0.016224966276	
20.000000	0.016195923976	
40.000000	0.016168363758	
60.000000	0.016147046511	
80.000000	0.016131060474	
100.000000	0.016118775453	
120.000000	0.016242020653	
140.000000	0.016331558320	
160.000000	0.016432841669	
180.000000	0.016541404982	
200.000000	0.016644947457	
220.000000	0.016725089711	
240.000000	0.016759193842	
260.000000	0.016723315914	
280.000000	0.016596376839	
300.000000	0.016365080603	
320.000000	0.016028263543	
340.000000	0.015590354485	
360.000000	0.015083677915	
380.000000	0.014545881145	
400.000000	0.014007858048	
420.000000	0.013489032194	
440.000000	0.012995717749	
460.000000	0.012522099119	
480.000000	0.012047689288	
495.760000	0.011572831734	
495.960000	0.011327303931	
496.160000	0.009196183151	
496.360000	0.002266337161	
496.560000	0.000000004879	
496.760000	0.000000000237	
496.960000	0.000000000994	
497.160000	0.000000022473	
497.360000	0.000000272889	
497.560000	0.000001295842	
497.760000	0.000005667698	
497.960000	0.000028818993	
498.160000	0.000161984310	
498.360000	0.000593398416	
498.560000	0.000928817426	
498.760000	0.001212259104	
518.760000	0.005596265246	
527.800000	0.005937435836	
528.000000	0.005937898069	
528.200000	0.005937663543	
528.400000	0.005936500410	
528.600000	0.005933928643	
528.800000	0.005928523705	
529.000000	0.005893933657	
529.200000	0.005184780189	
529.400000	0.001548653124	
529.600000	0.000000003278	
529.800000	0.000000000064	
530.000000	0.000000000230	
530.200000	0.000000005382	
530.400000	0.000000098013	
530.600000	0.000000536204	
530.800000	0.000002220350	
531.000000	0.000010025795	
531.200000	0.000053122741	
531.400000	0.000247785601	
531.600000	0.000459168743	
531.800000	0.000646347056	
532.000000	0.000805066938	
550.500000	0.003422671465	
550.700000	0.003429296308	
550.900000	0.003435699831	
551.100000	0.003441882169	
551.300000	0.003447843224	
551.500000	0.003453582634	
551.700000	0.003459099720	
551.900000	0.003464393431	
552.100000	0.003469462272	
552.300000	0.003474304217	
552.500000	0.003478916593	
552.700000	0.003483295943	
552.900000	0.003487437834	
553.100000	0.003491336612	
553.300000	0.003494985076	
553.500000	0.003498374014	
553.700000	0.003501491566	
553.900000	0.003504322283	
554.100000	0.003506845724	
554.300000	0.003509034241	
554.500000	0.003510849321	
554.700000	0.003512235118	
554.900000	0.003513105969	
555.100000	0.003513319172	
555.300000	0.003512603574	
555.500000	0.003510299652	
555.700000	0.003502998527	
555.900000	0.003315129357	
556.100000	0.001697683712	
556.300000	0.000000194587	
556.500000	0.000000000042	
556.700000	0.000000000060	
556.900000	0.000000001029	
557.100000	0.000000027028	
557.300000	0.000000199396	
557.500000	0.000000844666	
557.700000	0.000003418265	
557.900000	0.000016261067	
558.100000	0.000086450370	
558.300000	0.000232157794	
558.500000	0.000367335204	
558.700000	0.000488212929	
558.900000	0.000592212904	
559.100000	0.000683043503	
570.940000	0.002189454371	
571.140000	0.002198774659	
571.340000	0.002207877683	
571.540000	0.002216765797	
571.740000	0.002225441239	
571.940000	0.002233906140	
572.140000	0.002242162527	
572.340000	0.002250212334	
572.540000	0.002258057398	
572.740000	0.002265699467	
572.940000	0.002273140198	
573.140000	0.002280381156	
573.340000	0.002287423811	
573.540000	0.002294269538	
573.740000	0.002300919605	
573.940000	0.002307375173	
574.140000	0.002313637281	
574.340000	0.002319706835	
574.540000	0.002325584595	
574.740000	0.002331271156	
574.940000	0.002336766925	
575.140000	0.002342072097	
575.340000	0.002347186618	
575.540000	0.002352110149	
575.740000	0.002356842014	
575.940000	0.002361381139	
576.140000	0.002365725977	
576.340000	0.002369874410	
576.540000	0.002373823620	
576.740000	0.002377569934	
576.940000	0.002381108605	
577.140000	0.002384433526	
577.340000	0.002387536830	
577.540000	0.002390408335	
577.740000	0.002393034727	
577.940000	0.002395398343	
578.140000	0.002397475256	
578.340000	0.002399232113	
578.540000	0.002400620568	
578.740000	0.002401566560	
578.940000	0.002401947043	
579.140000	0.002401529328	
579.340000	0.002399752973	
579.540000	0.002393848461	
579.740000	0.002247920141	
579.940000	0.000983597693	
580.140000	0.000000020619	
580.340000	0.000000000024	
580.540000	0.000000000042	
580.740000	0.000000000760	
580.940000	0.000000019844	
581.140000	0.000000146035	
581.340000	0.000000613475	
581.540000	0.000002397886	
581.740000	0.000010884588	
581.940000	0.000056580554	
582.140000	0.000162421464	
582.340000	0.000268245859	
582.540000	0.000365560522	
582.740000	0.000450419985	
582.940000	0.000524941197	
583.140000	0.000591680946	
583.340000	0.000652391553	
590.500000	0.001552286470	
590.700000	0.001564172538	
590.900000	0.001575763905	
591.100000	0.001587070327	
591.300000	0.001598100729	
591.500000	0.001608863285	
591.700000	0.001619365495	
591.900000	0.001629614251	
592.100000	0.001639615896	
592.300000	0.001649376282	
592.500000	0.001658900813	
592.700000	0.001668194492	
592.900000	0.001677261956	
593.100000	0.001686107517	
593.300000	0.001694735185	
593.500000	0.001703148700	
593.700000	0.001711351553	
593.900000	0.001719347011	
594.100000	0.001727138132	
594.300000	0.001734727782	
594.500000	0.001742118648	
594.700000	0.001749313252	
594.900000	0.001756313956	
595.100000	0.001763122973	
595.300000	0.001769742370	
595.500000	0.001776174069	
595.700000	0.001782419855	
595.900000	0.001788481367	
596.100000	0.001794360098	
596.300000	0.001800057389	
596.500000	0.001805574421	
596.700000	0.001810912201	
596.900000	0.001816071546	
597.100000	0.001821053069	
597.300000	0.001825857145	
597.500000	0.001830483888	
597.700000	0.001834933108	
597.900000	0.001839204265	
598.100000	0.001843296407	
598.300000	0.001847208093	
598.500000	0.001850937296	
598.700000	0.001854481280	
598.900000	0.001857836431	
599.100000	0.001860998042	
599.300000	0.001863960018	
599.500000	0.001866714465	
599.700000	0.001869251116	
599.900000	0.001871556488	
600.100000	0.001873612599	
600.300000	0.001875394954	
600.500000	0.001876869174	
600.700000	0.001877984977	
600.900000	0.001878664369	
601.100000	0.001878775309	
601.300000	0.001878059915	
601.500000	0.001875851695	
601.700000	0.001867365476	
601.900000	0.001642420608	
602.100000	0.000320709395	
602.300000	0.000000000403	
602.500000	0.000000000014	
602.700000	0.000000000052	
602.900000	0.000000001240	
603.100000	0.000000026864	
603.300000	0.000000166102	
603.500000	0.000000668344	
603.700000	0.000002591600	
603.900000	0.000011793579	
604.100000	0.000058265203	
604.300000	0.000147531380	
604.500000	0.000238963493	
604.700000	0.000323094055	
604.900000	0.000397090992	
605.100000	0.000462602264	
605.300000	0.000521597265	
605.500000	0.000575455564	
605.700000	0.000625094592	
605.900000	0.000671144507	
606.100000	0.000714060338	
606.300000	0.000754188355	
606.500000	0.000791805365	
606.700000	0.000827142206	
606.900000	0.000860397902	
607.100000	0.000891748228	
607.300000	0.000921350914	
607.500000	0.000949348865	
607.700000	0.000975872211	
607.900000	0.001001039702	
608.100000	0.001024959731	
608.300000	0.001047731168	
608.500000	0.001069444079	
608.700000	0.001090180394	
608.900000	0.001110014538	
609.100000	0.001129014029	
609.300000	0.001147240058	
609.500000	0.001164748031	
609.700000	0.001181588083	
609.900000	0.001197805563	
610.100000	0.001213441483	
610.300000	0.001228532925	
610.500000	0.001243113427	
610.700000	0.001257213331	
610.900000	0.001270860091	
611.100000	0.001284078570	
611.300000	0.001296891292	
611.500000	0.001309318680	
611.700000	0.001321379265	
611.900000	0.001333089878	
612.100000	0.001344465820	
612.300000	0.001355521018	
612.500000	0.001366268157	
612.700000	0.001376718812	
612.900000	0.001386883553	
613.100000	0.001396772047	
613.300000	0.001406393147	
613.500000	0.001415754974	
613.700000	0.001424864987	
613.900000	0.001433730046	
614.100000	0.001442356472	
614.300000	0.001450750099	
614.500000	0.001458916316	
614.700000	0.001466860111	
614.900000	0.001474586108	
615.100000	0.001482098594	
615.300000	0.001489401555	
615.500000	0.001496498691	
615.700000	0.001503393445	
615.900000	0.001510089017	
616.100000	0.001516588383	
616.300000	0.001522894301	
616.500000	0.001529009325	
616.700000	0.001534935813	
616.900000	0.001540675926	
617.100000	0.001546231633	
617.300000	0.001551604707	
617.500000	0.001556796724	
617.700000	0.001561809045	
617.900000	0.001566642816	
618.100000	0.001571298940	
618.300000	0.001575778060	
618.500000	0.001580080526	
618.700000	0.001584206362	
618.900000	0.001588155218	
619.100000	0.001591926305	
619.300000	0.001595518328	
619.500000	0.001598929382	
619.700000	0.001602156830	
619.900000	0.001605197138	
620.100000	0.001608045658	
620.300000	0.001610696337	
620.500000	0.001613141308	
620.700000	0.001615370321	
620.900000	0.001617369915	
621.100000	0.001619122160	
621.300000	0.001620602700	
621.500000	0.001621777498	
621.700000	0.001622597090	
621.900000	0.001622985480	
622.100000	0.001622815869	
622.300000	0.001621846667	
622.500000	0.001619485885	
622.700000	0.001612551018	
622.900000	0.001454799750	
623.100000	0.000351805852	
623.300000	0.000000000701	
623.500000	0.000000000012	
623.700000	0.000000000034	
623.900000	0.000000000752	
624.100000	0.000000018668	
624.300000	0.000000129206	
624.500000	0.000000533765	
624.700000	0.000002025204	
624.900000	0.000008743962	
625.100000	0.000042579024	
625.300000	0.000120157236	
625.500000	0.000204416540	
625.700000	0.000284443661	
625.900000	0.000355640185	
626.100000	0.000418829615	
626.300000	0.000475725247	
626.500000	0.000527633642	
626.700000	0.000575444480	
626.900000	0.000619773017	
627.100000	0.000661063477	
627.300000	0.000699652779	
627.500000	0.000735809022	
627.700000	0.000769754801	
627.900000	0.000801681379	
628.100000	0.000831757310	
628.300000	0.000860133701	
628.500000	0.000886947453	
628.700000	0.000912323310	
628.900000	0.000936375231	
629.100000	0.000959207376	
629.300000	0.000980914894	
629.500000	0.001001584594	
629.700000	0.001021295566	
629.900000	0.001040119760	
630.100000	0.001058122549	
630.300000	0.001075363263	
630.500000	0.001091895694	
630.700000	0.001107768588	
630.900000	0.001123026090	
631.100000	0.001137708173	
631.300000	0.001151851030	
631.500000	0.001165487432	
631.700000	0.001178647061	
631.900000	0.001191356814	
632.100000	0.001203641072	
632.300000	0.001215521954	
632.500000	0.001227019539	
632.700000	0.001238152070	
632.900000	0.001248936138	
633.100000	0.001259386845	
633.300000	0.001269517952	
633.500000	0.001279342016	
633.700000	0.001288870503	
633.900000	0.001298113901	
634.100000	0.001307081813	
634.300000	0.001315783042	
634.500000	0.001324225674	
634.700000	0.001332417140	
634.900000	0.001340364281	
635.100000	0.001348073401	
635.300000	0.001355550320	
635.500000	0.001362800411	
635.700000	0.001369828644	
635.900000	0.001376639614	
636.100000	0.001383237574	
636.300000	0.001389626457	
636.500000	0.001395809903	
636.700000	0.001401791266	
636.900000	0.001407573639	
637.100000	0.001413159859	
637.300000	0.001418552511	
637.500000	0.001423753940	
637.700000	0.001428766242	
637.900000	0.001433591265	
638.100000	0.001438230598	
638.300000	0.001442685561	
638.500000	0.001446957179	
638.700000	0.001451046164	
638.900000	0.001454952875	
639.100000	0.001458677281	
639.300000	0.001462218900	
639.500000	0.001465576731	
639.700000	0.001468749164	
639.900000	0.001471733859	
640.100000	0.001474527601	
640.300000	0.001477126093	
640.500000	0.001479523690	
640.700000	0.001481713032	
640.900000	0.001483684534	
641.100000	0.001485425655	
641.300000	0.001486919817	
641.500000	0.001488144748	
641.700000	0.001489069825	
641.900000	0.001489651544	
642.100000	0.001489825194	
642.300000	0.001489487926	
642.500000	0.001488458778	
642.700000	0.001486358762	
642.900000	0.001482022423	
643.100000	0.001452079809	
643.300000	0.000931376983	
643.500000	0.000002675997	
643.700000	0.000000000024	
643.900000	0.000000000011	
644.100000	0.000000000127	
644.300000	0.000000004094	
644.500000	0.000000053799	
644.700000	0.000000268832	
644.900000	0.000001028374	
645.100000	0.000004024081	
645.300000	0.000018394364	
645.500000	0.000073480118	
645.700000	0.000150848867	
645.900000	0.000231004056	
646.100000	0.000304706780	
646.300000	0.000370373627	
646.500000	0.000429198220	
646.700000	0.000482577545	
646.900000	0.000531533118	
647.100000	0.000576775408	
647.300000	0.000618810920	
647.500000	0.000658016559	
647.700000	0.000694686144	
647.900000	0.000729059021	
648.100000	0.000761337651	
648.300000	0.000791698402	
648.500000	0.000820298171	
648.700000	0.000847278458	
648.900000	0.000872767912	
649.100000	0.000896883982	
649.300000	0.000919734060	
649.500000	0.000941416340	
649.700000	0.000962020523	
649.900000	0.000981628448	
650.100000	0.001000314675	
650.300000	0.001018147038	
650.500000	0.001035187177	
650.700000	0.001051491050	
650.900000	0.001067109415	
651.100000	0.001082088286	
651.300000	0.001096469366	
651.500000	0.001110290441	
651.700000	0.001123585750	
651.900000	0.001136386326	
652.100000	0.001148720303	
652.300000	0.001160613201	
652.500000	0.001172088181	
652.700000	0.001183166280	
652.900000	0.001193866618	
653.100000	0.001204206590	
653.300000	0.001214202036	
653.500000	0.001223867395	
653.700000	0.001233215843	
653.900000	0.001242259418	
654.100000	0.001251009129	
654.300000	0.001259475058	
654.500000	0.001267666448	
654.700000	0.001275591785	
654.900000	0.001283258865	
655.100000	0.001290674860	
655.300000	0.001297846377	
655.500000	0.001304779502	
655.700000	0.001311479848	
655.900000	0.001317952593	
656.100000	0.001324202512	
656.300000	0.001330234008	
656.500000	0.001336051131	
656.700000	0.001341657606	
656.900000	0.001347056841	
657.100000	0.001352251940	
657.300000	0.001357245716	
657.500000	0.001362040685	
657.700000	0.001366639072	
657.900000	0.001371042801	
658.100000	0.001375253482	
658.300000	0.001379272397	
658.500000	0.001383100470	
658.700000	0.001386738239	
658.900000	0.001390185805	
659.100000	0.001393442783	
659.300000	0.001396508222	
659.500000	0.001399380518	
659.700000	0.001402057287	
659.900000	0.001404535213	
660.100000	0.001406809837	
660.300000	0.001408875283	
660.500000	0.001410723883	
660.700000	0.001412345653	
660.900000	0.001413727551	
661.100000	0.001414852391	
661.300000	0.001415697187	
661.500000	0.001416230521	
661.700000	0.001416408121	
661.900000	0.001416164876	
662.100000	0.001415398976	
662.300000	0.001413935757	
662.500000	0.001411425533	
662.700000	0.001406907311	
662.900000	0.001390057458	
663.100000	0.001027385581	
663.300000	0.000018351491	
663.500000	0.000000000037	
663.700000	0.000000000008	
663.900000	0.000000000067	
664.100000	0.000000002170	
664.300000	0.000000038000	
664.500000	0.000000213634	
664.700000	0.000000838820	
664.900000	0.000003195981	
665.100000	0.000013860599	
665.300000	0.000058137867	
665.500000	0.000130809210	
665.700000	0.000209296236	
665.900000	0.000283336126	
666.100000	0.000349867379	
666.300000	0.000409510930	
666.500000	0.000463566896	
666.700000	0.000513068386	
666.900000	0.000558750557	
667.100000	0.000601140970	
667.300000	0.000640632243	
667.500000	0.000677529506	
667.700000	0.000712080213	
667.900000	0.000744492705	
668.100000	0.000774947736	
668.300000	0.000803605597	
668.500000	0.000830610536	
668.700000	0.000856093530	
668.900000	0.000880174077	
669.100000	0.000902961422	
669.300000	0.000924555466	
669.500000	0.000945047505	
669.700000	0.000964520870	
669.900000	0.000983051520	
670.100000	0.001000708600	
670.300000	0.001017554976	
670.500000	0.001033647751	
670.700000	0.001049038744	
670.900000	0.001063774957	
671.100000	0.001077899005	
671.300000	0.001091449518	
671.500000	0.001104461512	
671.700000	0.001116966737	
671.900000	0.001128993987	
672.100000	0.001140569387	
672.300000	0.001151716656	
672.500000	0.001162457344	
672.700000	0.001172811039	
672.900000	0.001182795570	
673.100000	0.001192427173	
673.300000	0.001201720651	
673.500000	0.001210689514	
673.700000	0.001219346105	
673.900000	0.001227701714	
674.100000	0.001235766677	
674.300000	0.001243550469	
674.500000	0.001251061785	
674.700000	0.001258308610	
674.900000	0.001265298285	
675.100000	0.001272037561	
675.300000	0.001278532654	
675.500000	0.001284789281	
675.700000	0.001290812707	
675.900000	0.001296607769	
676.100000	0.001302178908	
676.300000	0.001307530193	
676.500000	0.001312665334	
676.700000	0.001317587697	
676.900000	0.001322300315	
677.100000	0.001326805889	
677.300000	0.001331106785	
677.500000	0.001335205028	
677.700000	0.001339102290	
677.900000	0.001342799870	
678.100000	0.001346298659	
678.300000	0.001349599110	
678.500000	0.001352701185	
678.700000	0.001355604285	
678.900000	0.001358307176	
679.100000	0.001360807875	
679.300000	0.001363103512	
679.500000	0.001365190153	
679.700000	0.001367062555	
679.900000	0.001368713853	
680.100000	0.001370135115	
680.300000	0.001371314743	
680.500000	0.001372237595	
680.700000	0.001372883705	
680.900000	0.001373226318	
681.100000	0.001373228735	
681.300000	0.001372838953	
681.500000	0.001371979850	
681.700000	0.001370529249	
681.900000	0.001368273056	
682.100000	0.001364765377	
682.300000	0.001358648928	
682.500000	0.001324013870	
682.700000	0.000747196667	
682.900000	0.000000316927	
683.100000	0.000000000014	
683.300000	0.000000000009	
683.500000	0.000000000122	
683.700000	0.000000004397	
683.900000	0.000000058741	
684.100000	0.000000300043	
684.300000	0.000001153350	
684.500000	0.000004442219	
684.700000	0.000019302680	
684.900000	0.000070938108	
685.100000	0.000143544906	
685.300000	0.000220696235	
685.500000	0.000292921985	
685.700000	0.000357956295	
685.900000	0.000416495385	
686.100000	0.000469710979	
686.300000	0.000518531028	
686.500000	0.000563627199	
686.700000	0.000605490586	
686.900000	0.000644492956	
687.100000	0.000680927473	
687.300000	0.000715034659	
687.500000	0.000747018753	
687.700000	0.000777057970	
687.900000	0.000805310899	
688.100000	0.000831920524	
688.300000	0.000857016773	
688.500000	0.000880718201	
688.700000	0.000903133169	
688.900000	0.000924360731	
689.100000	0.000944491369	
689.300000	0.000963607638	
689.500000	0.000981784764	
689.700000	0.000999091205	
689.900000	0.001015589192	
690.100000	0.001031335239	
690.300000	0.001046380629	
690.500000	0.001060771875	
690.700000	0.001074551151	
690.900000	0.001087756686	
691.100000	0.001100423139	
691.300000	0.001112581936	
691.500000	0.001124261582	
691.700000	0.001135487944	
691.900000	0.001146284508	
692.100000	0.001156672615	
692.300000	0.001166671668	
692.500000	0.001176299327	
692.700000	0.001185571678	
692.900000	0.001194503385	
693.100000	0.001203107836	
693.300000	0.001211397259	
693.500000	0.001219382837	
693.700000	0.001227074810	
693.900000	0.001234482559	
694.100000	0.001241614690	
694.300000	0.001248479100	
694.500000	0.001255083043	
694.700000	0.001261433184	
694.900000	0.001267535646	
695.100000	0.001273396052	
695.300000	0.001279019563	
695.500000	0.001284410907	
695.700000	0.001289574402	
695.900000	0.001294513980	
696.100000	0.001299233200	
696.300000	0.001303735255	
696.500000	0.001308022981	
696.700000	0.001312098853	
696.900000	0.001315964980	
697.100000	0.001319623087	
697.300000	0.001323074501	
697.500000	0.001326320116	
697.700000	0.001329360354	
697.900000	0.001332195116	
698.100000	0.001334823711	
698.300000	0.001337244772	
698.500000	0.001339456145	
698.700000	0.001341454742	
698.900000	0.001343236360	
699.100000	0.001344795430	
699.300000	0.001346124694	
699.500000	0.001347214757	
699.700000	0.001348053472	
699.900000	0.001348625066	
700.100000	0.001348908860	
700.300000	0.001348877322	
700.500000	0.001348492995	
700.700000	0.001347703338	
700.900000	0.001346431465	
701.100000	0.001344557844	
701.300000	0.001341878936	
701.500000	0.001337991702	
701.700000	0.001331812424	
701.900000	0.001313026314	
702.100000	0.000928586564	
702.300000	0.000007188495	
702.500000	0.000000000023	
702.700000	0.000000000006	
702.900000	0.000000000057	
703.100000	0.000000002074	
703.300000	0.000000039457	
703.500000	0.000000232925	
703.700000	0.000000929554	
703.900000	0.000003514884	
704.100000	0.000014661548	
704.300000	0.000057337674	
704.500000	0.000126471808	
704.700000	0.000203012553	
704.900000	0.000276478047	
705.100000	0.000343182708	
705.300000	0.000403270506	
705.500000	0.000457824873	
705.700000	0.000507793663	
705.900000	0.000553881032	
706.100000	0.000596606042	
706.300000	0.000636362196	
706.500000	0.000673459213	
706.700000	0.000708150284	
706.900000	0.000740649507	
707.100000	0.000771142938	
707.300000	0.000799795575	
707.500000	0.000826755774	
707.700000	0.000852158075	
707.900000	0.000876125077	
708.100000	0.000898768732	
708.300000	0.000920191324	
708.500000	0.000940486254	
708.700000	0.000959738728	
708.900000	0.000978026382	
709.100000	0.000995419865	
709.300000	0.001011983399	
709.500000	0.001027775303	
709.700000	0.001042848500	
709.900000	0.001057250981	
710.100000	0.001071026254	
710.300000	0.001084213755	
710.500000	0.001096849223	
710.700000	0.001108965057	
710.900000	0.001120590634	
711.100000	0.001131752600	
711.300000	0.001142475141	
711.500000	0.001152780217	
711.700000	0.001162687789	
711.900000	0.001172216010	
712.100000	0.001181381404	
712.300000	0.001190199027	
712.500000	0.001198682607	
712.700000	0.001206844678	
712.900000	0.001214696691	
713.100000	0.001222249120	
713.300000	0.001229511551	
713.500000	0.001236492769	
713.700000	0.001243200823	
713.900000	0.001249643101	
714.100000	0.001255826378	
714.300000	0.001261756869	
714.500000	0.001267440273	
714.700000	0.001272881812	
714.900000	0.001278086255	
715.100000	0.001283057954	
715.300000	0.001287800856	
715.500000	0.001292318524	
715.700000	0.001296614141	
715.900000	0.001300690522	
716.100000	0.001304550106	
716.300000	0.001308194953	
716.500000	0.001311626728	
716.700000	0.001314846679	
716.900000	0.001317855610	
717.100000	0.001320653835	
717.300000	0.001323241129	
717.500000	0.001325616658	
717.700000	0.001327778890	
717.900000	0.001329725485	
718.100000	0.001331453149	
718.300000	0.001332957444	
718.500000	0.001334232549	
718.700000	0.001335270930	
718.900000	0.001336062904	
719.100000	0.001336596037	
719.300000	0.001336854294	
719.500000	0.001336816818	
719.700000	0.001336456088	
719.900000	0.001335735059	
720.100000	0.001334602462	
720.300000	0.001332984577	
720.500000	0.001330769539	
720.700000	0.001327773623	
720.900000	0.001323654526	
721.100000	0.001317605914	
721.300000	0.001305890651	
721.500000	0.001128817274	
721.700000	0.000104378923	
721.900000	0.000000000097	
722.100000	0.000000000005	
722.300000	0.000000000020	
722.500000	0.000000000631	
722.700000	0.000000019230	
722.900000	0.000000150685	
723.100000	0.000000655883	
723.300000	0.000002469434	
723.500000	0.000009850053	
723.700000	0.000040588615	
723.900000	0.000104292348	
724.100000	0.000179304273	
724.300000	0.000254405203	
724.500000	0.000323592405	
724.700000	0.000386034651	
724.900000	0.000442625082	
725.100000	0.000494339978	
725.300000	0.000541937284	
725.500000	0.000585981660	
725.700000	0.000626901231	
725.900000	0.000665031541	
726.100000	0.000700645209	
726.300000	0.000733971230	
726.500000	0.000765207376	
726.700000	0.000794528118	
726.900000	0.000822089690	
727.100000	0.000848033353	
727.300000	0.000872487556	
727.500000	0.000895569430	
727.700000	0.000917385890	
727.900000	0.000938034516	
728.100000	0.000957604290	
728.300000	0.000976176276	
728.500000	0.000993824229	
728.700000	0.001010615185	
728.900000	0.001026610013	
729.100000	0.001041863933	
729.300000	0.001056427014	
729.500000	0.001070344629	
729.700000	0.001083657889	
729.900000	0.001096404036	
730.100000	0.001108616813	
730.300000	0.001120326794	
730.500000	0.001131561695	
730.700000	0.001142346651	
730.900000	0.001152704469	
731.100000	0.001162655855	
731.300000	0.001172219624	
731.500000	0.001181412884	
731.700000	0.001190251203	
731.900000	0.001198748764	
732.100000	0.001206918495	
732.300000	0.001214772195	
732.500000	0.001222320638	
732.700000	0.001229573675	
732.900000	0.001236540317	
733.100000	0.001243228814	
733.300000	0.001249646721	
733.500000	0.001255800961	
733.700000	0.001261697877	
733.900000	0.001267343278	
734.100000	0.001272742477	
734.300000	0.001277900330	
734.500000	0.001282821259	
734.700000	0.001287509279	
734.900000	0.001291968013	
735.100000	0.001296200705	
735.300000	0.001300210228	
735.500000	0.001303999086	
735.700000	0.001307569408	
735.900000	0.001310922938	
736.100000	0.001314061021	
736.300000	0.001316984571	
736.500000	0.001319694043	
736.700000	0.001322189385	
736.900000	0.001324469979	
737.100000	0.001326534565	
737.300000	0.001328381151	
737.500000	0.001330006885	
737.700000	0.001331407904	
737.900000	0.001332579132	
738.100000	0.001333514020	
738.300000	0.001334204195	
738.500000	0.001334639003	
738.700000	0.001334804862	
738.900000	0.001334684374	
739.100000	0.001334255032	
739.300000	0.001333487290	
739.500000	0.001332341578	
739.700000	0.001330763417	
739.900000	0.001328674923	
740.100000	0.001325958751	
740.300000	0.001322423983	
740.500000	0.001317720001	
740.700000	0.001311043162	
740.900000	0.001299029272	
741.100000	0.001144300637	
741.300000	0.000118593057	
741.500000	0.000000000101	
741.700000	0.000000000004	
741.900000	0.000000000015	
742.100000	0.000000000490	
742.300000	0.000000016932	
742.500000	0.000000145540	
742.700000	0.000000654328	
742.900000	0.000002475948	
743.100000	0.000009760749	
743.300000	0.000039497095	
743.500000	0.000101876478	
743.700000	0.000176386041	
743.900000	0.000251860076	
744.100000	0.000321905982	
744.300000	0.000385305145	
744.500000	0.000442796884	
744.700000	0.000495321382	
744.900000	0.000543634168	
745.100000	0.000588307048	
745.300000	0.000629777661	
745.500000	0.000668391078	
745.700000	0.000704428651	
745.900000	0.000738127089	
746.100000	0.000769690859	
746.300000	0.000799300194	
746.500000	0.000827116274	
746.700000	0.000853284616	
746.900000	0.000877937340	
747.100000	0.000901194759	
747.300000	0.000923166561	
747.500000	0.000943952745	
747.700000	0.000963644424	
747.900000	0.000982324530	
748.100000	0.001000068473	
748.300000	0.001016944744	
748.500000	0.001033015500	
748.700000	0.001048337097	
748.900000	0.001062960605	
749.100000	0.001076932280	
749.300000	0.001090294005	
749.500000	0.001103083700	
749.700000	0.001115335696	
749.900000	0.001127081081	
750.100000	0.001138348014	
750.300000	0.001149162010	
750.500000	0.001159546198	
750.700000	0.001169521558	
750.900000	0.001179107135	
751.100000	0.001188320225	
751.300000	0.001197176550	
751.500000	0.001205690415	
751.700000	0.001213874843	
751.900000	0.001221741703	
752.100000	0.001229301819	
752.300000	0.001236565073	
752.500000	0.001243540491	
752.700000	0.001250236325	
752.900000	0.001256660122	
753.100000	0.001262818789	
753.300000	0.001268718644	
753.500000	0.001274365469	
753.700000	0.001279764548	
753.900000	0.001284920706	
754.100000	0.001289838337	
754.300000	0.001294521433	
754.500000	0.001298973598	
754.700000	0.001303198068	
754.900000	0.001307197722	
755.100000	0.001310975080	
755.300000	0.001314532310	
755.500000	0.001317871218	
755.700000	0.001320993237	
755.900000	0.001323899409	
756.100000	0.001326590354	
756.300000	0.001329066242	
756.500000	0.001331326740	
756.700000	0.001333370955	
756.900000	0.001335197362	
757.100000	0.001336803706	
757.300000	0.001338186884	
757.500000	0.001339342795	
757.700000	0.001340266141	
757.900000	0.001340950181	
758.100000	0.001341386396	
758.300000	0.001341564051	
758.500000	0.001341469600	
758.700000	0.001341085857	
758.900000	0.001340390821	
759.100000	0.001339355954	
759.300000	0.001337943553	
759.500000	0.001336102574	
759.700000	0.001333761602	
759.900000	0.001330816092	
760.100000	0.001327102858	
760.300000	0.001322341213	
760.500000	0.001315962548	
760.700000	0.001306334428	
760.900000	0.001268858293	
761.100000	0.000608565962	
761.300000	0.000000018747	
761.500000	0.000000000006	
761.700000	0.000000000005	
761.900000	0.000000000085	
762.100000	0.000000004076	
762.300000	0.000000066824	
762.500000	0.000000376535	
762.700000	0.000001493901	
762.900000	0.000005702924	
763.100000	0.000023203413	
763.300000	0.000074689486	
763.500000	0.000145252175	
763.700000	0.000221894474	
763.900000	0.000295240835	
764.100000	0.000362214878	
764.300000	0.000422889851	
764.500000	0.000478161821	
764.700000	0.000528855259	
764.900000	0.000575612112	
765.100000	0.000618925269	
765.300000	0.000659181395	
765.500000	0.000696693220	
765.700000	0.000731721531	
765.900000	0.000764489717	
766.100000	0.000795193276	
766.300000	0.000824006026	
766.500000	0.000851084196	
766.700000	0.000876569168	
766.900000	0.000900589391	
767.100000	0.000923261778	
767.300000	0.000944692797	
767.500000	0.000964979376	
767.700000	0.000984209694	
767.900000	0.001002463893	
768.100000	0.001019814738	
768.300000	0.001036328237	
768.500000	0.001052064216	
768.700000	0.001067076862	
768.900000	0.001081415231	
769.100000	0.001095123713	
769.300000	0.001108242471	
769.500000	0.001120807836	
769.700000	0.001132852677	
769.900000	0.001144406739	
770.100000	0.001155496938	
770.300000	0.001166147651	
770.500000	0.001176380954	
770.700000	0.001186216860	
770.900000	0.001195673517	
771.100000	0.001204767394	
771.300000	0.001213513448	
771.500000	0.001221925273	
771.700000	0.001230015232	
771.900000	0.001237794581	
772.100000	0.001245273575	
772.300000	0.001252461561	
772.500000	0.001259367072	
772.700000	0.001265997894	
772.900000	0.001272361144	
773.100000	0.001278463322	
773.300000	0.001284310372	
773.500000	0.001289907722	
773.700000	0.001295260331	
773.900000	0.001300372721	
774.100000	0.001305249005	
774.300000	0.001309892920	
774.500000	0.001314307837	
774.700000	0.001318496785	
774.900000	0.001322462458	
775.100000	0.001326207220	
775.300000	0.001329733112	
775.500000	0.001333041844	
775.700000	0.001336134786	
775.900000	0.001339012957	
776.100000	0.001341677002	
776.300000	0.001344127163	
776.500000	0.001346363244	
776.700000	0.001348384562	
776.900000	0.001350189887	
777.100000	0.001351777372	
777.300000	0.001353144452	
777.500000	0.001354287735	
777.700000	0.001355202849	
777.900000	0.001355884259	
778.100000	0.001356325020	
778.300000	0.001356516470	
778.500000	0.001356447814	
778.700000	0.001356105570	
778.900000	0.001355472814	
779.100000	0.001354528112	
779.300000	0.001353243989	
779.500000	0.001351584640	
779.700000	0.001349502376	
779.900000	0.001346931819	
780.100000	0.001343779782	
780.300000	0.001339906085	
780.500000	0.001335082633	
780.700000	0.001328889176	
780.900000	0.001320351452	
781.100000	0.001305124546	
781.300000	0.001092305225	
781.500000	0.000040531171	
781.700000	0.000000000029	
781.900000	0.000000000002	
782.100000	0.000000000015	
782.300000	0.000000000600	
782.500000	0.000000021911	
782.700000	0.000000187796	
782.900000	0.000000848148	
783.100000	0.000003238764	
783.300000	0.000012796324	
783.500000	0.000048634405	
783.700000	0.000113528417	
783.900000	0.000189607863	
784.100000	0.000265963495	
784.300000	0.000336884680	
784.500000	0.000401241792	
784.700000	0.000459719365	
784.900000	0.000513192188	
785.100000	0.000562380122	
785.300000	0.000607841207	
785.500000	0.000650011812	
785.700000	0.000689242216	
785.900000	0.000725821979	
786.100000	0.000759997028	
786.300000	0.000791980979	
786.500000	0.000821962591	
786.700000	0.000850110710	
786.900000	0.000876577588	
787.100000	0.000901501185	
787.300000	0.000925006840	
787.500000	0.000947208546	
787.700000	0.000968209984	
787.900000	0.000988105415	
788.100000	0.001006980459	
788.300000	0.001024912826	
788.500000	0.001041972976	
788.700000	0.001058224742	
788.900000	0.001073725916	
789.100000	0.001088528782	
789.300000	0.001102680628	
789.500000	0.001116224201	
789.700000	0.001129198143	
789.900000	0.001141637379	
790.100000	0.001153573479	
790.300000	0.001165034980	
790.500000	0.001176047692	
790.700000	0.001186634959	
790.900000	0.001196817906	
791.100000	0.001206615661	
791.300000	0.001216045553	
791.500000	0.001225123286	
791.700000	0.001233863109	
791.900000	0.001242277952	
792.100000	0.001250379562	
792.300000	0.001258178615	
792.500000	0.001265684826	
792.700000	0.001272907036	
792.900000	0.001279853303	
793.100000	0.001286530972	
793.300000	0.001292946741	
793.500000	0.001299106725	
793.700000	0.001305016504	
793.900000	0.001310681173	
794.100000	0.001316105380	
794.300000	0.001321293360	
794.500000	0.001326248972	
794.700000	0.001330975718	
794.900000	0.001335476767	
795.100000	0.001339754972	
795.300000	0.001343812886	
795.500000	0.001347652766	
795.700000	0.001351276580	
795.900000	0.001354686011	
796.100000	0.001357882449	
796.300000	0.001360866984	
796.500000	0.001363640394	
796.700000	0.001366203127	
796.900000	0.001368555271	
797.100000	0.001370696528	
797.300000	0.001372626168	
797.500000	0.001374342982	
797.700000	0.001375845214	
797.900000	0.001377130490	
798.100000	0.001378195710	
798.300000	0.001379036937	
798.500000	0.001379649242	
798.700000	0.001380026511	
798.900000	0.001380161199	
799.100000	0.001380044022	
799.300000	0.001379663534	
799.500000	0.001379005579	
799.700000	0.001378052542	
799.900000	0.001376782299	
800.100000	0.001375166727	
800.300000	0.001373169499	
800.500000	0.001370742700	
800.700000	0.001367821388	
800.900000	0.001364314300	
801.100000	0.001360086686	
801.300000	0.001354925014	
801.500000	0.001348452039	
801.700000	0.001339861342	
801.900000	0.001326436676	
802.100000	0.001225868127	
802.300000	0.000189531138	
802.500000	0.000000000120	
802.700000	0.000000000002	
802.900000	0.000000000006	
803.100000	0.000000000206	
803.300000	0.000000010578	
803.500000	0.000000128137	
803.700000	0.000000652197	
803.900000	0.000002548891	
804.100000	0.000009933870	
804.300000	0.000038891141	
804.500000	0.000100334418	
804.700000	0.000175573449	
804.900000	0.000253511344	
805.100000	0.000326942806	
805.300000	0.000393828884	
805.500000	0.000454573623	
805.700000	0.000510038654	
805.900000	0.000560979169	
806.100000	0.000607990495	
806.300000	0.000651540451	
806.500000	0.000692004816	
806.700000	0.000729693822	
806.900000	0.000764870362	
807.100000	0.000797762166	
807.300000	0.000828569913	
807.500000	0.000857472638	
807.700000	0.000884631406	
807.900000	0.000910191872	
808.100000	0.000934286138	
808.300000	0.000957034177	
808.500000	0.000978544980	
808.700000	0.000998917532	
808.900000	0.001018241668	
809.100000	0.001036598855	
809.300000	0.001054062908	
809.500000	0.001070700650	
809.700000	0.001086572538	
809.900000	0.001101733231	
810.100000	0.001116232121	
810.300000	0.001130113829	
810.500000	0.001143418651	
810.700000	0.001156182978	
810.900000	0.001168439667	
811.100000	0.001180218392	
811.300000	0.001191545955	
811.500000	0.001202446568	
811.700000	0.001212942111	
811.900000	0.001223052366	
812.100000	0.001232795225	
812.300000	0.001242186876	
812.500000	0.001251241976	
812.700000	0.001259973803	
812.900000	0.001268394394	
813.100000	0.001276514666	
813.300000	0.001284344527	
813.500000	0.001291892979	
813.700000	0.001299168202	
813.900000	0.001306177639	
814.100000	0.001312928062	
814.300000	0.001319425640	
814.500000	0.001325675993	
814.700000	0.001331684245	
814.900000	0.001337455067	
815.100000	0.001342992719	
815.300000	0.001348301079	
815.500000	0.001353383682	
815.700000	0.001358243738	
815.900000	0.001362884158	
816.100000	0.001367307574	
816.300000	0.001371516349	
816.500000	0.001375512591	
816.700000	0.001379298164	
816.900000	0.001382874686	
817.100000	0.001386243534	
817.300000	0.001389405843	
817.500000	0.001392362496	
817.700000	0.001395114114	
817.900000	0.001397661043	
818.100000	0.001400003335	
818.300000	0.001402140718	
818.500000	0.001404072569	
818.700000	0.001405797872	
818.900000	0.001407315170	
819.100000	0.001408622504	
819.300000	0.001409717345	
819.500000	0.001410596500	
819.700000	0.001411256005	
819.900000	0.001411690991	
820.100000	0.001411895510	
820.300000	0.001411862326	
820.500000	0.001411582640	
820.700000	0.001411045740	
820.900000	0.001410238539	
821.100000	0.001409144961	
821.300000	0.001407745098	
821.500000	0.001406014048	
821.700000	0.001403920236	
821.900000	0.001401422935	
822.100000	0.001398468448	
822.300000	0.001394983933	
822.500000	0.001390866787	
822.700000	0.001385964848	
822.900000	0.001380035154	
823.100000	0.001372642537	
823.300000	0.001362829550	
823.500000	0.001347028839	
823.700000	0.001186443274	
823.900000	0.000066098161	
824.100000	0.000000000029	
824.300000	0.000000000001	
824.500000	0.000000000008	
824.700000	0.000000000332	
824.900000	0.000000016454	
825.100000	0.000000175770	
825.300000	0.000000858371	
825.500000	0.000003349798	
825.700000	0.000013187327	
825.900000	0.000049293663	
826.100000	0.000114792440	
826.300000	0.000192313504	
826.500000	0.000270965115	
826.700000	0.000344657032	
826.900000	0.000411756315	
827.100000	0.000472759222	
827.300000	0.000528506821	
827.500000	0.000579728361	
827.700000	0.000627003183	
827.900000	0.000670791604	
828.100000	0.000711467378	
828.300000	0.000749341908	
828.500000	0.000784680933	
828.700000	0.000817715768	
828.900000	0.000848650843	
829.100000	0.000877668798	
829.300000	0.000904933991	
829.500000	0.000930594996	
829.700000	0.000954786445	
829.900000	0.000977630481	
830.100000	0.000999237932	
830.300000	0.001019709329	
830.500000	0.001039135807	
830.700000	0.001057599917	
830.900000	0.001075176374	
831.100000	0.001091932753	
831.300000	0.001107930126	
831.500000	0.001123223661	
831.700000	0.001137863163	
831.900000	0.001151893585	
832.100000	0.001165355488	
832.300000	0.001178285465	
832.500000	0.001190716527	
832.700000	0.001202678457	
832.900000	0.001214198124	
833.100000	0.001225299777	
833.300000	0.001236005302	
833.500000	0.001246334460	
833.700000	0.001256305098	
833.900000	0.001265933344	
834.100000	0.001275233774	
834.300000	0.001284219570	
834.500000	0.001292902660	
834.700000	0.001301293842	
834.900000	0.001309402897	
835.100000	0.001317238690	
835.300000	0.001324809260	
835.500000	0.001332121904	
835.700000	0.001339183247	
835.900000	0.001345999308	
836.100000	0.001352575563	
836.300000	0.001358916991	
836.500000	0.001365028124	
836.700000	0.001370913090	
836.900000	0.001376575647	
837.100000	0.001382019218	
837.300000	0.001387246919	
837.500000	0.001392261583	
837.700000	0.001397065783	
837.900000	0.001401661851	
838.100000	0.001406051892	
838.300000	0.001410237798	
838.500000	0.001414221254	
838.700000	0.001418003752	
838.900000	0.001421586587	
839.100000	0.001424970865	
839.300000	0.001428157499	
839.500000	0.001431147205	
839.700000	0.001433940493	
839.900000	0.001436537661	
840.100000	0.001438938776	
840.300000	0.001441143658	
840.500000	0.001443151856	
840.700000	0.001444962622	
840.900000	0.001446574874	
841.100000	0.001447987159	
841.300000	0.001449197597	
841.500000	0.001450203826	
841.700000	0.001451002928	
841.900000	0.001451591340	
842.100000	0.001451964748	
842.300000	0.001452117953	
842.500000	0.001452044709	
842.700000	0.001451737517	
842.900000	0.001451187369	
843.100000	0.001450383411	
843.300000	0.001449312519	
843.500000	0.001447958725	
843.700000	0.001446302454	
843.900000	0.001444319470	
844.100000	0.001441979390	
844.300000	0.001439243526	
844.500000	0.001436061631	
844.700000	0.001432366784	
844.900000	0.001428066896	
845.100000	0.001423029583	
845.300000	0.001417052602	
845.500000	0.001409797837	
845.700000	0.001400609723	
845.900000	0.001387772658	
846.100000	0.001355057230	
846.300000	0.000679933702	
846.500000	0.000000006773	
846.700000	0.000000000002	
846.900000	0.000000000002	
847.100000	0.000000000037	
847.300000	0.000000002565	
847.500000	0.000000065175	
847.700000	0.000000440790	
847.900000	0.000001865319	
848.100000	0.000007269264	
848.300000	0.000028868368	
848.500000	0.000085145141	
848.700000	0.000159651826	
848.900000	0.000240494792	
849.100000	0.000318500558	
849.300000	0.000390179961	
849.500000	0.000455303903	
849.700000	0.000514657772	
849.900000	0.000569041885	
850.100000	0.000619111162	
850.300000	0.000665387191	
850.500000	0.000708291292	
850.700000	0.000748172035	
850.900000	0.000785324807	
851.100000	0.000820005156	
851.300000	0.000852437792	
851.500000	0.000882822674	
851.700000	0.000911339201	
851.900000	0.000938149176	
852.100000	0.000963398979	
852.300000	0.000987221243	
852.500000	0.001009736205	
852.700000	0.001031052853	
852.900000	0.001051269926	
853.100000	0.001070476818	
853.300000	0.001088754400	
853.500000	0.001106175774	
853.700000	0.001122806978	
853.900000	0.001138707626	
854.100000	0.001153931511	
854.300000	0.001168527149	
854.500000	0.001182538284	
854.700000	0.001196004349	
854.900000	0.001208960888	
855.100000	0.001221439934	
855.300000	0.001233470360	
855.500000	0.001245078189	
855.700000	0.001256286883	
855.900000	0.001267117594	
856.100000	0.001277589401	
856.300000	0.001287719512	
856.500000	0.001297523457	
856.700000	0.001307015252	
856.900000	0.001316207555	
857.100000	0.001325111798	
857.300000	0.001333738315	
857.500000	0.001342096446	
857.700000	0.001350194639	
857.900000	0.001358040541	
858.100000	0.001365641075	
858.300000	0.001373002511	
858.500000	0.001380130535	
858.700000	0.001387030303	
858.900000	0.001393706493	
859.100000	0.001400163357	
859.300000	0.001406404753	
859.500000	0.001412434193	
859.700000	0.001418254868	
859.900000	0.001423869684	
860.100000	0.001429281284	
860.300000	0.001434492072	
860.500000	0.001439504236	
860.700000	0.001444319761	
860.900000	0.001448940448	
861.100000	0.001453367928	
861.300000	0.001457603666	
861.500000	0.001461648978	
861.700000	0.001465505030	
861.900000	0.001469172847	
862.100000	0.001472653312	
862.300000	0.001475947169	
862.500000	0.001479055021	
862.700000	0.001481977322	
862.900000	0.001484714376	
863.100000	0.001487266323	
863.300000	0.001489633132	
863.500000	0.001491814584	
863.700000	0.001493810255	
863.900000	0.001495619493	
864.100000	0.001497241397	
864.300000	0.001498674778	
864.500000	0.001499918134	
864.700000	0.001500969595	
864.900000	0.001501826882	
865.100000	0.001502487239	
865.300000	0.001502947363	
865.500000	0.001503203314	
865.700000	0.001503250412	
865.900000	0.001503083103	
866.100000	0.001502694801	
866.300000	0.001502077689	
866.500000	0.001501222473	
866.700000	0.001500118057	
866.900000	0.001498751144	
867.100000	0.001497105693	
867.300000	0.001495162213	
867.500000	0.001492896789	
867.700000	0.001490279735	
867.900000	0.001487273666	
868.100000	0.001483830635	
868.300000	0.001479887752	
868.500000	0.001475360092	
868.700000	0.001470128530	
868.900000	0.001464017105	
869.100000	0.001456745935	
869.300000	0.001447815634	
869.500000	0.001436131071	
869.700000	0.001417592442	
869.900000	0.001220178543	
870.100000	0.000028195892	
870.300000	0.000000000010	
870.500000	0.000000000001	
870.700000	0.000000000006	
870.900000	0.000000000340	
871.100000	0.000000019519	
871.300000	0.000000219017	
871.500000	0.000001091521	
871.700000	0.000004340669	
871.900000	0.000017276142	
872.100000	0.000060941270	
872.300000	0.000131370014	
872.500000	0.000212804274	
872.700000	0.000294382523	
872.900000	0.000370604483	
873.100000	0.000440016923	
873.300000	0.000503159536	
873.500000	0.000560867817	
873.700000	0.000613868593	
873.900000	0.000662747012	
874.100000	0.000707974920	
874.300000	0.000749940689	
874.500000	0.000788971585	
874.700000	0.000825349286	
874.900000	0.000859320408	
875.100000	0.000891103661	
875.300000	0.000920894749	
875.500000	0.000948869832	
875.700000	0.000975188047	
875.900000	0.000999993422	
876.100000	0.001023416422	
876.300000	0.001045575221	
876.500000	0.001066576828	
876.700000	0.001086518071	
876.900000	0.001105486507	
877.100000	0.001123561246	
877.300000	0.001140813716	
877.500000	0.001157308368	
877.700000	0.001173103321	
877.900000	0.001188250967	
878.100000	0.001202798513	
878.300000	0.001216788484	
878.500000	0.001230259181	
878.700000	0.001243245098	
878.900000	0.001255777296	
879.100000	0.001267883748	
879.300000	0.001279589645	
879.500000	0.001290917678	
879.700000	0.001301888288	
879.900000	0.001312519891	
880.100000	0.001322829082	
880.300000	0.001332830822	
880.500000	0.001342538596	
880.700000	0.001351964565	
880.900000	0.001361119699	
881.100000	0.001370013896	
881.300000	0.001378656087	
881.500000	0.001387054339	
881.700000	0.001395215932	
881.900000	0.001403147446	
882.100000	0.001410854828	
882.300000	0.001418343453	
882.500000	0.001425618183	
882.700000	0.001432683421	
882.900000	0.001439543151	
883.100000	0.001446200983	
883.300000	0.001452660190	
883.500000	0.001458923743	
883.700000	0.001464994337	
883.900000	0.001470874422	
884.100000	0.001476566223	
884.300000	0.001482071767	
884.500000	0.001487392896	
884.700000	0.001492531290	
884.900000	0.001497488475	
885.100000	0.001502265843	
885.300000	0.001506864658	
885.500000	0.001511286069	
885.700000	0.001515531114	
885.900000	0.001519600729	
886.100000	0.001523495756	
886.300000	0.001527216938	
886.500000	0.001530764929	
886.700000	0.001534140292	
886.900000	0.001537343496	
887.100000	0.001540374917	
887.300000	0.001543234833	
887.500000	0.001545923416	
887.700000	0.001548440730	
887.900000	0.001550786719	
888.100000	0.001552961196	
888.300000	0.001554963830	
888.500000	0.001556794134	
888.700000	0.001558451441	
888.900000	0.001559934887	
889.100000	0.001561243386	
889.300000	0.001562375596	
889.500000	0.001563329895	
889.700000	0.001564104329	
889.900000	0.001564696577	
890.100000	0.001565103889	
890.300000	0.001565323023	
890.500000	0.001565350169	
890.700000	0.001565180858	
890.900000	0.001564809847	
891.100000	0.001564230987	
891.300000	0.001563437059	
891.500000	0.001562419563	
891.700000	0.001561168471	
891.900000	0.001559671892	
892.100000	0.001557915664	
892.300000	0.001555882804	
892.500000	0.001553552788	
892.700000	0.001550900573	
892.900000	0.001547895243	
893.100000	0.001544498087	
893.300000	0.001540659767	
893.500000	0.001536316019	
893.700000	0.001531380771	
893.900000	0.001525734509	
894.100000	0.001519203017	
894.300000	0.001511514294	
894.500000	0.001502196872	
894.700000	0.001490271408	
894.900000	0.001472640094	
895.100000	0.001360794146	
895.300000	0.000120838223	
895.500000	0.000000000024	
895.700000	0.000000000001	
895.900000	0.000000000003	
896.100000	0.000000000140	
896.300000	0.000000010770	
896.500000	0.000000166038	
896.700000	0.000000925168	
896.900000	0.000003786812	
897.100000	0.000015140580	
897.300000	0.000055559835	
897.500000	0.000126077856	
897.700000	0.000209119262	
897.900000	0.000293424549	
898.100000	0.000372603223	
898.300000	0.000444762325	
898.500000	0.000510354358	
898.700000	0.000570236911	
898.900000	0.000625172295	
899.100000	0.000675777482	
899.300000	0.000722550916	
899.500000	0.000765903283	
899.700000	0.000806180894	
899.900000	0.000843681973	
900.100000	0.000878667709	
900.300000	0.000911369767	
900.500000	0.000941995453	
900.700000	0.000970731350	
900.900000	0.000997745980	
901.100000	0.001023191828	
901.300000	0.001047206972	
901.500000	0.001069916445	
901.700000	0.001091433413	
901.900000	0.001111860237	
902.100000	0.001131289430	
902.300000	0.001149804538	
902.500000	0.001167480955	
902.700000	0.001184386669	
902.900000	0.001200582957	
903.100000	0.001216125020	
903.300000	0.001231062565	
903.500000	0.001245440341	
903.700000	0.001259298625	
903.900000	0.001272673664	
904.100000	0.001285598073	
904.300000	0.001298101207	
904.500000	0.001310209479	
904.700000	0.001321946662	
904.900000	0.001333334153	
905.100000	0.001344391216	
905.300000	0.001355135192	
905.500000	0.001365581697	
905.700000	0.001375744795	
905.900000	0.001385637153	
906.100000	0.001395270185	
906.300000	0.001404654172	
906.500000	0.001413798379	
906.700000	0.001422711157	
906.900000	0.001431400033	
907.100000	0.001439871793	
907.300000	0.001448132555	
907.500000	0.001456187835	
907.700000	0.001464042610	
907.900000	0.001471701369	
908.100000	0.001479168163	
908.300000	0.001486446648	
908.500000	0.001493540127	
908.700000	0.001500451581	
908.900000	0.001507183708	
909.100000	0.001513738945	
909.300000	0.001520119500	
909.500000	0.001526327373	
909.700000	0.001532364378	
909.900000	0.001538232161	
910.100000	0.001543932220	
910.300000	0.001549465918	
910.500000	0.001554834498	
910.700000	0.001560039096	
910.900000	0.001565080749	
911.100000	0.001569960409	
911.300000	0.001574678948	
911.500000	0.001579237168	
911.700000	0.001583635804	
911.900000	0.001587875533	
912.100000	0.001591956974	
912.300000	0.001595880696	
912.500000	0.001599647217	
912.700000	0.001603257006	
912.900000	0.001606710483	
913.100000	0.001610008022	
913.300000	0.001613149946	
913.500000	0.001616136528	
913.700000	0.001618967982	
913.900000	0.001621644468	
914.100000	0.001624166080	
914.300000	0.001626532841	
914.500000	0.001628744697	
914.700000	0.001630801510	
914.900000	0.001632703042	
915.100000	0.001634448949	
915.300000	0.001636038767	
915.500000	0.001637471894	
915.700000	0.001638747573	
915.900000	0.001639864874	
916.100000	0.001640822671	
916.300000	0.001641619613	
916.500000	0.001642254096	
916.700000	0.001642724228	
916.900000	0.001643027786	
917.100000	0.001643162173	
917.300000	0.001643124360	
917.500000	0.001642910822	
917.700000	0.001642517464	
917.900000	0.001641939526	
918.100000	0.001641171475	
918.300000	0.001640206878	
918.500000	0.001639038234	
918.700000	0.001637656781	
918.900000	0.001636052247	
919.100000	0.001634212544	
919.300000	0.001632123367	
919.500000	0.001629767686	
919.700000	0.001627125071	
919.900000	0.001624170793	
920.100000	0.001620874585	
920.300000	0.001617198912	
920.500000	0.001613096470	
920.700000	0.001608506449	
920.900000	0.001603348708	
921.100000	0.001597514216	
921.300000	0.001590848285	
921.500000	0.001583118422	
921.700000	0.001573944487	
921.900000	0.001562614597	
922.100000	0.001547393355	
922.300000	0.001517245973	
922.500000	0.000884826325	
922.700000	0.000000008391	
922.900000	0.000000000001	
923.100000	0.000000000001	
923.300000	0.000000000017	
923.500000	0.000000001522	
923.700000	0.000000060022	
923.900000	0.000000490331	
924.100000	0.000002226005	
924.300000	0.000008974136	
924.500000	0.000035636625	
924.700000	0.000099504215	
924.900000	0.000181234849	
925.100000	0.000268864696	
925.300000	0.000353129841	
925.500000	0.000430428460	
925.700000	0.000500614631	
925.900000	0.000564529414	
926.100000	0.000623015094	
926.300000	0.000676765914	
926.500000	0.000726341921	
926.700000	0.000772201860	
926.900000	0.000814730208	
927.100000	0.000854256349	
927.300000	0.000891067637	
927.500000	0.000925418243	
927.700000	0.000957535202	
927.900000	0.000987622632	
928.100000	0.001015864781	
928.300000	0.001042428324	
928.500000	0.001067464174	
928.700000	0.001091108983	
928.900000	0.001113486443	
929.100000	0.001134708434	
935.080000	0.001510409092	
935.280000	0.001518554031	
935.480000	0.001526525538	
935.680000	0.001534327160	
935.880000	0.001541962089	
936.080000	0.001549433197	
936.280000	0.001556743072	
936.480000	0.001563894041	
936.680000	0.001570888201	
936.880000	0.001577727442	
937.080000	0.001584413467	
937.280000	0.001590947812	
937.480000	0.001597331866	
937.680000	0.001603566883	
937.880000	0.001609654000	
938.080000	0.001615594250	
938.280000	0.001621388572	
938.480000	0.001627037825	
938.680000	0.001632542793	
938.880000	0.001637904199	
939.080000	0.001643122709	
939.280000	0.001648198943	
939.480000	0.001653133475	
939.680000	0.001657926847	
939.880000	0.001662579566	
940.080000	0.001667092113	
940.280000	0.001671464945	
940.480000	0.001675698499	
940.680000	0.001679793193	
940.880000	0.001683749428	
941.080000	0.001687567592	
941.280000	0.001691248057	
941.480000	0.001694791183	
941.680000	0.001698197315	
941.880000	0.001701466786	
942.080000	0.001704599910	
942.280000	0.001707596987	
942.480000	0.001710458298	
942.680000	0.001713184101	
942.880000	0.001715774629	
943.080000	0.001718230089	
943.280000	0.001720550652	
943.480000	0.001722736454	
943.680000	0.001724787586	
943.880000	0.001726704089	
944.080000	0.001728485949	
944.280000	0.001730133085	
944.480000	0.001731645345	
944.680000	0.001733022489	
944.880000	0.001734264186	
945.080000	0.001735369995	
945.280000	0.001736339355	
945.480000	0.001737171566	
945.680000	0.001737865773	
945.880000	0.001738420949	
946.080000	0.001738835865	
946.280000	0.001739109072	
946.480000	0.001739238867	
946.680000	0.001739223264	
946.880000	0.001739059950	
947.080000	0.001738746245	
947.280000	0.001738279051	
947.480000	0.001737654790	
947.680000	0.001736869332	
947.880000	0.001735917918	
948.080000	0.001734795055	
948.280000	0.001733494399	
948.480000	0.001732008611	
948.680000	0.001730329184	
948.880000	0.001728446220	
949.080000	0.001726348167	
949.280000	0.001724021474	
949.480000	0.001721450158	
949.680000	0.001718615236	
949.880000	0.001715493988	
950.080000	0.001712058949	
950.280000	0.001708276543	
950.480000	0.001704105152	
950.680000	0.001699492315	
950.880000	0.001694370531	
951.080000	0.001688650686	
951.280000	0.001682211180	
951.480000	0.001674878698	
951.680000	0.001666390900	
951.880000	0.001656313863	
952.080000	0.001643817749	
952.280000	0.001626775110	
952.480000	0.001585283877	
952.680000	0.000633912444	
952.880000	0.000000000340	
953.080000	0.000000000001	
953.280000	0.000000000001	
953.480000	0.000000000027	
953.680000	0.000000002915	
953.880000	0.000000094198	
954.080000	0.000000694508	
954.280000	0.000003086811	
954.480000	0.000012572794	
954.680000	0.000048454131	
954.880000	0.000120151738	
955.080000	0.000207038061	
955.280000	0.000297380274	
955.480000	0.000383255101	
955.680000	0.000461733359	
955.880000	0.000532974502	
956.080000	0.000597868492	
956.280000	0.000657255799	
956.480000	0.000711825220	
956.680000	0.000762135157	
956.880000	0.000808646438	
957.080000	0.000851748200	
957.280000	0.000891776013	
957.480000	0.000929024192	
957.680000	0.000963754124	
957.880000	0.000996199984	
958.080000	0.001026572737	
958.280000	0.001055063073	
958.480000	0.001081843629	
969.020000	0.001697487026	
969.220000	0.001703612745	
969.420000	0.001709615612	
969.620000	0.001715496133	
969.820000	0.001721254777	
970.020000	0.001726891976	
970.220000	0.001732408135	
970.420000	0.001737803636	
970.620000	0.001743078841	
970.820000	0.001748234099	
971.020000	0.001753269747	
971.220000	0.001758186117	
971.420000	0.001762983534	
971.620000	0.001767662324	
971.820000	0.001772222812	
972.020000	0.001776665327	
972.220000	0.001780990203	
972.420000	0.001785197779	
972.620000	0.001789288401	
972.820000	0.001793262425	
973.020000	0.001797120214	
973.220000	0.001800862142	
973.420000	0.001804488591	
973.620000	0.001807999952	
973.820000	0.001811396627	
974.020000	0.001814679025	
974.220000	0.001817847563	
974.420000	0.001820902665	
974.620000	0.001823844761	
974.820000	0.001826674284	
975.020000	0.001829391670	
975.220000	0.001831997357	
975.420000	0.001834491778	
975.620000	0.001836875366	
975.820000	0.001839148545	
976.020000	0.001841311730	
976.220000	0.001843365323	
976.420000	0.001845309710	
976.620000	0.001847145258	
976.820000	0.001848872309	
977.020000	0.001850491177	
977.220000	0.001852002142	
977.420000	0.001853405446	
977.620000	0.001854701287	
977.820000	0.001855889813	
978.020000	0.001856971112	
978.220000	0.001857945211	
978.420000	0.001858812064	
978.620000	0.001859571541	
978.820000	0.001860223425	
979.020000	0.001860767395	
979.220000	0.001861203019	
979.420000	0.001861529739	
979.620000	0.001861746857	
979.820000	0.001861853519	
980.020000	0.001861848699	
980.220000	0.001861731177	
980.420000	0.001861499519	
980.620000	0.001861152052	
980.820000	0.001860686831	
981.020000	0.001860101614	
981.220000	0.001859393819	
981.420000	0.001858560482	
981.620000	0.001857598211	
981.820000	0.001856503122	
982.020000	0.001855270778	
982.220000	0.001853896105	
982.420000	0.001852373296	
982.620000	0.001850695701	
982.820000	0.001848855686	
983.020000	0.001846844472	
983.220000	0.001844651921	
983.420000	0.001842266292	
983.620000	0.001839673916	
983.820000	0.001836858793	
984.020000	0.001833802073	
984.220000	0.001830481372	
984.420000	0.001826869870	
984.620000	0.001822935079	
984.820000	0.001818637140	
985.020000	0.001813926388	
985.220000	0.001808739771	
985.420000	0.001802995374	
985.620000	0.001796583631	
985.820000	0.001789352373	
986.020000	0.001781079304	
986.220000	0.001771415555	
986.420000	0.001759749926	
986.620000	0.001744781379	
986.820000	0.001722001467	
987.020000	0.001503683718	
987.220000	0.000016524336	
987.420000	0.000000000003	
987.620000	0.000000000000	
987.820000	0.000000000003	
988.020000	0.000000000241	
988.220000	0.000000021655	
988.420000	0.000000305890	
988.620000	0.000001665034	
988.820000	0.000007031291	
989.020000	0.000028756552	
989.220000	0.000090799232	
989.420000	0.000176171255	
989.620000	0.000270746035	
989.820000	0.000363167413	
990.020000	0.000448339538	
990.220000	0.000525556602	
990.420000	0.000595680031	
990.620000	0.000659661301	
990.820000	0.000718293452	
991.020000	0.000772215695	
991.220000	0.000821950503	
991.420000	0.000867935216	
991.620000	0.000910544444	
991.820000	0.000950105236	
992.020000	0.000986907258	
992.220000	0.001021209674	
1008.500000	0.001908753108	
1008.700000	0.001913305822	
1008.900000	0.001917764263	
1009.100000	0.001922128761	
1009.300000	0.001926399661	
1009.500000	0.001930577332	
1009.700000	0.001934662159	
1009.900000	0.001938654551	
1010.100000	0.001942554935	
1010.300000	0.001946363758	
1010.500000	0.001950081490	
1010.700000	0.001953708618	
1010.900000	0.001957245649	
1011.100000	0.001960693112	
1011.300000	0.001964051552	
1011.500000	0.001967321534	
1011.700000	0.001970503640	
1011.900000	0.001973598469	
1012.100000	0.001976606637	
1012.300000	0.001979528775	
1012.500000	0.001982365528	
1012.700000	0.001985117555	
1012.900000	0.001987785528	
1013.100000	0.001990370129	
1013.300000	0.001992872051	
1013.500000	0.001995291995	
1013.700000	0.001997630671	
1013.900000	0.001999888795	
1014.100000	0.002002067085	
1014.300000	0.002004166266	
1014.500000	0.002006187063	
1014.700000	0.002008130199	
1014.900000	0.002009996400	
1015.100000	0.002011786383	
1015.300000	0.002013500863	
1015.500000	0.002015140549	
1015.700000	0.002016706137	
1015.900000	0.002018198315	
1016.100000	0.002019617756	
1016.300000	0.002020965117	
1016.500000	0.002022241040	
1016.700000	0.002023446143	
1016.900000	0.002024581024	
1017.100000	0.002025646255	
1017.300000	0.002026642380	
1017.500000	0.002027569911	
1017.700000	0.002028429327	
1017.900000	0.002029221071	
1018.100000	0.002029945545	
1018.300000	0.002030603106	
1018.500000	0.002031194066	
1018.700000	0.002031718684	
1018.900000	0.002032177163	
1019.100000	0.002032569648	
1019.300000	0.002032896218	
1019.500000	0.002033156883	
1019.700000	0.002033351576	
1019.900000	0.002033480150	
1020.100000	0.002033542372	
1020.300000	0.002033537910	
1020.500000	0.002033466334	
1020.700000	0.002033327099	
1020.900000	0.002033119545	
1021.100000	0.002032842876	
1021.300000	0.002032496159	
1021.500000	0.002032078305	
1021.700000	0.002031588058	
1021.900000	0.002031023977	
1022.100000	0.002030384420	
1022.300000	0.002029667525	
1022.500000	0.002028871186	
1022.700000	0.002027993029	
1022.900000	0.002027030379	
1023.100000	0.002025980232	
1023.300000	0.002024839215	
1023.500000	0.002023603538	
1023.700000	0.002022268945	
1023.900000	0.002020830654	
1024.100000	0.002019283284	
1024.300000	0.002017620770	
1024.500000	0.002015836264	
1024.700000	0.002013922012	
1024.900000	0.002011869208	
1025.100000	0.002009667815	
1025.300000	0.002007306344	
1025.500000	0.002004771583	
1025.700000	0.002002048245	
1025.900000	0.001999118537	
1026.100000	0.001995961587	
1026.300000	0.001992552703	
1026.500000	0.001988862378	
1026.700000	0.001984854940	
1026.900000	0.001980486667	
1027.100000	0.001975703085	
1027.300000	0.001970434971	
1027.500000	0.001964592204	
1027.700000	0.001958053818	
1027.900000	0.001950650913	
1028.100000	0.001942134765	
1028.300000	0.001932110228	
1028.500000	0.001919870778	
1028.700000	0.001903849787	
1028.900000	0.001877729755	
1029.100000	0.001491485651	
1029.300000	0.000000860595	
1029.500000	0.000000000001	
1029.700000	0.000000000000	
1029.900000	0.000000000004	
1030.100000	0.000000000485	
1030.300000	0.000000038877	
1030.500000	0.000000465417	
1030.700000	0.000002416675	
1030.900000	0.000010282211	
1031.100000	0.000041657729	
1031.300000	0.000116326338	
1031.500000	0.000210304840	
1031.700000	0.000310767335	
1031.900000	0.000407016598	
1032.100000	0.000494884642	
1032.300000	0.000574373677	
1032.500000	0.000646525595	
1032.700000	0.000712333459	
1032.900000	0.000772604161	
1033.100000	0.000827986578	
1033.300000	0.000879013367	
1033.500000	0.000926133140	
1033.700000	0.000969732571	
1033.900000	0.001010151149	
1053.900000	0.002100725578	
1059.460000	0.002208176608	
1059.660000	0.002211180007	
1059.860000	0.002214130286	
1060.060000	0.002217028219	
1060.260000	0.002219874588	
1060.460000	0.002222670183	
1060.660000	0.002225415804	
1060.860000	0.002228112254	
1061.060000	0.002230760347	
1061.260000	0.002233360898	
1061.460000	0.002235914731	
1061.660000	0.002238422674	
1061.860000	0.002240885556	
1062.060000	0.002243304212	
1062.260000	0.002245679480	
1062.460000	0.002248012199	
1062.660000	0.002250303209	
1062.860000	0.002252553351	
1063.060000	0.002254763468	
1063.260000	0.002256934401	
1063.460000	0.002259066991	
1063.660000	0.002261162076	
1063.860000	0.002263220495	
1064.060000	0.002265243082	
1064.260000	0.002267230669	
1064.460000	0.002269184084	
1064.660000	0.002271104152	
1064.860000	0.002272991692	
1065.060000	0.002274847519	
1065.260000	0.002276672443	
1065.460000	0.002278467267	
1065.660000	0.002280232788	
1065.860000	0.002281969797	
1066.060000	0.002283679078	
1066.260000	0.002285361405	
1066.460000	0.002287017548	
1066.660000	0.002288648266	
1066.860000	0.002290254310	
1067.060000	0.002291836422	
1067.260000	0.002293395336	
1067.460000	0.002294931776	
1067.660000	0.002296446455	
1067.860000	0.002297940078	
1068.060000	0.002299413337	
1068.260000	0.002300866918	
1068.460000	0.002302301490	
1068.660000	0.002303717718	
1068.860000	0.002305116250	
1069.060000	0.002306497726	
1069.260000	0.002307862775	
1069.460000	0.002309212012	
1069.660000	0.002310546042	
1069.860000	0.002311865459	
1070.060000	0.002313170842	
1070.260000	0.002314462761	
1070.460000	0.002315741773	
1070.660000	0.002317008422	
1070.860000	0.002318263242	
1071.060000	0.002319506753	
1071.260000	0.002320739463	
1071.460000	0.002321961867	
1071.660000	0.002323174450	
1071.860000	0.002324377683	
1072.060000	0.002325572025	
1072.260000	0.002326757924	
1072.460000	0.002327935813	
1072.660000	0.002329106115	
1072.860000	0.002330269241	
1073.060000	0.002331425590	
1073.260000	0.002332575547	
1073.460000	0.002333719487	
1073.660000	0.002334857773	
1073.860000	0.002335990756	
1074.060000	0.002337118774	
1074.260000	0.002338242156	
1074.460000	0.002339361217	
1074.660000	0.002340476262	
1074.860000	0.002341587585	
1075.060000	0.002342695467	
1075.260000	0.002343800180	
1075.460000	0.002344901984	
1075.660000	0.002346001127	
1075.860000	0.002347097850	
1076.060000	0.002348192378	
1076.260000	0.002349284931	
1076.460000	0.002350375715	
1076.660000	0.002351464927	
1076.860000	0.002352552753	
1077.060000	0.002353639371	
1077.260000	0.002354724947	
1077.460000	0.002355809637	
1077.660000	0.002356893591	
1077.860000	0.002357976944	
1078.060000	0.002359059827	
1078.260000	0.002360142357	
1078.460000	0.002361224645	
1078.660000	0.002362306793	
1078.860000	0.002363388890	
1079.060000	0.002364471022	
1079.260000	0.002365553262	
1079.460000	0.002366635675	
1079.660000	0.002367718319	
1079.860000	0.002368801241	
1080.060000	0.002369884483	
1080.260000	0.002370968075	
1080.460000	0.002372052041	
1080.660000	0.002373136397	
1080.860000	0.002374221148	
1081.060000	0.002375306294	
1081.260000	0.002376391825	
1081.460000	0.002377477724	
1081.660000	0.002378563966	
1081.860000	0.002379650516	
1082.060000	0.002380737334	
1082.260000	0.002381824370	
1082.460000	0.002382911565	
1082.660000	0.002383998855	
1082.860000	0.002385086166	
1083.060000	0.002386173414	
1083.260000	0.002387260511	
1083.460000	0.002388347358	
1083.660000	0.002389433847	
1083.860000	0.002390519863	
1084.060000	0.002391605282	
1084.260000	0.002392689971	
1084.460000	0.002393773788	
1084.660000	0.002394856583	
1084.860000	0.002395938196	
1085.060000	0.002397018456	
1085.260000	0.002398097185	
1085.460000	0.002399174194	
1085.660000	0.002400249282	
1085.860000	0.002401322241	
1086.060000	0.002402392849	
1086.260000	0.002403460875	
1086.460000	0.002404526075	
1086.660000	0.002405588193	
1086.860000	0.002406646962	
1087.060000	0.002407702100	
1087.260000	0.002408753314	
1087.460000	0.002409800294	
1087.660000	0.002410842718	
1087.860000	0.002411880248	
1088.060000	0.002412912528	
1088.260000	0.002413939188	
1088.460000	0.002414959838	
1088.660000	0.002415974072	
1088.860000	0.002416981462	
1089.060000	0.002417981559	
1089.260000	0.002418973896	
1089.460000	0.002419957979	
1089.660000	0.002420933292	
1089.860000	0.002421899292	
1090.060000	0.002422855408	
1090.260000	0.002423801043	
1090.460000	0.002424735566	
1090.660000	0.002425658313	
1090.860000	0.002426568588	
1091.060000	0.002427465654	
1091.260000	0.002428348736	
1091.460000	0.002429217016	
1091.660000	0.002430069628	
1091.860000	0.002430905658	
1092.060000	0.002431724140	
1092.260000	0.002432524049	
1092.460000	0.002433304299	
1092.660000	0.002434063737	
1092.860000	0.002434801139	
1093.060000	0.002435515202	
1093.260000	0.002436204538	
1093.460000	0.002436867668	
1093.660000	0.002437503012	
1093.860000	0.002438108880	
1094.060000	0.002438683465	
1094.260000	0.002439224826	
1094.460000	0.002439730879	
1094.660000	0.002440199383	
1094.860000	0.002440627920	
1095.060000	0.002441013882	
1095.260000	0.002441354444	
1095.460000	0.002441646545	
1095.660000	0.002441886858	
1095.860000	0.002442071759	
1096.060000	0.002442197292	
1096.260000	0.002442259124	
1096.460000	0.002442252501	
1096.660000	0.002442172184	
1096.860000	0.002442012390	
1097.060000	0.002441766703	
1097.260000	0.002441427987	
1097.460000	0.002440988270	
1097.660000	0.002440438604	
1097.860000	0.002439768901	
1098.060000	0.002438967727	
1098.260000	0.002438022047	
1098.460000	0.002436916908	
1098.660000	0.002435635036	
1098.860000	0.002434156314	
1099.060000	0.002432457110	
1099.260000	0.002430509382	
1099.460000	0.002428279470	
1099.660000	0.002425726433	
1099.860000	0.002422799688	
1100.060000	0.002419435584	
1100.260000	0.002415552214	
1100.460000	0.002411041243	
1100.660000	0.002405754294	
1100.860000	0.002399478632	
1101.060000	0.002391889400	
1101.260000	0.002382442193	
1101.460000	0.002370073275	
1101.660000	0.002351923250	
1101.860000	0.002289731663	
1102.060000	0.000708208311	
1102.260000	0.000000000094	
1102.460000	0.000000000000	
1102.660000	0.000000000001	
1102.860000	0.000000000030	
1103.060000	0.000000004475	
1103.260000	0.000000165707	
1103.460000	0.000001288111	
1103.660000	0.000006043268	
1103.860000	0.000025992383	
1104.060000	0.000093190804	
1104.260000	0.000194887269	
1104.460000	0.000310443779	
1104.660000	0.000424177016	
1104.860000	0.000527938768	
1105.060000	0.000621220869	
1105.260000	0.000705392818	
1105.460000	0.000781775861	
1105.660000	0.000851418310	
1105.860000	0.000915143329	
1106.060000	0.000973613833	
1106.260000	0.001027380444	
1126.260000	0.002303971829	
1146.260000	0.002798949993	
1166.260000	0.003119797681	
1186.260000	0.003463878677	
1206.260000	0.003828210371	
1226.260000	0.004192143452	
1246.260000	0.004548504623	
1266.260000	0.004895581622	
1286.260000	0.005233058745	
1306.260000	0.005560924589	
1326.260000	0.005879242556	
1346.260000	0.006188113673	
1366.260000	0.006487673993	
1386.260000	0.006778093751	
1406.260000	0.007059573216	
1426.260000	0.007332336355	
1446.260000	0.007596623798	
1466.260000	0.007852686023	
1486.260000	0.008100777356	
1506.260000	0.008341151044	
1526.260000	0.008574055511	
1546.260000	0.008799731718	
1566.260000	0.009018411517	
1586.260000	0.009230316826	
1606.260000	0.009435659439	
1626.260000	0.009634641324	
1646.260000	0.009827455234	
1666.260000	0.010014285519	
1686.260000	0.010195309028	
1706.260000	0.010370696025	
1726.260000	0.010540611054	
1746.260000	0.010705213730	
1766.260000	0.010864659415	
1786.260000	0.011019099772	
1806.260000	0.011168683212	
1826.260000	0.011313555212	
1846.260000	0.011453858543	
1866.260000	0.011589733392	
1886.260000	0.011721317424	
1906.260000	0.011848745774	
1926.260000	0.011972150993	
1946.260000	0.012091662969	
1966.260000	0.012207408818	
1986.260000	0.012319512773	
2006.260000	0.012428096074	
2026.260000	0.012533276853	
2046.260000	0.012635170041	
2066.260000	0.012733887290	
2086.260000	0.012829536904	
2106.260000	0.012922223802	
2126.260000	0.013012049487	
2146.260000	0.013099112047	
2166.260000	0.013183506163	
2186.260000	0.013265323144	
2206.260000	0.013344650973	
2226.260000	0.013421574364	
2246.260000	0.013496174833	
2266.260000	0.013568530782	
2286.260000	0.013638717589	
2306.260000	0.013706807697	
2326.260000	0.013772870722	
2346.260000	0.013836973549	
2366.260000	0.013899180442	
2386.260000	0.013959553148	
2406.260000	0.014018151000	
2426.260000	0.014075031024	
2446.260000	0.014130248039	
2466.260000	0.014183854758	
2486.260000	0.014235901882	
