0.000000	0.000201276546	
20.000000	0.000217771477	
40.000000	0.000218654330	
60.000000	0.000217961396	
80.000000	0.000217380323	
100.000000	0.000217113088	
120.000000	0.000033160999	
140.000000	0.000040630580	
160.000000	0.000052378577	
180.000000	0.000068263558	
200.000000	0.000088901590	
220.000000	0.000114924895	
240.000000	0.000147210509	
260.000000	0.000186806614	
280.000000	0.000234900767	
300.000000	0.000292812948	
320.000000	0.000362009996	
340.000000	0.000448239312	
360.000000	0.000546877056	
380.000000	0.000661086065	
400.000000	0.000794082975	
420.000000	0.000949575083	
440.000000	0.001132680217	
460.000000	0.001352216968	
480.000000	0.001631298114	
495.760000	0.002088893080	
495.960000	0.002519146362	
496.160000	0.004993109480	
496.360000	0.019770106708	
496.560000	0.546376317350	
496.760000	0.636931639769	
496.960000	0.692527357311	
497.160000	0.719280204616	
497.360000	0.726032465841	
497.560000	0.721727133946	
497.760000	0.710487587901	
497.960000	0.692441673028	
498.160000	0.664611180119	
498.360000	0.622377598275	
498.560000	0.566849284808	
498.760000	0.506383890065	
518.760000	0.002827151902	
527.800000	0.003379351185	
528.000000	0.003402102505	
528.200000	0.003427428309	
528.400000	0.003456528505	
528.600000	0.003491858810	
528.800000	0.003540440903	
529.000000	0.003689075846	
529.200000	0.004896262190	
529.400000	0.012167839182	
529.600000	0.311341945814	
529.800000	0.372497739661	
530.000000	0.413576745397	
530.200000	0.434873872860	
530.400000	0.441785625626	
530.600000	0.440750727265	
530.800000	0.435146239964	
531.000000	0.425633436285	
531.200000	0.410878134890	
531.400000	0.388454626647	
531.600000	0.357707807620	
531.800000	0.322932101036	
532.000000	0.287636620198	
550.500000	0.003828583554	
550.700000	0.003842344649	
550.900000	0.003856312426	
551.100000	0.003870496908	
551.300000	0.003884909940	
551.500000	0.003899565408	
551.700000	0.003914479511	
551.900000	0.003929671109	
552.100000	0.003945162170	
552.300000	0.003960978331	
552.500000	0.003977149631	
552.700000	0.003993711450	
552.900000	0.004010705755	
553.100000	0.004028182754	
553.300000	0.004046203141	
553.500000	0.004064841207	
553.700000	0.004084189251	
553.900000	0.004104364017	
554.100000	0.004125516394	
554.300000	0.004147846670	
554.500000	0.004171629728	
554.700000	0.004197259420	
554.900000	0.004225333585	
555.100000	0.004256837071	
555.300000	0.004293611448	
555.500000	0.004339993745	
555.700000	0.004415765284	
555.900000	0.004937482866	
556.100000	0.007835961561	
556.300000	0.177090165469	
556.500000	0.234740968606	
556.700000	0.271713419269	
556.900000	0.293393886323	
557.100000	0.302489117570	
557.300000	0.304180285786	
557.500000	0.301992624719	
557.700000	0.297008500135	
557.900000	0.288865103989	
558.100000	0.276197313369	
558.300000	0.257786478374	
558.500000	0.235336332343	
558.700000	0.211740788271	
558.900000	0.188532932281	
559.100000	0.166761220493	
570.940000	0.004094421140	
571.140000	0.004098982702	
571.340000	0.004104685430	
571.540000	0.004111409860	
571.740000	0.004119051550	
571.940000	0.004127519286	
572.140000	0.004136733525	
572.340000	0.004146625029	
572.540000	0.004157133679	
572.740000	0.004168207450	
572.940000	0.004179801512	
573.140000	0.004191877460	
573.340000	0.004204402652	
573.540000	0.004217349635	
573.740000	0.004230695673	
573.940000	0.004244422338	
574.140000	0.004258515183	
574.340000	0.004272963484	
574.540000	0.004287760040	
574.740000	0.004302901047	
574.940000	0.004318386029	
575.140000	0.004334217842	
575.340000	0.004350402744	
575.540000	0.004366950561	
575.740000	0.004383874936	
575.940000	0.004401193696	
576.140000	0.004418929371	
576.340000	0.004437109888	
576.540000	0.004455769501	
576.740000	0.004474950058	
576.940000	0.004494702694	
577.140000	0.004515090169	
577.340000	0.004536190100	
577.540000	0.004558099571	
577.740000	0.004580941842	
577.940000	0.004604876463	
578.140000	0.004630115107	
578.340000	0.004656947636	
578.540000	0.004685787771	
578.740000	0.004717260062	
578.940000	0.004752385661	
579.140000	0.004793054088	
579.340000	0.004843640973	
579.540000	0.004923094847	
579.740000	0.005403787846	
579.940000	0.008101961651	
580.140000	0.139331876836	
580.340000	0.178317483749	
580.540000	0.210055640862	
580.740000	0.228971228604	
580.940000	0.237142390682	
581.140000	0.239135519335	
581.340000	0.237928987196	
581.540000	0.234424237689	
581.740000	0.228410700328	
581.940000	0.218906109201	
582.140000	0.205000003104	
582.340000	0.187875856631	
582.540000	0.169744923503	
582.740000	0.151799054679	
582.940000	0.134849065589	
583.140000	0.119352444862	
583.340000	0.105449521258	
590.500000	0.005109028542	
590.700000	0.005003104261	
590.900000	0.004911522994	
591.100000	0.004832561877	
591.300000	0.004764709351	
591.500000	0.004706639102	
591.700000	0.004657187228	
591.900000	0.004615332240	
592.100000	0.004580177535	
592.300000	0.004550936048	
592.500000	0.004526916804	
592.700000	0.004507513141	
592.900000	0.004492192390	
593.100000	0.004480486837	
593.300000	0.004471985806	
593.500000	0.004466328726	
593.700000	0.004463199057	
593.900000	0.004462318969	
594.100000	0.004463444687	
594.300000	0.004466362414	
594.500000	0.004470884760	
594.700000	0.004476847620	
594.900000	0.004484107451	
595.100000	0.004492538881	
595.300000	0.004502032634	
595.500000	0.004512493717	
595.700000	0.004523839851	
595.900000	0.004536000104	
596.100000	0.004548913722	
596.300000	0.004562529123	
596.500000	0.004576803050	
596.700000	0.004591699856	
596.900000	0.004607190933	
597.100000	0.004623254256	
597.300000	0.004639874054	
597.500000	0.004657040602	
597.700000	0.004674750144	
597.900000	0.004693004952	
598.100000	0.004711813546	
598.300000	0.004731191102	
598.500000	0.004751160079	
598.700000	0.004771751154	
598.900000	0.004793004523	
599.100000	0.004814971732	
599.300000	0.004837718238	
599.500000	0.004861327025	
599.700000	0.004885903797	
599.900000	0.004911584624	
600.100000	0.004938547540	
600.300000	0.004967030861	
600.500000	0.004997363602	
600.700000	0.005030019380	
600.900000	0.005065720653	
601.100000	0.005105666588	
601.300000	0.005152134336	
601.500000	0.005210710778	
601.700000	0.005313489648	
601.900000	0.005988794203	
602.100000	0.010415878969	
602.300000	0.124060579562	
602.500000	0.158751829883	
602.700000	0.185910385618	
602.900000	0.201241808913	
603.100000	0.207470448114	
603.300000	0.208855345942	
603.500000	0.207624837436	
603.700000	0.204372796584	
603.900000	0.198803121344	
604.100000	0.190052479831	
604.300000	0.177558762638	
604.500000	0.162661259388	
604.700000	0.147083144036	
604.900000	0.131745632166	
605.100000	0.117301727150	
605.300000	0.104100286616	
605.500000	0.092242773125	
605.700000	0.081696785837	
605.900000	0.072368968115	
606.100000	0.064143919638	
606.300000	0.056903421742	
606.500000	0.050535278508	
606.700000	0.044936891793	
606.900000	0.040016245333	
607.100000	0.035691668860	
607.300000	0.031891075740	
607.500000	0.028551018465	
607.700000	0.025615727259	
607.900000	0.023036205731	
608.100000	0.020769411832	
608.300000	0.018777530168	
608.500000	0.017027331615	
608.700000	0.015489612189	
608.900000	0.014138702035	
609.100000	0.012952035750	
609.300000	0.011909776058	
609.500000	0.010994483879	
609.700000	0.010190828750	
609.900000	0.009485334454	
610.100000	0.008866155399	
610.300000	0.008322879949	
610.500000	0.007846357378	
610.700000	0.007428545614	
610.900000	0.007062377237	
611.100000	0.006741641582	
611.300000	0.006460880997	
611.500000	0.006215299587	
611.700000	0.006000682957	
611.900000	0.005813327638	
612.100000	0.005649979045	
612.300000	0.005507776943	
612.500000	0.005384207531	
612.700000	0.005277061341	
612.900000	0.005184396253	
613.100000	0.005104505011	
613.300000	0.005035886702	
613.500000	0.004977221705	
613.700000	0.004927349702	
613.900000	0.004885250367	
614.100000	0.004850026425	
614.300000	0.004820888769	
614.500000	0.004797143404	
614.700000	0.004778179990	
614.900000	0.004763461781	
615.100000	0.004752516801	
615.300000	0.004744930102	
615.500000	0.004740336969	
615.700000	0.004738416966	
615.900000	0.004738888711	
616.100000	0.004741505299	
616.300000	0.004746050296	
616.500000	0.004752334232	
616.700000	0.004760191534	
616.900000	0.004769477860	
617.100000	0.004780067767	
617.300000	0.004791852698	
617.500000	0.004804739247	
617.700000	0.004818647662	
617.900000	0.004833510592	
618.100000	0.004849272029	
618.300000	0.004865886462	
618.500000	0.004883318209	
618.700000	0.004901540945	
618.900000	0.004920537423	
619.100000	0.004940299399	
619.300000	0.004960827793	
619.500000	0.004982133119	
619.700000	0.005004236242	
619.900000	0.005027169565	
620.100000	0.005050978767	
620.300000	0.005075725316	
620.500000	0.005101490069	
620.700000	0.005128378498	
620.900000	0.005156528387	
621.100000	0.005186121503	
621.300000	0.005217401921	
621.500000	0.005250706219	
621.700000	0.005286516384	
621.900000	0.005325560542	
622.100000	0.005369028382	
622.300000	0.005419120568	
622.500000	0.005480958739	
622.700000	0.005577830745	
622.900000	0.006128154701	
623.100000	0.009611680852	
623.300000	0.109839745449	
623.500000	0.142921999859	
623.700000	0.170227405464	
623.900000	0.186164582634	
624.100000	0.192924577337	
624.300000	0.194694843949	
624.500000	0.193860428480	
624.700000	0.191104789452	
624.900000	0.186262744720	
625.100000	0.178616255787	
625.300000	0.167576037922	
625.500000	0.154125390636	
625.700000	0.139880363979	
625.900000	0.125726745682	
626.100000	0.112285657313	
626.300000	0.099921390100	
626.500000	0.088761839736	
626.700000	0.078799389241	
626.900000	0.069961245986	
627.100000	0.062148475096	
627.300000	0.055255971208	
627.500000	0.049182054378	
627.700000	0.043832656406	
627.900000	0.039122764756	
628.100000	0.034976523982	
628.300000	0.031326720171	
628.500000	0.028114018852	
628.700000	0.025286140763	
628.900000	0.022797062876	
629.100000	0.020606282136	
629.300000	0.018678154235	
629.500000	0.016981307642	
629.700000	0.015488127725	
629.900000	0.014174303873	
630.100000	0.013018432251	
630.300000	0.012001667238	
630.500000	0.011107415365	
630.700000	0.010321066323	
630.900000	0.009629756355	
631.100000	0.009022159983	
631.300000	0.008488306575	
631.500000	0.008019418742	
631.700000	0.007607769920	
631.900000	0.007246558862	
632.100000	0.006929799028	
632.300000	0.006652221114	
632.500000	0.006409187171	
632.700000	0.006196614954	
632.900000	0.006010911292	
633.100000	0.005848913414	
633.300000	0.005707837298	
633.500000	0.005585232205	
633.700000	0.005478940670	
633.900000	0.005387063303	
634.100000	0.005307927812	
634.300000	0.005240061774	
634.500000	0.005182168669	
634.700000	0.005133106822	
634.900000	0.005091870876	
635.100000	0.005057575510	
635.300000	0.005029441123	
635.500000	0.005006781255	
635.700000	0.004988991529	
635.900000	0.004975539935	
636.100000	0.004965958296	
636.300000	0.004959834773	
636.500000	0.004956807290	
636.700000	0.004956557754	
636.900000	0.004958807001	
637.100000	0.004963310361	
637.300000	0.004969853784	
637.500000	0.004978250457	
637.700000	0.004988337861	
637.900000	0.004999975223	
638.100000	0.005013041313	
638.300000	0.005027432571	
638.500000	0.005043061523	
638.700000	0.005059855475	
638.900000	0.005077755462	
639.100000	0.005096715463	
639.300000	0.005116701872	
639.500000	0.005137693240	
639.700000	0.005159680330	
639.900000	0.005182666513	
640.100000	0.005206668598	
640.300000	0.005231718201	
640.500000	0.005257863833	
640.700000	0.005285173983	
640.900000	0.005313741625	
641.100000	0.005343690853	
641.300000	0.005375186835	
641.500000	0.005408451154	
641.700000	0.005443786436	
641.900000	0.005481617980	
642.100000	0.005522569262	
642.300000	0.005567612636	
642.500000	0.005618415082	
642.700000	0.005678330114	
642.900000	0.005756857644	
643.100000	0.005963740224	
643.300000	0.007292165693	
643.500000	0.050334379531	
643.700000	0.121514795363	
643.900000	0.152533664821	
644.100000	0.173740012292	
644.300000	0.184260425074	
644.500000	0.187889646196	
644.700000	0.188147167766	
644.900000	0.186342523442	
645.100000	0.182690748306	
645.300000	0.176749182632	
645.500000	0.167804346854	
645.700000	0.155934669273	
645.900000	0.142638951893	
646.100000	0.129050645424	
646.300000	0.115826328529	
646.500000	0.103444514938	
646.700000	0.092139110135	
646.900000	0.081969028355	
647.100000	0.072899448639	
647.300000	0.064852147880	
647.500000	0.057732840909	
647.700000	0.051445123124	
647.900000	0.045897139771	
648.100000	0.041004431320	
648.300000	0.036690820883	
648.500000	0.032888336541	
648.700000	0.029536690750	
648.900000	0.026582587138	
649.100000	0.023978990730	
649.300000	0.021684426581	
649.500000	0.019662334680	
649.700000	0.017880490018	
649.900000	0.016310487512	
650.100000	0.014927287324	
650.300000	0.013708814592	
650.500000	0.012635607401	
650.700000	0.011690507134	
650.900000	0.010858385966	
651.100000	0.010125906876	
651.300000	0.009481312163	
651.500000	0.008914236974	
651.700000	0.008415544819	
651.900000	0.007977182434	
652.100000	0.007592051719	
652.300000	0.007253896710	
652.500000	0.006957203854	
652.700000	0.006697114011	
652.900000	0.006469344825	
653.100000	0.006270122263	
653.300000	0.006096120233	
653.500000	0.005944407361	
653.700000	0.005812400074	
653.900000	0.005697821252	
654.100000	0.005598663804	
654.300000	0.005513158577	
654.500000	0.005439746092	
654.700000	0.005377051658	
654.900000	0.005323863459	
655.100000	0.005279113260	
655.300000	0.005241859430	
655.500000	0.005211271997	
655.700000	0.005186619501	
655.900000	0.005167257426	
656.100000	0.005152618028	
656.300000	0.005142201389	
656.500000	0.005135567561	
656.700000	0.005132329663	
656.900000	0.005132147819	
657.100000	0.005134723854	
657.300000	0.005139796647	
657.500000	0.005147138066	
657.700000	0.005156549444	
657.900000	0.005167858512	
658.100000	0.005180916758	
658.300000	0.005195597182	
658.500000	0.005211792396	
658.700000	0.005229413066	
658.900000	0.005248386677	
659.100000	0.005268656611	
659.300000	0.005290181556	
659.500000	0.005312935270	
659.700000	0.005336906732	
659.900000	0.005362100768	
660.100000	0.005388539240	
660.300000	0.005416263005	
660.500000	0.005445334870	
660.700000	0.005475843998	
660.900000	0.005507912427	
661.100000	0.005541704840	
661.300000	0.005577443566	
661.500000	0.005615432450	
661.700000	0.005656096696	
661.900000	0.005700053905	
662.100000	0.005748252517	
662.300000	0.005802278500	
662.500000	0.005865185848	
662.700000	0.005944781379	
662.900000	0.006099638419	
663.100000	0.007108393606	
663.300000	0.024420861641	
663.500000	0.113862792583	
663.700000	0.145500609631	
663.900000	0.168478938403	
664.100000	0.180416852908	
664.300000	0.184772162435	
664.500000	0.185380276563	
664.700000	0.183841184488	
664.900000	0.180506348964	
665.100000	0.175051286876	
665.300000	0.166817951926	
665.500000	0.155676665708	
665.700000	0.142914889891	
665.900000	0.129723006940	
666.100000	0.116758936796	
666.300000	0.104518997785	
666.500000	0.093274407553	
666.700000	0.083113641336	
666.900000	0.074021920879	
667.100000	0.065933988284	
667.300000	0.058763792044	
667.500000	0.052420113197	
667.700000	0.046814346710	
667.900000	0.041864058347	
668.100000	0.037494321164	
668.300000	0.033637919886	
668.500000	0.030235007433	
668.700000	0.027232523337	
668.900000	0.024583534802	
669.100000	0.022246580770	
669.300000	0.020185056389	
669.500000	0.018366652697	
669.700000	0.016762854832	
669.900000	0.015348496580	
670.100000	0.014101366677	
670.300000	0.013001861535	
670.500000	0.012032679108	
670.700000	0.011178549005	
670.900000	0.010425994444	
671.100000	0.009763122210	
671.300000	0.009179437209	
671.500000	0.008665678716	
671.700000	0.008213675704	
671.900000	0.007816219051	
672.100000	0.007466948627	
672.300000	0.007160253547	
672.500000	0.006891184067	
672.700000	0.006655373771	
672.900000	0.006448970864	
673.100000	0.006268577516	
673.300000	0.006111196337	
673.500000	0.005974183141	
673.700000	0.005855205273	
673.900000	0.005752204865	
674.100000	0.005663366424	
674.300000	0.005587088260	
674.500000	0.005521957309	
674.700000	0.005466726931	
674.900000	0.005420297356	
675.100000	0.005381698456	
675.300000	0.005350074572	
675.500000	0.005324671146	
675.700000	0.005304822963	
675.900000	0.005289943796	
676.100000	0.005279517303	
676.300000	0.005273089019	
676.500000	0.005270259325	
676.700000	0.005270677282	
676.900000	0.005274035223	
677.100000	0.005280064030	
677.300000	0.005288529013	
677.500000	0.005299226338	
677.700000	0.005311979940	
677.900000	0.005326638886	
678.100000	0.005343075151	
678.300000	0.005361181782	
678.500000	0.005380871426	
678.700000	0.005402075237	
678.900000	0.005424742153	
679.100000	0.005448838578	
679.300000	0.005474348519	
679.500000	0.005501274255	
679.700000	0.005529637671	
679.900000	0.005559482452	
680.100000	0.005590877450	
680.300000	0.005623921706	
680.500000	0.005658751928	
680.700000	0.005695553762	
680.900000	0.005734579192	
681.100000	0.005776174417	
681.300000	0.005820826846	
681.500000	0.005869249908	
681.700000	0.005922551344	
681.900000	0.005982616468	
682.100000	0.006053197320	
682.300000	0.006144737362	
682.500000	0.006372901317	
682.700000	0.007892770935	
682.900000	0.077086878732	
683.100000	0.120337854601	
683.300000	0.150900176120	
683.500000	0.171362188523	
683.700000	0.181184640310	
683.900000	0.184355949904	
684.100000	0.184314245956	
684.300000	0.182293956791	
684.500000	0.178476869455	
684.700000	0.172454041937	
684.900000	0.163620921868	
685.100000	0.152170016401	
685.300000	0.139467024849	
685.500000	0.126495935216	
685.700000	0.113846931561	
685.900000	0.101962237359	
686.100000	0.091066942297	
686.300000	0.081226791740	
686.500000	0.072419107613	
686.700000	0.064578137844	
686.900000	0.057620552862	
687.100000	0.051458973821	
687.300000	0.046008778223	
687.500000	0.041191242723	
687.700000	0.036934734875	
687.900000	0.033174895717	
688.100000	0.029854326144	
688.300000	0.026922052998	
688.500000	0.024332920334	
688.700000	0.022046979921	
688.900000	0.020028916261	
689.100000	0.018247520750	
689.300000	0.016675218839	
689.500000	0.015287648796	
689.700000	0.014063288266	
689.900000	0.012983123993	
690.100000	0.012030360010	
690.300000	0.011190159857	
690.500000	0.010449418830	
690.700000	0.009796562700	
690.900000	0.009221369770	
691.100000	0.008714813541	
691.300000	0.008268923558	
691.500000	0.007876662351	
691.700000	0.007531816607	
691.900000	0.007228900926	
692.100000	0.006963072745	
692.300000	0.006730057121	
692.500000	0.006526080272	
692.700000	0.006347810852	
692.900000	0.006192308082	
693.100000	0.006056975947	
693.300000	0.005939522760	
693.500000	0.005837925466	
693.700000	0.005750398146	
693.900000	0.005675364237	
694.100000	0.005611432009	
694.300000	0.005557372964	
694.500000	0.005512102764	
694.700000	0.005474664444	
694.900000	0.005444213599	
695.100000	0.005420005344	
695.300000	0.005401382828	
695.500000	0.005387767118	
695.700000	0.005378648307	
695.900000	0.005373577690	
696.100000	0.005372160898	
696.300000	0.005374051872	
696.500000	0.005378947594	
696.700000	0.005386583485	
696.900000	0.005396729404	
697.100000	0.005409186192	
697.300000	0.005423782701	
697.500000	0.005440373284	
697.700000	0.005458835707	
697.900000	0.005479069460	
698.100000	0.005500994476	
698.300000	0.005524550239	
698.500000	0.005549695339	
698.700000	0.005576407482	
698.900000	0.005604684067	
699.100000	0.005634543431	
699.300000	0.005666026966	
699.500000	0.005699202403	
699.700000	0.005734168725	
699.900000	0.005771063482	
700.100000	0.005810073739	
700.300000	0.005851452869	
700.500000	0.005895547139	
700.700000	0.005942839890	
700.900000	0.005994029720	
701.100000	0.006050181560	
701.300000	0.006113057619	
701.500000	0.006185999684	
701.700000	0.006277324660	
701.900000	0.006443622059	
702.100000	0.007517952612	
702.300000	0.033998448620	
702.500000	0.114104450491	
702.700000	0.145880994924	
702.900000	0.168726305946	
703.100000	0.180335162712	
703.300000	0.184357312640	
703.500000	0.184679739193	
703.700000	0.182897664988	
703.900000	0.179348336709	
704.100000	0.173726554751	
704.300000	0.165448815792	
704.500000	0.154480894933	
704.700000	0.142037583538	
704.900000	0.129187062251	
705.100000	0.116537754367	
705.300000	0.104560167245	
705.500000	0.093517856362	
705.700000	0.083504402457	
705.900000	0.074514717039	
706.100000	0.066493508317	
706.300000	0.059363334298	
706.500000	0.053039870328	
706.700000	0.047439831295	
706.900000	0.042484813923	
707.100000	0.038102920865	
707.300000	0.034229207829	
707.500000	0.030805530168	
707.700000	0.027780104728	
707.900000	0.025106957274	
708.100000	0.022745344941	
708.300000	0.020659198518	
708.500000	0.018816605025	
708.700000	0.017189338044	
708.900000	0.015752436575	
709.100000	0.014483829953	
709.300000	0.013364004995	
709.500000	0.012375711144	
709.700000	0.011503699474	
709.900000	0.010734491707	
710.100000	0.010056175798	
710.300000	0.009458224988	
710.500000	0.008931337628	
710.700000	0.008467295382	
710.900000	0.008058837684	
711.100000	0.007699550627	
711.300000	0.007383768605	
711.500000	0.007106487290	
711.700000	0.006863286641	
711.900000	0.006650262807	
712.100000	0.006463967923	
712.300000	0.006301356889	
712.500000	0.006159740334	
712.700000	0.006036743075	
712.900000	0.005930267409	
713.100000	0.005838460716	
713.300000	0.005759686848	
713.500000	0.005692500884	
713.700000	0.005635626850	
713.900000	0.005587938063	
714.100000	0.005548439805	
714.300000	0.005516254030	
714.500000	0.005490605900	
714.700000	0.005470811911	
714.900000	0.005456269440	
715.100000	0.005446447541	
715.300000	0.005440878856	
715.500000	0.005439152498	
715.700000	0.005440907820	
715.900000	0.005445828945	
716.100000	0.005453639999	
716.300000	0.005464100960	
716.500000	0.005477004063	
716.700000	0.005492170721	
716.900000	0.005509448904	
717.100000	0.005528710961	
717.300000	0.005549851854	
717.500000	0.005572787797	
717.700000	0.005597455306	
717.900000	0.005623810684	
718.100000	0.005651829980	
718.300000	0.005681509484	
718.500000	0.005712866908	
718.700000	0.005745943380	
718.900000	0.005780806582	
719.100000	0.005817555413	
719.300000	0.005856326892	
719.500000	0.005897306419	
719.700000	0.005940743295	
719.900000	0.005986974965	
720.100000	0.006036466478	
720.300000	0.006089878609	
720.500000	0.006148195018	
720.700000	0.006212987479	
720.900000	0.006287069842	
721.100000	0.006376653527	
721.300000	0.006506105418	
721.500000	0.007120539684	
721.700000	0.013215166936	
721.900000	0.105303506058	
722.100000	0.137973350329	
722.300000	0.164409575007	
722.500000	0.179141089656	
722.700000	0.184851743469	
722.900000	0.185883773221	
723.100000	0.184517898160	
723.300000	0.181370047132	
723.500000	0.176293839573	
723.700000	0.168756990750	
723.900000	0.158466413689	
724.100000	0.146342090915	
724.300000	0.133582407953	
724.500000	0.120854860450	
724.700000	0.108666523864	
724.900000	0.097340271337	
725.100000	0.087012900748	
725.300000	0.077705595640	
725.500000	0.069377832266	
725.700000	0.061959822885	
725.900000	0.055370661261	
726.100000	0.049528025061	
726.300000	0.044353095035	
726.500000	0.039772822566	
726.700000	0.035720757020	
726.900000	0.032137113745	
727.100000	0.028968461967	
727.300000	0.026167241304	
727.500000	0.023691219546	
727.700000	0.021502950483	
727.900000	0.019569260616	
728.100000	0.017860777270	
728.300000	0.016351501820	
728.500000	0.015018427355	
728.700000	0.013841197933	
728.900000	0.012801805787	
729.100000	0.011884322653	
729.300000	0.011074661542	
729.500000	0.010360365561	
729.700000	0.009730420734	
729.900000	0.009175090109	
730.100000	0.008685766732	
730.300000	0.008254843350	
730.500000	0.007875596978	
730.700000	0.007542086629	
730.900000	0.007249062754	
731.100000	0.006991887050	
731.300000	0.006766461493	
731.500000	0.006569165539	
731.700000	0.006396800577	
731.900000	0.006246540812	
732.100000	0.006115889842	
732.300000	0.006002642289	
732.500000	0.005904849897	
732.700000	0.005820791589	
732.900000	0.005748947026	
733.100000	0.005687973268	
733.300000	0.005636684169	
733.500000	0.005594032205	
733.700000	0.005559092432	
733.900000	0.005531048354	
734.100000	0.005509179449	
734.300000	0.005492850191	
734.500000	0.005481500374	
734.700000	0.005474636595	
734.900000	0.005471824773	
735.100000	0.005472683567	
735.300000	0.005476878613	
735.500000	0.005484117482	
735.700000	0.005494145276	
735.900000	0.005506740811	
736.100000	0.005521713319	
736.300000	0.005538899630	
736.500000	0.005558161793	
736.700000	0.005579385114	
736.900000	0.005602476593	
737.100000	0.005627363751	
737.300000	0.005653993856	
737.500000	0.005682333586	
737.700000	0.005712369153	
737.900000	0.005744106989	
738.100000	0.005777575098	
738.300000	0.005812825272	
738.500000	0.005849936447	
738.700000	0.005889019645	
738.900000	0.005930225201	
739.100000	0.005973753409	
739.300000	0.006019870534	
739.500000	0.006068933645	
739.700000	0.006121430765	
739.900000	0.006178049621	
740.100000	0.006239804768	
740.300000	0.006308299360	
740.500000	0.006386358678	
740.700000	0.006480050824	
740.900000	0.006611190485	
741.100000	0.007172671366	
741.300000	0.012792037614	
741.500000	0.105215278417	
741.700000	0.138342723795	
741.900000	0.165552871979	
742.100000	0.180820716761	
742.300000	0.186724005726	
742.500000	0.187731249710	
742.700000	0.186280505773	
742.900000	0.183039707702	
743.100000	0.177884018476	
743.300000	0.170303246400	
743.500000	0.160012825051	
743.700000	0.147900313499	
743.900000	0.135146225237	
744.100000	0.122402608281	
744.300000	0.110166873803	
744.500000	0.098768306140	
744.700000	0.088352626929	
744.900000	0.078948577114	
745.100000	0.070521254420	
745.300000	0.063004759212	
745.500000	0.056320715977	
745.700000	0.050388338039	
745.900000	0.045129641801	
746.100000	0.040471936933	
746.300000	0.036348814715	
746.500000	0.032700329402	
746.700000	0.029472764499	
746.900000	0.026618202692	
747.100000	0.024094019560	
747.300000	0.021862365205	
747.500000	0.019889666471	
747.700000	0.018146164842	
747.900000	0.016605495611	
748.100000	0.015244308838	
748.300000	0.014041930155	
748.500000	0.012980058327	
748.700000	0.012042496175	
748.900000	0.011214911425	
749.100000	0.010484624313	
749.300000	0.009840419016	
749.500000	0.009272376271	
749.700000	0.008771724853	
749.900000	0.008330709798	
750.100000	0.007942475539	
750.300000	0.007600962276	
750.500000	0.007300814129	
750.700000	0.007037297758	
750.900000	0.006806230281	
751.100000	0.006603915453	
751.300000	0.006427087191	
751.500000	0.006272859593	
751.700000	0.006138682748	
751.900000	0.006022303660	
752.100000	0.005921731708	
752.300000	0.005835208137	
752.500000	0.005761179095	
752.700000	0.005698271831	
752.900000	0.005645273678	
753.100000	0.005601113506	
753.300000	0.005564845346	
753.500000	0.005535633960	
753.700000	0.005512742097	
753.900000	0.005495519277	
754.100000	0.005483391893	
754.300000	0.005475854506	
754.500000	0.005472462179	
754.700000	0.005472823739	
754.900000	0.005476595863	
755.100000	0.005483477896	
755.300000	0.005493207319	
755.500000	0.005505555798	
755.700000	0.005520325771	
755.900000	0.005537347490	
756.100000	0.005556476521	
756.300000	0.005577591624	
756.500000	0.005600593033	
756.700000	0.005625401087	
756.900000	0.005651955229	
757.100000	0.005680213378	
757.300000	0.005710151688	
757.500000	0.005741764755	
757.700000	0.005775066324	
757.900000	0.005810090624	
758.100000	0.005846894483	
758.300000	0.005885560474	
758.500000	0.005926201483	
758.700000	0.005968967290	
758.900000	0.006014054118	
759.100000	0.006061718755	
759.300000	0.006112299993	
759.500000	0.006166252468	
759.700000	0.006224202808	
759.900000	0.006287049267	
760.100000	0.006356155531	
760.300000	0.006433781183	
760.500000	0.006524262236	
760.700000	0.006638901185	
760.900000	0.006882567278	
761.100000	0.008676568344	
761.300000	0.093723724918	
761.500000	0.126054183361	
761.700000	0.157751554340	
761.900000	0.178357286404	
762.100000	0.187700779542	
762.300000	0.190195695230	
762.500000	0.189469729617	
762.700000	0.186791302360	
762.900000	0.182310943885	
763.100000	0.175636716943	
763.300000	0.166293413495	
763.500000	0.154666008832	
763.700000	0.142006523910	
763.900000	0.129131120054	
764.100000	0.116562632940	
764.300000	0.104709496943	
764.500000	0.093788351805	
764.700000	0.083872242119	
764.900000	0.074951147920	
765.100000	0.066971959106	
765.300000	0.059861928122	
765.500000	0.053541777041	
765.700000	0.047932737386	
765.900000	0.042960122283	
766.100000	0.038554949687	
766.300000	0.034654491294	
766.500000	0.031202246994	
766.700000	0.028147628302	
766.900000	0.025445509627	
767.100000	0.023055734769	
767.300000	0.020942625164	
767.500000	0.019074513291	
767.700000	0.017423311729	
767.900000	0.015964121309	
768.100000	0.014674878072	
768.300000	0.013536036944	
768.500000	0.012530289230	
768.700000	0.011642310794	
768.900000	0.010858537875	
769.100000	0.010166967647	
769.300000	0.009556980888	
769.500000	0.009019184384	
769.700000	0.008545270924	
769.900000	0.008127894971	
770.100000	0.007760562309	
770.300000	0.007437532130	
770.500000	0.007153730202	
770.700000	0.006904671891	
770.900000	0.006686393967	
771.100000	0.006495394193	
771.300000	0.006328577859	
771.500000	0.006183210454	
771.700000	0.006056875819	
771.900000	0.005947439123	
772.100000	0.005853014155	
772.300000	0.005771934406	
772.500000	0.005702727532	
772.700000	0.005644092795	
772.900000	0.005594881149	
773.100000	0.005554077661	
773.300000	0.005520785998	
773.500000	0.005494214740	
773.700000	0.005473665311	
773.900000	0.005458521342	
774.100000	0.005448239289	
774.300000	0.005442340178	
774.500000	0.005440402335	
774.700000	0.005442054993	
774.900000	0.005446972679	
775.100000	0.005454870291	
775.300000	0.005465498784	
775.500000	0.005478641418	
775.700000	0.005494110487	
775.900000	0.005511744494	
776.100000	0.005531405739	
776.300000	0.005552978264	
776.500000	0.005576366157	
776.700000	0.005601492172	
776.900000	0.005628296676	
777.100000	0.005656736910	
777.300000	0.005686786576	
777.500000	0.005718435780	
777.700000	0.005751691366	
777.900000	0.005786577711	
778.100000	0.005823138071	
778.300000	0.005861436640	
778.500000	0.005901561525	
778.700000	0.005943628972	
778.900000	0.005987789359	
779.100000	0.006034235731	
779.300000	0.006083216203	
779.500000	0.006135052403	
779.700000	0.006190167885	
779.900000	0.006249133876	
780.100000	0.006312747402	
780.300000	0.006382175611	
780.500000	0.006459253329	
780.700000	0.006547206712	
780.900000	0.006652994360	
781.100000	0.006802751286	
781.300000	0.007495976011	
781.500000	0.018299232424	
781.700000	0.112265047359	
781.900000	0.146683629824	
782.100000	0.173502789641	
782.300000	0.187782112710	
782.500000	0.192780202346	
782.700000	0.193109122015	
782.900000	0.191075937825	
783.100000	0.187251590998	
783.300000	0.181439792967	
783.500000	0.173131297430	
783.700000	0.162214395353	
783.900000	0.149729756658	
784.100000	0.136740668415	
784.300000	0.123835216107	
784.500000	0.111488465067	
784.700000	0.100001201468	
784.900000	0.089502814204	
785.100000	0.080015678493	
785.300000	0.071503697075	
785.500000	0.063901937494	
785.700000	0.057133618004	
785.900000	0.051119484523	
786.100000	0.045782769522	
786.300000	0.041051629823	
786.500000	0.036860168158	
786.700000	0.033148676600	
786.900000	0.029863468011	
787.100000	0.026956503855	
787.300000	0.024384935355	
787.500000	0.022110622191	
787.700000	0.020099662737	
787.900000	0.018321952561	
788.100000	0.016750778346	
788.300000	0.015362449115	
788.500000	0.014135963894	
788.700000	0.013052713614	
788.900000	0.012096214515	
789.100000	0.011251870134	
789.300000	0.010506759108	
789.500000	0.009849446120	
789.700000	0.009269813610	
789.900000	0.008758912050	
790.100000	0.008308826807	
790.300000	0.007912559832	
790.500000	0.007563924576	
790.700000	0.007257452705	
790.900000	0.006988311345	
791.100000	0.006752229692	
791.300000	0.006545433979	
791.500000	0.006364589864	
791.700000	0.006206751422	
791.900000	0.006069316005	
792.100000	0.005949984313	
792.300000	0.005846725084	
792.500000	0.005757743881	
792.700000	0.005681455519	
792.900000	0.005616459696	
793.100000	0.005561519486	
793.300000	0.005515542341	
793.500000	0.005477563328	
793.700000	0.005446730338	
793.900000	0.005422291036	
794.100000	0.005403581352	
794.300000	0.005390015335	
794.500000	0.005381076213	
794.700000	0.005376308514	
794.900000	0.005375311132	
795.100000	0.005377731224	
795.300000	0.005383258850	
795.500000	0.005391622261	
795.700000	0.005402583772	
795.900000	0.005415936158	
796.100000	0.005431499499	
796.300000	0.005449118454	
796.500000	0.005468659897	
796.700000	0.005490010903	
796.900000	0.005513077034	
797.100000	0.005537780924	
797.300000	0.005564061133	
797.500000	0.005591871263	
797.700000	0.005621179343	
797.900000	0.005651967474	
798.100000	0.005684231761	
798.300000	0.005717982556	
798.500000	0.005753245059	
798.700000	0.005790060334	
798.900000	0.005828486856	
799.100000	0.005868602718	
799.300000	0.005910508707	
799.500000	0.005954332578	
799.700000	0.006000234982	
799.900000	0.006048417810	
800.100000	0.006099136123	
800.300000	0.006152715688	
800.500000	0.006209579578	
800.700000	0.006270290325	
800.900000	0.006335620460	
801.100000	0.006406679499	
801.300000	0.006485166554	
801.500000	0.006573952312	
801.700000	0.006678786872	
801.900000	0.006816744343	
802.100000	0.007243703828	
802.300000	0.011547939878	
802.500000	0.106985082019	
802.700000	0.141995960870	
802.900000	0.172083349678	
803.100000	0.189367810020	
803.300000	0.196030037514	
803.500000	0.196955789659	
803.700000	0.195165747962	
803.900000	0.191526331195	
804.100000	0.185963919582	
804.300000	0.177998396816	
804.500000	0.167362370382	
804.700000	0.154908731332	
804.900000	0.141798684179	
805.100000	0.128666331645	
805.300000	0.116001558094	
805.500000	0.104148709252	
805.700000	0.093271032016	
805.900000	0.083411652951	
806.100000	0.074546102195	
806.300000	0.066615346722	
806.500000	0.059545030100	
806.700000	0.053256264013	
806.900000	0.047671461012	
807.100000	0.042717308876	
807.300000	0.038326119912	
807.500000	0.034436272918	
807.700000	0.030992163136	
807.900000	0.027943898978	
808.100000	0.025246881354	
808.300000	0.022861341547	
808.500000	0.020751878914	
808.700000	0.018887019743	
808.900000	0.017238807261	
809.100000	0.015782426503	
809.300000	0.014495864309	
809.500000	0.013359602966	
809.700000	0.012356345210	
809.900000	0.011470767970	
810.100000	0.010689302232	
810.300000	0.009999936487	
810.500000	0.009392041417	
810.700000	0.008856213657	
810.900000	0.008384136663	
811.100000	0.007968456900	
811.300000	0.007602673758	
811.500000	0.007281041726	
811.700000	0.006998483524	
811.900000	0.006750513023	
812.100000	0.006533166885	
812.300000	0.006342943969	
812.500000	0.006176751672	
812.700000	0.006031858409	
812.900000	0.005905851575	
813.100000	0.005796600355	
813.300000	0.005702222850	
813.500000	0.005621057025	
813.700000	0.005551635035	
813.900000	0.005492660564	
814.100000	0.005442988807	
814.300000	0.005401608805	
814.500000	0.005367627859	
814.700000	0.005340257776	
814.900000	0.005318802742	
815.100000	0.005302648626	
815.300000	0.005291253554	
815.500000	0.005284139596	
815.700000	0.005280885455	
815.900000	0.005281120015	
816.100000	0.005284516670	
816.300000	0.005290788338	
816.500000	0.005299683076	
816.700000	0.005310980233	
816.900000	0.005324487078	
817.100000	0.005340035856	
817.300000	0.005357481212	
817.500000	0.005376697966	
817.700000	0.005397579178	
817.900000	0.005420034503	
818.100000	0.005443988785	
818.300000	0.005469380893	
818.500000	0.005496162768	
818.700000	0.005524298684	
818.900000	0.005553764707	
819.100000	0.005584548366	
819.300000	0.005616648526	
819.500000	0.005650075492	
819.700000	0.005684851368	
819.900000	0.005721010696	
820.100000	0.005758601444	
820.300000	0.005797686412	
820.500000	0.005838345169	
820.700000	0.005880676687	
820.900000	0.005924802902	
821.100000	0.005970873543	
821.300000	0.006019072769	
821.500000	0.006069628424	
821.700000	0.006122825228	
821.900000	0.006179024131	
822.100000	0.006238691699	
822.300000	0.006302446793	
822.500000	0.006371139065	
822.700000	0.006445991279	
822.900000	0.006528885703	
823.100000	0.006623036424	
823.300000	0.006735034952	
823.500000	0.006886123526	
823.700000	0.007454838163	
823.900000	0.015810654093	
824.100000	0.114540614673	
824.300000	0.150720531299	
824.500000	0.179702149071	
824.700000	0.195353206557	
824.900000	0.200793624173	
825.100000	0.201002020706	
825.300000	0.198683456130	
825.500000	0.194527942380	
825.700000	0.188360206326	
825.900000	0.179679633825	
826.100000	0.168386612317	
826.300000	0.155526354421	
826.500000	0.142167123926	
826.700000	0.128877673233	
826.900000	0.116127853287	
827.100000	0.104231624909	
827.300000	0.093330842190	
827.500000	0.083456892453	
827.700000	0.074579567691	
827.900000	0.066637379021	
828.100000	0.059555178874	
828.300000	0.053254061432	
828.500000	0.047656727526	
828.700000	0.042690226015	
828.900000	0.038287196562	
829.100000	0.034386271059	
829.300000	0.030932015941	
829.500000	0.027874636339	
829.700000	0.025169568583	
829.900000	0.022777032308	
830.100000	0.020661581242	
830.300000	0.018791673161	
830.500000	0.017139268827	
830.700000	0.015679463748	
830.900000	0.014390153295	
831.100000	0.013251730037	
831.300000	0.012246811243	
831.500000	0.011359994245	
831.700000	0.010577637226	
831.900000	0.009887663087	
832.100000	0.009279384189	
832.300000	0.008743345904	
832.500000	0.008271187110	
832.700000	0.007855515909	
832.900000	0.007489798992	
833.100000	0.007168263260	
833.300000	0.006885808395	
833.500000	0.006637929239	
833.700000	0.006420646918	
833.900000	0.006230447787	
834.100000	0.006064229321	
834.300000	0.005919252214	
834.500000	0.005793097984	
834.700000	0.005683631472	
834.900000	0.005588967691	
835.100000	0.005507442533	
835.300000	0.005437586885	
835.500000	0.005378103784	
835.700000	0.005327848239	
835.900000	0.005285809435	
836.100000	0.005251095026	
836.300000	0.005222917281	
836.500000	0.005200580870	
836.700000	0.005183472097	
836.900000	0.005171049403	
837.100000	0.005162835003	
837.300000	0.005158407513	
837.500000	0.005157395466	
837.700000	0.005159471585	
837.900000	0.005164347763	
838.100000	0.005171770631	
838.300000	0.005181517669	
838.500000	0.005193393791	
838.700000	0.005207228343	
838.900000	0.005222872480	
839.100000	0.005240196867	
839.300000	0.005259089676	
839.500000	0.005279454849	
839.700000	0.005301210589	
839.900000	0.005324288070	
840.100000	0.005348630341	
840.300000	0.005374191398	
840.500000	0.005400935434	
840.700000	0.005428836233	
840.900000	0.005457876721	
841.100000	0.005488048657	
841.300000	0.005519352478	
841.500000	0.005551797296	
841.700000	0.005585401058	
841.900000	0.005620190886	
842.100000	0.005656203635	
842.300000	0.005693486680	
842.500000	0.005732099017	
842.700000	0.005772112715	
842.900000	0.005813614848	
843.100000	0.005856710031	
843.300000	0.005901523777	
843.500000	0.005948206958	
843.700000	0.005996941831	
843.900000	0.006047950292	
844.100000	0.006101505443	
844.300000	0.006157948221	
844.500000	0.006217712098	
844.700000	0.006281361258	
844.900000	0.006349652655	
845.100000	0.006423643696	
845.300000	0.006504896151	
845.500000	0.006595913388	
845.700000	0.006701278461	
845.900000	0.006831913162	
846.100000	0.007059712122	
846.300000	0.008807038384	
846.500000	0.101786770848	
846.700000	0.136692294349	
846.900000	0.171775897481	
847.100000	0.194395012806	
847.300000	0.204263896000	
847.500000	0.206332907958	
847.700000	0.204838779486	
847.900000	0.201298851011	
848.100000	0.195869811104	
848.300000	0.188133891800	
848.500000	0.177679065318	
848.700000	0.165066820319	
848.900000	0.151554403874	
849.100000	0.137884402686	
849.300000	0.124557321547	
849.500000	0.111976728813	
849.700000	0.100358838771	
849.900000	0.089779871696	
850.100000	0.080233945046	
850.300000	0.071671390063	
850.500000	0.064021562286	
850.700000	0.057205890426	
850.900000	0.051145116102	
851.100000	0.045763143240	
851.300000	0.040988931117	
851.500000	0.036757273069	
851.700000	0.033008953277	
851.900000	0.029690568371	
852.100000	0.026754179717	
852.300000	0.024156891199	
852.500000	0.021860405746	
852.700000	0.019830589562	
852.900000	0.018037058968	
853.100000	0.016452796766	
853.300000	0.015053800488	
853.500000	0.013818762470	
853.700000	0.012728780387	
853.900000	0.011767096287	
854.100000	0.010918861931	
854.300000	0.010170928189	
854.500000	0.009511656350	
854.700000	0.008930749284	
854.900000	0.008419100568	
855.100000	0.007968659830	
855.300000	0.007572312677	
855.500000	0.007223773775	
855.700000	0.006917491701	
855.900000	0.006648564385	
856.100000	0.006412664006	
856.300000	0.006205970357	
856.500000	0.006025111762	
856.700000	0.005867112740	
856.900000	0.005729347659	
857.100000	0.005609499745	
857.300000	0.005505524819	
857.500000	0.005415619262	
857.700000	0.005338191709	
857.900000	0.005271838056	
858.100000	0.005215319402	
858.300000	0.005167542583	
858.500000	0.005127543005	
858.700000	0.005094469504	
858.900000	0.005067570996	
859.100000	0.005046184715	
859.300000	0.005029725845	
859.500000	0.005017678384	
859.700000	0.005009587096	
859.900000	0.005005050429	
860.100000	0.005003714266	
860.300000	0.005005266436	
860.500000	0.005009431874	
860.700000	0.005015968368	
860.900000	0.005024662811	
861.100000	0.005035327912	
861.300000	0.005047799301	
861.500000	0.005061932991	
861.700000	0.005077603150	
861.900000	0.005094700145	
862.100000	0.005113128838	
862.300000	0.005132807095	
862.500000	0.005153664491	
862.700000	0.005175641185	
862.900000	0.005198686955	
863.100000	0.005222760371	
863.300000	0.005247828094	
863.500000	0.005273864297	
863.700000	0.005300850195	
863.900000	0.005328773670	
864.100000	0.005357629004	
864.300000	0.005387416707	
864.500000	0.005418143438	
864.700000	0.005449822029	
864.900000	0.005482471613	
865.100000	0.005516117874	
865.300000	0.005550793414	
865.500000	0.005586538279	
865.700000	0.005623400657	
865.900000	0.005661437782	
866.100000	0.005700717104	
866.300000	0.005741317788	
866.500000	0.005783332618	
866.700000	0.005826870467	
866.900000	0.005872059482	
867.100000	0.005919051260	
867.300000	0.005968026400	
867.500000	0.006019202006	
867.700000	0.006072842031	
867.900000	0.006129271923	
868.100000	0.006188899956	
868.300000	0.006252249479	
868.500000	0.006320009935	
868.700000	0.006393122323	
868.900000	0.006472933628	
869.100000	0.006561506523	
869.300000	0.006662344264	
869.500000	0.006782592928	
869.700000	0.006945290853	
869.900000	0.007586683697	
870.100000	0.022026389670	
870.300000	0.123860216254	
870.500000	0.162234729937	
870.700000	0.191763037856	
870.900000	0.207007723460	
871.100000	0.211758012960	
871.300000	0.211282219581	
871.500000	0.208296169037	
871.700000	0.203423950155	
871.900000	0.196414061614	
872.100000	0.186756443415	
872.300000	0.174528356054	
872.500000	0.160924119782	
872.700000	0.146936378321	
872.900000	0.133096813540	
873.100000	0.119868581643	
873.300000	0.107548462783	
873.500000	0.096265635822	
873.700000	0.086044151775	
873.900000	0.076849719439	
874.100000	0.068618424612	
874.300000	0.061273426377	
874.500000	0.054734381419	
874.700000	0.048922590911	
874.900000	0.043763660828	
875.100000	0.039188731484	
875.300000	0.035134895988	
875.500000	0.031545170299	
875.700000	0.028368226118	
875.900000	0.025558008707	
876.100000	0.023073309222	
876.300000	0.020877330421	
876.500000	0.018937266612	
876.700000	0.017223908372	
876.900000	0.015711276628	
877.100000	0.014376287381	
877.300000	0.013198446567	
877.500000	0.012159573602	
877.700000	0.011243551745	
877.900000	0.010436103246	
878.100000	0.009724587227	
878.300000	0.009097818315	
878.500000	0.008545904168	
878.700000	0.008060100121	
878.900000	0.007632679342	
879.100000	0.007256816982	
879.300000	0.006926486945	
879.500000	0.006636370007	
879.700000	0.006381772133	
879.900000	0.006158551925	
880.100000	0.005963056247	
880.300000	0.005792063166	
880.500000	0.005642731399	
880.700000	0.005512555577	
880.900000	0.005399326682	
881.100000	0.005301097067	
881.300000	0.005216149561	
881.500000	0.005142970194	
881.700000	0.005080224121	
881.900000	0.005026734386	
882.100000	0.004981463196	
882.300000	0.004943495414	
882.500000	0.004912024011	
882.700000	0.004886337251	
882.900000	0.004865807397	
883.100000	0.004849880773	
883.300000	0.004838069008	
883.500000	0.004829941328	
883.700000	0.004825117773	
883.900000	0.004823263222	
884.100000	0.004824082145	
884.300000	0.004827313970	
884.500000	0.004832729021	
884.700000	0.004840124937	
884.900000	0.004849323524	
885.100000	0.004860167989	
885.300000	0.004872520504	
885.500000	0.004886260074	
885.700000	0.004901280655	
885.900000	0.004917489507	
886.100000	0.004934805753	
886.300000	0.004953159114	
886.500000	0.004972488800	
886.700000	0.004992742550	
886.900000	0.005013875791	
887.100000	0.005035850911	
887.300000	0.005058636634	
887.500000	0.005082207483	
887.700000	0.005106543323	
887.900000	0.005131628986	
888.100000	0.005157453955	
888.300000	0.005184012119	
888.500000	0.005211301585	
888.700000	0.005239324549	
888.900000	0.005268087224	
889.100000	0.005297599826	
889.300000	0.005327876616	
889.500000	0.005358936006	
889.700000	0.005390800728	
889.900000	0.005423498076	
890.100000	0.005457060237	
890.300000	0.005491524699	
890.500000	0.005526934790	
890.700000	0.005563340335	
890.900000	0.005600798475	
891.100000	0.005639374691	
891.300000	0.005679144065	
891.500000	0.005720192865	
891.700000	0.005762620535	
891.900000	0.005806542211	
892.100000	0.005852091956	
892.300000	0.005899426958	
892.500000	0.005948733059	
892.700000	0.006000232181	
892.900000	0.006054192498	
893.100000	0.006110942717	
893.300000	0.006170892735	
893.500000	0.006234564564	
893.700000	0.006302640730	
893.900000	0.006376044233	
894.100000	0.006456080479	
894.300000	0.006544714978	
894.500000	0.006645199621	
894.700000	0.006763854898	
894.900000	0.006918362205	
895.100000	0.007364089597	
895.300000	0.013700215198	
895.500000	0.121872490569	
895.700000	0.161540350369	
895.900000	0.194243646994	
896.100000	0.212066442799	
896.300000	0.218111179495	
896.500000	0.217983780848	
896.700000	0.215036293824	
896.900000	0.210143796285	
897.100000	0.203127390106	
897.300000	0.193462043525	
897.500000	0.181094685776	
897.700000	0.167166708988	
897.900000	0.152765684742	
898.100000	0.138460387598	
898.300000	0.124739824396	
898.500000	0.111929826447	
898.700000	0.100177801989	
898.900000	0.089517392786	
899.100000	0.079918565910	
899.300000	0.071318546546	
899.500000	0.063639854191	
899.700000	0.056800523170	
899.900000	0.050719722438	
900.100000	0.045320697275	
900.300000	0.040532166102	
900.500000	0.036288837743	
900.700000	0.032531438877	
900.900000	0.029206479114	
901.100000	0.026265885443	
901.300000	0.023666581524	
901.500000	0.021370054229	
901.700000	0.019341930534	
901.900000	0.017551576671	
902.100000	0.015971725058	
902.300000	0.014578130899	
902.500000	0.013349258382	
902.700000	0.012265995333	
902.900000	0.011311394698	
903.100000	0.010470440981	
903.300000	0.009729839713	
903.500000	0.009077828083	
903.700000	0.008504004900	
903.900000	0.007999178193	
904.100000	0.007555228813	
904.300000	0.007164988575	
904.500000	0.006822131526	
904.700000	0.006521077062	
904.900000	0.006256903721	
905.100000	0.006025272565	
905.300000	0.005822359159	
905.500000	0.005644793250	
905.700000	0.005489605322	
905.900000	0.005354179295	
906.100000	0.005236210679	
906.300000	0.005133669602	
906.500000	0.005044768151	
906.700000	0.004967931549	
906.900000	0.004901772727	
907.100000	0.004845069903	
907.300000	0.004796746829	
907.500000	0.004755855377	
907.700000	0.004721560216	
907.900000	0.004693125313	
908.100000	0.004669902054	
908.300000	0.004651318792	
908.500000	0.004636871651	
908.700000	0.004626116434	
908.900000	0.004618661508	
909.100000	0.004614161548	
909.300000	0.004612312035	
909.500000	0.004612844414	
909.700000	0.004615521842	
909.900000	0.004620135447	
910.100000	0.004626501043	
910.300000	0.004634456234	
910.500000	0.004643857877	
910.700000	0.004654579846	
910.900000	0.004666511072	
911.100000	0.004679553818	
911.300000	0.004693622161	
911.500000	0.004708640663	
911.700000	0.004724543205	
911.900000	0.004741271956	
912.100000	0.004758776484	
912.300000	0.004777012958	
912.500000	0.004795943467	
912.700000	0.004815535416	
912.900000	0.004835761001	
913.100000	0.004856596756	
913.300000	0.004878023155	
913.500000	0.004900024275	
913.700000	0.004922587508	
913.900000	0.004945703308	
914.100000	0.004969364992	
914.300000	0.004993568568	
914.500000	0.005018312598	
914.700000	0.005043598101	
914.900000	0.005069428475	
915.100000	0.005095809456	
915.300000	0.005122749103	
915.500000	0.005150257811	
915.700000	0.005178348353	
915.900000	0.005207035957	
916.100000	0.005236338407	
916.300000	0.005266276185	
916.500000	0.005296872649	
916.700000	0.005328154255	
916.900000	0.005360150830	
917.100000	0.005392895898	
917.300000	0.005426427076	
917.500000	0.005460786551	
917.700000	0.005496021651	
917.900000	0.005532185533	
918.100000	0.005569338014	
918.300000	0.005607546587	
918.500000	0.005646887651	
918.700000	0.005687448037	
918.900000	0.005729326899	
919.100000	0.005772638084	
919.300000	0.005817513148	
919.500000	0.005864105226	
919.700000	0.005912594087	
919.900000	0.005963192846	
920.100000	0.006016157043	
920.300000	0.006071797236	
920.500000	0.006130496902	
920.700000	0.006192738767	
920.900000	0.006259145039	
921.100000	0.006330541985	
921.300000	0.006408070263	
921.500000	0.006493389762	
921.700000	0.006589107190	
921.900000	0.006699844521	
922.100000	0.006835938114	
922.300000	0.007048006867	
922.500000	0.008577732990	
922.700000	0.110727435524	
922.900000	0.148924376309	
923.100000	0.187927727088	
923.300000	0.213165737027	
923.500000	0.223961563038	
923.700000	0.225816763773	
923.900000	0.223640499944	
924.100000	0.219268717055	
924.300000	0.212871166435	
924.500000	0.203976382459	
924.700000	0.192192349713	
924.900000	0.178248086325	
925.100000	0.163467267728	
925.300000	0.148575735775	
925.500000	0.134100855975	
925.700000	0.120459329095	
925.900000	0.107867086250	
926.100000	0.096397200280	
926.300000	0.086039945919	
926.500000	0.076741523776	
926.700000	0.068426948387	
926.900000	0.061013143987	
927.100000	0.054416246027	
927.300000	0.048555521278	
927.500000	0.043355330199	
927.700000	0.038745967296	
927.900000	0.034663869222	
928.100000	0.031051476826	
928.300000	0.027856917537	
928.500000	0.025033603922	
928.700000	0.022539802821	
928.900000	0.020338205220	
929.100000	0.018395512939	
935.080000	0.004486175471	
935.280000	0.004458337121	
935.480000	0.004435384686	
935.680000	0.004416773390	
935.880000	0.004402023523	
936.080000	0.004390712579	
936.280000	0.004382468354	
936.480000	0.004376962887	
936.680000	0.004373907128	
936.880000	0.004373046266	
937.080000	0.004374155619	
937.280000	0.004377037029	
937.480000	0.004381515693	
937.680000	0.004387437383	
937.880000	0.004394666001	
938.080000	0.004403081436	
938.280000	0.004412577677	
938.480000	0.004423061161	
938.680000	0.004434449318	
938.880000	0.004446669295	
939.080000	0.004459656833	
939.280000	0.004473355285	
939.480000	0.004487714750	
939.680000	0.004502691312	
939.880000	0.004518246375	
940.080000	0.004534346078	
940.280000	0.004550960781	
940.480000	0.004568064613	
940.680000	0.004585635082	
940.880000	0.004603652726	
941.080000	0.004622100812	
941.280000	0.004640965074	
941.480000	0.004660233483	
941.680000	0.004679896048	
941.880000	0.004699944642	
942.080000	0.004720372859	
942.280000	0.004741175882	
942.480000	0.004762350380	
942.680000	0.004783894418	
942.880000	0.004805807381	
943.080000	0.004828089921	
943.280000	0.004850743905	
943.480000	0.004873772391	
943.680000	0.004897179602	
943.880000	0.004920970921	
944.080000	0.004945152896	
944.280000	0.004969733251	
944.480000	0.004994720918	
944.680000	0.005020126071	
944.880000	0.005045960180	
945.080000	0.005072236073	
945.280000	0.005098968019	
945.480000	0.005126171815	
945.680000	0.005153864905	
945.880000	0.005182066506	
946.080000	0.005210797764	
946.280000	0.005240081930	
946.480000	0.005269944565	
946.680000	0.005300413787	
946.880000	0.005331520546	
947.080000	0.005363298953	
947.280000	0.005395786663	
947.480000	0.005429025328	
947.680000	0.005463061122	
947.880000	0.005497945376	
948.080000	0.005533735328	
948.280000	0.005570495023	
948.480000	0.005608296407	
948.680000	0.005647220649	
948.880000	0.005687359778	
949.080000	0.005728818706	
949.280000	0.005771717769	
949.480000	0.005816195949	
949.680000	0.005862415031	
949.880000	0.005910565017	
950.080000	0.005960871346	
950.280000	0.006013604675	
950.480000	0.006069094470	
950.680000	0.006127748412	
950.880000	0.006190081026	
951.080000	0.006256757655	
951.280000	0.006328665484	
951.480000	0.006407035859	
951.680000	0.006493673990	
951.880000	0.006591446597	
952.080000	0.006705535541	
952.280000	0.006848052725	
952.480000	0.007097841500	
952.680000	0.009429219494	
952.880000	0.121291875831	
953.080000	0.162348895689	
953.280000	0.201059756633	
953.480000	0.224382143873	
953.680000	0.233410810235	
953.880000	0.234147350204	
954.080000	0.231227319643	
954.280000	0.226161872163	
954.480000	0.218942610886	
954.680000	0.209030514923	
954.880000	0.196180728264	
955.080000	0.181425416541	
955.280000	0.166040532920	
955.480000	0.150662637151	
955.680000	0.135812378601	
955.880000	0.121878105700	
956.080000	0.109049250055	
956.280000	0.097381595899	
956.480000	0.086854843015	
956.680000	0.077408760470	
956.880000	0.068964365173	
957.080000	0.061435981630	
957.280000	0.054737935840	
957.480000	0.048788125732	
957.680000	0.043509786399	
957.880000	0.038832222636	
958.080000	0.034690960928	
958.280000	0.031027584796	
958.480000	0.027789406653	
969.020000	0.004152156735	
969.220000	0.004161865921	
969.420000	0.004172213831	
969.620000	0.004183149353	
969.820000	0.004194627203	
970.020000	0.004206607252	
970.220000	0.004219053928	
970.420000	0.004231935700	
970.620000	0.004245224612	
970.820000	0.004258895884	
971.020000	0.004272927558	
971.220000	0.004287300186	
971.420000	0.004301996558	
971.620000	0.004317001462	
971.820000	0.004332301472	
972.020000	0.004347884764	
972.220000	0.004363740953	
972.420000	0.004379860952	
972.620000	0.004396236846	
972.820000	0.004412861780	
973.020000	0.004429729871	
973.220000	0.004446836114	
973.420000	0.004464176319	
973.620000	0.004481747042	
973.820000	0.004499545532	
974.020000	0.004517569685	
974.220000	0.004535818002	
974.420000	0.004554289557	
974.620000	0.004572983969	
974.820000	0.004591901375	
975.020000	0.004611042415	
975.220000	0.004630408218	
975.420000	0.004650000388	
975.620000	0.004669821002	
975.820000	0.004689872603	
976.020000	0.004710158203	
976.220000	0.004730681286	
976.420000	0.004751445814	
976.620000	0.004772456239	
976.820000	0.004793717516	
977.020000	0.004815235119	
977.220000	0.004837015062	
977.420000	0.004859063925	
977.620000	0.004881388880	
977.820000	0.004903997724	
978.020000	0.004926898915	
978.220000	0.004950101616	
978.420000	0.004973615740	
978.620000	0.004997452005	
978.820000	0.005021621992	
979.020000	0.005046138216	
979.220000	0.005071014197	
979.420000	0.005096264551	
979.620000	0.005121905083	
979.820000	0.005147952896	
980.020000	0.005174426517	
980.220000	0.005201346035	
980.420000	0.005228733259	
980.620000	0.005256611900	
980.820000	0.005285007781	
981.020000	0.005313949069	
981.220000	0.005343466555	
981.420000	0.005373593966	
981.620000	0.005404368336	
981.820000	0.005435830434	
982.020000	0.005468025268	
982.220000	0.005501002681	
982.420000	0.005534818051	
982.620000	0.005569533143	
982.820000	0.005605217114	
983.020000	0.005641947747	
983.220000	0.005679812950	
983.420000	0.005718912617	
983.620000	0.005759360934	
983.820000	0.005801289303	
984.020000	0.005844850065	
984.220000	0.005890221336	
984.420000	0.005937613367	
984.620000	0.005987277095	
984.820000	0.006039515852	
985.020000	0.006094701857	
985.220000	0.006153300088	
985.420000	0.006215904168	
985.620000	0.006283292713	
985.820000	0.006356522931	
986.020000	0.006437097974	
986.220000	0.006527297948	
986.420000	0.006630939964	
986.620000	0.006755618112	
986.820000	0.006924306637	
987.020000	0.007576699293	
987.220000	0.031563712410	
987.420000	0.148000279585	
987.620000	0.192027631798	
987.820000	0.224715318565	
988.020000	0.240635265527	
988.220000	0.244674850201	
988.420000	0.242930781447	
988.620000	0.238486355775	
988.820000	0.231924162820	
989.020000	0.222835122497	
989.220000	0.210678159082	
989.420000	0.195897091714	
989.620000	0.179953866338	
989.820000	0.163759660129	
990.020000	0.147891926027	
990.220000	0.132848747016	
990.420000	0.118907636363	
990.620000	0.106174492542	
990.820000	0.094654005679	
991.020000	0.084296274124	
991.220000	0.075024445686	
991.420000	0.066750544182	
991.620000	0.059384322730	
991.820000	0.052838061553	
992.020000	0.047029023214	
992.220000	0.041880566003	
1008.500000	0.004093740820	
1008.700000	0.004107166348	
1008.900000	0.004120719845	
1009.100000	0.004134397792	
1009.300000	0.004148197000	
1009.500000	0.004162114584	
1009.700000	0.004176147938	
1009.900000	0.004190294715	
1010.100000	0.004204552807	
1010.300000	0.004218920329	
1010.500000	0.004233395608	
1010.700000	0.004247977165	
1010.900000	0.004262663708	
1011.100000	0.004277454119	
1011.300000	0.004292347450	
1011.500000	0.004307342912	
1011.700000	0.004322439870	
1011.900000	0.004337637840	
1012.100000	0.004352936481	
1012.300000	0.004368335592	
1012.500000	0.004383835112	
1012.700000	0.004399435115	
1012.900000	0.004415135809	
1013.100000	0.004430937536	
1013.300000	0.004446840771	
1013.500000	0.004462846122	
1013.700000	0.004478954329	
1013.900000	0.004495166268	
1014.100000	0.004511482954	
1014.300000	0.004527905536	
1014.500000	0.004544435307	
1014.700000	0.004561073703	
1014.900000	0.004577822310	
1015.100000	0.004594682864	
1015.300000	0.004611657259	
1015.500000	0.004628747550	
1015.700000	0.004645955961	
1015.900000	0.004663284888	
1016.100000	0.004680736912	
1016.300000	0.004698314800	
1016.500000	0.004716021518	
1016.700000	0.004733860239	
1016.900000	0.004751834352	
1017.100000	0.004769947474	
1017.300000	0.004788203464	
1017.500000	0.004806606433	
1017.700000	0.004825160760	
1017.900000	0.004843871106	
1018.100000	0.004862742435	
1018.300000	0.004881780025	
1018.500000	0.004900989499	
1018.700000	0.004920376836	
1018.900000	0.004939948403	
1019.100000	0.004959710979	
1019.300000	0.004979671783	
1019.500000	0.004999838506	
1019.700000	0.005020219349	
1019.900000	0.005040823059	
1020.100000	0.005061658971	
1020.300000	0.005082737056	
1020.500000	0.005104067975	
1020.700000	0.005125663134	
1020.900000	0.005147534749	
1021.100000	0.005169695918	
1021.300000	0.005192160700	
1021.500000	0.005214944205	
1021.700000	0.005238062694	
1021.900000	0.005261533691	
1022.100000	0.005285376111	
1022.300000	0.005309610403	
1022.500000	0.005334258715	
1022.700000	0.005359345078	
1022.900000	0.005384895618	
1023.100000	0.005410938803	
1023.300000	0.005437505722	
1023.500000	0.005464630408	
1023.700000	0.005492350222	
1023.900000	0.005520706288	
1024.100000	0.005549744017	
1024.300000	0.005579513717	
1024.500000	0.005610071320	
1024.700000	0.005641479258	
1024.900000	0.005673807508	
1025.100000	0.005707134869	
1025.300000	0.005741550528	
1025.500000	0.005777155987	
1025.700000	0.005814067485	
1025.900000	0.005852419050	
1026.100000	0.005892366412	
1026.300000	0.005934092096	
1026.500000	0.005977812148	
1026.700000	0.006023785192	
1026.900000	0.006072324919	
1027.100000	0.006123817720	
1027.300000	0.006178748391	
1027.500000	0.006237738998	
1027.700000	0.006301610406	
1027.900000	0.006371485517	
1028.100000	0.006448976286	
1028.300000	0.006536560465	
1028.500000	0.006638471356	
1028.700000	0.006763459220	
1028.900000	0.006941626432	
1029.100000	0.007893212175	
1029.300000	0.091373512244	
1029.500000	0.166262680506	
1029.700000	0.211326162554	
1029.900000	0.242318978121	
1030.100000	0.256178884087	
1030.300000	0.258731667478	
1030.500000	0.256018876125	
1030.700000	0.250714426279	
1030.900000	0.243145719677	
1031.100000	0.232769928186	
1031.300000	0.219116945972	
1031.500000	0.203010547389	
1031.700000	0.185969665432	
1031.900000	0.168800916892	
1032.100000	0.152117741998	
1032.300000	0.136401848496	
1032.500000	0.121897588874	
1032.700000	0.108685756079	
1032.900000	0.096753687334	
1033.100000	0.086039415103	
1033.300000	0.076457421199	
1033.500000	0.067913240769	
1033.700000	0.060311551688	
1033.900000	0.053560497647	
1053.900000	0.003786888561	
1059.460000	0.004076330205	
1059.660000	0.004086838190	
1059.860000	0.004097343148	
1060.060000	0.004107844307	
1060.260000	0.004118340919	
1060.460000	0.004128832255	
1060.660000	0.004139317608	
1060.860000	0.004149796288	
1061.060000	0.004160267627	
1061.260000	0.004170730975	
1061.460000	0.004181185701	
1061.660000	0.004191631192	
1061.860000	0.004202066850	
1062.060000	0.004212492099	
1062.260000	0.004222906376	
1062.460000	0.004233309134	
1062.660000	0.004243699846	
1062.860000	0.004254077997	
1063.060000	0.004264443089	
1063.260000	0.004274794638	
1063.460000	0.004285132177	
1063.660000	0.004295455252	
1063.860000	0.004305763422	
1064.060000	0.004316056264	
1064.260000	0.004326333364	
1064.460000	0.004336594325	
1064.660000	0.004346838761	
1064.860000	0.004357066301	
1065.060000	0.004367276586	
1065.260000	0.004377469270	
1065.460000	0.004387644018	
1065.660000	0.004397800510	
1065.860000	0.004407938435	
1066.060000	0.004418057497	
1066.260000	0.004428157409	
1066.460000	0.004438237898	
1066.660000	0.004448298700	
1066.860000	0.004458339565	
1067.060000	0.004468360252	
1067.260000	0.004478360533	
1067.460000	0.004488340189	
1067.660000	0.004498299013	
1067.860000	0.004508236809	
1068.060000	0.004518153390	
1068.260000	0.004528048581	
1068.460000	0.004537922216	
1068.660000	0.004547774142	
1068.860000	0.004557604214	
1069.060000	0.004567412296	
1069.260000	0.004577198266	
1069.460000	0.004586962008	
1069.660000	0.004596703418	
1069.860000	0.004606422403	
1070.060000	0.004616118876	
1070.260000	0.004625792763	
1070.460000	0.004635444000	
1070.660000	0.004645072531	
1070.860000	0.004654678310	
1071.060000	0.004664261300	
1071.260000	0.004673821477	
1071.460000	0.004683358822	
1071.660000	0.004692873330	
1071.860000	0.004702365001	
1072.060000	0.004711833849	
1072.260000	0.004721279895	
1072.460000	0.004730703171	
1072.660000	0.004740103717	
1072.860000	0.004749481584	
1073.060000	0.004758836834	
1073.260000	0.004768169535	
1073.460000	0.004777479769	
1073.660000	0.004786767626	
1073.860000	0.004796033205	
1074.060000	0.004805276616	
1074.260000	0.004814497980	
1074.460000	0.004823697428	
1074.660000	0.004832875099	
1074.860000	0.004842031145	
1075.060000	0.004851165727	
1075.260000	0.004860279018	
1075.460000	0.004869371202	
1075.660000	0.004878442471	
1075.860000	0.004887493031	
1076.060000	0.004896523099	
1076.260000	0.004905532901	
1076.460000	0.004914522679	
1076.660000	0.004923492682	
1076.860000	0.004932443174	
1077.060000	0.004941374432	
1077.260000	0.004950286741	
1077.460000	0.004959180405	
1077.660000	0.004968055736	
1077.860000	0.004976913062	
1078.060000	0.004985752723	
1078.260000	0.004994575075	
1078.460000	0.005003380486	
1078.660000	0.005012169341	
1078.860000	0.005020942037	
1079.060000	0.005029698990	
1079.260000	0.005038440629	
1079.460000	0.005047167400	
1079.660000	0.005055879768	
1079.860000	0.005064578211	
1080.060000	0.005073263229	
1080.260000	0.005081935338	
1080.460000	0.005090595074	
1080.660000	0.005099242991	
1080.860000	0.005107879664	
1081.060000	0.005116505691	
1081.260000	0.005125121688	
1081.460000	0.005133728295	
1081.660000	0.005142326177	
1081.860000	0.005150916018	
1082.060000	0.005159498533	
1082.260000	0.005168074459	
1082.460000	0.005176644560	
1082.660000	0.005185209629	
1082.860000	0.005193770487	
1083.060000	0.005202327986	
1083.260000	0.005210883010	
1083.460000	0.005219436474	
1083.660000	0.005227989327	
1083.860000	0.005236542555	
1084.060000	0.005245097180	
1084.260000	0.005253654264	
1084.460000	0.005262214907	
1084.660000	0.005270780254	
1084.860000	0.005279351493	
1085.060000	0.005287929857	
1085.260000	0.005296516630	
1085.460000	0.005305113145	
1085.660000	0.005313720788	
1085.860000	0.005322341002	
1086.060000	0.005330975289	
1086.260000	0.005339625211	
1086.460000	0.005348292396	
1086.660000	0.005356978539	
1086.860000	0.005365685409	
1087.060000	0.005374414847	
1087.260000	0.005383168777	
1087.460000	0.005391949204	
1087.660000	0.005400758225	
1087.860000	0.005409598027	
1088.060000	0.005418470898	
1088.260000	0.005427379231	
1088.460000	0.005436325527	
1088.660000	0.005445312408	
1088.860000	0.005454342617	
1089.060000	0.005463419032	
1089.260000	0.005472544667	
1089.460000	0.005481722689	
1089.660000	0.005490956420	
1089.860000	0.005500249354	
1090.060000	0.005509605160	
1090.260000	0.005519027703	
1090.460000	0.005528521049	
1090.660000	0.005538089485	
1090.860000	0.005547737530	
1091.060000	0.005557469954	
1091.260000	0.005567291795	
1091.460000	0.005577208378	
1091.660000	0.005587225338	
1091.860000	0.005597348644	
1092.060000	0.005607584622	
1092.260000	0.005617939984	
1092.460000	0.005628421861	
1092.660000	0.005639037833	
1092.860000	0.005649795972	
1093.060000	0.005660704877	
1093.260000	0.005671773726	
1093.460000	0.005683012322	
1093.660000	0.005694431151	
1093.860000	0.005706041447	
1094.060000	0.005717855259	
1094.260000	0.005729885530	
1094.460000	0.005742146189	
1094.660000	0.005754652243	
1094.860000	0.005767419897	
1095.060000	0.005780466674	
1095.260000	0.005793811562	
1095.460000	0.005807475177	
1095.660000	0.005821479952	
1095.860000	0.005835850346	
1096.060000	0.005850613098	
1096.260000	0.005865797512	
1096.460000	0.005881435784	
1096.660000	0.00589756