0.000000	0.000000000095	
20.000000	0.000000000096	
40.000000	0.000000000096	
60.000000	0.000000000096	
80.000000	0.000000000096	
100.000000	0.000000000096	
120.000000	0.000000000071	
140.000000	0.000000000074	
160.000000	0.000000000078	
180.000000	0.000000000081	
200.000000	0.000000000084	
220.000000	0.000000000087	
240.000000	0.000000000089	
260.000000	0.000000000091	
280.000000	0.000000000093	
300.000000	0.000000000095	
320.000000	0.000000000097	
340.000000	0.000000000099	
360.000000	0.000000000100	
380.000000	0.000000000102	
400.000000	0.000000000103	
420.000000	0.000000000104	
440.000000	0.000000000106	
460.000000	0.000000000107	
480.000000	0.000000000109	
495.760000	0.000000000114	
495.960000	0.000000000133	
496.160000	0.000000000152	
496.360000	0.000000000181	
496.560000	0.000000000315	
496.760000	0.000000000337	
496.960000	0.000000000322	
497.160000	0.000000000294	
497.360000	0.000000000270	
497.560000	0.000000000253	
497.760000	0.000000000236	
497.960000	0.000000000216	
498.160000	0.000000000191	
498.360000	0.000000000153	
498.560000	0.000000000127	
498.760000	0.000000000114	
518.760000	0.000000000126	
527.800000	0.000000000141	
528.000000	0.000000000141	
528.200000	0.000000000142	
528.400000	0.000000000142	
528.600000	0.000000000143	
528.800000	0.000000000145	
529.000000	0.000000000158	
529.200000	0.000000000186	
529.400000	0.000000000225	
529.600000	0.000000000399	
529.800000	0.000000000437	
530.000000	0.000000000421	
530.200000	0.000000000385	
530.400000	0.000000000350	
530.600000	0.000000000327	
530.800000	0.000000000307	
531.000000	0.000000000284	
531.200000	0.000000000255	
531.400000	0.000000000212	
531.600000	0.000000000174	
531.800000	0.000000000155	
532.000000	0.000000000144	
550.500000	0.000000000188	
550.700000	0.000000000189	
550.900000	0.000000000190	
551.100000	0.000000000191	
551.300000	0.000000000191	
551.500000	0.000000000192	
551.700000	0.000000000193	
551.900000	0.000000000194	
552.100000	0.000000000194	
552.300000	0.000000000195	
552.500000	0.000000000196	
552.700000	0.000000000197	
552.900000	0.000000000197	
553.100000	0.000000000198	
553.300000	0.000000000199	
553.500000	0.000000000200	
553.700000	0.000000000201	
553.900000	0.000000000201	
554.100000	0.000000000202	
554.300000	0.000000000203	
554.500000	0.000000000204	
554.700000	0.000000000205	
554.900000	0.000000000206	
555.100000	0.000000000207	
555.300000	0.000000000209	
555.500000	0.000000000211	
555.700000	0.000000000216	
555.900000	0.000000000257	
556.100000	0.000000000307	
556.300000	0.000000000510	
556.500000	0.000000000639	
556.700000	0.000000000630	
556.900000	0.000000000582	
557.100000	0.000000000526	
557.300000	0.000000000488	
557.500000	0.000000000459	
557.700000	0.000000000428	
557.900000	0.000000000391	
558.100000	0.000000000340	
558.300000	0.000000000277	
558.500000	0.000000000241	
558.700000	0.000000000221	
558.900000	0.000000000209	
559.100000	0.000000000203	
570.940000	0.000000000264	
571.140000	0.000000000265	
571.340000	0.000000000266	
571.540000	0.000000000268	
571.740000	0.000000000269	
571.940000	0.000000000270	
572.140000	0.000000000272	
572.340000	0.000000000273	
572.540000	0.000000000275	
572.740000	0.000000000276	
572.940000	0.000000000277	
573.140000	0.000000000279	
573.340000	0.000000000280	
573.540000	0.000000000281	
573.740000	0.000000000283	
573.940000	0.000000000284	
574.140000	0.000000000286	
574.340000	0.000000000287	
574.540000	0.000000000288	
574.740000	0.000000000290	
574.940000	0.000000000291	
575.140000	0.000000000293	
575.340000	0.000000000294	
575.540000	0.000000000295	
575.740000	0.000000000297	
575.940000	0.000000000298	
576.140000	0.000000000300	
576.340000	0.000000000301	
576.540000	0.000000000303	
576.740000	0.000000000304	
576.940000	0.000000000306	
577.140000	0.000000000307	
577.340000	0.000000000309	
577.540000	0.000000000310	
577.740000	0.000000000312	
577.940000	0.000000000314	
578.140000	0.000000000315	
578.340000	0.000000000317	
578.540000	0.000000000319	
578.740000	0.000000000321	
578.940000	0.000000000323	
579.140000	0.000000000326	
579.340000	0.000000000329	
579.540000	0.000000000338	
579.740000	0.000000000401	
579.940000	0.000000000484	
580.140000	0.000000000840	
580.340000	0.000000000998	
580.540000	0.000000000979	
580.740000	0.000000000904	
580.940000	0.000000000817	
581.140000	0.000000000759	
581.340000	0.000000000713	
581.540000	0.000000000667	
581.740000	0.000000000611	
581.940000	0.000000000534	
582.140000	0.000000000439	
582.340000	0.000000000382	
582.540000	0.000000000351	
582.740000	0.000000000331	
582.940000	0.000000000321	
583.140000	0.000000000316	
583.340000	0.000000000314	
590.500000	0.000000000379	
590.700000	0.000000000381	
590.900000	0.000000000383	
591.100000	0.000000000386	
591.300000	0.000000000388	
591.500000	0.000000000390	
591.700000	0.000000000392	
591.900000	0.000000000395	
592.100000	0.000000000397	
592.300000	0.000000000399	
592.500000	0.000000000401	
592.700000	0.000000000404	
592.900000	0.000000000406	
593.100000	0.000000000408	
593.300000	0.000000000411	
593.500000	0.000000000413	
593.700000	0.000000000415	
593.900000	0.000000000418	
594.100000	0.000000000420	
594.300000	0.000000000422	
594.500000	0.000000000425	
594.700000	0.000000000427	
594.900000	0.000000000429	
595.100000	0.000000000432	
595.300000	0.000000000434	
595.500000	0.000000000437	
595.700000	0.000000000439	
595.900000	0.000000000441	
596.100000	0.000000000444	
596.300000	0.000000000446	
596.500000	0.000000000449	
596.700000	0.000000000451	
596.900000	0.000000000454	
597.100000	0.000000000456	
597.300000	0.000000000459	
597.500000	0.000000000461	
597.700000	0.000000000464	
597.900000	0.000000000466	
598.100000	0.000000000469	
598.300000	0.000000000471	
598.500000	0.000000000474	
598.700000	0.000000000476	
598.900000	0.000000000479	
599.100000	0.000000000482	
599.300000	0.000000000484	
599.500000	0.000000000487	
599.700000	0.000000000490	
599.900000	0.000000000493	
600.100000	0.000000000496	
600.300000	0.000000000499	
600.500000	0.000000000502	
600.700000	0.000000000505	
600.900000	0.000000000508	
601.100000	0.000000000512	
601.300000	0.000000000517	
601.500000	0.000000000523	
601.700000	0.000000000545	
601.900000	0.000000000658	
602.100000	0.000000000826	
602.300000	0.000000001465	
602.500000	0.000000001585	
602.700000	0.000000001527	
602.900000	0.000000001397	
603.100000	0.000000001265	
603.300000	0.000000001179	
603.500000	0.000000001108	
603.700000	0.000000001035	
603.900000	0.000000000944	
604.100000	0.000000000818	
604.300000	0.000000000677	
604.500000	0.000000000598	
604.700000	0.000000000552	
604.900000	0.000000000524	
605.100000	0.000000000509	
605.300000	0.000000000502	
605.500000	0.000000000499	
605.700000	0.000000000499	
605.900000	0.000000000500	
606.100000	0.000000000502	
606.300000	0.000000000504	
606.500000	0.000000000507	
606.700000	0.000000000510	
606.900000	0.000000000512	
607.100000	0.000000000515	
607.300000	0.000000000518	
607.500000	0.000000000521	
607.700000	0.000000000524	
607.900000	0.000000000527	
608.100000	0.000000000530	
608.300000	0.000000000533	
608.500000	0.000000000536	
608.700000	0.000000000539	
608.900000	0.000000000542	
609.100000	0.000000000545	
609.300000	0.000000000548	
609.500000	0.000000000551	
609.700000	0.000000000554	
609.900000	0.000000000558	
610.100000	0.000000000561	
610.300000	0.000000000564	
610.500000	0.000000000568	
610.700000	0.000000000571	
610.900000	0.000000000574	
611.100000	0.000000000578	
611.300000	0.000000000581	
611.500000	0.000000000585	
611.700000	0.000000000588	
611.900000	0.000000000592	
612.100000	0.000000000596	
612.300000	0.000000000599	
612.500000	0.000000000603	
612.700000	0.000000000606	
612.900000	0.000000000610	
613.100000	0.000000000614	
613.300000	0.000000000617	
613.500000	0.000000000621	
613.700000	0.000000000625	
613.900000	0.000000000628	
614.100000	0.000000000632	
614.300000	0.000000000636	
614.500000	0.000000000640	
614.700000	0.000000000644	
614.900000	0.000000000647	
615.100000	0.000000000651	
615.300000	0.000000000655	
615.500000	0.000000000659	
615.700000	0.000000000663	
615.900000	0.000000000667	
616.100000	0.000000000670	
616.300000	0.000000000674	
616.500000	0.000000000678	
616.700000	0.000000000682	
616.900000	0.000000000686	
617.100000	0.000000000690	
617.300000	0.000000000694	
617.500000	0.000000000698	
617.700000	0.000000000702	
617.900000	0.000000000706	
618.100000	0.000000000710	
618.300000	0.000000000714	
618.500000	0.000000000718	
618.700000	0.000000000722	
618.900000	0.000000000726	
619.100000	0.000000000731	
619.300000	0.000000000735	
619.500000	0.000000000739	
619.700000	0.000000000743	
619.900000	0.000000000748	
620.100000	0.000000000752	
620.300000	0.000000000756	
620.500000	0.000000000761	
620.700000	0.000000000765	
620.900000	0.000000000770	
621.100000	0.000000000775	
621.300000	0.000000000780	
621.500000	0.000000000785	
621.700000	0.000000000790	
621.900000	0.000000000796	
622.100000	0.000000000802	
622.300000	0.000000000809	
622.500000	0.000000000819	
622.700000	0.000000000844	
622.900000	0.000000001010	
623.100000	0.000000001260	
623.300000	0.000000002244	
623.500000	0.000000002475	
623.700000	0.000000002401	
623.900000	0.000000002201	
624.100000	0.000000001988	
624.300000	0.000000001847	
624.500000	0.000000001734	
624.700000	0.000000001621	
624.900000	0.000000001486	
625.100000	0.000000001303	
625.300000	0.000000001084	
625.500000	0.000000000951	
625.700000	0.000000000875	
625.900000	0.000000000827	
626.100000	0.000000000801	
626.300000	0.000000000787	
626.500000	0.000000000782	
626.700000	0.000000000780	
626.900000	0.000000000782	
627.100000	0.000000000784	
627.300000	0.000000000787	
627.500000	0.000000000791	
627.700000	0.000000000795	
627.900000	0.000000000800	
628.100000	0.000000000804	
628.300000	0.000000000808	
628.500000	0.000000000813	
628.700000	0.000000000817	
628.900000	0.000000000821	
629.100000	0.000000000826	
629.300000	0.000000000831	
629.500000	0.000000000835	
629.700000	0.000000000840	
629.900000	0.000000000845	
630.100000	0.000000000849	
630.300000	0.000000000854	
630.500000	0.000000000859	
630.700000	0.000000000864	
630.900000	0.000000000869	
631.100000	0.000000000874	
631.300000	0.000000000879	
631.500000	0.000000000885	
631.700000	0.000000000890	
631.900000	0.000000000895	
632.100000	0.000000000900	
632.300000	0.000000000906	
632.500000	0.000000000911	
632.700000	0.000000000917	
632.900000	0.000000000922	
633.100000	0.000000000928	
633.300000	0.000000000933	
633.500000	0.000000000939	
633.700000	0.000000000944	
633.900000	0.000000000950	
634.100000	0.000000000956	
634.300000	0.000000000961	
634.500000	0.000000000967	
634.700000	0.000000000973	
634.900000	0.000000000979	
635.100000	0.000000000985	
635.300000	0.000000000990	
635.500000	0.000000000996	
635.700000	0.000000001002	
635.900000	0.000000001008	
636.100000	0.000000001014	
636.300000	0.000000001020	
636.500000	0.000000001026	
636.700000	0.000000001032	
636.900000	0.000000001038	
637.100000	0.000000001044	
637.300000	0.000000001050	
637.500000	0.000000001056	
637.700000	0.000000001062	
637.900000	0.000000001069	
638.100000	0.000000001075	
638.300000	0.000000001081	
638.500000	0.000000001087	
638.700000	0.000000001094	
638.900000	0.000000001100	
639.100000	0.000000001106	
639.300000	0.000000001113	
639.500000	0.000000001119	
639.700000	0.000000001126	
639.900000	0.000000001132	
640.100000	0.000000001139	
640.300000	0.000000001146	
640.500000	0.000000001152	
640.700000	0.000000001159	
640.900000	0.000000001166	
641.100000	0.000000001173	
641.300000	0.000000001181	
641.500000	0.000000001188	
641.700000	0.000000001196	
641.900000	0.000000001204	
642.100000	0.000000001212	
642.300000	0.000000001222	
642.500000	0.000000001232	
642.700000	0.000000001245	
642.900000	0.000000001265	
643.100000	0.000000001399	
643.300000	0.000000001698	
643.500000	0.000000002595	
643.700000	0.000000003705	
643.900000	0.000000003756	
644.100000	0.000000003516	
644.300000	0.000000003172	
644.500000	0.000000002899	
644.700000	0.000000002711	
644.900000	0.000000002543	
645.100000	0.000000002359	
645.300000	0.000000002126	
645.500000	0.000000001810	
645.700000	0.000000001539	
645.900000	0.000000001392	
646.100000	0.000000001298	
646.300000	0.000000001242	
646.500000	0.000000001211	
646.700000	0.000000001196	
646.900000	0.000000001190	
647.100000	0.000000001189	
647.300000	0.000000001191	
647.500000	0.000000001195	
647.700000	0.000000001200	
647.900000	0.000000001206	
648.100000	0.000000001211	
648.300000	0.000000001218	
648.500000	0.000000001224	
648.700000	0.000000001230	
648.900000	0.000000001236	
649.100000	0.000000001243	
649.300000	0.000000001249	
649.500000	0.000000001256	
649.700000	0.000000001263	
649.900000	0.000000001270	
650.100000	0.000000001276	
650.300000	0.000000001283	
650.500000	0.000000001290	
650.700000	0.000000001298	
650.900000	0.000000001305	
651.100000	0.000000001312	
651.300000	0.000000001320	
651.500000	0.000000001327	
651.700000	0.000000001335	
651.900000	0.000000001342	
652.100000	0.000000001350	
652.300000	0.000000001358	
652.500000	0.000000001366	
652.700000	0.000000001374	
652.900000	0.000000001382	
653.100000	0.000000001390	
653.300000	0.000000001398	
653.500000	0.000000001406	
653.700000	0.000000001414	
653.900000	0.000000001423	
654.100000	0.000000001431	
654.300000	0.000000001439	
654.500000	0.000000001448	
654.700000	0.000000001456	
654.900000	0.000000001465	
655.100000	0.000000001473	
655.300000	0.000000001482	
655.500000	0.000000001490	
655.700000	0.000000001499	
655.900000	0.000000001508	
656.100000	0.000000001517	
656.300000	0.000000001525	
656.500000	0.000000001534	
656.700000	0.000000001543	
656.900000	0.000000001552	
657.100000	0.000000001561	
657.300000	0.000000001570	
657.500000	0.000000001579	
657.700000	0.000000001588	
657.900000	0.000000001597	
658.100000	0.000000001606	
658.300000	0.000000001616	
658.500000	0.000000001625	
658.700000	0.000000001634	
658.900000	0.000000001644	
659.100000	0.000000001653	
659.300000	0.000000001663	
659.500000	0.000000001672	
659.700000	0.000000001682	
659.900000	0.000000001692	
660.100000	0.000000001702	
660.300000	0.000000001712	
660.500000	0.000000001722	
660.700000	0.000000001732	
660.900000	0.000000001743	
661.100000	0.000000001754	
661.300000	0.000000001765	
661.500000	0.000000001776	
661.700000	0.000000001788	
661.900000	0.000000001801	
662.100000	0.000000001814	
662.300000	0.000000001829	
662.500000	0.000000001848	
662.700000	0.000000001875	
662.900000	0.000000001999	
663.100000	0.000000002436	
663.300000	0.000000003468	
663.500000	0.000000005420	
663.700000	0.000000005598	
663.900000	0.000000005286	
664.100000	0.000000004777	
664.300000	0.000000004334	
664.500000	0.000000004039	
664.700000	0.000000003786	
664.900000	0.000000003521	
665.100000	0.000000003196	
665.300000	0.000000002758	
665.500000	0.000000002336	
665.700000	0.000000002098	
665.900000	0.000000001948	
666.100000	0.000000001854	
666.300000	0.000000001801	
666.500000	0.000000001773	
666.700000	0.000000001761	
666.900000	0.000000001757	
667.100000	0.000000001758	
667.300000	0.000000001762	
667.500000	0.000000001769	
667.700000	0.000000001776	
667.900000	0.000000001784	
668.100000	0.000000001792	
668.300000	0.000000001800	
668.500000	0.000000001809	
668.700000	0.000000001818	
668.900000	0.000000001827	
669.100000	0.000000001836	
669.300000	0.000000001845	
669.500000	0.000000001854	
669.700000	0.000000001864	
669.900000	0.000000001873	
670.100000	0.000000001883	
670.300000	0.000000001893	
670.500000	0.000000001903	
670.700000	0.000000001913	
670.900000	0.000000001924	
671.100000	0.000000001934	
671.300000	0.000000001944	
671.500000	0.000000001955	
671.700000	0.000000001966	
671.900000	0.000000001977	
672.100000	0.000000001988	
672.300000	0.000000001999	
672.500000	0.000000002010	
672.700000	0.000000002021	
672.900000	0.000000002033	
673.100000	0.000000002044	
673.300000	0.000000002056	
673.500000	0.000000002067	
673.700000	0.000000002079	
673.900000	0.000000002091	
674.100000	0.000000002103	
674.300000	0.000000002115	
674.500000	0.000000002127	
674.700000	0.000000002139	
674.900000	0.000000002151	
675.100000	0.000000002163	
675.300000	0.000000002175	
675.500000	0.000000002187	
675.700000	0.000000002200	
675.900000	0.000000002212	
676.100000	0.000000002225	
676.300000	0.000000002237	
676.500000	0.000000002250	
676.700000	0.000000002262	
676.900000	0.000000002275	
677.100000	0.000000002288	
677.300000	0.000000002301	
677.500000	0.000000002314	
677.700000	0.000000002327	
677.900000	0.000000002340	
678.100000	0.000000002353	
678.300000	0.000000002366	
678.500000	0.000000002380	
678.700000	0.000000002393	
678.900000	0.000000002407	
679.100000	0.000000002420	
679.300000	0.000000002434	
679.500000	0.000000002448	
679.700000	0.000000002462	
679.900000	0.000000002477	
680.100000	0.000000002491	
680.300000	0.000000002506	
680.500000	0.000000002521	
680.700000	0.000000002537	
680.900000	0.000000002553	
681.100000	0.000000002569	
681.300000	0.000000002587	
681.500000	0.000000002605	
681.700000	0.000000002625	
681.900000	0.000000002648	
682.100000	0.000000002676	
682.300000	0.000000002720	
682.500000	0.000000003005	
682.700000	0.000000003682	
682.900000	0.000000005996	
683.100000	0.000000007964	
683.300000	0.000000008015	
683.500000	0.000000007462	
683.700000	0.000000006700	
683.900000	0.000000006109	
684.100000	0.000000005700	
684.300000	0.000000005334	
684.500000	0.000000004941	
684.700000	0.000000004449	
684.900000	0.000000003805	
685.100000	0.000000003270	
685.300000	0.000000002969	
685.500000	0.000000002771	
685.700000	0.000000002647	
685.900000	0.000000002578	
686.100000	0.000000002542	
686.300000	0.000000002524	
686.500000	0.000000002519	
686.700000	0.000000002520	
686.900000	0.000000002525	
687.100000	0.000000002533	
687.300000	0.000000002542	
687.500000	0.000000002552	
687.700000	0.000000002563	
687.900000	0.000000002574	
688.100000	0.000000002586	
688.300000	0.000000002598	
688.500000	0.000000002609	
688.700000	0.000000002622	
688.900000	0.000000002634	
689.100000	0.000000002646	
689.300000	0.000000002659	
689.500000	0.000000002672	
689.700000	0.000000002685	
689.900000	0.000000002698	
690.100000	0.000000002712	
690.300000	0.000000002726	
690.500000	0.000000002739	
690.700000	0.000000002754	
690.900000	0.000000002768	
691.100000	0.000000002782	
691.300000	0.000000002797	
691.500000	0.000000002812	
691.700000	0.000000002827	
691.900000	0.000000002842	
692.100000	0.000000002857	
692.300000	0.000000002872	
692.500000	0.000000002888	
692.700000	0.000000002904	
692.900000	0.000000002919	
693.100000	0.000000002935	
693.300000	0.000000002951	
693.500000	0.000000002967	
693.700000	0.000000002983	
693.900000	0.000000003000	
694.100000	0.000000003016	
694.300000	0.000000003032	
694.500000	0.000000003049	
694.700000	0.000000003066	
694.900000	0.000000003082	
695.100000	0.000000003099	
695.300000	0.000000003116	
695.500000	0.000000003133	
695.700000	0.000000003150	
695.900000	0.000000003167	
696.100000	0.000000003185	
696.300000	0.000000003202	
696.500000	0.000000003220	
696.700000	0.000000003237	
696.900000	0.000000003255	
697.100000	0.000000003273	
697.300000	0.000000003291	
697.500000	0.000000003309	
697.700000	0.000000003327	
697.900000	0.000000003345	
698.100000	0.000000003363	
698.300000	0.000000003382	
698.500000	0.000000003401	
698.700000	0.000000003420	
698.900000	0.000000003439	
699.100000	0.000000003458	
699.300000	0.000000003478	
699.500000	0.000000003498	
699.700000	0.000000003519	
699.900000	0.000000003539	
700.100000	0.000000003561	
700.300000	0.000000003583	
700.500000	0.000000003605	
700.700000	0.000000003629	
700.900000	0.000000003655	
701.100000	0.000000003682	
701.300000	0.000000003713	
701.500000	0.000000003750	
701.700000	0.000000003804	
701.900000	0.000000004035	
702.100000	0.000000004940	
702.300000	0.000000007312	
702.500000	0.000000011002	
702.700000	0.000000011314	
702.900000	0.000000010644	
703.100000	0.000000009578	
703.300000	0.000000008656	
703.500000	0.000000008041	
703.700000	0.000000007521	
703.900000	0.000000006983	
704.100000	0.000000006334	
704.300000	0.000000005483	
704.500000	0.000000004685	
704.700000	0.000000004223	
704.900000	0.000000003923	
705.100000	0.000000003729	
705.300000	0.000000003618	
705.500000	0.000000003556	
705.700000	0.000000003525	
705.900000	0.000000003511	
706.100000	0.000000003509	
706.300000	0.000000003513	
706.500000	0.000000003521	
706.700000	0.000000003532	
706.900000	0.000000003544	
707.100000	0.000000003557	
707.300000	0.000000003571	
707.500000	0.000000003586	
707.700000	0.000000003600	
707.900000	0.000000003615	
708.100000	0.000000003631	
708.300000	0.000000003647	
708.500000	0.000000003663	
708.700000	0.000000003679	
708.900000	0.000000003696	
709.100000	0.000000003713	
709.300000	0.000000003730	
709.500000	0.000000003747	
709.700000	0.000000003765	
709.900000	0.000000003783	
710.100000	0.000000003802	
710.300000	0.000000003820	
710.500000	0.000000003839	
710.700000	0.000000003858	
710.900000	0.000000003878	
711.100000	0.000000003897	
711.300000	0.000000003917	
711.500000	0.000000003937	
711.700000	0.000000003957	
711.900000	0.000000003977	
712.100000	0.000000003998	
712.300000	0.000000004019	
712.500000	0.000000004040	
712.700000	0.000000004061	
712.900000	0.000000004082	
713.100000	0.000000004103	
713.300000	0.000000004125	
713.500000	0.000000004146	
713.700000	0.000000004168	
713.900000	0.000000004190	
714.100000	0.000000004212	
714.300000	0.000000004234	
714.500000	0.000000004256	
714.700000	0.000000004278	
714.900000	0.000000004301	
715.100000	0.000000004324	
715.300000	0.000000004346	
715.500000	0.000000004369	
715.700000	0.000000004392	
715.900000	0.000000004415	
716.100000	0.000000004439	
716.300000	0.000000004462	
716.500000	0.000000004486	
716.700000	0.000000004509	
716.900000	0.000000004533	
717.100000	0.000000004557	
717.300000	0.000000004582	
717.500000	0.000000004606	
717.700000	0.000000004631	
717.900000	0.000000004656	
718.100000	0.000000004681	
718.300000	0.000000004707	
718.500000	0.000000004732	
718.700000	0.000000004759	
718.900000	0.000000004785	
719.100000	0.000000004812	
719.300000	0.000000004840	
719.500000	0.000000004869	
719.700000	0.000000004898	
719.900000	0.000000004928	
720.100000	0.000000004960	
720.300000	0.000000004993	
720.500000	0.000000005030	
720.700000	0.000000005070	
720.900000	0.000000005117	
721.100000	0.000000005181	
721.300000	0.000000005326	
721.500000	0.000000006346	
721.700000	0.000000008406	
721.900000	0.000000014491	
722.100000	0.000000015535	
722.300000	0.000000014907	
722.500000	0.000000013521	
722.700000	0.000000012094	
722.900000	0.000000011149	
723.100000	0.000000010409	
723.300000	0.000000009691	
723.500000	0.000000008866	
723.700000	0.000000007800	
723.900000	0.000000006639	
724.100000	0.000000005907	
724.300000	0.000000005451	
724.500000	0.000000005145	
724.700000	0.000000004962	
724.900000	0.000000004858	
725.100000	0.000000004801	
725.300000	0.000000004773	
725.500000	0.000000004762	
725.700000	0.000000004762	
725.900000	0.000000004769	
726.100000	0.000000004780	
726.300000	0.000000004794	
726.500000	0.000000004809	
726.700000	0.000000004825	
726.900000	0.000000004843	
727.100000	0.000000004861	
727.300000	0.000000004879	
727.500000	0.000000004898	
727.700000	0.000000004917	
727.900000	0.000000004937	
728.100000	0.000000004957	
728.300000	0.000000004978	
728.500000	0.000000004999	
728.700000	0.000000005020	
728.900000	0.000000005042	
729.100000	0.000000005065	
729.300000	0.000000005087	
729.500000	0.000000005111	
729.700000	0.000000005134	
729.900000	0.000000005158	
730.100000	0.000000005182	
730.300000	0.000000005207	
730.500000	0.000000005231	
730.700000	0.000000005257	
730.900000	0.000000005282	
731.100000	0.000000005308	
731.300000	0.000000005334	
731.500000	0.000000005360	
731.700000	0.000000005386	
731.900000	0.000000005413	
732.100000	0.000000005440	
732.300000	0.000000005467	
732.500000	0.000000005494	
732.700000	0.000000005521	
732.900000	0.000000005549	
733.100000	0.000000005577	
733.300000	0.000000005605	
733.500000	0.000000005633	
733.700000	0.000000005661	
733.900000	0.000000005690	
734.100000	0.000000005719	
734.300000	0.000000005748	
734.500000	0.000000005777	
734.700000	0.000000005806	
734.900000	0.000000005835	
735.100000	0.000000005865	
735.300000	0.000000005894	
735.500000	0.000000005924	
735.700000	0.000000005954	
735.900000	0.000000005985	
736.100000	0.000000006015	
736.300000	0.000000006046	
736.500000	0.000000006077	
736.700000	0.000000006108	
736.900000	0.000000006139	
737.100000	0.000000006171	
737.300000	0.000000006203	
737.500000	0.000000006235	
737.700000	0.000000006268	
737.900000	0.000000006301	
738.100000	0.000000006335	
738.300000	0.000000006369	
738.500000	0.000000006404	
738.700000	0.000000006439	
738.900000	0.000000006475	
739.100000	0.000000006512	
739.300000	0.000000006551	
739.500000	0.000000006590	
739.700000	0.000000006632	
739.900000	0.000000006676	
740.100000	0.000000006724	
740.300000	0.000000006777	
740.500000	0.000000006839	
740.700000	0.000000006922	
740.900000	0.000000007096	
741.100000	0.000000008383	
741.300000	0.000000011078	
741.500000	0.000000019278	
741.700000	0.000000020777	
741.900000	0.000000019978	
742.100000	0.000000018118	
742.300000	0.000000016153	
742.500000	0.000000014841	
742.700000	0.000000013834	
742.900000	0.000000012871	
743.100000	0.000000011779	
743.300000	0.000000010385	
743.500000	0.000000008865	
743.700000	0.000000007892	
743.900000	0.000000007283	
744.100000	0.000000006866	
744.300000	0.000000006612	
744.500000	0.000000006464	
744.700000	0.000000006381	
744.900000	0.000000006336	
745.100000	0.000000006316	
745.300000	0.000000006311	
745.500000	0.000000006315	
745.700000	0.000000006326	
745.900000	0.000000006340	
746.100000	0.000000006357	
746.300000	0.000000006375	
746.500000	0.000000006395	
746.700000	0.000000006416	
746.900000	0.000000006438	
747.100000	0.000000006460	
747.300000	0.000000006483	
747.500000	0.000000006507	
747.700000	0.000000006531	
747.900000	0.000000006556	
748.100000	0.000000006581	
748.300000	0.000000006607	
748.500000	0.000000006634	
748.700000	0.000000006661	
748.900000	0.000000006689	
749.100000	0.000000006718	
749.300000	0.000000006746	
749.500000	0.000000006776	
749.700000	0.000000006806	
749.900000	0.000000006836	
750.100000	0.000000006866	
750.300000	0.000000006898	
750.500000	0.000000006929	
750.700000	0.000000006961	
750.900000	0.000000006993	
751.100000	0.000000007026	
751.300000	0.000000007058	
751.500000	0.000000007092	
751.700000	0.000000007125	
751.900000	0.000000007159	
752.100000	0.000000007193	
752.300000	0.000000007227	
752.500000	0.000000007261	
752.700000	0.000000007296	
752.900000	0.000000007331	
753.100000	0.000000007366	
753.300000	0.000000007402	
753.500000	0.000000007437	
753.700000	0.000000007473	
753.900000	0.000000007509	
754.100000	0.000000007546	
754.300000	0.000000007582	
754.500000	0.000000007619	
754.700000	0.000000007656	
754.900000	0.000000007693	
755.100000	0.000000007730	
755.300000	0.000000007768	
755.500000	0.000000007806	
755.700000	0.000000007844	
755.900000	0.000000007882	
756.100000	0.000000007921	
756.300000	0.000000007960	
756.500000	0.000000007999	
756.700000	0.000000008039	
756.900000	0.000000008079	
757.100000	0.000000008119	
757.300000	0.000000008160	
757.500000	0.000000008201	
757.700000	0.000000008243	
757.900000	0.000000008286	
758.100000	0.000000008329	
758.300000	0.000000008373	
758.500000	0.000000008417	
758.700000	0.000000008463	
758.900000	0.000000008510	
759.100000	0.000000008558	
759.300000	0.000000008608	
759.500000	0.000000008660	
759.700000	0.000000008716	
759.900000	0.000000008775	
760.100000	0.000000008840	
760.300000	0.000000008914	
760.500000	0.000000009007	
760.700000	0.000000009152	
760.900000	0.000000009980	
761.100000	0.000000012466	
761.300000	0.000000021791	
761.500000	0.000000026895	
761.700000	0.000000026852	
761.900000	0.000000024823	
762.100000	0.000000022086	
762.300000	0.000000019960	
762.500000	0.000000018503	
762.700000	0.000000017238	
762.900000	0.000000015903	
763.100000	0.000000014279	
763.300000	0.000000012280	
763.500000	0.000000010719	
763.700000	0.000000009793	
763.900000	0.000000009150	
764.100000	0.000000008734	
764.300000	0.000000008485	
764.500000	0.000000008339	
764.700000	0.000000008255	
764.900000	0.000000008211	
765.100000	0.000000008191	
765.300000	0.000000008186	
765.500000	0.000000008191	
765.700000	0.000000008203	
765.900000	0.000000008219	
766.100000	0.000000008238	
766.300000	0.000000008259	
766.500000	0.000000008282	
766.700000	0.000000008305	
766.900000	0.000000008330	
767.100000	0.000000008356	
767.300000	0.000000008383	
767.500000	0.000000008411	
767.700000	0.000000008440	
767.900000	0.000000008469	
768.100000	0.000000008500	
768.300000	0.000000008531	
768.500000	0.000000008563	
768.700000	0.000000008596	
768.900000	0.000000008629	
769.100000	0.000000008663	
769.300000	0.000000008698	
769.500000	0.000000008734	
769.700000	0.000000008770	
769.900000	0.000000008807	
770.100000	0.000000008844	
770.300000	0.000000008882	
770.500000	0.000000008920	
770.700000	0.000000008959	
770.900000	0.000000008998	
771.100000	0.000000009038	
771.300000	0.000000009078	
771.500000	0.000000009118	
771.700000	0.000000009159	
771.900000	0.000000009200	
772.100000	0.000000009242	
772.300000	0.000000009284	
772.500000	0.000000009326	
772.700000	0.000000009368	
772.900000	0.000000009411	
773.100000	0.000000009454	
773.300000	0.000000009497	
773.500000	0.000000009541	
773.700000	0.000000009585	
773.900000	0.000000009629	
774.100000	0.000000009673	
774.300000	0.000000009718	
774.500000	0.000000009763	
774.700000	0.000000009808	
774.900000	0.000000009854	
775.100000	0.000000009899	
775.300000	0.000000009945	
775.500000	0.000000009992	
775.700000	0.000000010038	
775.900000	0.000000010085	
776.100000	0.000000010133	
776.300000	0.000000010180	
776.500000	0.000000010228	
776.700000	0.000000010277	
776.900000	0.000000010326	
777.100000	0.000000010375	
777.300000	0.000000010425	
777.500000	0.000000010475	
777.700000	0.000000010526	
777.900000	0.000000010578	
778.100000	0.000000010630	
778.300000	0.000000010683	
778.500000	0.000000010738	
778.700000	0.000000010793	
778.900000	0.000000010849	
779.100000	0.000000010907	
779.300000	0.000000010967	
779.500000	0.000000011028	
779.700000	0.000000011093	
779.900000	0.000000011160	
780.100000	0.000000011232	
780.300000	0.000000011311	
780.500000	0.000000011399	
780.700000	0.000000011504	
780.900000	0.000000011647	
781.100000	0.000000011968	
781.300000	0.000000014314	
781.500000	0.000000019975	
781.700000	0.000000033146	
781.900000	0.000000034992	
782.100000	0.000000033301	
782.300000	0.000000029974	
782.500000	0.000000026620	
782.700000	0.000000024408	
782.900000	0.000000022698	
783.100000	0.000000021050	
783.300000	0.000000019171	
783.500000	0.000000016795	
783.700000	0.000000014432	
783.900000	0.000000012974	
784.100000	0.000000012015	
784.300000	0.000000011357	
784.500000	0.000000010952	
784.700000	0.000000010708	
784.900000	0.000000010564	
785.100000	0.000000010480	
785.300000	0.000000010435	
785.500000	0.000000010414	
785.700000	0.000000010409	
785.900000	0.000000010414	
786.100000	0.000000010426	
786.300000	0.000000010443	
786.500000	0.000000010463	
786.700000	0.000000010486	
786.900000	0.000000010511	
787.100000	0.000000010537	
787.300000	0.000000010565	
787.500000	0.000000010594	
787.700000	0.000000010625	
787.900000	0.000000010657	
788.100000	0.000000010690	
788.300000	0.000000010724	
788.500000	0.000000010759	
788.700000	0.000000010795	
788.900000	0.000000010833	
789.100000	0.000000010871	
789.300000	0.000000010910	
789.500000	0.000000010951	
789.700000	0.000000010992	
789.900000	0.000000011034	
790.100000	0.000000011076	
790.300000	0.000000011120	
790.500000	0.000000011164	
790.700000	0.000000011209	
790.900000	0.000000011254	
791.100000	0.000000011301	
791.300000	0.000000011347	
791.500000	0.000000011394	
791.700000	0.000000011442	
791.900000	0.000000011490	
792.100000	0.000000011539	
792.300000	0.000000011588	
792.500000	0.000000011638	
792.700000	0.000000011688	
792.900000	0.000000011738	
793.100000	0.000000011789	
793.300000	0.000000011840	
793.500000	0.000000011891	
793.700000	0.000000011943	
793.900000	0.000000011995	
794.100000	0.000000012047	
794.300000	0.000000012100	
794.500000	0.000000012153	
794.700000	0.000000012207	
794.900000	0.000000012260	
795.100000	0.000000012314	
795.300000	0.000000012369	
795.500000	0.000000012423	
795.700000	0.000000012478	
795.900000	0.000000012534	
796.100000	0.000000012589	
796.300000	0.000000012645	
796.500000	0.000000012702	
796.700000	0.000000012759	
796.900000	0.000000012816	
797.100000	0.000000012874	
797.300000	0.000000012932	
797.500000	0.000000012990	
797.700000	0.000000013050	
797.900000	0.000000013109	
798.100000	0.000000013170	
798.300000	0.000000013231	
798.500000	0.000000013293	
798.700000	0.000000013355	
798.900000	0.000000013419	
799.100000	0.000000013483	
799.300000	0.000000013549	
799.500000	0.000000013616	
799.700000	0.000000013685	
799.900000	0.000000013755	
800.100000	0.000000013828	
800.300000	0.000000013903	
800.500000	0.000000013981	
800.700000	0.000000014064	
800.900000	0.000000014152	
801.100000	0.000000014247	
801.300000	0.000000014353	
801.500000	0.000000014478	
801.700000	0.000000014640	
801.900000	0.000000014931	
802.100000	0.000000017114	
802.300000	0.000000022441	
802.500000	0.000000040292	
802.700000	0.000000044213	
802.900000	0.000000042808	
803.100000	0.000000038860	
803.300000	0.000000034318	
803.500000	0.000000031171	
803.700000	0.000000028893	
803.900000	0.000000026816	
804.100000	0.000000024534	
804.300000	0.000000021697	
804.500000	0.000000018622	
804.700000	0.000000016604	
804.900000	0.000000015321	
805.100000	0.000000014413	
805.300000	0.000000013839	
805.500000	0.000000013487	
805.700000	0.000000013274	
805.900000	0.000000013145	
806.100000	0.000000013069	
806.300000	0.000000013028	
806.500000	0.000000013009	
806.700000	0.000000013004	
806.900000	0.000000013009	
807.100000	0.000000013022	
807.300000	0.000000013039	
807.500000	0.000000013059	
807.700000	0.000000013083	
807.900000	0.000000013109	
808.100000	0.000000013137	
808.300000	0.000000013168	
808.500000	0.000000013199	
808.700000	0.000000013233	
808.900000	0.000000013268	
809.100000	0.000000013305	
809.300000	0.000000013344	
809.500000	0.000000013384	
809.700000	0.000000013425	
809.900000	0.000000013468	
810.100000	0.000000013512	
810.300000	0.000000013557	
810.500000	0.000000013603	
810.700000	0.000000013651	
810.900000	0.000000013699	
811.100000	0.000000013749	
811.300000	0.000000013799	
811.500000	0.000000013851	
811.700000	0.000000013903	
811.900000	0.000000013956	
812.100000	0.000000014009	
812.300000	0.000000014064	
812.500000	0.000000014119	
812.700000	0.000000014175	
812.900000	0.000000014231	
813.100000	0.000000014288	
813.300000	0.000000014345	
813.500000	0.000000014403	
813.700000	0.000000014461	
813.900000	0.000000014520	
814.100000	0.000000014579	
814.300000	0.000000014639	
814.500000	0.000000014699	
814.700000	0.000000014760	
814.900000	0.000000014821	
815.100000	0.000000014882	
815.300000	0.000000014944	
815.500000	0.000000015006	
815.700000	0.000000015068	
815.900000	0.000000015131	
816.100000	0.000000015194	
816.300000	0.000000015257	
816.500000	0.000000015321	
816.700000	0.000000015385	
816.900000	0.000000015450	
817.100000	0.000000015515	
817.300000	0.000000015580	
817.500000	0.000000015646	
817.700000	0.000000015712	
817.900000	0.000000015779	
818.100000	0.000000015846	
818.300000	0.000000015913	
818.500000	0.000000015982	
818.700000	0.000000016050	
818.900000	0.000000016119	
819.100000	0.000000016189	
819.300000	0.000000016260	
819.500000	0.000000016331	
819.700000	0.000000016403	
819.900000	0.000000016476	
820.100000	0.000000016550	
820.300000	0.000000016625	
820.500000	0.000000016701	
820.700000	0.000000016778	
820.900000	0.000000016857	
821.100000	0.000000016938	
821.300000	0.000000017020	
821.500000	0.000000017105	
821.700000	0.000000017193	
821.900000	0.000000017284	
822.100000	0.000000017380	
822.300000	0.000000017481	
822.500000	0.000000017588	
822.700000	0.000000017706	
822.900000	0.000000017839	
823.100000	0.000000017996	
823.300000	0.000000018206	
823.500000	0.000000018617	
823.700000	0.000000021850	
823.900000	0.000000030119	
824.100000	0.000000051636	
824.300000	0.000000055062	
824.500000	0.000000052627	
824.700000	0.000000047380	
824.900000	0.000000041764	
825.100000	0.000000038008	
825.300000	0.000000035219	
825.500000	0.000000032609	
825.700000	0.000000029687	
825.900000	0.000000026049	
826.100000	0.000000022447	
826.300000	0.000000020210	
826.500000	0.000000018726	
826.700000	0.000000017675	
826.900000	0.000000017011	
827.100000	0.000000016599	
827.300000	0.000000016343	
827.500000	0.000000016184	
827.700000	0.000000016086	
827.900000	0.000000016028	
828.100000	0.000000015996	
828.300000	0.000000015982	
828.500000	0.000000015980	
828.700000	0.000000015986	
828.900000	0.000000015998	
829.100000	0.000000016015	
829.300000	0.000000016035	
829.500000	0.000000016059	
829.700000	0.000000016086	
829.900000	0.000000016116	
830.100000	0.000000016148	
830.300000	0.000000016182	
830.500000	0.000000016219	
830.700000	0.000000016258	
830.900000	0.000000016299	
831.100000	0.000000016341	
831.300000	0.000000016386	
831.500000	0.000000016432	
831.700000	0.000000016480	
831.900000	0.000000016530	
832.100000	0.000000016581	
832.300000	0.000000016634	
832.500000	0.000000016687	
832.700000	0.000000016743	
832.900000	0.000000016799	
833.100000	0.000000016857	
833.300000	0.000000016915	
833.500000	0.000000016975	
833.700000	0.000000017035	
833.900000	0.000000017097	
834.100000	0.000000017159	
834.300000	0.000000017222	
834.500000	0.000000017286	
834.700000	0.000000017350	
834.900000	0.000000017415	
835.100000	0.000000017481	
835.300000	0.000000017547	
835.500000	0.000000017614	
835.700000	0.000000017681	
835.900000	0.000000017749	
836.100000	0.000000017817	
836.300000	0.000000017886	
836.500000	0.000000017956	
836.700000	0.000000018025	
836.900000	0.000000018095	
837.100000	0.000000018166	
837.300000	0.000000018237	
837.500000	0.000000018308	
837.700000	0.000000018380	
837.900000	0.000000018452	
838.100000	0.000000018525	
838.300000	0.000000018598	
838.500000	0.000000018671	
838.700000	0.000000018745	
838.900000	0.000000018819	
839.100000	0.000000018894	
839.300000	0.000000018969	
839.500000	0.000000019044	
839.700000	0.000000019120	
839.900000	0.000000019196	
840.100000	0.000000019273	
840.300000	0.000000019350	
840.500000	0.000000019428	
840.700000	0.000000019506	
840.900000	0.000000019585	
841.100000	0.000000019665	
841.300000	0.000000019745	
841.500000	0.000000019826	
841.700000	0.000000019908	
841.900000	0.000000019991	
842.100000	0.000000020074	
842.300000	0.000000020159	
842.500000	0.000000020245	
842.700000	0.000000020332	
842.900000	0.000000020420	
843.100000	0.000000020510	
843.300000	0.000000020602	
843.500000	0.000000020695	
843.700000	0.000000020791	
843.900000	0.000000020890	
844.100000	0.000000020992	
844.300000	0.000000021098	
844.500000	0.000000021208	
844.700000	0.000000021325	
844.900000	0.000000021449	
845.100000	0.000000021583	
845.300000	0.000000021733	
845.500000	0.000000021905	
845.700000	0.000000022121	
845.900000	0.000000022444	
846.100000	0.000000023862	
846.300000	0.000000030196	
846.500000	0.000000054608	
846.700000	0.000000066735	
846.900000	0.000000066581	
847.100000	0.000000061410	
847.300000	0.000000054180	
847.500000	0.000000048269	
847.700000	0.000000044365	
847.900000	0.000000041121	
848.100000	0.000000037776	
848.300000	0.000000033771	
848.500000	0.000000029092	
848.700000	0.000000025648	
848.900000	0.000000023543	
849.100000	0.000000022021	
849.300000	0.000000021011	
849.500000	0.000000020377	
849.700000	0.000000019978	
849.900000	0.000000019724	
850.100000	0.000000019561	
850.300000	0.000000019457	
850.500000	0.000000019392	
850.700000	0.000000019352	
850.900000	0.000000019330	
851.100000	0.000000019320	
851.300000	0.000000019319	
851.500000	0.000000019325	
851.700000	0.000000019337	
851.900000	0.000000019354	
852.100000	0.000000019374	
852.300000	0.000000019398	
852.500000	0.000000019426	
852.700000	0.000000019457	
852.900000	0.000000019490	
853.100000	0.000000019527	
853.300000	0.000000019567	
853.500000	0.000000019609	
853.700000	0.000000019653	
853.900000	0.000000019700	
854.100000	0.000000019749	
854.300000	0.000000019801	
854.500000	0.000000019854	
854.700000	0.000000019909	
854.900000	0.000000019966	
855.100000	0.000000020025	
855.300000	0.000000020085	
855.500000	0.000000020147	
855.700000	0.000000020210	
855.900000	0.000000020274	
856.100000	0.000000020340	
856.300000	0.000000020407	
856.500000	0.000000020475	
856.700000	0.000000020544	
856.900000	0.000000020613	
857.100000	0.000000020684	
857.300000	0.000000020756	
857.500000	0.000000020828	
857.700000	0.000000020901	
857.900000	0.000000020975	
858.100000	0.000000021049	
858.300000	0.000000021124	
858.500000	0.000000021200	
858.700000	0.000000021276	
858.900000	0.000000021352	
859.100000	0.000000021430	
859.300000	0.000000021507	
859.500000	0.000000021585	
859.700000	0.000000021664	
859.900000	0.000000021743	
860.100000	0.000000021823	
860.300000	0.000000021902	
860.500000	0.000000021983	
860.700000	0.000000022064	
860.900000	0.000000022145	
861.100000	0.000000022226	
861.300000	0.000000022308	
861.500000	0.000000022390	
861.700000	0.000000022473	
861.900000	0.000000022556	
862.100000	0.000000022640	
862.300000	0.000000022724	
862.500000	0.000000022808	
862.700000	0.000000022893	
862.900000	0.000000022978	
863.100000	0.000000023064	
863.300000	0.000000023150	
863.500000	0.000000023237	
863.700000	0.000000023324	
863.900000	0.000000023412	
864.100000	0.000000023500	
864.300000	0.000000023589	
864.500000	0.000000023679	
864.700000	0.000000023769	
864.900000	0.000000023860	
865.100000	0.000000023953	
865.300000	0.000000024045	
865.500000	0.000000024139	
865.700000	0.000000024234	
865.900000	0.000000024330	
866.100000	0.000000024428	
866.300000	0.000000024527	
866.500000	0.000000024627	
866.700000	0.000000024730	
866.900000	0.000000024834	
867.100000	0.000000024941	
867.300000	0.000000025050	
867.500000	0.000000025162	
867.700000	0.000000025279	
867.900000	0.000000025399	
868.100000	0.000000025525	
868.300000	0.000000025657	
868.500000	0.000000025798	
868.700000	0.000000025949	
868.900000	0.000000026116	
869.100000	0.000000026306	
869.300000	0.000000026534	
869.500000	0.000000026842	
869.700000	0.000000027458	
869.900000	0.000000032462	
870.100000	0.000000046856	
870.300000	0.000000077504	
870.500000	0.000000081573	
870.700000	0.000000077405	
870.900000	0.000000069240	
871.100000	0.000000060698	
871.300000	0.000000055055	
871.500000	0.000000050881	
871.700000	0.000000046956	
871.900000	0.000000042526	
872.100000	0.000000037085	
872.300000	0.000000032154	
872.500000	0.000000029170	
872.700000	0.000000027105	
872.900000	0.000000025642	
873.100000	0.000000024708	
873.300000	0.000000024114	
873.500000	0.000000023730	
873.700000	0.000000023477	
873.900000	0.000000023309	
874.100000	0.000000023195	
874.300000	0.000000023119	
874.500000	0.000000023067	
874.700000	0.000000023033	
874.900000	0.000000023012	
875.100000	0.000000023001	
875.300000	0.000000022997	
875.500000	0.000000023000	
875.700000	0.000000023009	
875.900000	0.000000023022	
876.100000	0.000000023041	
876.300000	0.000000023063	
876.500000	0.000000023090	
876.700000	0.000000023120	
876.900000	0.000000023154	
877.100000	0.000000023192	
877.300000	0.000000023233	
877.500000	0.000000023277	
877.700000	0.000000023325	
877.900000	0.000000023375	
878.100000	0.000000023427	
878.300000	0.000000023482	
878.500000	0.000000023540	
878.700000	0.000000023600	
878.900000	0.000000023661	
879.100000	0.000000023725	
879.300000	0.000000023791	
879.500000	0.000000023858	
879.700000	0.000000023926	
879.900000	0.000000023997	
880.100000	0.000000024068	
880.300000	0.000000024141	
880.500000	0.000000024215	
880.700000	0.000000024291	
880.900000	0.000000024367	
881.100000	0.000000024444	
881.300000	0.000000024522	
881.500000	0.000000024601	
881.700000	0.000000024681	
881.900000	0.000000024762	
882.100000	0.000000024843	
882.300000	0.000000024925	
882.500000	0.000000025008	
882.700000	0.000000025091	
882.900000	0.000000025175	
883.100000	0.000000025259	
883.300000	0.000000025344	
883.500000	0.000000025429	
883.700000	0.000000025515	
883.900000	0.000000025601	
884.100000	0.000000025688	
884.300000	0.000000025775	
884.500000	0.000000025863	
884.700000	0.000000025951	
884.900000	0.000000026039	
885.100000	0.000000026128	
885.300000	0.000000026217	
885.500000	0.000000026307	
885.700000	0.000000026396	
885.900000	0.000000026487	
886.100000	0.000000026577	
886.300000	0.000000026668	
886.500000	0.000000026759	
886.700000	0.000000026851	
886.900000	0.000000026943	
887.100000	0.000000027036	
887.300000	0.000000027129	
887.500000	0.000000027222	
887.700000	0.000000027316	
887.900000	0.000000027410	
888.100000	0.000000027504	
888.300000	0.000000027600	
888.500000	0.000000027695	
888.700000	0.000000027792	
888.900000	0.000000027888	
889.100000	0.000000027986	
889.300000	0.000000028084	
889.500000	0.000000028183	
889.700000	0.000000028282	
889.900000	0.000000028382	
890.100000	0.000000028484	
890.300000	0.000000028586	
890.500000	0.000000028689	
890.700000	0.000000028793	
890.900000	0.000000028899	
891.100000	0.000000029006	
891.300000	0.000000029115	
891.500000	0.000000029225	
891.700000	0.000000029337	
891.900000	0.000000029451	
892.100000	0.000000029568	
892.300000	0.000000029687	
892.500000	0.000000029809	
892.700000	0.000000029935	
892.900000	0.000000030066	
893.100000	0.000000030201	
893.300000	0.000000030343	
893.500000	0.000000030492	
893.700000	0.000000030651	
893.900000	0.000000030823	
894.100000	0.000000031012	
894.300000	0.000000031226	
894.500000	0.000000031482	
894.700000	0.000000031819	
894.900000	0.000000032413	
895.100000	0.000000036986	
895.300000	0.000000050417	
895.500000	0.000000090152	
895.700000	0.000000097328	
895.900000	0.000000093456	
896.100000	0.000000084114	
896.300000	0.000000073403	
896.500000	0.000000066004	
896.700000	0.000000060800	
896.900000	0.000000056110	
897.100000	0.000000050948	
897.300000	0.000000044624	
897.500000	0.000000038549	
897.700000	0.000000034808	
897.900000	0.000000032269	
898.100000	0.000000030449	
898.300000	0.000000029277	
898.500000	0.000000028526	
898.700000	0.000000028034	
898.900000	0.000000027704	
899.100000	0.000000027477	
899.300000	0.000000027317	
899.500000	0.000000027202	
899.700000	0.000000027119	
899.900000	0.000000027057	
900.100000	0.000000027011	
900.300000	0.000000026978	
900.500000	0.000000026954	
900.700000	0.000000026939	
900.900000	0.000000026931	
901.100000	0.000000026929	
901.300000	0.000000026934	
901.500000	0.000000026943	
901.700000	0.000000026959	
901.900000	0.000000026979	
902.100000	0.000000027004	
902.300000	0.000000027034	
902.500000	0.000000027068	
902.700000	0.000000027106	
902.900000	0.000000027147	
903.100000	0.000000027193	
903.300000	0.000000027242	
903.500000	0.000000027294	
903.700000	0.000000027349	
903.900000	0.000000027407	
904.100000	0.000000027468	
904.300000	0.000000027531	
904.500000	0.000000027596	
904.700000	0.000000027663	
904.900000	0.000000027733	
905.100000	0.000000027804	
905.300000	0.000000027877	
905.500000	0.000000027952	
905.700000	0.000000028028	
905.900000	0.000000028106	
906.100000	0.000000028184	
906.300000	0.000000028265	
906.500000	0.000000028346	
906.700000	0.000000028428	
906.900000	0.000000028511	
907.100000	0.000000028596	
907.300000	0.000000028681	
907.500000	0.000000028766	
907.700000	0.000000028853	
907.900000	0.000000028940	
908.100000	0.000000029028	
908.300000	0.000000029117	
908.500000	0.000000029206	
908.700000	0.000000029296	
908.900000	0.000000029386	
909.100000	0.000000029477	
909.300000	0.000000029568	
909.500000	0.000000029660	
909.700000	0.000000029752	
909.900000	0.000000029844	
910.100000	0.000000029937	
910.300000	0.000000030031	
910.500000	0.000000030124	
910.700000	0.000000030218	
910.900000	0.000000030312	
911.100000	0.000000030407	
911.300000	0.000000030502	
911.500000	0.000000030597	
911.700000	0.000000030693	
911.900000	0.000000030789	
912.100000	0.000000030885	
912.300000	0.000000030981	
912.500000	0.000000031078	
912.700000	0.000000031175	
912.900000	0.000000031272	
913.100000	0.000000031370	
913.300000	0.000000031468	
913.500000	0.000000031566	
913.700000	0.000000031664	
913.900000	0.000000031763	
914.100000	0.000000031862	
914.300000	0.000000031962	
914.500000	0.000000032062	
914.700000	0.000000032162	
914.900000	0.000000032263	
915.100000	0.000000032364	
915.300000	0.000000032466	
915.500000	0.000000032568	
915.700000	0.000000032671	
915.900000	0.000000032774	
916.100000	0.000000032878	
916.300000	0.000000032983	
916.500000	0.000000033088	
916.700000	0.000000033194	
916.900000	0.000000033301	
917.100000	0.000000033408	
917.300000	0.000000033517	
917.500000	0.000000033627	
917.700000	0.000000033738	
917.900000	0.000000033850	
918.100000	0.000000033963	
918.300000	0.000000034078	
918.500000	0.000000034195	
918.700000	0.000000034313	
918.900000	0.000000034434	
919.100000	0.000000034557	
919.300000	0.000000034683	
919.500000	0.000000034811	
919.700000	0.000000034944	
919.900000	0.000000035080	
920.100000	0.000000035221	
920.300000	0.000000035367	
920.500000	0.000000035520	
920.700000	0.000000035682	
920.900000	0.000000035853	
921.100000	0.000000036038	
921.300000	0.000000036241	
921.500000	0.000000036468	
921.700000	0.000000036734	
921.900000	0.000000037067	
922.100000	0.000000037558	
922.300000	0.000000039165	
922.500000	0.000000049429	
922.700000	0.000000090439	
922.900000	0.000000112704	
923.100000	0.000000112851	
923.300000	0.000000104106	
923.500000	0.000000091371	
923.700000	0.000000080378	
923.900000	0.000000073316	
924.100000	0.000000067664	
924.300000	0.000000061925	
924.500000	0.000000055110	
924.700000	0.000000047424	
924.900000	0.000000042035	
925.100000	0.000000038670	
925.300000	0.000000036194	
925.500000	0.000000034550	
925.700000	0.000000033495	
925.900000	0.000000032802	
926.100000	0.000000032332	
926.300000	0.000000032004	
926.500000	0.000000031767	
926.700000	0.000000031591	
926.900000	0.000000031456	
927.100000	0.000000031351	
927.300000	0.000000031267	
927.500000	0.000000031198	
927.700000	0.000000031143	
927.900000	0.000000031099	
928.100000	0.000000031063	
928.300000	0.000000031037	
928.500000	0.000000031018	
928.700000	0.000000031006	
928.900000	0.000000031001	
929.100000	0.000000031003	
935.080000	0.000000032794	
935.280000	0.000000032882	
935.480000	0.000000032972	
935.680000	0.000000033062	
935.880000	0.000000033153	
936.080000	0.000000033244	
936.280000	0.000000033336	
936.480000	0.000000033429	
936.680000	0.000000033522	
936.880000	0.000000033615	
937.080000	0.000000033709	
937.280000	0.000000033803	
937.480000	0.000000033898	
937.680000	0.000000033993	
937.880000	0.000000034088	
938.080000	0.000000034184	
938.280000	0.000000034280	
938.480000	0.000000034376	
938.680000	0.000000034473	
938.880000	0.000000034570	
939.080000	0.000000034667	
939.280000	0.000000034764	
939.480000	0.000000034861	
939.680000	0.000000034959	
939.880000	0.000000035057	
940.080000	0.000000035155	
940.280000	0.000000035253	
940.480000	0.000000035351	
940.680000	0.000000035450	
940.880000	0.000000035549	
941.080000	0.000000035648	
941.280000	0.000000035747	
941.480000	0.000000035846	
941.680000	0.000000035945	
941.880000	0.000000036045	
942.080000	0.000000036145	
942.280000	0.000000036245	
942.480000	0.000000036345	
942.680000	0.000000036445	
942.880000	0.000000036546	
943.080000	0.000000036646	
943.280000	0.000000036747	
943.480000	0.000000036849	
943.680000	0.000000036950	
943.880000	0.000000037052	
944.080000	0.000000037154	
944.280000	0.000000037256	
944.480000	0.000000037359	
944.680000	0.000000037462	
944.880000	0.000000037565	
945.080000	0.000000037669	
945.280000	0.000000037773	
945.480000	0.000000037878	
945.680000	0.000000037983	
945.880000	0.000000038089	
946.080000	0.000000038195	
946.280000	0.000000038302	
946.480000	0.000000038410	
946.680000	0.000000038518	
946.880000	0.000000038627	
947.080000	0.000000038737	
947.280000	0.000000038848	
947.480000	0.000000038961	
947.680000	0.000000039074	
947.880000	0.000000039189	
948.080000	0.000000039305	
948.280000	0.000000039422	
948.480000	0.000000039542	
948.680000	0.000000039663	
948.880000	0.000000039787	
949.080000	0.000000039913	
949.280000	0.000000040042	
949.480000	0.000000040174	
949.680000	0.000000040309	
949.880000	0.000000040449	
950.080000	0.000000040593	
950.280000	0.000000040743	
950.480000	0.000000040900	
950.680000	0.000000041064	
950.880000	0.000000041239	
951.080000	0.000000041425	
951.280000	0.000000041628	
951.480000	0.000000041852	
951.680000	0.000000042107	
951.880000	0.000000042409	
952.080000	0.000000042796	
952.280000	0.000000043395	
952.480000	0.000000046136	
952.680000	0.000000059679	
952.880000	0.000000113488	
953.080000	0.000000131302	
953.280000	0.000000129278	
953.480000	0.000000117957	
953.680000	0.000000102787	
953.880000	0.000000090689	
954.080000	0.000000082841	
954.280000	0.000000076335	
954.480000	0.000000069525	
954.680000	0.000000061333	
954.880000	0.000000052800	
955.080000	0.000000047321	
955.280000	0.000000043748	
955.480000	0.000000041092	
955.680000	0.000000039342	
955.880000	0.000000038204	
956.080000	0.000000037442	
956.280000	0.000000036912	
956.480000	0.000000036530	
956.680000	0.000000036243	
956.880000	0.000000036021	
957.080000	0.000000035842	
957.280000	0.000000035695	
957.480000	0.000000035572	
957.680000	0.000000035466	
957.880000	0.000000035375	
958.080000	0.000000035297	
958.280000	0.000000035229	
958.480000	0.000000035172	
969.020000	0.000000038241	
969.220000	0.000000038336	
969.420000	0.000000038430	
969.620000	0.000000038525	
969.820000	0.000000038620	
970.020000	0.000000038715	
970.220000	0.000000038810	
970.420000	0.000000038905	
970.620000	0.000000039000	
970.820000	0.000000039096	
971.020000	0.000000039191	
971.220000	0.000000039287	
971.420000	0.000000039382	
971.620000	0.000000039478	
971.820000	0.000000039574	
972.020000	0.000000039669	
972.220000	0.000000039765	
972.420000	0.000000039861	
972.620000	0.000000039956	
972.820000	0.000000040052	
973.020000	0.000000040148	
973.220000	0.000000040243	
973.420000	0.000000040339	
973.620000	0.000000040435	
973.820000	0.000000040530	
974.020000	0.000000040626	
974.220000	0.000000040722	
974.420000	0.000000040817	
974.620000	0.000000040913	
974.820000	0.000000041009	
975.020000	0.000000041105	
975.220000	0.000000041200	
975.420000	0.000000041296	
975.620000	0.000000041392	
975.820000	0.000000041487	
976.020000	0.000000041583	
976.220000	0.000000041679	
976.420000	0.000000041775	
976.620000	0.000000041871	
976.820000	0.000000041967	
977.020000	0.000000042063	
977.220000	0.000000042159	
977.420000	0.000000042256	
977.620000	0.000000042352	
977.820000	0.000000042449	
978.020000	0.000000042546	
978.220000	0.000000042643	
978.420000	0.000000042740	
978.620000	0.000000042837	
978.820000	0.000000042935	
979.020000	0.000000043033	
979.220000	0.000000043131	
979.420000	0.000000043230	
979.620000	0.000000043329	
979.820000	0.000000043429	
980.020000	0.000000043529	
980.220000	0.000000043629	
980.420000	0.000000043730	
980.620000	0.000000043832	
980.820000	0.000000043934	
981.020000	0.000000044038	
981.220000	0.000000044142	
981.420000	0.000000044247	
981.620000	0.000000044353	
981.820000	0.000000044460	
982.020000	0.000000044568	
982.220000	0.000000044677	
982.420000	0.000000044789	
982.620000	0.000000044901	
982.820000	0.000000045016	
983.020000	0.000000045133	
983.220000	0.000000045252	
983.420000	0.000000045373	
983.620000	0.000000045498	
983.820000	0.000000045625	
984.020000	0.000000045757	
984.220000	0.000000045893	
984.420000	0.000000046033	
984.620000	0.000000046180	
984.820000	0.000000046334	
985.020000	0.000000046495	
985.220000	0.000000046667	
985.420000	0.000000046851	
985.620000	0.000000047051	
985.820000	0.000000047271	
986.020000	0.000000047520	
986.220000	0.000000047811	
986.420000	0.000000048172	
986.620000	0.000000048673	
986.820000	0.000000049667	
987.020000	0.000000058389	
987.220000	0.000000087688	
987.420000	0.000000142844	
987.620000	0.000000149345	
987.820000	0.000000140911	
988.020000	0.000000124952	
988.220000	0.000000108171	
988.420000	0.000000097183	
988.620000	0.000000089265	
988.820000	0.000000081820	
989.020000	0.000000073351	
989.220000	0.000000063325	
989.420000	0.000000055472	
989.620000	0.000000050729	
989.820000	0.000000047247	
990.020000	0.000000044871	
990.220000	0.000000043330	
990.420000	0.000000042304	
990.620000	0.000000041590	
990.820000	0.000000041073	
991.020000	0.000000040681	
991.220000	0.000000040372	
991.420000	0.000000040120	
991.620000	0.000000039906	
991.820000	0.000000039722	
992.020000	0.000000039560	
992.220000	0.000000039415	
1008.500000	0.000000043461	
1008.700000	0.000000043547	
1008.900000	0.000000043633	
1009.100000	0.000000043718	
1009.300000	0.000000043804	
1009.500000	0.000000043889	
1009.700000	0.000000043974	
1009.900000	0.000000044058	
1010.100000	0.000000044143	
1010.300000	0.000000044227	
1010.500000	0.000000044311	
1010.700000	0.000000044395	
1010.900000	0.000000044479	
1011.100000	0.000000044562	
1011.300000	0.000000044646	
1011.500000	0.000000044729	
1011.700000	0.000000044811	
1011.900000	0.000000044894	
1012.100000	0.000000044976	
1012.300000	0.000000045059	
1012.500000	0.000000045141	
1012.700000	0.000000045222	
1012.900000	0.000000045304	
1013.100000	0.000000045385	
1013.300000	0.000000045466	
1013.500000	0.000000045547	
1013.700000	0.000000045628	
1013.900000	0.000000045708	
1014.100000	0.000000045788	
1014.300000	0.000000045868	
1014.500000	0.000000045948	
1014.700000	0.000000046028	
1014.900000	0.000000046107	
1015.100000	0.000000046187	
1015.300000	0.000000046266	
1015.500000	0.000000046345	
1015.700000	0.000000046423	
1015.900000	0.000000046502	
1016.100000	0.000000046580	
1016.300000	0.000000046659	
1016.500000	0.000000046737	
1016.700000	0.000000046815	
1016.900000	0.000000046893	
1017.100000	0.000000046970	
1017.300000	0.000000047048	
1017.500000	0.000000047126	
1017.700000	0.000000047203	
1017.900000	0.000000047281	
1018.100000	0.000000047358	
1018.300000	0.000000047435	
1018.500000	0.000000047512	
1018.700000	0.000000047590	
1018.900000	0.000000047667	
1019.100000	0.000000047744	
1019.300000	0.000000047822	
1019.500000	0.000000047899	
1019.700000	0.000000047976	
1019.900000	0.000000048054	
1020.100000	0.000000048132	
1020.300000	0.000000048209	
1020.500000	0.000000048287	
1020.700000	0.000000048366	
1020.900000	0.000000048444	
1021.100000	0.000000048523	
1021.300000	0.000000048602	
1021.500000	0.000000048681	
1021.700000	0.000000048761	
1021.900000	0.000000048841	
1022.100000	0.000000048922	
1022.300000	0.000000049003	
1022.500000	0.000000049085	
1022.700000	0.000000049167	
1022.900000	0.000000049250	
1023.100000	0.000000049334	
1023.300000	0.000000049419	
1023.500000	0.000000049505	
1023.700000	0.000000049592	
1023.900000	0.000000049680	
1024.100000	0.000000049769	
1024.300000	0.000000049860	
1024.500000	0.000000049952	
1024.700000	0.000000050047	
1024.900000	0.000000050143	
1025.100000	0.000000050241	
1025.300000	0.000000050342	
1025.500000	0.000000050446	
1025.700000	0.000000050553	
1025.900000	0.000000050664	
1026.100000	0.000000050779	
1026.300000	0.000000050898	
1026.500000	0.000000051023	
1026.700000	0.000000051155	
1026.900000	0.000000051294	
1027.100000	0.000000051442	
1027.300000	0.000000051601	
1027.500000	0.000000051775	
1027.700000	0.000000051966	
1027.900000	0.000000052181	
1028.100000	0.000000052428	
1028.300000	0.000000052724	
1028.500000	0.000000053104	
1028.700000	0.000000053657	
1028.900000	0.000000054947	
1029.100000	0.000000066558	
1029.300000	0.000000110706	
1029.500000	0.000000160023	
1029.700000	0.000000163831	
1029.900000	0.000000152702	
1030.100000	0.000000134168	
1030.300000	0.000000116134	
1030.500000	0.000000104658	
1030.700000	0.000000096080	
1030.900000	0.000000087703	
1031.100000	0.000000077949	
1031.300000	0.000000066961	
1031.500000	0.000000059294	
1031.700000	0.000000054484	
1031.900000	0.000000050908	
1032.100000	0.000000048533	
1032.300000	0.000000046978	
1032.500000	0.000000045920	
1032.700000	0.000000045165	
1032.900000	0.000000044599	
1033.100000	0.000000044155	
1033.300000	0.000000043791	
1033.500000	0.000000043483	
1033.700000	0.000000043212	
1033.900000	0.000000042971	
1053.900000	0.000000045870	
1059.460000	0.000000047552	
1059.660000	0.000000047607	
1059.860000	0.000000047661	
1060.060000	0.000000047715	
1060.260000	0.000000047768	
1060.460000	0.000000047822	
1060.660000	0.000000047874	
1060.860000	0.000000047927	
1061.060000	0.000000047979	
1061.260000	0.000000048030	
1061.460000	0.000000048081	
1061.660000	0.000000048132	
1061.860000	0.000000048182	
1062.060000	0.000000048232	
1062.260000	0.000000048281	
1062.460000	0.000000048330	
1062.660000	0.000000048379	
1062.860000	0.000000048427	
1063.060000	0.000000048475	
1063.260000	0.000000048522	
1063.460000	0.000000048569	
1063.660000	0.000000048616	
1063.860000	0.000000048662	
1064.060000	0.000000048708	
1064.260000	0.000000048753	
1064.460000	0.000000048798	
1064.660000	0.000000048843	
1064.860000	0.000000048887	
1065.060000	0.000000048931	
1065.260000	0.000000048974	
1065.460000	0.000000049017	
1065.660000	0.000000049060	
1065.860000	0.000000049102	
1066.060000	0.000000049144	
1066.260000	0.000000049185	
1066.460000	0.000000049226	
1066.660000	0.000000049266	
1066.860000	0.000000049307	
1067.060000	0.000000049347	
1067.260000	0.000000049386	
1067.460000	0.000000049425	
1067.660000	0.000000049464	
1067.860000	0.000000049502	
1068.060000	0.000000049540	
1068.260000	0.000000049577	
1068.460000	0.000000049614	
1068.660000	0.000000049651	
1068.860000	0.000000049688	
1069.060000	0.000000049724	
1069.260000	0.000000049759	
1069.460000	0.000000049794	
1069.660000	0.000000049829	
1069.860000	0.000000049864	
1070.060000	0.000000049898	
1070.260000	0.000000049932	
1070.460000	0.000000049965	
1070.660000	0.000000049998	
1070.860000	0.000000050031	
1071.060000	0.000000050063	
1071.260000	0.000000050095	
1071.460000	0.000000050127	
1071.660000	0.000000050158	
1071.860000	0.000000050189	
1072.060000	0.000000050220	
1072.260000	0.000000050250	
1072.460000	0.000000050280	
1072.660000	0.000000050310	
1072.860000	0.000000050339	
1073.060000	0.000000050368	
1073.260000	0.000000050396	
1073.460000	0.000000050424	
1073.660000	0.000000050452	
1073.860000	0.000000050480	
1074.060000	0.000000050507	
1074.260000	0.000000050534	
1074.460000	0.000000050561	
1074.660000	0.000000050587	
1074.860000	0.000000050613	
1075.060000	0.000000050638	
1075.260000	0.000000050664	
1075.460000	0.000000050689	
1075.660000	0.000000050713	
1075.860000	0.000000050738	
1076.060000	0.000000050762	
1076.260000	0.000000050786	
1076.460000	0.000000050809	
1076.660000	0.000000050832	
1076.860000	0.000000050855	
1077.060000	0.000000050878	
1077.260000	0.000000050900	
1077.460000	0.000000050922	
1077.660000	0.000000050944	
1077.860000	0.000000050965	
1078.060000	0.000000050986	
1078.260000	0.000000051007	
1078.460000	0.000000051027	
1078.660000	0.000000051048	
1078.860000	0.000000051068	
1079.060000	0.000000051087	
1079.260000	0.000000051107	
1079.460000	0.000000051126	
1079.660000	0.000000051145	
1079.860000	0.000000051164	
1080.060000	0.000000051182	
1080.260000	0.000000051200	
1080.460000	0.000000051218	
1080.660000	0.000000051236	
1080.860000	0.000000051253	
1081.060000	0.000000051270	
1081.260000	0.000000051287	
1081.460000	0.000000051304	
1081.660000	0.000000051320	
1081.860000	0.000000051337	
1082.060000	0.000000051353	
1082.260000	0.000000051368	
1082.460000	0.000000051384	
1082.660000	0.000000051399	
1082.860000	0.000000051414	
1083.060000	0.000000051429	
1083.260000	0.000000051444	
1083.460000	0.000000051458	
1083.660000	0.000000051472	
1083.860000	0.000000051486	
1084.060000	0.000000051500	
1084.260000	0.000000051514	
1084.460000	0.000000051527	
1084.660000	0.000000051541	
1084.860000	0.000000051554	
1085.060000	0.000000051567	
1085.260000	0.000000051579	
1085.460000	0.000000051592	
1085.660000	0.000000051604	
1085.860000	0.000000051616	
1086.060000	0.000000051629	
1086.260000	0.000000051640	
1086.460000	0.000000051652	
1086.660000	0.000000051664	
1086.860000	0.000000051675	
1087.060000	0.000000051687	
1087.260000	0.000000051698	
1087.460000	0.000000051709	
1087.660000	0.000000051720	
1087.860000	0.000000051731	
1088.060000	0.000000051742	
1088.260000	0.000000051753	
1088.460000	0.000000051763	
1088.660000	0.000000051774	
1088.860000	0.000000051784	
1089.060000	0.000000051795	
1089.260000	0.000000051805	
1089.460000	0.000000051815	
1089.660000	0.000000051825	
1089.860000	0.000000051836	
1090.060000	0.000000051846	
1090.260000	0.000000051856	
1090.460000	0.000000051866	
1090.660000	0.000000051876	
1090.860000	0.000000051887	
1091.060000	0.000000051897	
1091.260000	0.000000051907	
1091.460000	0.000000051917	
1091.660000	0.000000051928	
1091.860000	0.000000051938	
1092.060000	0.000000051949	
1092.260000	0.000000051960	
1092.460000	0.000000051971	
1092.660000	0.000000051982	
1092.860000	0.000000051993	
1093.060000	0.000000052004	
1093.260000	0.000000052016	
1093.460000	0.000000052028	
1093.660000	0.000000052040	
1093.860000	0.000000052052	
1094.060000	0.000000052065	
1094.260000	0.000000052078	
1094.460000	0.000000052092	
1094.660000	0.000000052106	
1094.860000	0.000000052120	
1095.060000	0.000000052135	
1095.260000	0.000000052151	
1095.460000	0.000000052167	
1095.660000	0.000000052184	
1095.860000	0.000000052202	
1096.060000	0.000000052220	
1096.260000	0.000000052240	
1096.460000	0.000000052260	
1096.660000	0.00000005