0.000000	-65.999999999999772626	
20.000000	-65.877080314554376628	
40.000000	-65.879114386404808101	
60.000000	-65.879728080477804042	
80.000000	-65.880061718553477590	
100.000000	-65.880242938330624725	
120.000000	-72.012233156220844421	
140.000000	-71.419827434069418359	
160.000000	-70.577332984472960220	
180.000000	-69.715272507440047889	
200.000000	-68.900730763633589504	
220.000000	-68.153807170449198338	
240.000000	-67.470963722395353557	
260.000000	-66.844385971501424137	
280.000000	-66.266654591016745712	
300.000000	-65.731532163050815143	
320.000000	-65.233830201036440144	
340.000000	-64.750459801686773176	
360.000000	-64.316202511387771779	
380.000000	-63.915239585016834667	
400.000000	-63.540256245281881320	
420.000000	-63.187405662137003048	
440.000000	-62.854232247440386061	
460.000000	-62.538898375334504465	
480.000000	-62.239891206792712808	
500.000000	-61.955904531869585128	
520.000000	-61.517801268052409114	
540.000000	-61.155383641964640162	
560.000000	-60.864181613261173709	
580.000000	-60.639195468624627949	
600.000000	-60.475593295249055359	
620.000000	-60.368693783932336316	
640.000000	-60.313888407435378269	
660.000000	-60.306593761212475613	
680.000000	-60.342237694258152203	
700.000000	-60.416270376141220311	
720.000000	-60.524191194403357485	
740.000000	-60.661583896411542582	
760.000000	-60.824154122530480038	
780.000000	-61.007765153405330238	
800.000000	-61.208469882209541879	
820.000000	-61.422538375118747922	
840.000000	-61.646475394496420108	
860.000000	-61.877038770837259563	
880.000000	-62.111250274013940498	
900.000000	-62.346401548953302552	
920.000000	-62.580058663477750258	
940.000000	-62.810063136776996373	
960.000000	-63.034530474893152530	
980.000000	-63.251846783777807559	
1000.000000	-63.460663272012112657	
1020.000000	-63.659888392347703245	
1040.000000	-63.848675143391979248	
1060.000000	-64.026410392718503317	
1080.000000	-64.192698490881639373	
1100.000000	-64.347343179933147894	
1120.000000	-64.490327626798219285	
1140.000000	-64.621792985782136043	
1160.000000	-64.742016041179510921	
1180.000000	-64.851386565232587600	
1200.000000	-64.950385028624197048	
1220.000000	-65.039561254473440499	
1240.000000	-65.119514520909177691	
1260.000000	-65.190875504557737941	
1280.000000	-65.254290331976420703	
1300.000000	-65.310406881195049777	
1320.000000	-65.359863361778408830	
1340.000000	-65.403279106153902944	
1360.000000	-65.441247431139416335	
1380.000000	-65.474330377212680787	
1400.000000	-65.503055102564658796	
1420.000000	-65.527911696305778833	
1440.000000	-65.549352176681111359	
1460.000000	-65.567790451992266298	
1480.000000	-65.583603040672699080	
1500.000000	-65.597130369627237201	
1520.000000	-65.608678494267024917	
1540.000000	-65.618521107878109433	
1560.000000	-65.626901730907874821	
1580.000000	-65.634035991726534576	
1600.000000	-65.640113929012045446	
1620.000000	-65.645302262004165073	
1640.000000	-65.649746588550399906	
1660.000000	-65.653573482206212475	
1680.000000	-65.656892468969587640	
1700.000000	-65.659797871681519155	
1720.000000	-65.662370516016281385	
1740.000000	-65.664679296548072784	
1760.000000	-65.666782604803898948	
1780.000000	-65.668729623745690560	
1800.000000	-65.670561494899857280	
1820.000000	-65.672312365515992383	
1840.000000	-65.674010323872792583	
1860.000000	-65.675678231172582855	
1880.000000	-65.677334458542858897	
1900.000000	-65.678993537525485635	
1920.000000	-65.680666732133587971	
1940.000000	-65.682362540181472355	
1960.000000	-65.684087131112761426	
1980.000000	-65.685844727071923899	
2000.000000	-65.687637933429769532	
2020.000000	-65.689468024469562124	
2040.000000	-65.691335189424918894	
2060.000000	-65.693238743578760364	
2080.000000	-65.695177308656653281	
2100.000000	-65.697148966340151333	
2120.000000	-65.699151388288541398	
2140.000000	-65.701181945713074128	
2160.000000	-65.703237801198000057	
2180.000000	-65.705315985147279889	
2200.000000	-65.707413458968360942	
2220.000000	-65.709527166837247592	
2240.000000	-65.711654077682396746	
2260.000000	-65.713791218793787152	
2280.000000	-65.715935702319484335	
2300.000000	-65.718084745711209393	
2320.000000	-65.720235687081142828	
2340.000000	-65.722385996268315012	
2360.000000	-65.724533282325069194	
2380.000000	-65.726675298036198569	
2400.000000	-65.728809941986071408	
2420.000000	-65.730935258626089990	
2440.000000	-65.733049436724982684	
2460.000000	-65.735150806528096723	
2480.000000	-65.737237835903911787	
2500.000000	-65.739309125710065018	
