0.000000	-65.999999999999772626	
18.000000	-56.960640726757247876	
18.200000	-56.410184807832187914	
18.400000	-55.809334769303916346	
18.600000	-55.148143565765508356	
18.800000	-54.412579263655999284	
19.000000	-53.581730629265436505	
19.200000	-52.622021069012177463	
19.400000	-51.473250168114546454	
19.600000	-50.004847669646892427	
19.800000	-47.753912168750922262	
20.000000	-36.042843916625983525	
20.200000	17.634080605025566513	
20.400000	32.285312485211726141	
20.600000	28.458037422530342297	
20.800000	13.545603825927663877	
21.000000	-4.096686719710691982	
21.200000	-16.040511648915963150	
21.400000	-24.091871904357684997	
21.600000	-31.224457886578807830	
21.800000	-39.229389217012268887	
22.000000	-45.011404184485520830	
22.200000	-47.826010522308457951	
22.400000	-49.835140983308427565	
22.600000	-51.298487427928996851	
22.800000	-52.083799612135173618	
23.000000	-52.432001335303034750	
23.200000	-52.512477868779264156	
23.400000	-52.424888576916764293	
23.600000	-52.227966165544408739	
23.800000	-51.956639423416199008	
24.000000	-51.631486854969338651	
24.200000	-51.264081659970102578	
24.400000	-50.860096149715182889	
24.600000	-50.421104539887728890	
24.800000	-49.945561507264862655	
25.000000	-49.429189190465748993	
25.200000	-48.864848199600757539	
25.400000	-48.241823558974061825	
25.600000	-47.544249060795507944	
25.800000	-46.747979425797055342	
26.000000	-45.814208178711957942	
26.200000	-44.675227195130204905	
26.400000	-43.197725675780922927	
26.600000	-41.064573574444722226	
26.800000	-37.214294035549464468	
27.000000	-24.856915754608976954	
27.200000	0.769151843831420878	
27.400000	9.693864751862763640	
27.600000	7.977679646313066364	
27.800000	-0.802115401632300884	
28.000000	-11.044341870834658792	
28.200000	-19.406022729793324544	
28.400000	-26.882750859603909532	
28.600000	-34.611987166655168835	
28.800000	-42.072459683502060557	
29.000000	-47.182101465006027752	
29.200000	-50.293367163188378299	
29.400000	-52.103592379960943504	
29.600000	-53.155442752763434555	
29.800000	-53.758164937736836464	
30.000000	-54.082962118870554491	
30.200000	-54.227557562962161342	
30.400000	-54.250044342245615780	
30.600000	-54.186181199073068626	
30.800000	-54.058537431682786689	
31.000000	-53.881520270581141574	
31.200000	-53.664367671700830442	
31.400000	-53.412828413277516404	
31.600000	-53.130364367529224978	
31.800000	-52.818770450844581887	
32.000000	-52.478608326255582028	
32.200000	-52.109411945050482018	
32.400000	-51.709784959799769410	
32.600000	-51.277332541118255449	
32.800000	-50.808491781232000051	
33.000000	-50.298200246693802740	
33.200000	-49.739312510889689634	
33.400000	-49.121624823467904264	
33.600000	-48.430161052402844746	
33.800000	-47.641999950293154598	
34.000000	-46.719875304670154037	
34.200000	-45.597624653258087335	
34.400000	-44.140748482151977328	
34.600000	-42.002266431980899597	
34.800000	-37.522648813559634107	
35.000000	-18.843531480499216002	
35.200000	5.885686211493449171	
35.400000	11.852504351748915923	
35.600000	8.347333333262399790	
35.800000	-1.266986523632702921	
36.000000	-11.444993019780387300	
36.200000	-19.506732249215001929	
36.400000	-26.649304674359107992	
36.600000	-34.151159630088656627	
36.800000	-41.639664629486084380	
37.000000	-46.905412064766288438	
37.200000	-50.156146222452946404	
37.400000	-52.058185125235688417	
37.600000	-53.166301390227083346	
37.800000	-53.802799375602326393	
38.000000	-54.147285086725368330	
38.200000	-54.302492530904395096	
38.400000	-54.329406438452288342	
38.600000	-54.265454763716974185	
38.800000	-54.134280668305827078	
39.000000	-53.951069910769831495	
39.200000	-53.725618282700487782	
39.400000	-53.464192952900013722	
39.600000	-53.170670130373203222	
39.800000	-52.847232251591400143	
40.000000	-52.494858882427465119	
40.200000	-52.113340266031030978	
40.400000	-51.701486338683160682	
40.600000	-51.257152476588757395	
40.800000	-50.776980873651929471	
41.000000	-50.256042763554333419	
41.200000	-49.687223660964832561	
41.400000	-49.060277135585508290	
41.600000	-48.360064722341604693	
41.800000	-47.563255475572759678	
42.000000	-46.631658702085992729	
42.200000	-45.496822613109031863	
42.400000	-44.017310019531656451	
42.600000	-41.814366198788562201	
42.800000	-36.789177437511348501	
43.000000	-16.229672035444188793	
43.200000	6.560409799802620512	
43.400000	11.499031575733678068	
43.600000	7.624726371107046319	
43.800000	-1.778092387239291972	
44.000000	-11.434897973376086711	
44.200000	-19.114535423228122824	
44.400000	-25.902668304866946158	
44.600000	-33.057665418002180502	
44.800000	-40.527615212955574009	
45.000000	-46.070786581851180586	
45.200000	-49.561198479034416664	
45.400000	-51.623309100469548127	
45.600000	-52.829505220510789343	
45.800000	-53.523854724855951304	
46.000000	-53.900194748421000668	
46.200000	-54.069988334111748429	
46.400000	-54.099758715535607223	
46.600000	-54.030622431252496085	
46.800000	-53.888667734630516293	
47.000000	-53.690764597306717576	
47.200000	-53.447895723193937556	
47.400000	-53.167154703463303633	
47.600000	-52.852974509638237066	
47.800000	-52.507881572345119991	
48.000000	-52.133061361219780849	
48.200000	-51.728263549490186790	
48.400000	-51.292093198360014128	
48.600000	-50.821960357983087420	
48.800000	-50.313798028600722034	
49.000000	-49.761539670032824745	
49.200000	-49.156371084632780821	
49.400000	-48.485331308794698657	
49.600000	-47.728750409689808976	
49.800000	-46.855185312375212447	
50.000000	-45.810262731836928651	
50.200000	-44.487882607746719543	
50.400000	-42.632870887514179969	
50.600000	-39.231958838363958364	
50.800000	-26.214561623921085243	
51.000000	1.050580621238844881	
51.200000	10.221510924825164324	
51.400000	9.272787513778586899	
51.600000	1.828092005150286026	
51.800000	-7.880361867777253337	
52.000000	-15.874173741648561986	
52.200000	-22.556965276031192502	
52.400000	-29.099352272526605390	
52.600000	-36.364034038654445169	
52.800000	-43.014103004686717213	
53.000000	-47.532464517839905227	
53.200000	-50.300499296283071260	
53.400000	-51.936633131663803908	
53.600000	-52.894047367208173682	
53.800000	-53.435204329131650525	
54.000000	-53.710712985608992653	
54.200000	-53.809464871489097959	
54.400000	-53.785740284929573818	
54.600000	-53.673669932637096736	
54.800000	-53.495188494043347305	
55.000000	-53.264557156032907415	
55.200000	-52.991038970253988794	
55.400000	-52.680522428465437201	
55.600000	-52.336516041579209002	
55.800000	-51.960849222795438607	
56.000000	-51.553631023128033917	
56.200000	-51.113750210401548202	
56.400000	-50.638708926331837290	
56.600000	-50.124398249986242604	
56.800000	-49.564541270014451868	
57.000000	-48.949910414661474078	
57.200000	-48.266769024409029498	
57.400000	-47.494025684851997937	
57.600000	-46.597474676372605984	
57.800000	-45.516686234518807908	
58.000000	-44.129506256647452744	
58.200000	-42.118701651956989451	
58.400000	-37.832504760194623827	
58.600000	-21.137069806831192409	
58.800000	3.477610365620133148	
59.000000	10.052392586100843630	
59.200000	7.788442732302948812	
59.400000	-0.118608693698137119	
59.600000	-9.239531160225253004	
59.800000	-16.663901142359581087	
60.000000	-22.995623831505138668	
60.200000	-29.318565354705484083	
60.400000	-36.388919934254197130	
60.600000	-42.858153560083273703	
60.800000	-47.290610524602456621	
61.000000	-50.024645110250851587	
61.200000	-51.651434362526885025	
61.400000	-52.607265071380602706	
61.600000	-53.147740594632480793	
61.800000	-53.421068135452117076	
62.000000	-53.515576631426398535	
62.200000	-53.485623535002773110	
62.400000	-53.365570654102107540	
62.600000	-53.177539806863187266	
62.800000	-52.935880827560410467	
63.000000	-52.649836448497822516	
63.200000	-52.325171529453989194	
63.400000	-51.965206318678824005	
63.600000	-51.571372827664539784	
63.800000	-51.143260748866971710	
64.000000	-50.679120662669753017	
64.200000	-50.175542461064772226	
64.400000	-49.627020162711723117	
64.600000	-49.025195511381177482	
64.800000	-48.357559193216474114	
65.000000	-47.604886989058307734	
65.200000	-46.736112033516825193	
65.400000	-45.696959127728142391	
65.600000	-44.379259434014990404	
65.800000	-42.507396961911283029	
66.000000	-38.687894911518732499	
66.200000	-24.384318416600194723	
66.400000	1.064914994864873954	
66.600000	9.140034336531622117	
66.800000	7.960623735509849475	
67.000000	0.939503697192772380	
67.200000	-7.931144767660442518	
67.400000	-15.312363359377791028	
67.600000	-21.538197368345237237	
67.800000	-27.533725030155743241	
68.000000	-34.202346408220670071	
68.200000	-40.936946042559441139	
68.400000	-45.881818902287626827	
68.600000	-49.037297560177947275	
68.800000	-50.938287682611097296	
69.000000	-52.065859642868005608	
69.200000	-52.714863669659052903	
69.400000	-53.057529156112451574	
69.600000	-53.196403056409621968	
69.800000	-53.194348033257789155	
70.000000	-53.090931559380180715	
70.200000	-52.911526529596059731	
70.400000	-52.672529921653271856	
70.600000	-52.384456192853868117	
70.800000	-52.053819745180142320	
71.000000	-51.684294980195481628	
71.200000	-51.277401031695056588	
71.400000	-50.832489734673849568	
71.600000	-50.347306866172985451	
71.800000	-49.817573164403604835	
72.000000	-49.236233756421825092	
72.200000	-48.592494992282254884	
72.400000	-47.869699804506538499	
72.600000	-47.041011093783090757	
72.800000	-46.059896751840511797	
73.000000	-44.834733149205661107	
73.200000	-43.133817575965586855	
73.400000	-39.772797992341018869	
73.600000	-27.949475082910410606	
73.800000	-2.759993246029195380	
74.000000	7.749408361833745040	
74.200000	7.986777029209092049	
74.400000	2.109947669851567120	
74.600000	-6.368534632489504688	
74.800000	-13.715243657176369396	
75.000000	-19.892000165441704240	
75.200000	-25.620549713760794930	
75.400000	-31.821877600328416946	
75.600000	-38.588929562354479685	
75.800000	-44.104579469157428662	
76.000000	-47.782814366897248703	
76.200000	-50.046971142469899974	
76.400000	-51.403228165471205102	
76.600000	-52.195912776975816882	
76.800000	-52.629537026223061957	
77.000000	-52.825857684153376681	
77.200000	-52.859199095227779708	
77.400000	-52.776116213744856509	
77.600000	-52.606334709091804314	
77.800000	-52.369001602352057034	
78.000000	-52.076332928633945585	
78.200000	-51.735818145068925844	
78.400000	-51.351661045623139046	
78.600000	-50.925171742415386689	
78.800000	-50.455460867798421987	
79.000000	-49.939372283895018256	
79.200000	-49.370882001131562333	
79.400000	-48.740157899120340801	
79.600000	-48.031540020561557469	
79.800000	-47.219261073841309440	
80.000000	-46.257464922844668820	
80.200000	-45.051276462861764571	
80.400000	-43.326466212790855081	
80.600000	-39.165824773387257096	
80.800000	-26.754313628271535919	
81.000000	-2.713889530656148352	
81.200000	6.957045253231706639	
81.400000	6.960055139424819792	
81.600000	1.272658992276960221	
81.800000	-6.698504676889441178	
82.000000	-13.633974697817514254	
82.200000	-19.555499912363050186	
82.400000	-25.057998711441641149	
82.600000	-30.977982141242240033	
82.800000	-37.558563773218487825	
83.000000	-43.186354645442698086	
83.200000	-47.038498527760275181	
83.400000	-49.460343020702204342	
83.600000	-50.925845091224680061	
83.800000	-51.791110370178998323	
84.000000	-52.272661258016917429	
84.200000	-52.500345825392869870	
84.400000	-52.553650204431008319	
84.600000	-52.482413475671599201	
84.800000	-52.318400940660723109	
85.000000	-52.082148342603865387	
85.200000	-51.786793285346078619	
85.400000	-51.440372352557005797	
85.600000	-51.047230456699992374	
85.800000	-50.608425297482099836	
86.000000	-50.122548085333875179	
86.200000	-49.585447217605519654	
86.400000	-48.989428067257229316	
86.600000	-48.321794899129820067	
86.800000	-47.561569377090236799	
87.000000	-46.671862116141667798	
87.200000	-45.578929678735221387	
87.400000	-44.087370904322519038	
87.600000	-41.089637960523795357	
87.800000	-31.972314084749143603	
88.000000	-10.766032598214929195	
88.200000	4.511326577824019246	
88.400000	7.114415616716634361	
88.600000	3.269139701362978823	
88.800000	-4.111439915861008210	
89.000000	-11.197063664237372649	
89.200000	-17.244797764442211019	
89.400000	-22.648396964536164688	
89.600000	-28.129529497678504413	
89.800000	-34.329158165189205931	
90.000000	-40.525948765172842059	
90.200000	-45.135998231022334437	
90.400000	-48.187610119813939491	
90.600000	-50.077925162765438927	
90.800000	-51.219405493630176807	
91.000000	-51.884815176198387121	
91.200000	-52.239239025219333712	
91.400000	-52.383230759149142841	
91.600000	-52.379247744322171343	
91.800000	-52.267066624567391386	
92.000000	-52.072470802673400669	
92.200000	-51.812055337367461050	
92.400000	-51.496195104935878817	
92.600000	-51.130978437424573713	
92.800000	-50.719022971760210794	
93.000000	-50.260129686109287661	
93.200000	-49.751326518455769587	
93.400000	-49.186520201865789659	
93.600000	-48.555294770481886246	
93.800000	-47.840464551293102602	
94.000000	-47.012688413905195262	
94.200000	-46.016590538758428863	
94.400000	-44.723370232395403434	
94.600000	-42.625930208691166001	
94.800000	-36.300585600089128491	
95.000000	-20.762763822408707881	
95.200000	0.654529497022406370	
95.400000	6.868419271376950519	
95.600000	5.262497002648303557	
95.800000	-1.053550004771074189	
96.000000	-8.460552418316536816	
96.200000	-14.799270994015154557	
96.400000	-20.314315504335336726	
96.600000	-25.567798034532881246	
96.800000	-31.304622723489764269	
97.000000	-37.637014913486837031	
97.200000	-43.005149017321748772	
97.400000	-46.738312742805902644	
97.600000	-49.135022136474525212	
97.800000	-50.607481958854279469	
98.000000	-51.490442424850741077	
98.200000	-51.992489795892851134	
98.400000	-52.240499537600690871	
98.600000	-52.312604123912223031	
98.800000	-52.258218093112624558	
99.000000	-52.109325581719559750	
99.200000	-51.886614301820472406	
99.400000	-51.603267642147613969	
99.600000	-51.267394365542308776	
99.800000	-50.883207913403389000	
100.000000	-50.451894827607326022	
100.200000	-50.341792705566071220	
100.400000	-51.469543991042023379	
100.600000	-53.668744470651432721	
100.800000	-56.331311799007586671	
120.800000	-76.997178968705426882	
140.800000	-83.119735230405169091	
160.800000	-114.373026893728791720	
