0.000000	-65.999999999999772626	
5.500000	-56.875045323760396343	
5.700000	-54.805410564155117470	
5.900000	-52.081833169056608313	
6.100000	-48.166174927306812492	
6.300000	-40.504452277236872249	
6.500000	11.701618877077129000	
6.700000	42.215948781754384811	
6.900000	42.465341296160005413	
7.100000	24.003406092343826828	
7.300000	2.880278081985877758	
7.500000	-11.880688919459526431	
7.700000	-19.249851106272917178	
7.900000	-22.760398082679802911	
8.100000	-23.997522137743910520	
8.300000	-23.462417248656979751	
8.500000	-21.380956260509087485	
8.700000	-18.422216051547440685	
8.900000	-15.822008567388547107	
9.100000	-14.655087837812798668	
9.300000	-15.136535365346176718	
9.500000	-16.762908317880402365	
9.700000	-18.808019599222919993	
9.900000	-20.643031655392487522	
10.100000	-21.850785321701490460	
10.300000	-22.261879847408373223	
10.500000	-21.913185642033038647	
10.700000	-21.010268179568793556	
10.900000	-19.895998519946154204	
11.100000	-18.961899435685552362	
11.300000	-18.499685462138597103	
11.500000	-18.589227368768629134	
11.700000	-19.103689788215348244	
11.900000	-19.803999611479071064	
12.100000	-20.449781881651883708	
12.300000	-20.876114978344809003	
12.500000	-21.018833630617290709	
12.700000	-20.903476486028363723	
12.900000	-20.619078280245169310	
13.100000	-20.284481497811473361	
13.300000	-20.010098757500838218	
13.500000	-19.864447599633841435	
13.700000	-19.858624464605568960	
13.900000	-19.954720236186627602	
14.100000	-20.091173146148491924	
14.300000	-20.210300039438060082	
14.500000	-20.276130933686985713	
14.700000	-20.279457195406052961	
14.900000	-20.233181036951574328	
15.100000	-20.162407843969592847	
15.300000	-20.093208585591899151	
15.500000	-20.043512975594676817	
15.700000	-20.018792960701681238	
15.900000	-20.013349982872760791	
16.100000	-20.015622328021894560	
16.300000	-20.014432621449167016	
16.500000	-20.003408132363681204	
16.700000	-19.982341982540496872	
16.900000	-19.955807348171369142	
17.100000	-19.930224543413597615	
17.300000	-19.910810610629816608	
17.500000	-19.899594006920047207	
17.700000	-19.895090829991104897	
17.900000	-19.893502219759071181	
18.100000	-19.890696592717571178	
18.300000	-19.884025924159914211	
18.500000	-19.873232003755241237	
18.700000	-19.860188475746610948	
18.900000	-19.847764986669922394	
19.100000	-19.838437898549052818	
19.300000	-19.833267486585981487	
19.500000	-19.831591543729505389	
19.700000	-19.831443375155185294	
19.900000	-19.830430530774901143	
20.100000	-19.826678821125543806	
20.300000	-19.819477142360309330	
20.500000	-19.809420984996833681	
20.700000	-19.798065449503564395	
20.900000	-19.787280746151392208	
21.100000	-19.778578864553630012	
21.300000	-19.772649587975102747	
21.500000	-19.769233659428302019	
21.700000	-19.767323103532934425	
21.900000	-19.765568134779691434	
22.100000	-19.762721385902061400	
22.300000	-19.757969421933111676	
22.500000	-19.751068617289238460	
22.700000	-19.742283996991972117	
22.900000	-19.732194246872598598	
23.100000	-19.721455483179866519	
23.300000	-19.710608413906982150	
23.500000	-19.699978617637981415	
23.700000	-19.689676414846424279	
23.900000	-19.679666878065241065	
24.100000	-19.669863407397595978	
24.300000	-19.660202453361943498	
24.500000	-19.650675675363288519	
24.700000	-19.641318941831496403	
24.900000	-19.632175359718736729	
25.100000	-19.623256387810929624	
25.300000	-19.614520805194285202	
25.500000	-19.605879885832671050	
25.700000	-19.597224598755364156	
25.900000	-19.588462185599297527	
26.100000	-19.579544121816056190	
26.300000	-19.570477521242594321	
26.500000	-19.561317831132289058	
26.700000	-19.552146038047968801	
26.900000	-19.543040940083990620	
27.100000	-19.534054023966170632	
27.300000	-19.525196389433780553	
27.500000	-19.516442732834612173	
27.700000	-19.507746113410895816	
27.900000	-19.499056238626305770	
28.100000	-19.490334859482235430	
28.300000	-19.481564539003940695	
28.500000	-19.472748900059688282	
28.700000	-19.463905998125461849	
28.900000	-19.455058692967337919	
29.100000	-19.446226768188115130	
29.300000	-19.437420672904512031	
29.500000	-19.428638771275366537	
29.700000	-19.419871678123953984	
29.900000	-19.411108448569638796	
30.100000	-19.402341714548953178	
30.300000	-19.393570043682714754	
30.500000	-19.384797564505113598	
30.700000	-19.376031552001286684	
30.900000	-19.367278949116986553	
31.100000	-19.358543373367307794	
31.300000	-19.349824309011527390	
31.500000	-19.341118137153426204	
31.700000	-19.332420163947894309	
31.900000	-19.323727506130044418	
32.100000	-19.315040851236478403	
32.300000	-19.306361423744128558	
32.500000	-19.297691018019236253	
32.700000	-19.289031780836449315	
32.900000	-19.280385682741147946	
33.100000	-19.271754054223890762	
33.300000	-19.263137408021034247	
33.500000	-19.254535602002473382	
33.700000	-19.245948308519945869	
33.900000	-19.237376082854336090	
34.100000	-19.228819699237373442	
34.300000	-19.220279801542520914	
34.500000	-19.211756524179200767	
34.700000	-19.203249721652934312	
34.900000	-19.194759205618961317	
35.100000	-19.186284841901699139	
35.300000	-19.177826762010706574	
35.500000	-19.169385736866395575	
35.700000	-19.160962427017366849	
35.900000	-19.152557115745281635	
36.100000	-19.144170094596088205	
36.300000	-19.135801917061055377	
36.500000	-19.127453370597773841	
36.700000	-19.119125273547261656	
36.900000	-19.110818256941811910	
37.100000	-19.102532694104770172	
37.300000	-19.094268639333662918	
37.500000	-19.086025830269633730	
37.700000	-19.077803923732108871	
37.900000	-19.069602683618757766	
38.100000	-19.061422060861715977	
38.300000	-19.053262237696380055	
38.500000	-19.045123597761847378	
38.700000	-19.037006641470778590	
38.900000	-19.028911885431213591	
39.100000	-19.020839780353210102	
39.300000	-19.012790698982016124	
39.500000	-19.004765105821945781	
39.700000	-18.996763553604296249	
39.900000	-18.988786119862030688	
40.100000	-18.980832378935392768	
40.300000	-18.972901729677058569	
40.500000	-18.964993728285151064	
40.700000	-18.957108310456920464	
40.900000	-18.949246034232526625	
41.100000	-18.941408298169392310	
41.300000	-18.933596064103618062	
41.500000	-18.925809160031761280	
41.700000	-18.918046877565728892	
41.900000	-18.910308534172120432	
42.100000	-18.902593810467550384	
42.300000	-18.894902899149343511	
42.500000	-18.887236434794974826	
42.700000	-18.879595249249216948	
42.900000	-18.871980433881965666	
43.100000	-18.864393056317652508	
43.300000	-18.856833183329612780	
43.500000	-18.849299976759361641	
43.700000	-18.841792320320092102	
43.900000	-18.834309223496948249	
44.100000	-18.826850125466574326	
44.300000	-18.819415051542588202	
44.500000	-18.812004633208310622	
44.700000	-18.804619943498718015	
44.900000	-18.797262069307624444	
45.100000	-18.789931931049643765	
45.300000	-18.782630192035306038	
45.500000	-18.775356681817541471	
45.700000	-18.768110565841809034	
45.900000	-18.760891059660735891	
46.100000	-18.753697439251457268	
46.300000	-18.746529208971708158	
46.500000	-18.739386463315721443	
46.700000	-18.732269617277413687	
46.900000	-18.725179080508770113	
47.100000	-18.718115494081462913	
47.300000	-18.711080291511372309	
47.500000	-18.704074255100351820	
47.700000	-18.697096973565724198	
47.900000	-18.690147321420901960	
48.100000	-18.683224041999913823	
48.300000	-18.676326084204685429	
48.500000	-18.669452675023840982	
48.700000	-18.662603744541343076	
48.900000	-18.655780033448152722	
49.100000	-18.648982811377003088	
49.300000	-18.642213472383616590	
49.500000	-18.635473329654029584	
49.700000	-18.628763409636860615	
49.900000	-18.622083945911121816	
50.100000	-18.615434269720061877	
50.300000	-18.608813062477391753	
50.500000	-18.602218810819174166	
50.700000	-18.595650297903475234	
50.900000	-18.589106942873225847	
51.100000	-18.582588897088154312	
51.300000	-18.576096949463757113	
51.500000	-18.569632262374067722	
51.700000	-18.563195836452344167	
51.900000	-18.556788137221115420	
52.100000	-18.550409104408533523	
52.300000	-18.544058342107764048	
52.500000	-18.537735346837305173	
52.700000	-18.531439726014607317	
52.900000	-18.525171369944796851	
53.100000	-18.518930308294635267	
53.300000	-18.512716473445646415	
53.500000	-18.506529726981575834	
53.700000	-18.500369978386999037	
53.900000	-18.494237282156809954	
54.100000	-18.488131850789592647	
54.300000	-18.482053955736681417	
54.500000	-18.476003816354964471	
54.700000	-18.469981527604510063	
54.900000	-18.463987039141525059	
55.100000	-18.458020179644353931	
55.300000	-18.452080744110027410	
55.500000	-18.446168682745124556	
55.700000	-18.440283939941359392	
55.900000	-18.434426239846992246	
56.100000	-18.428595213719511037	
56.300000	-18.422790617945768332	
56.500000	-18.417012452772024034	
56.700000	-18.411260933532080486	
56.900000	-18.405536386900379853	
57.100000	-18.399839156142434149	
57.300000	-18.394169514124723008	
57.500000	-18.388527578142269903	
57.700000	-18.382913308179126943	
57.900000	-18.377326629844002781	
58.100000	-18.371767434063240643	
58.300000	-18.366235367288282987	
58.500000	-18.360729825626417977	
58.700000	-18.355250192340001547	
58.900000	-18.349796117482210178	
59.100000	-18.344367725946263192	
59.300000	-18.338965652956158436	
59.500000	-18.333590692445632442	
59.700000	-18.328243440339608838	
59.900000	-18.322924048341103997	
60.100000	-18.317632237032533737	
60.300000	-18.312367311630961098	
60.500000	-18.307128316365471221	
60.700000	-18.301914391581867392	
60.900000	-18.296725098894889072	
61.100000	-18.291560569134944103	
61.300000	-18.286421438856056199	
61.500000	-18.281308607012192624	
61.700000	-18.276222893107451739	
61.900000	-18.271164740312013208	
62.100000	-18.266134131073510360	
62.300000	-18.261130638069612786	
62.500000	-18.256153561767959559	
62.700000	-18.251202154016933576	
62.900000	-18.246275838456949003	
63.100000	-18.241374330161676198	
63.300000	-18.236497614066262685	
63.500000	-18.231645850284856181	
63.700000	-18.226819272962504925	
63.900000	-18.222018104617138334	
64.100000	-18.217242506066412489	
64.300000	-18.212492564628938396	
64.500000	-18.207768300829709318	
64.700000	-18.203069678229187645	
64.900000	-18.198396623549410123	
65.100000	-18.193749048650357025	
65.300000	-18.189126813497544788	
65.500000	-18.184529689664337582	
65.700000	-18.179957390984874621	
65.900000	-18.175409652083185819	
66.100000	-18.170886301279036701	
66.300000	-18.166387289830574048	
66.500000	-18.161912677510407832	
66.700000	-18.157462585339644079	
66.900000	-18.153037131474029309	
67.100000	-18.148636388942104958	
67.300000	-18.144260374399003410	
67.500000	-18.139909034034676694	
67.700000	-18.135582226312340737	
67.900000	-18.131279734162287554	
68.100000	-18.127001315143470350	
68.300000	-18.122746763187141283	
68.500000	-18.118515955936583595	
68.700000	-18.114308875007193222	
68.900000	-18.110125569342933716	
69.100000	-18.105966080574781074	
69.300000	-18.101830393605656155	
69.500000	-18.097718433857018283	
69.700000	-18.093630097523046629	
69.900000	-18.089565281523729112	
70.100000	-18.085523891389875928	
70.300000	-18.081505838070697223	
70.500000	-18.077511036936083855	
70.700000	-18.073539410974170494	
70.900000	-18.069590895372090955	
71.100000	-18.065665437888668521	
71.300000	-18.061762987120502544	
71.500000	-18.057883477573462017	
71.700000	-18.054026823079269093	
71.900000	-18.050192920038643507	
72.100000	-18.046381657824504430	
72.300000	-18.042592931144849189	
72.500000	-18.038826649819068138	
72.700000	-18.035082742651130872	
72.900000	-18.031361154850824136	
73.100000	-18.027661842137725046	
73.300000	-18.023984760540184169	
73.500000	-18.020329852782566604	
73.700000	-18.016697042248015492	
73.900000	-18.013086233354190568	
74.100000	-18.009497314002036461	
74.300000	-18.005930164049857467	
74.500000	-18.002384670227808527	
74.700000	-17.998860740074576370	
74.900000	-17.995358306898303624	
75.100000	-17.991877323918401999	
75.300000	-17.988417751601819106	
75.500000	-17.984979543626856469	
75.700000	-17.981562636706055258	
75.900000	-17.978166947157134814	
76.100000	-17.974792373358514652	
76.300000	-17.971438802196896489	
76.500000	-17.968106126207189277	
76.700000	-17.964794271198226028	
76.900000	-17.961503181943729857	
77.100000	-17.958232794379888730	
77.300000	-17.954983023082846216	
77.500000	-17.951753759499975871	
77.700000	-17.948544877652555130	
77.900000	-17.945356247136615480	
78.100000	-17.942187748516545298	
78.300000	-17.939039284108041272	
78.500000	-17.935910779535706894	
78.700000	-17.932802178162301487	
78.900000	-17.929713433185177962	
79.100000	-17.926644501129693765	
79.300000	-17.923595336401714206	
79.500000	-17.920565887084880075	
79.700000	-17.917556091670697072	
79.900000	-17.914565876145445600	
80.100000	-17.911595152442451706	
80.300000	-17.908643820152008175	
80.500000	-17.905711770646679071	
80.700000	-17.902798891801865011	
80.900000	-17.899905072770959436	
81.100000	-17.897030208268613904	
81.300000	-17.894174201825922665	
81.500000	-17.891336967088538046	
81.700000	-17.888518426660247940	
81.900000	-17.885718509964842582	
82.100000	-17.882937151141909737	
82.300000	-17.880174285037497839	
82.500000	-17.877429840531181782	
82.700000	-17.874703734497632723	
82.900000	-17.871995871969971859	
83.100000	-17.869306152440064039	
83.300000	-17.866634478590725621	
83.500000	-17.863980762426432847	
83.700000	-17.861344927038192765	
83.900000	-17.858726903764015503	
84.100000	-17.856126624131135827	
84.300000	-17.853544010693546795	
84.500000	-17.850978973562661167	
84.700000	-17.848431413631491438	
84.900000	-17.845901229329037108	
85.100000	-17.843388322961779124	
85.300000	-17.840892604453163273	
85.500000	-17.838413991810138981	
85.700000	-17.835952409586187883	
85.900000	-17.833507786495033542	
86.100000	-17.831080052568950123	
86.300000	-17.828669136107361481	
86.500000	-17.826274961047506196	
86.700000	-17.823897445329144773	
86.900000	-17.821536500829850524	
87.100000	-17.819192034531479152	
87.300000	-17.816863951108242503	
87.500000	-17.814552156403937744	
87.700000	-17.812256560120495408	
87.900000	-17.809977076900096904	
88.100000	-17.807713625982938055	
88.300000	-17.805466130318755802	
88.500000	-17.803234515373681290	
88.700000	-17.801018707319702372	
88.900000	-17.798818631148641600	
89.100000	-17.796634209031324758	
89.300000	-17.794465359696172158	
89.500000	-17.792311998562663433	
89.700000	-17.790174038925904654	
89.900000	-17.788051393362621866	
90.100000	-17.785943975414397755	
90.300000	-17.783851700698509291	
90.500000	-17.781774487182310907	
90.700000	-17.779712254652970671	
90.900000	-17.777664923559228782	
91.100000	-17.775632414315111873	
91.300000	-17.773614647194001748	
91.500000	-17.771611542763736225	
91.700000	-17.769623022395570899	
91.900000	-17.767649008207531125	
92.100000	-17.765689422652410911	
92.300000	-17.763744187753498949	
92.500000	-17.761813224374762399	
92.700000	-17.759896451864268130	
92.900000	-17.757993788394589529	
93.100000	-17.756105151548972287	
93.300000	-17.754230459235937900	
93.500000	-17.752369630595914884	
93.700000	-17.750522586419830162	
93.900000	-17.748689249252734612	
94.100000	-17.746869543033930938	
94.300000	-17.745063392442816053	
94.500000	-17.743270722076303514	
94.700000	-17.741491456058732012	
94.900000	-17.739725517614481021	
95.100000	-17.737972829272052877	
95.300000	-17.736233313034080794	
95.500000	-17.734506890437611304	
95.700000	-17.732793482684026998	
95.900000	-17.731093010984370295	
96.100000	-17.729405397323343863	
96.300000	-17.727730565206805124	
96.500000	-17.726068439985084524	
96.700000	-17.724418948697795884	
96.900000	-17.722782019279097909	
97.100000	-17.721157579292817985	
97.300000	-17.719545554953764821	
97.500000	-17.717945870719223223	
97.700000	-17.716358449652869211	
97.900000	-17.714783214176385684	
98.100000	-17.713220087282007142	
98.300000	-17.711668993350940582	
98.500000	-17.710129858597824182	
98.700000	-17.708602610982374870	
98.900000	-17.707087179510342168	
99.100000	-17.705583493507074166	
99.300000	-17.704091482005456015	
99.500000	-17.702611073363051730	
99.700000	-17.701142195181088113	
99.900000	-17.699684774533906761	
100.100000	-17.831040521438122681	
100.300000	-19.644787126667946353	
100.500000	-23.287473498764271085	
100.700000	-27.712489362922745784	
100.900000	-32.367164347210092501	
101.100000	-36.827394813395628148	
101.300000	-40.578988129016941855	
101.500000	-43.537449101643730387	
101.700000	-45.943545664171722365	
101.900000	-48.024848020718792441	
102.100000	-49.921566389236886607	
102.300000	-51.669094132654976192	
102.500000	-53.245230186329585820	
102.700000	-54.645600583619795998	
102.900000	-55.894101423928638894	
117.840000	-56.947207503702365727	
118.040000	-54.794605631344822427	
118.240000	-52.852514803677415500	
118.440000	-50.908623894645472774	
118.640000	-48.993599468673572517	
118.840000	-46.822788390150101634	
119.040000	-43.612257712746504978	
119.240000	-34.537257171831541314	
119.440000	8.992472186531990985	
119.640000	17.390415877417968460	
119.840000	17.571567109040351795	
120.040000	10.901824234319116513	
120.240000	0.388864771823510369	
120.440000	-9.779416324030210106	
120.640000	-17.790219554479303810	
120.840000	-26.556683403829264734	
121.040000	-36.513933891923556985	
121.240000	-46.676732924651119561	
121.440000	-52.348625586499736073	
121.640000	-55.857006985160907675	
141.640000	-67.328686895154191916	
143.940000	-56.929608253051910083	
144.140000	-56.366403124654453904	
144.340000	-55.998850459966625692	
144.540000	-55.715724554815260205	
144.740000	-55.553943966087793171	
144.940000	-55.515084979983861047	
145.140000	-55.566496979770747089	
145.340000	-55.672516965843293235	
145.540000	-55.815650779168144879	
145.740000	-55.993159230098029866	
145.940000	-56.209738322127691390	
146.140000	-56.474949493022187141	
146.340000	-56.805640479682708133	
153.600000	-56.928340571364202560	
153.800000	-56.181236493187668657	
154.000000	-55.705003449854302744	
154.200000	-55.301117314172337558	
154.400000	-54.981980379943735215	
154.600000	-54.760746747990062033	
154.800000	-54.644232185981998384	
155.000000	-54.628720928704240123	
155.200000	-54.696856262807450832	
155.400000	-54.825809117325171371	
155.600000	-54.999838961323277431	
155.800000	-55.214466378324701168	
156.000000	-55.474423922625689443	
156.200000	-55.793082159973458545	
156.400000	-56.196547577005176777	
156.600000	-56.738735927657401703	
162.580000	-56.869258328852382078	
162.780000	-55.911173196679271769	
162.980000	-55.327442507358448154	
163.180000	-54.822958202863162569	
163.380000	-54.375019974656332522	
163.580000	-53.972284470095175379	
163.780000	-53.597619595680292548	
163.980000	-53.225536361625984227	
164.180000	-52.812762302316173191	
164.380000	-52.276339355659430908	
164.580000	-51.479842893010122395	
164.780000	-50.375010753348078651	
164.980000	-49.186112838842014128	
165.180000	-48.059281605837270490	
165.380000	-46.924556138337273126	
165.580000	-45.617298083937370734	
165.780000	-43.762998129044134998	
165.980000	-39.822626806917220676	
166.180000	-18.262065371639625511	
166.380000	9.280266576349641028	
166.580000	8.773227641947478617	
166.780000	4.534255860184240206	
166.980000	-2.613606247561436557	
167.180000	-9.554441251407224556	
167.380000	-16.249362504341188895	
167.580000	-23.590993467747853884	
167.780000	-31.096312631666240378	
167.980000	-41.481680800590481795	
168.180000	-49.771850920397682216	
168.380000	-54.135750415517833289	
168.580000	-56.949991310516608678	
183.680000	-56.967882250894909646	
183.880000	-56.457738696572768333	
184.080000	-56.121989389179674390	
184.280000	-55.880140676468037952	
184.480000	-55.713314621648578395	
184.680000	-55.609524809970075410	
184.880000	-55.560111853656486858	
185.080000	-55.558659312879122183	
185.280000	-55.600372453943897710	
185.480000	-55.682302999822404388	
185.680000	-55.803548372239291098	
185.880000	-55.965309062079633406	
186.080000	-56.171716265362263698	
186.280000	-56.431448142150600233	
186.480000	-56.761205199788186349	
191.840000	-56.948386685385116834	
192.040000	-55.981427200177435566	
192.240000	-55.392230980222294079	
192.440000	-54.932571269518611246	
192.640000	-54.571332101531403680	
192.840000	-54.294043323146226498	
193.040000	-54.090445171128983759	
193.240000	-53.953135584563035820	
193.440000	-53.876099618177576644	
193.640000	-53.854008528958949853	
193.840000	-53.882296860234632163	
194.040000	-53.958177019926601758	
194.240000	-54.081218453697552206	
194.440000	-54.253226905974294425	
194.640000	-54.478854805658272653	
194.840000	-54.765120262108403892	
195.040000	-55.124516627739254204	
195.240000	-55.580590837730603937	
195.440000	-56.180904866719536983	
199.920000	-56.911059237971080904	
200.120000	-55.504465545150452499	
200.320000	-54.706015172059444751	
200.520000	-54.076201938510777723	
200.720000	-53.520064362892007637	
200.920000	-52.988679375589811116	
201.120000	-52.415492068139201365	
201.320000	-51.667093096397515239	
201.520000	-50.541410232549132786	
201.720000	-49.096943801080747960	
201.920000	-47.633789211884725034	
202.120000	-46.087593028334602252	
202.320000	-44.043165108445165856	
202.520000	-39.917924471560795041	
202.720000	-17.758914381522071579	
202.920000	9.390828074745311227	
203.120000	8.619805415596738740	
203.320000	4.283262871756971180	
203.520000	-2.789281593801928860	
203.720000	-9.565461230332333642	
203.920000	-16.170155304906856486	
204.120000	-23.379057671079991110	
204.320000	-30.693743201264620524	
204.520000	-40.838734484265671654	
204.720000	-49.253774053069534489	
204.920000	-53.553375100821767774	
205.120000	-56.095003598557248381	
210.880000	-56.983294480501946566	
211.080000	-56.821363177509560671	
211.280000	-56.725475902728071276	
211.480000	-56.684989063408416143	
211.680000	-56.690646747990768972	
211.880000	-56.735661572908902883	
212.080000	-56.815240848402844165	
212.280000	-56.925796815970443276	
218.980000	-56.988732293193443468	
219.180000	-56.468864432732701175	
219.380000	-56.096229250237996666	
219.580000	-55.822702729094949348	
219.780000	-55.633007437509888859	
219.980000	-55.513672300977326302	
220.180000	-55.474815444853732060	
220.380000	-55.513150588968692034	
220.580000	-55.598700993245216750	
220.780000	-55.719372554531091168	
220.980000	-55.871756381346045828	
221.180000	-56.056175905391391723	
221.380000	-56.275123093502699589	
221.580000	-56.533621754836545392	
221.780000	-56.840278035668212908	
227.200000	-56.935509055618844343	
227.400000	-56.214496022967892941	
227.600000	-55.713105178940452333	
227.800000	-55.332186680107234622	
228.000000	-55.048534663703826197	
228.200000	-54.848646580598909850	
228.400000	-54.722437508943393425	
228.600000	-54.661825583570760045	
228.800000	-54.660174704972185111	
229.000000	-54.712110544632409415	
229.200000	-54.813608916762206036	
229.400000	-54.962074127025353221	
229.600000	-55.156196638943264077	
229.800000	-55.396408030430727365	
230.000000	-55.685537918467034046	
230.200000	-56.051485529510834738	
230.400000	-56.502406138627534915	
235.480000	-56.957076178541733213	
235.680000	-56.183084902060393517	
235.880000	-55.647285448245114026	
236.080000	-55.238203435922471840	
236.280000	-54.931730757595673253	
236.480000	-54.715306704251290171	
236.680000	-54.579989975594813245	
236.880000	-54.518541246978507786	
237.080000	-54.524411650300038445	
237.280000	-54.591302365575998579	
237.480000	-54.713399549782401721	
237.680000	-54.885838601845087226	
237.880000	-55.105163469848129409	
238.080000	-55.369705179876170575	
238.280000	-55.680198005594704114	
238.480000	-56.040439250879053645	
238.680000	-56.460927169799120406	
238.880000	-56.964348854100428809	
243.900000	-56.979325813092529529	
244.100000	-56.327171776522177993	
244.300000	-55.861446995070046739	
244.500000	-55.515498236844777580	
244.700000	-55.269915458707444600	
244.900000	-55.112584133341755432	
245.100000	-55.033967703991137910	
245.300000	-55.025705804901370755	
245.500000	-55.080075911025282664	
245.700000	-55.190067737949703996	
245.900000	-55.349782430185605619	
246.100000	-55.554910635669877195	
246.300000	-55.803123165989596544	
246.500000	-56.094111162107616053	
246.700000	-56.430782296895564798	
246.900000	-56.820383547513976907	
252.620000	-56.978791760606817718	
252.820000	-56.564238788219547871	
253.020000	-56.268677586127502366	
253.220000	-56.070978730027789538	
253.420000	-55.957500209676830139	
253.620000	-55.917202927266870915	
253.820000	-55.940717247788612099	
254.020000	-56.020200362999304389	
254.220000	-56.149258069680811900	
254.420000	-56.323160374665334871	
254.620000	-56.538916576426537119	
254.820000	-56.795836271566180642	
274.820000	-66.522608795870553422	
294.820000	-69.801540464978486966	
314.820000	-78.799613459090537049	
334.820000	-89.259269127471029037	
