0.000000	-65.999999999999758415	
20.000000	-65.997020278414268546	
40.000000	-65.996706385792748506	
60.000000	-65.996512767615953976	
80.000000	-65.996394290884225597	
100.000000	-65.996321105967155063	
120.000000	-66.060014154900784433	
140.000000	-66.033995424079606096	
160.000000	-65.995093349006339167	
180.000000	-65.961723810206919438	
200.000000	-65.938532398265067513	
220.000000	-65.924136740522726541	
240.000000	-65.915581433083929142	
260.000000	-65.910606929484032435	
280.000000	-65.907764594614860698	
300.000000	-65.906177210143255252	
320.000000	-65.905182932685107744	
340.000000	-65.903711760243552931	
360.000000	-65.904122604838462962	
380.000000	-65.904844441781349929	
400.000000	-65.905466558966708135	
420.000000	-65.905932522474330426	
440.000000	-65.906271693941036460	
460.000000	-65.906522231834998138	
480.000000	-65.906713593244646177	
500.000000	-65.906865559001246879	
520.000000	-65.897910736865881631	
540.000000	-65.897554029544025411	
560.000000	-65.901606314062632919	
580.000000	-65.907733005996846032	
600.000000	-65.914655293606870146	
620.000000	-65.921684263006397941	
640.000000	-65.928460896057643481	
660.000000	-65.934810965576133412	
680.000000	-65.940663260119563915	
700.000000	-65.946003098847270962	
720.000000	-65.950845800015329701	
740.000000	-65.955221565299339659	
760.000000	-65.959166944048021719	
780.000000	-65.962720101853406618	
800.000000	-65.965918286118167657	
820.000000	-65.968796553147527106	
840.000000	-65.971387211402273465	
860.000000	-65.973719663270514957	
880.000000	-65.975820461113471538	
900.000000	-65.977713471488584673	
920.000000	-65.979420087297214081	
940.000000	-65.980959454262716690	
960.000000	-65.982348693708829046	
980.000000	-65.983603112506912680	
1000.000000	-65.984736396155653892	
1020.000000	-65.985760783772136051	
1040.000000	-65.986687225280832081	
1060.000000	-65.987525521848297672	
1080.000000	-65.988284450959483252	
1100.000000	-65.988971877607156102	
1120.000000	-65.989594853051343648	
1140.000000	-65.990159702527151353	
1160.000000	-65.990672103127266723	
1180.000000	-65.991137152994483017	
1200.000000	-65.991559432832147536	
1220.000000	-65.991943060593911241	
1240.000000	-65.992291740156630908	
1260.000000	-65.992608804683371204	
1280.000000	-65.992897255221819819	
1300.000000	-65.993159795193179207	
1320.000000	-65.993398861071341344	
1340.000000	-65.993616649830542542	
1360.000000	-65.993815143437132065	
1380.000000	-65.993996130768479702	
1400.000000	-65.994161227190204499	
1420.000000	-65.994311892083445059	
1440.000000	-65.994449444532335747	
1460.000000	-65.994575077378499373	
1480.000000	-65.994689869813569771	
1500.000000	-65.994794798665267876	
1520.000000	-65.994890748528902691	
1540.000000	-65.994978520852697557	
1560.000000	-65.995058842094877605	
1580.000000	-65.995132371047787956	
1600.000000	-65.995199705427936010	
1620.000000	-65.995261387791558150	
1640.000000	-65.995317910857764332	
1660.000000	-65.995369722296956638	
1680.000000	-65.995417229041464680	
1700.000000	-65.995460801164213649	
1720.000000	-65.995500775379738911	
1740.000000	-65.995537458191705582	
1760.000000	-65.995571128736557398	
1780.000000	-65.995602041341385302	
1800.000000	-65.995630427840339394	
1820.000000	-65.995656499659375527	
1840.000000	-65.995680449705616866	
1860.000000	-65.995702454060023001	
1880.000000	-65.995722673530252678	
1900.000000	-65.995741255033664174	
1920.000000	-65.995758332859210782	
1940.000000	-65.995774029808231376	
1960.000000	-65.995788458226428475	
1980.000000	-65.995801720934878176	
2000.000000	-65.995813912085225184	
2020.000000	-65.995825117916808722	
2040.000000	-65.995835417465357864	
2060.000000	-65.995844883187643859	
2080.000000	-65.995853581542817778	
2100.000000	-65.995861573501031216	
2120.000000	-65.995868915031437041	
2140.000000	-65.995875657526326563	
2160.000000	-65.995881848193690189	
2180.000000	-65.995887530414591993	
2200.000000	-65.995892744065287161	
2220.000000	-65.995897525823494334	
2240.000000	-65.995901909417852949	
2260.000000	-65.995905925895030464	
2280.000000	-65.995909603829232992	
2300.000000	-65.995912969533705450	
2320.000000	-65.995916047246566905	
2340.000000	-65.995918859301312409	
2360.000000	-65.995921426280858668	
2380.000000	-65.995923767158387818	
2400.000000	-65.995925899435192719	
2420.000000	-65.995927839249986846	
2440.000000	-65.995929601495220140	
2460.000000	-65.995931199917251320	
2480.000000	-65.995932647205222565	
2500.000000	-65.995933955069162380	
