0.000000	0.000060000000	
20.000000	0.000060000126	
40.000000	0.000060000249	
60.000000	0.000060000360	
80.000000	0.000060000461	
100.000000	0.000060000554	
120.000000	0.000059996751	
140.000000	0.000059992900	
160.000000	0.000059989781	
180.000000	0.000059987416	
200.000000	0.000059985789	
220.000000	0.000059984855	
240.000000	0.000059984564	
260.000000	0.000059984869	
280.000000	0.000059985723	
300.000000	0.000059987085	
320.000000	0.000059988914	
340.000000	0.000059991190	
360.000000	0.000059993870	
380.000000	0.000059996906	
400.000000	0.000060000265	
420.000000	0.000060003916	
440.000000	0.000060007833	
460.000000	0.000060011993	
480.000000	0.000060016372	
500.000000	0.000060020951	
520.000000	0.000060025945	
540.000000	0.000060031386	
560.000000	0.000060037142	
580.000000	0.000060043080	
600.000000	0.000060049062	
620.000000	0.000060054959	
640.000000	0.000060060646	
660.000000	0.000060066013	
680.000000	0.000060070964	
700.000000	0.000060075417	
720.000000	0.000060079314	
740.000000	0.000060082610	
760.000000	0.000060085282	
780.000000	0.000060087323	
800.000000	0.000060088741	
820.000000	0.000060089556	
840.000000	0.000060089799	
860.000000	0.000060089509	
880.000000	0.000060088731	
900.000000	0.000060087514	
920.000000	0.000060085907	
940.000000	0.000060083962	
960.000000	0.000060081728	
980.000000	0.000060079254	
1000.000000	0.000060076586	
1020.000000	0.000060073765	
1040.000000	0.000060070832	
1060.000000	0.000060067823	
1080.000000	0.000060064770	
1100.000000	0.000060061702	
1120.000000	0.000060058645	
1140.000000	0.000060055620	
1160.000000	0.000060052647	
1180.000000	0.000060049742	
1200.000000	0.000060046918	
1220.000000	0.000060044186	
1240.000000	0.000060041554	
1260.000000	0.000060039029	
1280.000000	0.000060036615	
1300.000000	0.000060034316	
1320.000000	0.000060032133	
1340.000000	0.000060030066	
1360.000000	0.000060028115	
1380.000000	0.000060026278	
1400.000000	0.000060024552	
1420.000000	0.000060022935	
1440.000000	0.000060021423	
1460.000000	0.000060020011	
1480.000000	0.000060018697	
1500.000000	0.000060017475	
1520.000000	0.000060016341	
1540.000000	0.000060015290	
1560.000000	0.000060014317	
1580.000000	0.000060013419	
1600.000000	0.000060012591	
1620.000000	0.000060011827	
1640.000000	0.000060011124	
1660.000000	0.000060010478	
1680.000000	0.000060009885	
1700.000000	0.000060009341	
1720.000000	0.000060008842	
1740.000000	0.000060008385	
1760.000000	0.000060007966	
1780.000000	0.000060007583	
1800.000000	0.000060007233	
1820.000000	0.000060006913	
1840.000000	0.000060006621	
1860.000000	0.000060006354	
1880.000000	0.000060006109	
1900.000000	0.000060005886	
1920.000000	0.000060005682	
1940.000000	0.000060005496	
1960.000000	0.000060005325	
1980.000000	0.000060005169	
2000.000000	0.000060005026	
2020.000000	0.000060004895	
2040.000000	0.000060004774	
2060.000000	0.000060004663	
2080.000000	0.000060004561	
2100.000000	0.000060004467	
2120.000000	0.000060004380	
2140.000000	0.000060004300	
2160.000000	0.000060004225	
2180.000000	0.000060004156	
2200.000000	0.000060004091	
2220.000000	0.000060004031	
2240.000000	0.000060003974	
2260.000000	0.000060003920	
2280.000000	0.000060003870	
2300.000000	0.000060003823	
2320.000000	0.000060003778	
2340.000000	0.000060003735	
2360.000000	0.000060003694	
2380.000000	0.000060003655	
2400.000000	0.000060003618	
2420.000000	0.000060003582	
2440.000000	0.000060003547	
2460.000000	0.000060003514	
2480.000000	0.000060003482	
2500.000000	0.000060003450	
