0.000000	4.500000000000	
20.000000	4.500026241713	
40.000000	4.500059381192	
60.000000	4.500092689719	
80.000000	4.500126225904	
100.000000	4.500159961848	
120.000000	4.518206965605	
140.000000	4.550118164422	
160.000000	4.589266339643	
180.000000	4.632528864133	
200.000000	4.677836488678	
220.000000	4.724354999282	
240.000000	4.771686346846	
260.000000	4.819593931167	
280.000000	4.867910370154	
300.000000	4.916504259706	
320.000000	4.965266720839	
340.000000	5.013717474343	
360.000000	5.061898206388	
380.000000	5.109897260006	
400.000000	5.157718405557	
420.000000	5.205334920099	
440.000000	5.252711535266	
460.000000	5.299812699728	
480.000000	5.346605412608	
500.000000	5.393059997489	
520.000000	5.436308977151	
540.000000	5.475366748181	
560.000000	5.510453153494	
580.000000	5.541840012058	
600.000000	5.569803285877	
620.000000	5.594608391216	
640.000000	5.616505762045	
660.000000	5.635729763645	
680.000000	5.652498781513	
700.000000	5.667015739009	
720.000000	5.679468769720	
740.000000	5.690031940389	
760.000000	5.698865986180	
780.000000	5.706119045790	
800.000000	5.711927393006	
820.000000	5.716416163683	
840.000000	5.719700076545	
860.000000	5.721884145022	
880.000000	5.723064375652	
900.000000	5.723328448943	
920.000000	5.722756378424	
940.000000	5.721421134226	
960.000000	5.719389241916	
980.000000	5.716721345084	
1000.000000	5.713472730096	
1020.000000	5.709693812698	
1040.000000	5.705430586119	
1060.000000	5.700725031402	
1080.000000	5.695615492187	
1100.000000	5.690137014677	
1120.000000	5.684321655283	
1140.000000	5.678198758828	
1160.000000	5.671795209679	
1180.000000	5.665135658306	
1200.000000	5.658242725705	
1220.000000	5.651137187952	
1240.000000	5.643838142962	
1260.000000	5.636363161349	
1280.000000	5.628728423018	
1300.000000	5.620948840982	
1320.000000	5.613038173662	
1340.000000	5.605009126823	
1360.000000	5.596873446094	
1380.000000	5.588642000988	
1400.000000	5.580324861172	
1420.000000	5.571931365690	
1440.000000	5.563470185788	
1460.000000	5.554949381893	
1480.000000	5.546376455289	
1500.000000	5.537758394966	
1520.000000	5.529101720084	
1540.000000	5.520412518456	
1560.000000	5.511696481423	
1580.000000	5.502958935471	
1600.000000	5.494204870873	
1620.000000	5.485438967678	
1640.000000	5.476665619271	
1660.000000	5.467888953755	
1680.000000	5.459112853368	
1700.000000	5.450340972119	
1720.000000	5.441576751824	
1740.000000	5.432823436702	
1760.000000	5.424084086657	
1780.000000	5.415361589401	
1800.000000	5.406658671505	
1820.000000	5.397977908504	
1840.000000	5.389321734141	
1860.000000	5.380692448833	
1880.000000	5.372092227437	
1900.000000	5.363523126388	
1920.000000	5.354987090267	
1940.000000	5.346485957851	
1960.000000	5.338021467702	
1980.000000	5.329595263338	
2000.000000	5.321208898022	
2020.000000	5.312863839203	
2040.000000	5.304561472659	
2060.000000	5.296303106341	
2080.000000	5.288089973978	
2100.000000	5.279923238438	
2120.000000	5.271803994880	
2140.000000	5.263733273719	
2160.000000	5.255712043407	
2180.000000	5.247741213064	
2200.000000	5.239821634949	
2220.000000	5.231954106811	
2240.000000	5.224139374107	
2260.000000	5.216378132112	
2280.000000	5.208671027916	
2300.000000	5.201018662341	
2320.000000	5.193421591747	
2340.000000	5.185880329779	
2360.000000	5.178395349013	
2380.000000	5.170967082554	
2400.000000	5.163595925547	
2420.000000	5.156282236641	
2440.000000	5.149026339383	
2460.000000	5.141828523565	
2480.000000	5.134689046519	
2500.000000	5.127608134356	
