0.000000	-90.306307519297	
20.000000	-90.306119506225	
40.000000	-90.305881773107	
60.000000	-90.305642830237	
80.000000	-90.305402255149	
100.000000	-90.305160247973	
120.000000	-90.176065742062	
140.000000	-89.948566710540	
160.000000	-89.671107180415	
180.000000	-89.366590593041	
200.000000	-89.050017859075	
220.000000	-88.727431992351	
240.000000	-88.401704754086	
260.000000	-88.074522401964	
280.000000	-87.747052461667	
300.000000	-87.420185789353	
320.000000	-87.094636282382	
340.000000	-86.773546404771	
360.000000	-86.456553493642	
380.000000	-86.142995930524	
400.000000	-85.832778509320	
420.000000	-85.526005134290	
440.000000	-85.222831970264	
460.000000	-84.923413408942	
480.000000	-84.627884407813	
500.000000	-84.336356401288	
520.000000	-84.066570239149	
540.000000	-83.824277918612	
560.000000	-83.607702089782	
580.000000	-83.414822143335	
600.000000	-83.243662159329	
620.000000	-83.092370255368	
640.000000	-82.959235311979	
660.000000	-82.842684553545	
680.000000	-82.741275399608	
700.000000	-82.653685999690	
720.000000	-82.578705932120	
740.000000	-82.515227521839	
760.000000	-82.462237854967	
780.000000	-82.418811435868	
800.000000	-82.384103398532	
820.000000	-82.357343187835	
840.000000	-82.337828644401	
860.000000	-82.324920446220	
880.000000	-82.318036880623	
900.000000	-82.316648926626	
920.000000	-82.320275635808	
940.000000	-82.328479862640	
960.000000	-82.340864254091	
980.000000	-82.357067546025	
1000.000000	-82.376761158448	
1020.000000	-82.399646077079	
1040.000000	-82.425450011732	
1060.000000	-82.453924817713	
1080.000000	-82.484844159246	
1100.000000	-82.518001404497	
1120.000000	-82.553207732349	
1140.000000	-82.590290429816	
1160.000000	-82.629091362737	
1180.000000	-82.669465602311	
1200.000000	-82.711280190960	
1220.000000	-82.754413032330	
1240.000000	-82.798751891710	
1260.000000	-82.844193494653	
1280.000000	-82.890642713069	
1300.000000	-82.938011829380	
1320.000000	-82.986219870584	
1340.000000	-83.035192005126	
1360.000000	-83.084858996348	
1380.000000	-83.135156707092	
1400.000000	-83.186025650625	
1420.000000	-83.237410583580	
1440.000000	-83.289260137054	
1460.000000	-83.341526482363	
1480.000000	-83.394165028267	
1500.000000	-83.447134146776	
1520.000000	-83.500394924870	
1540.000000	-83.553910939729	
1560.000000	-83.607648055237	
1580.000000	-83.661574237755	
1600.000000	-83.715659389305	
1620.000000	-83.769875196502	
1640.000000	-83.824194993692	
1660.000000	-83.878593638921	
1680.000000	-83.933047401484	
1700.000000	-83.987533859901	
1720.000000	-84.042031809316	
1740.000000	-84.096521177368	
1760.000000	-84.150982947719	
1780.000000	-84.205399090455	
1800.000000	-84.259752498712	
1820.000000	-84.314026930882	
1840.000000	-84.368206957860	
1860.000000	-84.422277914843	
1880.000000	-84.476225857204	
1900.000000	-84.530037520068	
1920.000000	-84.583700281208	
1940.000000	-84.637202126937	
1960.000000	-84.690531620708	
1980.000000	-84.743677874153	
2000.000000	-84.796630520324	
2020.000000	-84.849379688923	
2040.000000	-84.901915983333	
2060.000000	-84.954230459267	
2080.000000	-85.006314604901	
2100.000000	-85.058160322322	
2120.000000	-85.109759910204	
2140.000000	-85.161106047563	
2160.000000	-85.212191778515	
2180.000000	-85.263010497942	
2200.000000	-85.313555937976	
2220.000000	-85.363822155243	
2240.000000	-85.413803518789	
2260.000000	-85.463494698632	
2280.000000	-85.512890654901	
2300.000000	-85.561986627493	
2320.000000	-85.610778126219	
2340.000000	-85.659260921405	
2360.000000	-85.707431034897	
2380.000000	-85.755284731456	
2400.000000	-85.802818510508	
2420.000000	-85.850029098220	
2440.000000	-85.896913439892	
2460.000000	-85.943468692625	
2480.000000	-85.989692218269	
2500.000000	-86.035581576617	
