0.000000	-74.948881518753	
20.000000	-74.948731108296	
40.000000	-74.948540921801	
60.000000	-74.948349767505	
80.000000	-74.948157307435	
100.000000	-74.947963701694	
120.000000	-74.844688096965	
140.000000	-74.662688871748	
160.000000	-74.440721247648	
180.000000	-74.197107977748	
200.000000	-73.943849790576	
220.000000	-73.685781097197	
240.000000	-73.425199306585	
260.000000	-73.163453424887	
280.000000	-72.901477472649	
300.000000	-72.639984134798	
320.000000	-72.379544529221	
340.000000	-72.122672627133	
360.000000	-71.869078298229	
380.000000	-71.618232247735	
400.000000	-71.370058310772	
420.000000	-71.124639610748	
440.000000	-70.882101079527	
460.000000	-70.642566230469	
480.000000	-70.406143029566	
500.000000	-70.172920624346	
520.000000	-69.957091694635	
540.000000	-69.763257838205	
560.000000	-69.589997175141	
580.000000	-69.435693217984	
600.000000	-69.298765230779	
620.000000	-69.177731707610	
640.000000	-69.071223752899	
660.000000	-68.977983146152	
680.000000	-68.896855823002	
700.000000	-68.826784303068	
720.000000	-68.766800249011	
740.000000	-68.716017520787	
760.000000	-68.673625787290	
780.000000	-68.638884652010	
800.000000	-68.611118222142	
820.000000	-68.589710053583	
840.000000	-68.574098418837	
860.000000	-68.563771860292	
880.000000	-68.558265007814	
900.000000	-68.557154644617	
920.000000	-68.560056011962	
940.000000	-68.566619393428	
960.000000	-68.576526906589	
980.000000	-68.589489540136	
1000.000000	-68.605244430074	
1020.000000	-68.623552364979	
1040.000000	-68.644195512701	
1060.000000	-68.666975357486	
1080.000000	-68.691710830713	
1100.000000	-68.718236626913	
1120.000000	-68.746401689195	
1140.000000	-68.776067847169	
1160.000000	-68.807108593506	
1180.000000	-68.839407985164	
1200.000000	-68.872859656084	
1220.000000	-68.907365929180	
1240.000000	-68.942837016683	
1260.000000	-68.979190299038	
1280.000000	-69.016349673771	
1300.000000	-69.054244966819	
1320.000000	-69.092811399783	
1340.000000	-69.131989107417	
1360.000000	-69.171722700394	
1380.000000	-69.211960868989	
1400.000000	-69.252656023815	
1420.000000	-69.293763970179	
1440.000000	-69.335243612959	
1460.000000	-69.377056689206	
1480.000000	-69.419167525930	
1500.000000	-69.461542820736	
1520.000000	-69.504151443212	
1540.000000	-69.546964255099	
1560.000000	-69.589953947506	
1580.000000	-69.633094893520	
1600.000000	-69.676363014760	
1620.000000	-69.719735660517	
1640.000000	-69.763191498269	
1660.000000	-69.806710414453	
1680.000000	-69.850273424503	
1700.000000	-69.893862591237	
1720.000000	-69.937460950768	
1740.000000	-69.981052445210	
1760.000000	-70.024621861491	
1780.000000	-70.068154775680	
1800.000000	-70.111637502286	
1820.000000	-70.155057048021	
1840.000000	-70.198401069604	
1860.000000	-70.241657835190	
1880.000000	-70.284816189079	
1900.000000	-70.327865519370	
1920.000000	-70.370795728282	
1940.000000	-70.413597204865	
1960.000000	-70.456260799882	
1980.000000	-70.498777802638	
2000.000000	-70.541139919575	
2020.000000	-70.583339254454	
2040.000000	-70.625368289982	
2060.000000	-70.667219870730	
2080.000000	-70.708887187236	
2100.000000	-70.750363761173	
2120.000000	-70.791643431479	
2140.000000	-70.832720341366	
2160.000000	-70.873588926128	
2180.000000	-70.914243901669	
2200.000000	-70.954680253697	
2220.000000	-70.994893227510	
2240.000000	-71.034878318347	
2260.000000	-71.074631262221	
2280.000000	-71.114148027236	
2300.000000	-71.153424805310	
2320.000000	-71.192458004291	
2340.000000	-71.231244240440	
2360.000000	-71.269780331233	
2380.000000	-71.308063288480	
2400.000000	-71.346090311722	
2420.000000	-71.383858781892	
2440.000000	-71.421366255230	
2460.000000	-71.458610457416	
2480.000000	-71.495589277931	
2500.000000	-71.532300764609	
