0.000000	0.000000000000	
20.000000	0.000000000000	
40.000000	0.000000000000	
60.000000	0.000000000000	
80.000000	0.000000000000	
100.000000	0.000000000000	
120.000000	0.041010012023	
140.000000	0.060001883056	
160.000000	0.069649979509	
180.000000	0.074652642562	
200.000000	0.077374854000	
220.000000	0.079231972573	
240.000000	0.080666285652	
260.000000	0.081833024266	
280.000000	0.082799555775	
300.000000	0.083603648499	
320.000000	0.084231613407	
340.000000	0.083876623115	
360.000000	0.083976684337	
380.000000	0.084200094913	
400.000000	0.084425475720	
420.000000	0.084614192421	
440.000000	0.084756943654	
460.000000	0.084854349625	
480.000000	0.084910068705	
500.000000	0.084928417510	
520.000000	0.077508847757	
540.000000	0.070551290079	
560.000000	0.064100157784	
580.000000	0.058146043912	
600.000000	0.052667751137	
620.000000	0.047640652646	
640.000000	0.043038928025	
660.000000	0.038836447146	
680.000000	0.035007226973	
700.000000	0.031525704767	
720.000000	0.028366922817	
740.000000	0.025506669903	
760.000000	0.022921600700	
780.000000	0.020589340016	
800.000000	0.018488572168	
820.000000	0.016599113529	
840.000000	0.014901965874	
860.000000	0.013379349242	
880.000000	0.012014714190	
900.000000	0.010792734347	
920.000000	0.009699285053	
940.000000	0.008721403518	
960.000000	0.007847240928	
980.000000	0.007066005748	
1000.000000	0.006367901942	
1020.000000	0.005744064138	
1040.000000	0.005186491370	
1060.000000	0.004687981811	
1080.000000	0.004242068935	
1100.000000	0.003842959088	
1120.000000	0.003485472923	
1140.000000	0.003164989682	
1160.000000	0.002877394805	
1180.000000	0.002619030924	
1200.000000	0.002386652273	
1220.000000	0.002177382446	
1240.000000	0.001988675444	
1260.000000	0.001818279917	
1280.000000	0.001664206489	
1300.000000	0.001524698059	
1320.000000	0.001398202937	
1340.000000	0.001283350665	
1360.000000	0.001178930367	
1380.000000	0.001083871456	
1400.000000	0.000997226518	
1420.000000	0.000918156190	
1440.000000	0.000845915847	
1460.000000	0.000779843925	
1480.000000	0.000719351699	
1500.000000	0.000663914360	
1520.000000	0.000613063239	
1540.000000	0.000566379027	
1560.000000	0.000523485890	
1580.000000	0.000484046335	
1600.000000	0.000447756751	
1620.000000	0.000414343522	
1640.000000	0.000383559644	
1660.000000	0.000355181763	
1680.000000	0.000329007598	
1700.000000	0.000304853675	
1720.000000	0.000282553342	
1740.000000	0.000261955026	
1760.000000	0.000242920691	
1780.000000	0.000225324486	
1800.000000	0.000209051535	
1820.000000	0.000193996878	
1840.000000	0.000180064516	
1860.000000	0.000167166571	
1880.000000	0.000155222525	
1900.000000	0.000144158551	
1920.000000	0.000133906901	
1940.000000	0.000124405366	
1960.000000	0.000115596783	
1980.000000	0.000107428593	
2000.000000	0.000099852442	
2020.000000	0.000092823822	
2040.000000	0.000086301741	
2060.000000	0.000080248427	
2080.000000	0.000074629061	
2100.000000	0.000069411527	
2120.000000	0.000064566193	
2140.000000	0.000060065707	
2160.000000	0.000055884812	
2180.000000	0.000052000175	
2200.000000	0.000048390233	
2220.000000	0.000045035053	
2240.000000	0.000041916203	
2260.000000	0.000039016630	
2280.000000	0.000036320556	
2300.000000	0.000033813377	
2320.000000	0.000031481570	
2340.000000	0.000029312611	
2360.000000	0.000027294898	
2380.000000	0.000025417681	
2400.000000	0.000023670994	
2420.000000	0.000022045598	
2440.000000	0.000020532928	
2460.000000	0.000019125036	
2480.000000	0.000017814551	
2500.000000	0.000016594631	
