0.000000	0.000000000000000	
20.000000	0.000000000000000	
40.000000	0.000000000000000	
60.000000	0.000000000000000	
80.000000	0.000000000000000	
100.000000	0.000000000000000	
120.000000	0.007067800889433	
140.000000	0.012249567836375	
160.000000	0.016949061605566	
180.000000	0.020844202069241	
200.000000	0.023979514430266	
220.000000	0.026588367029651	
240.000000	0.028807611854890	
260.000000	0.030719603522160	
280.000000	0.032378852913912	
300.000000	0.033824895960331	
320.000000	0.035071778601856	
340.000000	0.035860817121229	
360.000000	0.036675731616512	
380.000000	0.037438774307833	
400.000000	0.038124801173630	
420.000000	0.038730715128880	
440.000000	0.039261052164272	
460.000000	0.039722496523742	
480.000000	0.040121918862143	
500.000000	0.040465736935529	
520.000000	0.037751499141935	
540.000000	0.034963177650746	
560.000000	0.032189558401399	
580.000000	0.029482001166875	
600.000000	0.026874932934086	
620.000000	0.024392103635134	
640.000000	0.022049480389489	
660.000000	0.019857031685863	
680.000000	0.017819981292390	
700.000000	0.015939756561646	
720.000000	0.014214748042539	
740.000000	0.012640945888032	
760.000000	0.011212488982968	
780.000000	0.009922143690641	
800.000000	0.008761719744618	
820.000000	0.007722426827348	
840.000000	0.006795174091715	
860.000000	0.005970815393294	
880.000000	0.005240343879776	
900.000000	0.004595040323684	
920.000000	0.004026585199343	
940.000000	0.003527131218383	
960.000000	0.003089351447330	
980.000000	0.002706463845027	
1000.000000	0.002372238445398	
1020.000000	0.002080991054205	
1040.000000	0.001827566697723	
1060.000000	0.001607316829308	
1080.000000	0.001416071769807	
1100.000000	0.001250109095588	
1120.000000	0.001106121750117	
1140.000000	0.000981185187610	
1160.000000	0.000872724665453	
1180.000000	0.000778483237669	
1200.000000	0.000696490856411	
1220.000000	0.000625034878465	
1240.000000	0.000562632198203	
1260.000000	0.000508003168630	
1280.000000	0.000460047421587	
1300.000000	0.000417821652622	
1320.000000	0.000380519393726	
1340.000000	0.000347452757982	
1360.000000	0.000318036104945	
1380.000000	0.000291771545274	
1400.000000	0.000268236178819	
1420.000000	0.000247070942353	
1440.000000	0.000227970931615	
1460.000000	0.000210677056668	
1480.000000	0.000194968889220	
1500.000000	0.000180658564296	
1520.000000	0.000167585605707	
1540.000000	0.000155612553962	
1560.000000	0.000144621285842	
1580.000000	0.000134509926053	
1600.000000	0.000125190262582	
1620.000000	0.000116585588260	
1640.000000	0.000108628901219	
1660.000000	0.000101261406286	
1680.000000	0.000094431267804	
1700.000000	0.000088092571849	
1720.000000	0.000082204462373	
1740.000000	0.000076730421507	
1760.000000	0.000071637669121	
1780.000000	0.000066896660938	
1800.000000	0.000062480668003	
1820.000000	0.000058365423286	
1840.000000	0.000054528823684	
1860.000000	0.000050950677764	
1880.000000	0.000047612491305	
1900.000000	0.000044497284114	
1920.000000	0.000041589432776	
1940.000000	0.000038874534961	
1960.000000	0.000036339291690	
1980.000000	0.000033971404636	
2000.000000	0.000031759486032	
2020.000000	0.000029692979223	
2040.000000	0.000027762088231	
2060.000000	0.000025957715002	
2080.000000	0.000024271403216	
2100.000000	0.000022695287774	
2120.000000	0.000021222049171	
2140.000000	0.000019844872159	
2160.000000	0.000018557408134	
2180.000000	0.000017353740837	
2200.000000	0.000016228354968	
2220.000000	0.000015176107407	
2240.000000	0.000014192200763	
2260.000000	0.000013272159015	
2280.000000	0.000012411805049	
2300.000000	0.000011607239907	
2320.000000	0.000010854823586	
2340.000000	0.000010151157274	
2360.000000	0.000009493066872	
2380.000000	0.000008877587714	
2400.000000	0.000008301950386	
2420.000000	0.000007763567541	
2440.000000	0.000007260021659	
2460.000000	0.000006789053655	
2480.000000	0.000006348552282	
2500.000000	0.000005936544270	
