0.000000	0.644166906841	
20.000000	0.356229135984	
40.000000	0.355068873041	
60.000000	0.355035521834	
80.000000	0.355020248494	
100.000000	0.355011782427	
120.000000	0.235822771269	
140.000000	0.242112968097	
160.000000	0.257545250118	
180.000000	0.274077663494	
200.000000	0.290326106124	
220.000000	0.305699028946	
240.000000	0.320124167502	
260.000000	0.333659936714	
280.000000	0.346385158034	
300.000000	0.358373088069	
320.000000	0.369686897926	
340.000000	0.380839296024	
360.000000	0.390991701651	
380.000000	0.400448365121	
400.000000	0.409365575129	
420.000000	0.417819986146	
440.000000	0.425857417740	
460.000000	0.433511113832	
480.000000	0.440808472649	
500.000000	0.447773569543	
520.000000	0.458928034960	
540.000000	0.468498979916	
560.000000	0.476439417837	
580.000000	0.482837098480	
600.000000	0.487780949914	
620.000000	0.491359308322	
640.000000	0.493661183358	
660.000000	0.494777306276	
680.000000	0.494800556680	
700.000000	0.493825841846	
720.000000	0.491949583268	
740.000000	0.489268948493	
760.000000	0.485880952563	
780.000000	0.481881510317	
800.000000	0.477364497207	
820.000000	0.472420865073	
840.000000	0.467137840832	
860.000000	0.461598232058	
880.000000	0.455879831619	
900.000000	0.450054917311	
920.000000	0.444189952468	
940.000000	0.438345268767	
960.000000	0.432574887191	
980.000000	0.426926441856	
1000.000000	0.421441169180	
1020.000000	0.416153988474	
1040.000000	0.411093627276	
1060.000000	0.406282841768	
1080.000000	0.401738740883	
1100.000000	0.397473064795	
1120.000000	0.393492609011	
1140.000000	0.389799677904	
1160.000000	0.386392575488	
1180.000000	0.383266122009	
1200.000000	0.380412183333	
1220.000000	0.377820198850	
1240.000000	0.375477694106	
1260.000000	0.373370765830	
1280.000000	0.371484529153	
1300.000000	0.369803519389	
1320.000000	0.368312043551	
1340.000000	0.366994479438	
1360.000000	0.365835522534	
1380.000000	0.364820382943	
1400.000000	0.363934936073	
1420.000000	0.363165831750	
1440.000000	0.362500567029	
1460.000000	0.361927528088	
1480.000000	0.361436006518	
1500.000000	0.361016194938	
1520.000000	0.360659166434	
1540.000000	0.360356841771	
1560.000000	0.360101947767	
1580.000000	0.359887969679	
1600.000000	0.359709099955	
1620.000000	0.359560185217	
1640.000000	0.359436672976	
1660.000000	0.359334559223	
1680.000000	0.359250337718	
1700.000000	0.359180951621	
1720.000000	0.359123747847	
1740.000000	0.359076434418	
1760.000000	0.359037040925	
1780.000000	0.359003882153	
1800.000000	0.358975524809	
1820.000000	0.358950757274	
1840.000000	0.358928562229	
1860.000000	0.358908092020	
1880.000000	0.358888646560	
1900.000000	0.358869653604	
1920.000000	0.358850651199	
1940.000000	0.358831272137	
1960.000000	0.358811230214	
1980.000000	0.358790308144	
2000.000000	0.358768346951	
2020.000000	0.358745236699	
2040.000000	0.358720908410	
2060.000000	0.358695327047	
2080.000000	0.358668485438	
2100.000000	0.358640399042	
2120.000000	0.358611101444	
2140.000000	0.358580640513	
2160.000000	0.358549075114	
2180.000000	0.358516472331	
2200.000000	0.358482905123	
2220.000000	0.358448450351	
2240.000000	0.358413187148	
2260.000000	0.358377195560	
2280.000000	0.358340555438	
2300.000000	0.358303345544	
2320.000000	0.358265642829	
2340.000000	0.358227521873	
2360.000000	0.358189054453	
2380.000000	0.358150309220	
2400.000000	0.358111351472	
2420.000000	0.358072243002	
2440.000000	0.358033042018	
2460.000000	0.357993803106	
2480.000000	0.357954577243	
2500.000000	0.357915411850	
