0.000000	0.000000000000	
20.000000	0.000033857662	
40.000000	0.000032455061	
60.000000	0.000031677055	
80.000000	0.000031064952	
100.000000	0.000030545740	
120.000000	0.039406279535	
140.000000	0.057598862199	
160.000000	0.066957562602	
180.000000	0.071676435715	
200.000000	0.074104483449	
220.000000	0.075647604354	
240.000000	0.076749267163	
260.000000	0.077567914196	
280.000000	0.078173987413	
300.000000	0.078607807320	
320.000000	0.078857735965	
340.000000	0.078135093715	
360.000000	0.077856360396	
380.000000	0.077694456873	
400.000000	0.077530869836	
420.000000	0.077328420176	
440.000000	0.077078684734	
460.000000	0.076782907644	
480.000000	0.076445240385	
500.000000	0.076070412494	
520.000000	0.068391596527	
540.000000	0.061201205737	
560.000000	0.054532983598	
580.000000	0.048375517385	
600.000000	0.042705970665	
620.000000	0.037498279153	
640.000000	0.032725405023	
660.000000	0.028360233245	
680.000000	0.024376023952	
700.000000	0.020746668203	
720.000000	0.017446846958	
740.000000	0.014452142371	
760.000000	0.011739125886	
780.000000	0.009285432431	
800.000000	0.007069822611	
820.000000	0.005072231845	
840.000000	0.003273804386	
860.000000	0.001656910864	
880.000000	0.000205148596	
900.000000	-0.001096672078	
920.000000	-0.002262561473	
940.000000	-0.003305394605	
960.000000	-0.004236957347	
980.000000	-0.005068008346	
1000.000000	-0.005808342640	
1020.000000	-0.006466857705	
1040.000000	-0.007051620547	
1060.000000	-0.007569933067	
1080.000000	-0.008028394947	
1100.000000	-0.008432965640	
1120.000000	-0.008789020998	
1140.000000	-0.009101406559	
1160.000000	-0.009374486940	
1180.000000	-0.009612191327	
1200.000000	-0.009818055172	
1220.000000	-0.009995258291	
1240.000000	-0.010146659578	
1260.000000	-0.010274828612	
1280.000000	-0.010382074364	
1300.000000	-0.010470471273	
1320.000000	-0.010541882893	
1340.000000	-0.010597983323	
1360.000000	-0.010640276590	
1380.000000	-0.010670114181	
1400.000000	-0.010688710851	
1420.000000	-0.010697158871	
1440.000000	-0.010696440842	
1460.000000	-0.010687441205	
1480.000000	-0.010670956558	
1500.000000	-0.010647704893	
1520.000000	-0.010618333868	
1540.000000	-0.010583428182	
1560.000000	-0.010543516174	
1580.000000	-0.010499075696	
1600.000000	-0.010450539366	
1620.000000	-0.010398299237	
1640.000000	-0.010342710971	
1660.000000	-0.010284097554	
1680.000000	-0.010222752610	
1700.000000	-0.010158943359	
1720.000000	-0.010092913259	
1740.000000	-0.010024884357	
1760.000000	-0.009955059394	
1780.000000	-0.009883623692	
1800.000000	-0.009810746832	
1820.000000	-0.009736584160	
1840.000000	-0.009661278136	
1860.000000	-0.009584959545	
1880.000000	-0.009507748578	
1900.000000	-0.009429755804	
1920.000000	-0.009351083047	
1940.000000	-0.009271824172	
1960.000000	-0.009192065784	
1980.000000	-0.009111887874	
2000.000000	-0.009031364386	
2020.000000	-0.008950563733	
2040.000000	-0.008869549269	
2060.000000	-0.008788379703	
2080.000000	-0.008707109488	
2100.000000	-0.008625789159	
2120.000000	-0.008544465649	
2140.000000	-0.008463182571	
2160.000000	-0.008381980476	
2180.000000	-0.008300897087	
2200.000000	-0.008219967511	
2220.000000	-0.008139224430	
2240.000000	-0.008058698282	
2260.000000	-0.007978417422	
2280.000000	-0.007898408263	
2300.000000	-0.007818695418	
2320.000000	-0.007739301821	
2340.000000	-0.007660248837	
2360.000000	-0.007581556370	
2380.000000	-0.007503242957	
2400.000000	-0.007425325856	
2420.000000	-0.007347821127	
2440.000000	-0.007270743706	
2460.000000	-0.007194107474	
2480.000000	-0.007117925326	
2500.000000	-0.007042209220	
