0.000000	0.007355987562	
20.000000	0.007392414799	
40.000000	0.007391475236	
60.000000	0.007391126372	
80.000000	0.007390916462	
100.000000	0.007390779158	
120.000000	0.005747141807	
140.000000	0.005888790685	
160.000000	0.006064205602	
180.000000	0.006235069965	
200.000000	0.006389858236	
220.000000	0.006525630931	
240.000000	0.006644159836	
260.000000	0.006747885838	
280.000000	0.006838990161	
300.000000	0.006919268936	
320.000000	0.006990182920	
340.000000	0.007058517363	
360.000000	0.007114944353	
380.000000	0.007163471055	
400.000000	0.007205987957	
420.000000	0.007243519145	
440.000000	0.007276734170	
460.000000	0.007306139994	
480.000000	0.007332154558	
500.000000	0.007355137172	
520.000000	0.007427305000	
540.000000	0.007485768309	
560.000000	0.007531171387	
580.000000	0.007564129382	
600.000000	0.007585220626	
620.000000	0.007595023791	
640.000000	0.007594153999	
660.000000	0.007583283846	
680.000000	0.007563150414	
700.000000	0.007534551554	
720.000000	0.007498334914	
740.000000	0.007455382811	
760.000000	0.007406595594	
780.000000	0.007352875344	
800.000000	0.007295111106	
820.000000	0.007234166350	
840.000000	0.007170868893	
860.000000	0.007106003173	
880.000000	0.007040304540	
900.000000	0.006974454886	
920.000000	0.006909081050	
940.000000	0.006844752120	
960.000000	0.006781978577	
980.000000	0.006721211684	
1000.000000	0.006662843386	
1020.000000	0.006607206570	
1040.000000	0.006554575472	
1060.000000	0.006505167001	
1080.000000	0.006459142689	
1100.000000	0.006416610325	
1120.000000	0.006377627184	
1140.000000	0.006342203668	
1160.000000	0.006310307556	
1180.000000	0.006281868757	
1200.000000	0.006256784454	
1220.000000	0.006234924450	
1240.000000	0.006216136571	
1260.000000	0.006200251925	
1280.000000	0.006187089891	
1300.000000	0.006176462700	
1320.000000	0.006168179526	
1340.000000	0.006162050025	
1360.000000	0.006157887302	
1380.000000	0.006155510316	
1400.000000	0.006154745748	
1420.000000	0.006155429377	
1440.000000	0.006157407017	
1460.000000	0.006160535083	
1480.000000	0.006164680836	
1500.000000	0.006169722376	
1520.000000	0.006175548428	
1540.000000	0.006182057972	
1560.000000	0.006189159768	
1580.000000	0.006196771788	
1600.000000	0.006204820617	
1620.000000	0.006213240814	
1640.000000	0.006221974277	
1660.000000	0.006230969610	
1680.000000	0.006240181513	
1700.000000	0.006249570199	
1720.000000	0.006259100842	
1740.000000	0.006268743057	
1760.000000	0.006278470428	
1780.000000	0.006288260062	
1800.000000	0.006298092187	
1820.000000	0.006307949788	
1840.000000	0.006317818271	
1860.000000	0.006327685168	
1880.000000	0.006337539868	
1900.000000	0.006347373373	
1920.000000	0.006357178093	
1940.000000	0.006366947651	
1960.000000	0.006376676718	
1980.000000	0.006386360865	
2000.000000	0.006395996435	
2020.000000	0.006405580430	
2040.000000	0.006415110409	
2060.000000	0.006424584407	
2080.000000	0.006434000857	
2100.000000	0.006443358525	
2120.000000	0.006452656458	
2140.000000	0.006461893933	
2160.000000	0.006471070415	
2180.000000	0.006480185527	
2200.000000	0.006489239015	
2220.000000	0.006498230728	
2240.000000	0.006507160591	
2260.000000	0.006516028592	
2280.000000	0.006524834767	
2300.000000	0.006533579185	
2320.000000	0.006542261939	
2340.000000	0.006550883141	
2360.000000	0.006559442911	
2380.000000	0.006567941376	
2400.000000	0.006576378661	
2420.000000	0.006584754893	
2440.000000	0.006593070192	
2460.000000	0.006601324672	
2480.000000	0.006609518442	
2500.000000	0.006617651603	
