0.000000	0.000060782219	
20.000000	0.000062020441	
40.000000	0.000062155297	
60.000000	0.000062168363	
80.000000	0.000062164326	
100.000000	0.000062159813	
120.000000	0.000026811834	
140.000000	0.000023733052	
160.000000	0.000026005102	
180.000000	0.000029770284	
200.000000	0.000034094199	
220.000000	0.000038643445	
240.000000	0.000043299817	
260.000000	0.000048017277	
280.000000	0.000052773508	
300.000000	0.000057553999	
320.000000	0.000062346875	
340.000000	0.000067333337	
360.000000	0.000072196423	
380.000000	0.000076942007	
400.000000	0.000081613131	
420.000000	0.000086231835	
440.000000	0.000090805483	
460.000000	0.000095334925	
480.000000	0.000099818715	
500.000000	0.000104254880	
520.000000	0.000111396990	
540.000000	0.000118773032	
560.000000	0.000125447605	
580.000000	0.000131148654	
600.000000	0.000135759737	
620.000000	0.000139222971	
640.000000	0.000141521886	
660.000000	0.000142677812	
680.000000	0.000142746663	
700.000000	0.000141813922	
720.000000	0.000139988003	
740.000000	0.000137392746	
760.000000	0.000134159882	
780.000000	0.000130422160	
800.000000	0.000126307604	
820.000000	0.000121935148	
840.000000	0.000117411673	
860.000000	0.000112830346	
880.000000	0.000108270021	
900.000000	0.000103795479	
920.000000	0.000099458296	
940.000000	0.000095298051	
960.000000	0.000091343711	
980.000000	0.000087615119	
1000.000000	0.000084124424	
1020.000000	0.000080877435	
1040.000000	0.000077874825	
1060.000000	0.000075113202	
1080.000000	0.000072586052	
1100.000000	0.000070284496	
1120.000000	0.000068197950	
1140.000000	0.000066314667	
1160.000000	0.000064622181	
1180.000000	0.000063107664	
1200.000000	0.000061758210	
1220.000000	0.000060561061	
1240.000000	0.000059503778	
1260.000000	0.000058574370	
1280.000000	0.000057761392	
1300.000000	0.000057054009	
1320.000000	0.000056442036	
1340.000000	0.000055915961	
1360.000000	0.000055466954	
1380.000000	0.000055086855	
1400.000000	0.000054768162	
1420.000000	0.000054504010	
1440.000000	0.000054288137	
1460.000000	0.000054114857	
1480.000000	0.000053979022	
1500.000000	0.000053875991	
1520.000000	0.000053801590	
1540.000000	0.000053752078	
1560.000000	0.000053724115	
1580.000000	0.000053714726	
1600.000000	0.000053721267	
1620.000000	0.000053741402	
1640.000000	0.000053773066	
1660.000000	0.000053814445	
1680.000000	0.000053863947	
1700.000000	0.000053920183	
1720.000000	0.000053981942	
1740.000000	0.000054048175	
1760.000000	0.000054117973	
1780.000000	0.000054190557	
1800.000000	0.000054265257	
1820.000000	0.000054341503	
1840.000000	0.000054418812	
1860.000000	0.000054496775	
1880.000000	0.000054575052	
1900.000000	0.000054653360	
1920.000000	0.000054731464	
1940.000000	0.000054809175	
1960.000000	0.000054886339	
1980.000000	0.000054962835	
2000.000000	0.000055038569	
2020.000000	0.000055113471	
2040.000000	0.000055187488	
2060.000000	0.000055260587	
2080.000000	0.000055332745	
2100.000000	0.000055403952	
2120.000000	0.000055474208	
2140.000000	0.000055543519	
2160.000000	0.000055611897	
2180.000000	0.000055679360	
2200.000000	0.000055745927	
2220.000000	0.000055811623	
2240.000000	0.000055876472	
2260.000000	0.000055940500	
2280.000000	0.000056003735	
2300.000000	0.000056066204	
2320.000000	0.000056127932	
2340.000000	0.000056188948	
2360.000000	0.000056249277	
2380.000000	0.000056308943	
2400.000000	0.000056367971	
2420.000000	0.000056426383	
2440.000000	0.000056484202	
2460.000000	0.000056541447	
2480.000000	0.000056598138	
2500.000000	0.000056654294	
