0.000000	-0.000296221592	
20.000000	-0.000560213380	
40.000000	-0.000559053643	
60.000000	-0.000558880578	
80.000000	-0.000558788639	
100.000000	-0.000558737591	
120.000000	-0.000109090465	
140.000000	-0.000129654758	
160.000000	-0.000163795752	
180.000000	-0.000207029803	
200.000000	-0.000257772480	
220.000000	-0.000314795325	
240.000000	-0.000377591494	
260.000000	-0.000445903348	
280.000000	-0.000519541730	
300.000000	-0.000598322879	
320.000000	-0.000682048178	
340.000000	-0.000774445920	
360.000000	-0.000867943848	
380.000000	-0.000964108384	
400.000000	-0.001063527058	
420.000000	-0.001166311225	
440.000000	-0.001272378750	
460.000000	-0.001381574595	
480.000000	-0.001493720283	
500.000000	-0.001608633887	
520.000000	-0.001809069520	
540.000000	-0.001997523044	
560.000000	-0.002167615047	
580.000000	-0.002314266023	
600.000000	-0.002433528144	
620.000000	-0.002522763930	
640.000000	-0.002580765973	
660.000000	-0.002607758320	
680.000000	-0.002605275046	
700.000000	-0.002575937794	
720.000000	-0.002523168628	
740.000000	-0.002450879079	
760.000000	-0.002363172691	
780.000000	-0.002264088618	
800.000000	-0.002157402267	
820.000000	-0.002046488153	
840.000000	-0.001934241477	
860.000000	-0.001823049519	
880.000000	-0.001714801212	
900.000000	-0.001610922855	
920.000000	-0.001512431953	
940.000000	-0.001419995475	
960.000000	-0.001333991285	
980.000000	-0.001254565993	
1000.000000	-0.001181687297	
1020.000000	-0.001115189384	
1040.000000	-0.001054810764	
1060.000000	-0.001000225612	
1080.000000	-0.000951068761	
1100.000000	-0.000906954235	
1120.000000	-0.000867490048	
1140.000000	-0.000832288877	
1160.000000	-0.000800975621	
1180.000000	-0.000773192516	
1200.000000	-0.000748602359	
1220.000000	-0.000726890312	
1240.000000	-0.000707764646	
1260.000000	-0.000690956721	
1280.000000	-0.000676220432	
1300.000000	-0.000663331285	
1320.000000	-0.000652085256	
1340.000000	-0.000642297510	
1360.000000	-0.000633801060	
1380.000000	-0.000626445422	
1400.000000	-0.000620095291	
1420.000000	-0.000614629271	
1440.000000	-0.000609938663	
1460.000000	-0.000605926334	
1480.000000	-0.000602505655	
1500.000000	-0.000599599522	
1520.000000	-0.000597139448	
1540.000000	-0.000595064728	
1560.000000	-0.000593321674	
1580.000000	-0.000591862917	
1600.000000	-0.000590646764	
1620.000000	-0.000589636612	
1640.000000	-0.000588800416	
1660.000000	-0.000588110206	
1680.000000	-0.000587541642	
1700.000000	-0.000587073619	
1720.000000	-0.000586687898	
1740.000000	-0.000586368784	
1760.000000	-0.000586102827	
1780.000000	-0.000585878555	
1800.000000	-0.000585686235	
1820.000000	-0.000585517659	
1840.000000	-0.000585365949	
1860.000000	-0.000585225388	
1880.000000	-0.000585091263	
1900.000000	-0.000584959732	
1920.000000	-0.000584827705	
1940.000000	-0.000584692731	
1960.000000	-0.000584552913	
1980.000000	-0.000584406816	
2000.000000	-0.000584253402	
2020.000000	-0.000584091966	
2040.000000	-0.000583922075	
2060.000000	-0.000583743529	
2080.000000	-0.000583556311	
2100.000000	-0.000583360559	
2120.000000	-0.000583156530	
2140.000000	-0.000582944578	
2160.000000	-0.000582725126	
2180.000000	-0.000582498654	
2200.000000	-0.000582265678	
2220.000000	-0.000582026739	
2240.000000	-0.000581782392	
2260.000000	-0.000581533195	
2280.000000	-0.000581279704	
2300.000000	-0.000581022466	
2320.000000	-0.000580762014	
2340.000000	-0.000580498861	
2360.000000	-0.000580233502	
2380.000000	-0.000579966410	
2400.000000	-0.000579698031	
2420.000000	-0.000579428790	
2440.000000	-0.000579159083	
2460.000000	-0.000578889282	
2480.000000	-0.000578619734	
2500.000000	-0.000578350760	
