0.000000	-0.000000000000000	
20.000000	0.000000000000001	
40.000000	0.000000000000000	
60.000000	0.000000000000000	
80.000000	0.000000000000000	
100.000000	0.000000000000000	
120.000000	-0.000000000000109	
140.000000	-0.000000000000122	
160.000000	-0.000000000000102	
180.000000	-0.000000000000097	
200.000000	-0.000000000000089	
220.000000	-0.000000000000082	
240.000000	-0.000000000000076	
260.000000	-0.000000000000070	
280.000000	-0.000000000000065	
300.000000	-0.000000000000061	
320.000000	-0.000000000000081	
340.000000	-0.000000000000077	
360.000000	-0.000000000000074	
380.000000	-0.000000000000072	
400.000000	-0.000000000000070	
420.000000	-0.000000000000068	
440.000000	-0.000000000000066	
460.000000	-0.000000000000065	
480.000000	-0.000000000000063	
500.000000	-0.000000000000062	
520.000000	-0.000000000000054	
540.000000	-0.000000000000046	
560.000000	-0.000000000000038	
580.000000	-0.000000000000031	
600.000000	-0.000000000000024	
620.000000	-0.000000000000017	
640.000000	-0.000000000000011	
660.000000	-0.000000000000005	
680.000000	0.000000000000000	
700.000000	0.000000000000005	
720.000000	0.000000000000009	
740.000000	0.000000000000013	
760.000000	0.000000000000017	
780.000000	0.000000000000020	
800.000000	0.000000000000022	
820.000000	0.000000000000024	
840.000000	0.000000000000026	
860.000000	0.000000000000027	
880.000000	0.000000000000027	
900.000000	0.000000000000028	
920.000000	0.000000000000028	
940.000000	0.000000000000028	
960.000000	0.000000000000028	
980.000000	0.000000000000027	
1000.000000	0.000000000000026	
1020.000000	0.000000000000025	
1040.000000	0.000000000000024	
1060.000000	0.000000000000023	
1080.000000	0.000000000000022	
1100.000000	0.000000000000020	
1120.000000	0.000000000000019	
1140.000000	0.000000000000018	
1160.000000	0.000000000000016	
1180.000000	0.000000000000015	
1200.000000	0.000000000000014	
1220.000000	0.000000000000012	
1240.000000	0.000000000000011	
1260.000000	0.000000000000010	
1280.000000	0.000000000000009	
1300.000000	0.000000000000008	
1320.000000	0.000000000000007	
1340.000000	0.000000000000006	
1360.000000	0.000000000000005	
1380.000000	0.000000000000005	
1400.000000	0.000000000000004	
1420.000000	0.000000000000004	
1440.000000	0.000000000000003	
1460.000000	0.000000000000003	
1480.000000	0.000000000000002	
1500.000000	0.000000000000002	
1520.000000	0.000000000000002	
1540.000000	0.000000000000001	
1560.000000	0.000000000000001	
1580.000000	0.000000000000001	
1600.000000	0.000000000000001	
1620.000000	0.000000000000001	
1640.000000	0.000000000000001	
1660.000000	0.000000000000000	
1680.000000	0.000000000000000	
1700.000000	0.000000000000000	
1720.000000	0.000000000000000	
1740.000000	0.000000000000000	
1760.000000	0.000000000000000	
1780.000000	0.000000000000000	
1800.000000	0.000000000000000	
1820.000000	0.000000000000000	
1840.000000	0.000000000000000	
1860.000000	0.000000000000000	
1880.000000	0.000000000000000	
1900.000000	0.000000000000000	
1920.000000	0.000000000000000	
1940.000000	0.000000000000000	
1960.000000	0.000000000000000	
1980.000000	0.000000000000000	
2000.000000	0.000000000000000	
2020.000000	0.000000000000000	
2040.000000	0.000000000000000	
2060.000000	0.000000000000000	
2080.000000	0.000000000000000	
2100.000000	0.000000000000000	
2120.000000	0.000000000000000	
2140.000000	0.000000000000000	
2160.000000	0.000000000000000	
2180.000000	0.000000000000000	
2200.000000	0.000000000000000	
2220.000000	0.000000000000000	
2240.000000	0.000000000000000	
2260.000000	0.000000000000000	
2280.000000	0.000000000000000	
2300.000000	0.000000000000000	
2320.000000	0.000000000000000	
2340.000000	0.000000000000000	
2360.000000	0.000000000000000	
2380.000000	0.000000000000000	
2400.000000	0.000000000000000	
2420.000000	0.000000000000000	
2440.000000	0.000000000000000	
2460.000000	0.000000000000000	
2480.000000	0.000000000000000	
2500.000000	0.000000000000000	
