0.000000	3.000000000000	
20.000000	3.000234940983	
40.000000	3.000249020057	
60.000000	3.000267209404	
80.000000	3.000286618181	
100.000000	3.000306760179	
120.000000	3.002368438509	
140.000000	3.019373574207	
160.000000	3.044647665250	
180.000000	3.072818452582	
200.000000	3.102351265271	
220.000000	3.132605440814	
240.000000	3.163311212246	
260.000000	3.194324418959	
280.000000	3.225548481389	
300.000000	3.256908701849	
320.000000	3.288342967093	
340.000000	3.319643117737	
360.000000	3.350687198295	
380.000000	3.381568674077	
400.000000	3.412310288322	
420.000000	3.442903768595	
440.000000	3.473330847752	
460.000000	3.503571263019	
480.000000	3.533605593143	
500.000000	3.563416151735	
520.000000	3.591995327737	
540.000000	3.617833927594	
560.000000	3.640999421898	
580.000000	3.661662431416	
600.000000	3.680000479122	
620.000000	3.696186252762	
640.000000	3.710384489173	
660.000000	3.722751182658	
680.000000	3.733433498410	
700.000000	3.742569893455	
720.000000	3.750290288167	
740.000000	3.756716246181	
760.000000	3.761961162666	
780.000000	3.766130471879	
800.000000	3.769321884741	
820.000000	3.771625663228	
840.000000	3.773124932424	
860.000000	3.773896027079	
880.000000	3.774008863636	
900.000000	3.773527352430	
920.000000	3.772509751391	
940.000000	3.771009064846	
960.000000	3.769073475654	
980.000000	3.766746699556	
1000.000000	3.764068341976	
1020.000000	3.761074234769	
1040.000000	3.757796749967	
1060.000000	3.754265093726	
1080.000000	3.750505583935	
1100.000000	3.746541899630	
1120.000000	3.742395319461	
1140.000000	3.738084943278	
1160.000000	3.733627898890	
1180.000000	3.729039535151	
1200.000000	3.724333602085	
1220.000000	3.719522418456	
1240.000000	3.714617026951	
1260.000000	3.709627337058	
1280.000000	3.704562255709	
1300.000000	3.699429805832	
1320.000000	3.694237233066	
1340.000000	3.688991101037	
1360.000000	3.683697375773	
1380.000000	3.678361499919	
1400.000000	3.672988457555	
1420.000000	3.667582830456	
1440.000000	3.662148846668	
1460.000000	3.656690422280	
1480.000000	3.651211197209	
1500.000000	3.645714565807	
1520.000000	3.640203702982	
1540.000000	3.634681586505	
1560.000000	3.629151016057	
1580.000000	3.623614629533	
1600.000000	3.618074917022	
1620.000000	3.612534232848	
1640.000000	3.606994805978	
1660.000000	3.601458749070	
1680.000000	3.595928066375	
1700.000000	3.590404660689	
1720.000000	3.584890339508	
1740.000000	3.579386820509	
1760.000000	3.573895736467	
1780.000000	3.568418639701	
1800.000000	3.562957006114	
1820.000000	3.557512238886	
1840.000000	3.552085671873	
1860.000000	3.546678572762	
1880.000000	3.541292145987	
1900.000000	3.535927535467	
1920.000000	3.530585827170	
1940.000000	3.525268051521	
1960.000000	3.519975185678	
1980.000000	3.514708155691	
2000.000000	3.509467838540	
2020.000000	3.504255064086	
2040.000000	3.499070616911	
2060.000000	3.493915238093	
2080.000000	3.488789626885	
2100.000000	3.483694442331	
2120.000000	3.478630304804	
2140.000000	3.473597797489	
2160.000000	3.468597467794	
2180.000000	3.463629828716	
2200.000000	3.458695360137	
2220.000000	3.453794510087	
2240.000000	3.448927695940	
2260.000000	3.444095305576	
2280.000000	3.439297698498	
2300.000000	3.434535206895	
2320.000000	3.429808136686	
2340.000000	3.425116768502	
2360.000000	3.420461358654	
2380.000000	3.415842140047	
2400.000000	3.411259323076	
2420.000000	3.406713096483	
2440.000000	3.402203628179	
2460.000000	3.397731066051	
2480.000000	3.393295538724	
2500.000000	3.388897156311	
