0.000000	0.000373730553	
20.000000	0.000223479956	
40.000000	0.000214582585	
60.000000	0.000214305707	
80.000000	0.000214245767	
100.000000	0.000214214123	
120.000000	0.000023606070	
140.000000	0.000027336590	
160.000000	0.000037370653	
180.000000	0.000051389015	
200.000000	0.000069415081	
220.000000	0.000091390244	
240.000000	0.000117435994	
260.000000	0.000147737301	
280.000000	0.000182485688	
300.000000	0.000221855327	
320.000000	0.000265991675	
340.000000	0.000317169371	
360.000000	0.000371845424	
380.000000	0.000430468359	
400.000000	0.000493529799	
420.000000	0.000561245568	
440.000000	0.000633692410	
460.000000	0.000710879822	
480.000000	0.000792782937	
500.000000	0.000879357458	
520.000000	0.001028998040	
540.000000	0.001188287743	
560.000000	0.001340373782	
580.000000	0.001478249871	
600.000000	0.001596088886	
620.000000	0.001689267569	
640.000000	0.001754706983	
660.000000	0.001791069274	
680.000000	0.001798757588	
700.000000	0.001779728606	
720.000000	0.001737162477	
740.000000	0.001675053925	
760.000000	0.001597791125	
780.000000	0.001509777412	
800.000000	0.001415131661	
820.000000	0.001317482765	
840.000000	0.001219856131	
860.000000	0.001124638596	
880.000000	0.001033601988	
900.000000	0.000947965215	
920.000000	0.000868477893	
940.000000	0.000795509860	
960.000000	0.000729137413	
980.000000	0.000669221520	
1000.000000	0.000615473788	
1020.000000	0.000567510188	
1040.000000	0.000524892633	
1060.000000	0.000487160209	
1080.000000	0.000453851913	
1100.000000	0.000424521490	
1120.000000	0.000398747354	
1140.000000	0.000376138296	
1160.000000	0.000356336140	
1180.000000	0.000339016306	
1200.000000	0.000323886958	
1220.000000	0.000310687263	
1240.000000	0.000299185157	
1260.000000	0.000289174859	
1280.000000	0.000280474344	
1300.000000	0.000272922870	
1320.000000	0.000266378656	
1340.000000	0.000260716728	
1360.000000	0.000255826971	
1380.000000	0.000251612380	
1400.000000	0.000247987501	
1420.000000	0.000244877057	
1440.000000	0.000242214735	
1460.000000	0.000239942124	
1480.000000	0.000238007787	
1500.000000	0.000236366438	
1520.000000	0.000234978235	
1540.000000	0.000233808148	
1560.000000	0.000232825408	
1580.000000	0.000232003023	
1600.000000	0.000231317348	
1620.000000	0.000230747705	
1640.000000	0.000230276047	
1660.000000	0.000229886659	
1680.000000	0.000229565890	
1700.000000	0.000229301919	
1720.000000	0.000229084537	
1740.000000	0.000228904962	
1760.000000	0.000228755668	
1780.000000	0.000228630235	
1800.000000	0.000228523210	
1820.000000	0.000228429990	
1840.000000	0.000228346713	
1860.000000	0.000228270163	
1880.000000	0.000228197684	
1900.000000	0.000228127103	
1920.000000	0.000228056668	
1940.000000	0.000227984983	
1960.000000	0.000227910959	
1980.000000	0.000227833770	
2000.000000	0.000227752810	
2020.000000	0.000227667657	
2040.000000	0.000227578046	
2060.000000	0.000227483841	
2080.000000	0.000227385011	
2100.000000	0.000227281610	
2120.000000	0.000227173762	
2140.000000	0.000227061644	
2160.000000	0.000226945477	
2180.000000	0.000226825511	
2200.000000	0.000226702017	
2220.000000	0.000226575285	
2240.000000	0.000226445609	
2260.000000	0.000226313289	
2280.000000	0.000226178623	
2300.000000	0.000226041905	
2320.000000	0.000225903423	
2340.000000	0.000225763455	
2360.000000	0.000225622267	
2380.000000	0.000225480115	
2400.000000	0.000225337242	
2420.000000	0.000225193877	
2440.000000	0.000225050235	
2460.000000	0.000224906518	
2480.000000	0.000224762914	
2500.000000	0.000224619598	
