0.000000	0.022151922814	
20.000000	0.022176494280	
40.000000	0.022202607384	
60.000000	0.022227522088	
80.000000	0.022251526276	
100.000000	0.022274729030	
120.000000	0.021920823158	
140.000000	0.021518348481	
160.000000	0.021133357731	
180.000000	0.020777336054	
200.000000	0.020462937482	
220.000000	0.020202699868	
240.000000	0.020008829953	
260.000000	0.019893297820	
280.000000	0.019867863814	
300.000000	0.019944041756	
320.000000	0.020133023113	
340.000000	0.020450115370	
360.000000	0.020904158286	
380.000000	0.021501146360	
400.000000	0.022248135889	
420.000000	0.023152270457	
440.000000	0.024220292042	
460.000000	0.025458318322	
480.000000	0.026871744928	
500.000000	0.028465205646	
520.000000	0.030358992533	
540.000000	0.032612648754	
560.000000	0.035191309896	
580.000000	0.038042938029	
600.000000	0.041101984260	
620.000000	0.044293606724	
640.000000	0.047538502814	
660.000000	0.050757882589	
680.000000	0.053878053112	
700.000000	0.056834163957	
720.000000	0.059572825170	
740.000000	0.062053498678	
760.000000	0.064248738110	
780.000000	0.066143477631	
800.000000	0.067733635984	
820.000000	0.069024312780	
840.000000	0.070027824322	
860.000000	0.070761773821	
880.000000	0.071247290094	
900.000000	0.071507513430	
920.000000	0.071566361495	
940.000000	0.071447575696	
960.000000	0.071174020872	
980.000000	0.070767207898	
1000.000000	0.070246998019	
1020.000000	0.069631451098	
1040.000000	0.068936781920	
1060.000000	0.068177394179	
1080.000000	0.067365968182	
1100.000000	0.066513581031	
1120.000000	0.065629844719	
1140.000000	0.064723051414	
1160.000000	0.063800317852	
1180.000000	0.062867723554	
1200.000000	0.061930439572	
1220.000000	0.060992845967	
1240.000000	0.060058637292	
1260.000000	0.059130916106	
1280.000000	0.058212275041	
1300.000000	0.057304868242	
1320.000000	0.056410473179	
1340.000000	0.055530543883	
1360.000000	0.054666256643	
1380.000000	0.053818549177	
1400.000000	0.052988154175	
1420.000000	0.052175628033	
1440.000000	0.051381375518	
1460.000000	0.050605670966	
1480.000000	0.049848676561	
1500.000000	0.049110458144	
1520.000000	0.048390998925	
1540.000000	0.047690211429	
1560.000000	0.047007947917	
1580.000000	0.046344009524	
1600.000000	0.045698154270	
1620.000000	0.045070104114	
1640.000000	0.044459551153	
1660.000000	0.043866163097	
1680.000000	0.043289588077	
1700.000000	0.042729458884	
1720.000000	0.042185396695	
1740.000000	0.041657014328	
1760.000000	0.041143919103	
1780.000000	0.040645715318	
1800.000000	0.040162006408	
1820.000000	0.039692396799	
1840.000000	0.039236493498	
1860.000000	0.038793907454	
1880.000000	0.038364254691	
1900.000000	0.037947157268	
1920.000000	0.037542244064	
1940.000000	0.037149151409	
1960.000000	0.036767523598	
1980.000000	0.036397013278	
2000.000000	0.036037281738	
2020.000000	0.035687999113	
2040.000000	0.035348844508	
2060.000000	0.035019506063	
2080.000000	0.034699680958	
2100.000000	0.034389075367	
2120.000000	0.034087404379	
2140.000000	0.033794391882	
2160.000000	0.033509770421	
2180.000000	0.033233281030	
2200.000000	0.032964673049	
2220.000000	0.032703703929	
2240.000000	0.032450139021	
2260.000000	0.032203751365	
2280.000000	0.031964321464	
2300.000000	0.031731637063	
2320.000000	0.031505492923	
2340.000000	0.031285690602	
2360.000000	0.031072038223	
2380.000000	0.030864350262	
2400.000000	0.030662447330	
2420.000000	0.030466155958	
2440.000000	0.030275308392	
2460.000000	0.030089742394	
2480.000000	0.029909301041	
2500.000000	0.029733832538	
