0.000000	0.641218282554	
20.000000	0.638345247436	
40.000000	0.638431684795	
60.000000	0.638449134992	
80.000000	0.638452843827	
100.000000	0.638449745240	
120.000000	0.749882664904	
140.000000	0.743761111012	
160.000000	0.729707279997	
180.000000	0.714604928274	
200.000000	0.699695243742	
220.000000	0.685523181431	
240.000000	0.672162733958	
260.000000	0.659567703867	
280.000000	0.647670516917	
300.000000	0.636405178269	
320.000000	0.625711155783	
340.000000	0.615096702636	
360.000000	0.605350261213	
380.000000	0.596173598411	
400.000000	0.587410985406	
420.000000	0.578982720538	
440.000000	0.570840244788	
460.000000	0.562949294141	
480.000000	0.555283396454	
500.000000	0.547821019696	
520.000000	0.536174234221	
540.000000	0.525865156492	
560.000000	0.516940319993	
580.000000	0.509345074504	
600.000000	0.503033474206	
620.000000	0.497962998974	
640.000000	0.494089000912	
660.000000	0.491361365115	
680.000000	0.489722909068	
700.000000	0.489108952383	
720.000000	0.489447700821	
740.000000	0.490661211409	
760.000000	0.492666733184	
780.000000	0.495378255398	
800.000000	0.498708122144	
820.000000	0.502568598306	
840.000000	0.506873309468	
860.000000	0.511538502276	
880.000000	0.516484117953	
900.000000	0.521634680510	
920.000000	0.526919906609	
940.000000	0.532275250551	
960.000000	0.537642250364	
980.000000	0.542968722055	
1000.000000	0.548208846652	
1020.000000	0.553323137612	
1040.000000	0.558278340049	
1060.000000	0.563047223308	
1080.000000	0.567608266135	
1100.000000	0.571945374715	
1120.000000	0.576047463313	
1140.000000	0.579908006424	
1160.000000	0.583524556923	
1180.000000	0.586898241922	
1200.000000	0.590033248831	
1220.000000	0.592936314969	
1240.000000	0.595616233273	
1260.000000	0.598083385228	
1280.000000	0.600349310111	
1300.000000	0.602426317260	
1320.000000	0.604327145593	
1340.000000	0.606064672161	
1360.000000	0.607651669396	
1380.000000	0.609100608960	
1400.000000	0.610423508746	
1420.000000	0.611631818736	
1440.000000	0.612736340908	
1460.000000	0.613747178254	
1480.000000	0.614673708067	
1500.000000	0.615524574977	
1520.000000	0.616307699603	
1540.000000	0.617030299206	
1560.000000	0.617698917200	
1580.000000	0.618319458886	
1600.000000	0.618897231223	
1620.000000	0.619436984881	
1640.000000	0.619942957158	
1660.000000	0.620418914686	
1680.000000	0.620868195114	
1700.000000	0.621293747143	
1720.000000	0.621698168531	
1740.000000	0.622083741767	
1760.000000	0.622452467282	
1780.000000	0.622806094114	
1800.000000	0.623146148048	
1820.000000	0.623473957280	
1840.000000	0.623790675700	
1860.000000	0.624097303912	
1880.000000	0.624394708136	
1900.000000	0.624683637129	
1920.000000	0.624964737278	
1940.000000	0.625238566026	
1960.000000	0.625505603753	
1980.000000	0.625766264283	
2000.000000	0.626020904130	
2020.000000	0.626269830615	
2040.000000	0.626513308971	
2060.000000	0.626751568550	
2080.000000	0.626984808224	
2100.000000	0.627213201065	
2120.000000	0.627436898406	
2140.000000	0.627656033339	
2160.000000	0.627870723723	
2180.000000	0.628081074761	
2200.000000	0.628287181208	
2220.000000	0.628489129244	
2240.000000	0.628686998061	
2260.000000	0.628880861203	
2280.000000	0.629070787697	
2300.000000	0.629256842984	
2320.000000	0.629439089707	
2340.000000	0.629617588346	
2360.000000	0.629792397746	
2380.000000	0.629963575541	
2400.000000	0.630131178490	
2420.000000	0.630295262744	
2440.000000	0.630455884050	
2460.000000	0.630613097910	
2480.000000	0.630766959683	
2500.000000	0.630917524671	
