0.000000	0.016224966276	
20.000000	0.016207508870	
40.000000	0.016195209582	
60.000000	0.016185252415	
80.000000	0.016177127439	
100.000000	0.016170462823	
120.000000	0.016307222054	
140.000000	0.016407430032	
160.000000	0.016512827469	
180.000000	0.016620078249	
200.000000	0.016719895350	
220.000000	0.016799927946	
240.000000	0.016846765754	
260.000000	0.016847846534	
280.000000	0.016793275794	
300.000000	0.016677422840	
320.000000	0.016499988554	
340.000000	0.016262154983	
360.000000	0.015977661179	
380.000000	0.015662613481	
400.000000	0.015332212066	
420.000000	0.014999637734	
440.000000	0.014675059001	
460.000000	0.014365166465	
480.000000	0.014073337602	
500.000000	0.013800291254	
520.000000	0.013477988156	
540.000000	0.013139990316	
560.000000	0.012829175121	
580.000000	0.012563717814	
600.000000	0.012346900536	
620.000000	0.012175819620	
640.000000	0.012046110585	
660.000000	0.011953646792	
680.000000	0.011894832000	
700.000000	0.011866474384	
720.000000	0.011865624832	
740.000000	0.011889471156	
760.000000	0.011935286681	
780.000000	0.012000415090	
800.000000	0.012082276261	
820.000000	0.012178382764	
840.000000	0.012286360433	
860.000000	0.012403968840	
880.000000	0.012529119434	
900.000000	0.012659889870	
920.000000	0.012794533309	
940.000000	0.012931483017	
960.000000	0.013069353326	
980.000000	0.013206935740	
1000.000000	0.013343191902	
1020.000000	0.013477243585	
1040.000000	0.013608360833	
1060.000000	0.013735948773	
1080.000000	0.013859533379	
1100.000000	0.013978747738	
1120.000000	0.014093318570	
1140.000000	0.014203053472	
1160.000000	0.014307829214	
1180.000000	0.014407581255	
1200.000000	0.014502294536	
1220.000000	0.014591995520	
1240.000000	0.014676745398	
1260.000000	0.014756634358	
1280.000000	0.014831776741	
1300.000000	0.014902306967	
1320.000000	0.014968376057	
1340.000000	0.015030148632	
1360.000000	0.015087800274	
1380.000000	0.015141515160	
1400.000000	0.015191483890	
1420.000000	0.015237901490	
1440.000000	0.015280965525	
1460.000000	0.015320874349	
1480.000000	0.015357825458	
1500.000000	0.015392013977	
1520.000000	0.015423631270	
1540.000000	0.015452863703	
1560.000000	0.015479891554	
1580.000000	0.015504888089	
1600.000000	0.015528018803	
1620.000000	0.015549440822	
1640.000000	0.015569302472	
1660.000000	0.015587742994	
1680.000000	0.015604892408	
1700.000000	0.015620871502	
1720.000000	0.015635791937	
1740.000000	0.015649756452	
1760.000000	0.015662859144	
1780.000000	0.015675185825	
1800.000000	0.015686814426	
1820.000000	0.015697815434	
1840.000000	0.015708252360	
1860.000000	0.015718182223	
1880.000000	0.015727656025	
1900.000000	0.015736719241	
1920.000000	0.015745412276	
1940.000000	0.015753770930	
1960.000000	0.015761826819	
1980.000000	0.015769607793	
2000.000000	0.015777138314	
2020.000000	0.015784439814	
2040.000000	0.015791531031	
2060.000000	0.015798428308	
2080.000000	0.015805145870	
2100.000000	0.015811696083	
2120.000000	0.015818089676	
2140.000000	0.015824335951	
2160.000000	0.015830442966	
2180.000000	0.015836417701	
2200.000000	0.015842266204	
2220.000000	0.015847993718	
2240.000000	0.015853604802	
2260.000000	0.015859103426	
2280.000000	0.015864493063	
2300.000000	0.015869776762	
2320.000000	0.015874957221	
2340.000000	0.015880036838	
2360.000000	0.015885017768	
2380.000000	0.015889901961	
2400.000000	0.015894691200	
2420.000000	0.015899387133	
2440.000000	0.015903991302	
2460.000000	0.015908505159	
2480.000000	0.015912930091	
2500.000000	0.015917267433	
