0.000000	0.000201276546	
20.000000	0.000209770909	
40.000000	0.000209570049	
60.000000	0.000209539478	
80.000000	0.000209542673	
100.000000	0.000209562351	
120.000000	0.000041033246	
140.000000	0.000046784722	
160.000000	0.000057093851	
180.000000	0.000070747553	
200.000000	0.000087554798	
220.000000	0.000107384813	
240.000000	0.000130314039	
260.000000	0.000156485599	
280.000000	0.000186052083	
300.000000	0.000219153378	
320.000000	0.000255906968	
340.000000	0.000298253449	
360.000000	0.000342930646	
380.000000	0.000390680812	
400.000000	0.000441868748	
420.000000	0.000496639993	
440.000000	0.000555036633	
460.000000	0.000617050197	
480.000000	0.000682645091	
500.000000	0.000751769040	
520.000000	0.000874542345	
540.000000	0.000995593794	
560.000000	0.001109519603	
580.000000	0.001211773421	
600.000000	0.001298491144	
620.000000	0.001366758953	
640.000000	0.001414808980	
660.000000	0.001442089515	
680.000000	0.001449202239	
700.000000	0.001437727299	
720.000000	0.001409974746	
740.000000	0.001368706706	
760.000000	0.001316870546	
780.000000	0.001257371992	
800.000000	0.001192903869	
820.000000	0.001125834195	
840.000000	0.001058148425	
860.000000	0.000991435615	
880.000000	0.000926906268	
900.000000	0.000865430230	
920.000000	0.000807586225	
940.000000	0.000753713015	
960.000000	0.000703959597	
980.000000	0.000658330538	
1000.000000	0.000616724950	
1020.000000	0.000578968791	
1040.000000	0.000544840526	
1060.000000	0.000514091207	
1080.000000	0.000486459702	
1100.000000	0.000461683231	
1120.000000	0.000439505189	
1140.000000	0.000419680264	
1160.000000	0.000401977622	
1180.000000	0.000386182645	
1200.000000	0.000372097644	
1220.000000	0.000359541856	
1240.000000	0.000348350941	
1260.000000	0.000338376181	
1280.000000	0.000329483495	
1300.000000	0.000321552353	
1320.000000	0.000314474675	
1340.000000	0.000308153735	
1360.000000	0.000302503119	
1380.000000	0.000297445729	
1400.000000	0.000292912872	
1420.000000	0.000288843406	
1440.000000	0.000285182971	
1460.000000	0.000281883288	
1480.000000	0.000278901517	
1500.000000	0.000276199689	
1520.000000	0.000273744185	
1540.000000	0.000271505277	
1560.000000	0.000269456704	
1580.000000	0.000267575302	
1600.000000	0.000265840666	
1620.000000	0.000264234848	
1640.000000	0.000262742087	
1660.000000	0.000261348562	
1680.000000	0.000260042181	
1700.000000	0.000258812376	
1720.000000	0.000257649935	
1740.000000	0.000256546841	
1760.000000	0.000255496130	
1780.000000	0.000254491767	
1800.000000	0.000253528535	
1820.000000	0.000252601929	
1840.000000	0.000251708072	
1860.000000	0.000250843632	
1880.000000	0.000250005755	
1900.000000	0.000249191998	
1920.000000	0.000248400276	
1940.000000	0.000247628814	
1960.000000	0.000246876103	
1980.000000	0.000246140862	
2000.000000	0.000245422006	
2020.000000	0.000244718616	
2040.000000	0.000244029917	
2060.000000	0.000243355250	
2080.000000	0.000242694059	
2100.000000	0.000242045872	
2120.000000	0.000241410288	
2140.000000	0.000240786964	
2160.000000	0.000240175603	
2180.000000	0.000239575949	
2200.000000	0.000238987778	
2220.000000	0.000238410890	
2240.000000	0.000237845104	
2260.000000	0.000237290258	
2280.000000	0.000236746198	
2300.000000	0.000236212780	
2320.000000	0.000235689867	
2340.000000	0.000235177325	
2360.000000	0.000234675023	
2380.000000	0.000234182832	
2400.000000	0.000233700621	
2420.000000	0.000233228260	
2440.000000	0.000232765619	
2460.000000	0.000232312565	
2480.000000	0.000231868963	
2500.000000	0.000231434677	
