0.000000	0.073040739546	
20.000000	0.073046205452	
40.000000	0.073046400015	
60.000000	0.073046691541	
80.000000	0.073047011069	
100.000000	0.073047347165	
120.000000	0.073020265304	
140.000000	0.073287920069	
160.000000	0.073718677020	
180.000000	0.074197050615	
200.000000	0.074694965165	
220.000000	0.075200560468	
240.000000	0.075709009032	
260.000000	0.076217823666	
280.000000	0.076725387916	
300.000000	0.077230482843	
320.000000	0.077732119627	
340.000000	0.078227724147	
360.000000	0.078714381483	
380.000000	0.079193901564	
400.000000	0.079666847701	
420.000000	0.080133219148	
440.000000	0.080592837134	
460.000000	0.081045489830	
480.000000	0.081490982664	
500.000000	0.081929153446	
520.000000	0.082352018267	
540.000000	0.082731589751	
560.000000	0.083069169728	
580.000000	0.083367946736	
600.000000	0.083631093127	
620.000000	0.083861598426	
640.000000	0.084062242970	
660.000000	0.084235604132	
680.000000	0.084384069819	
700.000000	0.084509852125	
720.000000	0.084614999284	
740.000000	0.084701405783	
760.000000	0.084770821042	
780.000000	0.084824857165	
800.000000	0.084864996210	
820.000000	0.084892597267	
840.000000	0.084908903537	
860.000000	0.084915049473	
880.000000	0.084912067924	
900.000000	0.084900897729	
920.000000	0.084882389710	
940.000000	0.084857313479	
960.000000	0.084826364803	
980.000000	0.084790171229	
1000.000000	0.084749297765	
1020.000000	0.084704252159	
1040.000000	0.084655489766	
1060.000000	0.084603418075	
1080.000000	0.084548400991	
1100.000000	0.084490762621	
1120.000000	0.084430790948	
1140.000000	0.084368741253	
1160.000000	0.084304839328	
1180.000000	0.084239284503	
1200.000000	0.084172252493	
1220.000000	0.084103898062	
1240.000000	0.084034357507	
1260.000000	0.083963750956	
1280.000000	0.083892184468	
1300.000000	0.083819751942	
1320.000000	0.083746536820	
1340.000000	0.083672613609	
1360.000000	0.083598049205	
1380.000000	0.083522904049	
1400.000000	0.083447233115	
1420.000000	0.083371086754	
1440.000000	0.083294511406	
1460.000000	0.083217550188	
1480.000000	0.083140243392	
1500.000000	0.083062628885	
1520.000000	0.082984742446	
1540.000000	0.082906618034	
1560.000000	0.082828288004	
1580.000000	0.082749783290	
1600.000000	0.082671133541	
1620.000000	0.082592367240	
1640.000000	0.082513511796	
1660.000000	0.082434593614	
1680.000000	0.082355638162	
1700.000000	0.082276670016	
1720.000000	0.082197712900	
1740.000000	0.082118789725	
1760.000000	0.082039922612	
1780.000000	0.081961132923	
1800.000000	0.081882441278	
1820.000000	0.081803867579	
1840.000000	0.081725431026	
1860.000000	0.081647150137	
1880.000000	0.081569042760	
1900.000000	0.081491126094	
1920.000000	0.081413416701	
1940.000000	0.081335930525	
1960.000000	0.081258682900	
1980.000000	0.081181688572	
2000.000000	0.081104961708	
2020.000000	0.081028515916	
2040.000000	0.080952364252	
2060.000000	0.080876519241	
2080.000000	0.080800992885	
2100.000000	0.080725796681	
2120.000000	0.080650941634	
2140.000000	0.080576438266	
2160.000000	0.080502296635	
2180.000000	0.080428526342	
2200.000000	0.080355136549	
2220.000000	0.080282135988	
2240.000000	0.080209532972	
2260.000000	0.080137335411	
2280.000000	0.080065550820	
2300.000000	0.079994186332	
2320.000000	0.079923248706	
2340.000000	0.079852744344	
2360.000000	0.079782679294	
2380.000000	0.079713059266	
2400.000000	0.079643889638	
2420.000000	0.079575175469	
2440.000000	0.079506921507	
2460.000000	0.079439132198	
2480.000000	0.079371811693	
2500.000000	0.079304963863	
