0.000000	0.355386676164	
20.000000	0.643409769531	
40.000000	0.644579218395	
60.000000	0.644612890235	
80.000000	0.644628246773	
100.000000	0.644636757397	
120.000000	0.764128057130	
140.000000	0.757829157211	
160.000000	0.742378547362	
180.000000	0.725821540918	
200.000000	0.709542577098	
220.000000	0.694133548440	
240.000000	0.679666711595	
260.000000	0.666083521545	
280.000000	0.653305004832	
300.000000	0.641257770143	
320.000000	0.629878545288	
340.000000	0.618651388526	
360.000000	0.608420351204	
380.000000	0.598880336872	
400.000000	0.589874414347	
420.000000	0.581325683589	
440.000000	0.573188268320	
460.000000	0.565428954294	
480.000000	0.558020413790	
500.000000	0.550938662674	
520.000000	0.539581916032	
540.000000	0.529802002091	
560.000000	0.521664497062	
580.000000	0.515090057600	
600.000000	0.509996681502	
620.000000	0.506301400065	
640.000000	0.503918636424	
660.000000	0.502758958187	
680.000000	0.502728682997	
700.000000	0.503730247488	
720.000000	0.505663129985	
740.000000	0.508425113597	
760.000000	0.511913688184	
780.000000	0.516027447170	
800.000000	0.520667381157	
820.000000	0.525738005099	
840.000000	0.531148294184	
860.000000	0.536812420586	
880.000000	0.542650322009	
900.000000	0.548588129604	
920.000000	0.554558368517	
940.000000	0.560500169269	
960.000000	0.566359343540	
980.000000	0.572088366246	
1000.000000	0.577646306106	
1020.000000	0.582998679047	
1040.000000	0.588117271122	
1060.000000	0.592979878507	
1080.000000	0.597569954068	
1100.000000	0.601876309183	
1120.000000	0.605892675914	
1140.000000	0.609617245054	
1160.000000	0.613052170807	
1180.000000	0.616203052408	
1200.000000	0.619078404833	
1220.000000	0.621689132261	
1240.000000	0.624048017567	
1260.000000	0.626169239859	
1280.000000	0.628067930000	
1300.000000	0.629759771591	
1320.000000	0.631260652125	
1340.000000	0.632586366425	
1360.000000	0.633752372075	
1380.000000	0.634773594602	
1400.000000	0.635664278725	
1420.000000	0.636437880950	
1440.000000	0.637106998308	
1460.000000	0.637683327814	
1480.000000	0.638177651398	
1500.000000	0.638599841359	
1520.000000	0.638958881882	
1540.000000	0.639262902666	
1560.000000	0.639519221306	
1580.000000	0.639734391565	
1600.000000	0.639914255230	
1620.000000	0.640063995646	
1640.000000	0.640188191476	
1660.000000	0.640290869543	
1680.000000	0.640375555907	
1700.000000	0.640445324583	
1720.000000	0.640502843485	
1740.000000	0.640550417356	
1760.000000	0.640590027538	
1780.000000	0.640623368575	
1800.000000	0.640651881678	
1820.000000	0.640676785152	
1840.000000	0.640699101918	
1860.000000	0.640719684296	
1880.000000	0.640739236224	
1900.000000	0.640758333092	
1920.000000	0.640777439389	
1940.000000	0.640796924339	
1960.000000	0.640817075717	
1980.000000	0.640838111999	
2000.000000	0.640860193029	
2020.000000	0.640883429343	
2040.000000	0.640907890293	
2060.000000	0.640933611106	
2080.000000	0.640960598987	
2100.000000	0.640988838389	
2120.000000	0.641018295533	
2140.000000	0.641048922288	
2160.000000	0.641080659460	
2180.000000	0.641113439593	
2200.000000	0.641147189327	
2220.000000	0.641181831372	
2240.000000	0.641217286162	
2260.000000	0.641253473209	
2280.000000	0.641290312221	
2300.000000	0.641327724007	
2320.000000	0.641365631192	
2340.000000	0.641403958786	
2360.000000	0.641442634622	
2380.000000	0.641481589674	
2400.000000	0.641520758287	
2420.000000	0.641560078331	
2440.000000	0.641599491283	
2460.000000	0.641638942261	
2480.000000	0.641678380010	
2500.000000	0.641717756855	
