0.000000	0.000000000000	
20.000000	0.000000000001	
40.000000	0.000000000002	
60.000000	0.000000000003	
80.000000	0.000000000004	
100.000000	0.000000000005	
120.000000	0.000000000000	
140.000000	0.000000000000	
160.000000	0.000000000000	
180.000000	0.000000000000	
200.000000	0.000000000000	
220.000000	0.000000000000	
240.000000	0.000000000000	
260.000000	0.000000000000	
280.000000	0.000000000000	
300.000000	0.000000000000	
320.000000	0.000000000000	
340.000000	0.000000000000	
360.000000	0.000000000000	
380.000000	0.000000000008	
400.000000	0.000000000034	
420.000000	0.000000000063	
440.000000	0.000000000095	
460.000000	0.000000000130	
480.000000	0.000000000167	
500.000000	0.000000000206	
520.000000	0.000000000252	
540.000000	0.000000000305	
554.860000	0.000000000350	
555.060000	0.000000000351	
555.260000	0.000000000352	
555.460000	0.000000000352	
555.660000	0.000000000353	
555.860000	0.000000000354	
556.060000	0.000000000355	
556.260000	0.000000000355	
556.460000	0.000000000356	
556.660000	0.000000000358	
556.860000	0.000000000410	
557.060000	0.000000003009	
557.260000	0.000000011227	
557.460000	0.000000025695	
557.660000	0.000000045477	
557.860000	0.000000068253	
558.060000	0.000000091444	
558.260000	0.000000112748	
558.460000	0.000000130150	
558.660000	0.000000142678	
558.860000	0.000000151157	
559.060000	0.000000157110	
559.260000	0.000000161640	
579.260000	0.000000174967	
588.040000	0.000000168478	
588.240000	0.000000168332	
588.440000	0.000000168186	
588.640000	0.000000168040	
588.840000	0.000000167894	
589.040000	0.000000167748	
589.240000	0.000000167602	
589.440000	0.000000167456	
589.640000	0.000000167311	
589.840000	0.000000167165	
590.040000	0.000000167020	
590.240000	0.000000166875	
590.440000	0.000000166729	
590.640000	0.000000166584	
590.840000	0.000000166439	
591.040000	0.000000166294	
591.240000	0.000000166149	
591.440000	0.000000166004	
591.640000	0.000000165860	
591.840000	0.000000165715	
592.040000	0.000000165570	
592.240000	0.000000165426	
592.440000	0.000000165282	
592.640000	0.000000165137	
592.840000	0.000000164993	
593.040000	0.000000164849	
593.240000	0.000000164705	
593.440000	0.000000164561	
593.640000	0.000000164417	
593.840000	0.000000164273	
594.040000	0.000000164129	
594.240000	0.000000163985	
594.440000	0.000000163842	
594.640000	0.000000163698	
594.840000	0.000000163555	
595.040000	0.000000163412	
595.240000	0.000000163268	
595.440000	0.000000163125	
595.640000	0.000000162982	
595.840000	0.000000162839	
596.040000	0.000000162696	
596.240000	0.000000162553	
596.440000	0.000000162411	
596.640000	0.000000162268	
596.840000	0.000000162126	
597.040000	0.000000161996	
597.240000	0.000000163501	
597.440000	0.000000170067	
597.640000	0.000000182686	
597.840000	0.000000200934	
598.040000	0.000000222835	
598.240000	0.000000245708	
598.440000	0.000000267246	
598.640000	0.000000285484	
598.840000	0.000000299209	
599.040000	0.000000308700	
599.240000	0.000000315293	
599.440000	0.000000320195	
599.640000	0.000000324087	
619.160000	0.000000322747	
619.360000	0.000000322465	
619.560000	0.000000322182	
619.760000	0.000000321900	
619.960000	0.000000321618	
620.160000	0.000000321336	
620.360000	0.000000321054	
620.560000	0.000000320773	
620.760000	0.000000320491	
620.960000	0.000000320210	
621.160000	0.000000319929	
621.360000	0.000000319648	
621.560000	0.000000319367	
621.760000	0.000000319087	
621.960000	0.000000318806	
622.160000	0.000000318526	
622.360000	0.000000318246	
622.560000	0.000000317966	
622.760000	0.000000317686	
622.960000	0.000000317407	
623.160000	0.000000317127	
623.360000	0.000000316848	
623.560000	0.000000316569	
623.760000	0.000000316290	
623.960000	0.000000316011	
624.160000	0.000000315732	
624.360000	0.000000315454	
624.560000	0.000000315176	
624.760000	0.000000314898	
624.960000	0.000000314620	
625.160000	0.000000314342	
625.360000	0.000000314064	
625.560000	0.000000313787	
625.760000	0.000000313510	
625.960000	0.000000313233	
626.160000	0.000000312956	
626.360000	0.000000312679	
626.560000	0.000000312402	
626.760000	0.000000312126	
626.960000	0.000000311850	
627.160000	0.000000311574	
627.360000	0.000000311298	
627.560000	0.000000311022	
627.760000	0.000000310746	
627.960000	0.000000310471	
628.160000	0.000000310196	
628.360000	0.000000309921	
628.560000	0.000000309646	
628.760000	0.000000309371	
628.960000	0.000000309097	
629.160000	0.000000308822	
629.360000	0.000000308548	
629.560000	0.000000308274	
629.760000	0.000000308000	
629.960000	0.000000307727	
630.160000	0.000000307453	
630.360000	0.000000307180	
630.560000	0.000000306907	
630.760000	0.000000306634	
630.960000	0.000000306361	
631.160000	0.000000306088	
631.360000	0.000000305816	
631.560000	0.000000305544	
631.760000	0.000000305272	
631.960000	0.000000305000	
632.160000	0.000000304731	
632.360000	0.000000305063	
632.560000	0.000000309492	
632.760000	0.000000319564	
632.960000	0.000000335544	
633.160000	0.000000356008	
633.360000	0.000000378345	
633.560000	0.000000400086	
633.760000	0.000000419202	
633.960000	0.000000434262	
634.160000	0.000000445005	
634.360000	0.000000452437	
634.560000	0.000000457816	
634.760000	0.000000461988	
634.960000	0.000000465376	
635.160000	0.000000468195	
650.340000	0.000000458842	
650.540000	0.000000458438	
650.740000	0.000000458034	
650.940000	0.000000457629	
651.140000	0.000000457226	
651.340000	0.000000456822	
651.540000	0.000000456419	
651.740000	0.000000456016	
651.940000	0.000000455613	
652.140000	0.000000455210	
652.340000	0.000000454808	
652.540000	0.000000454406	
652.740000	0.000000454004	
652.940000	0.000000453602	
653.140000	0.000000453201	
653.340000	0.000000452800	
653.540000	0.000000452399	
653.740000	0.000000451998	
653.940000	0.000000451598	
654.140000	0.000000451198	
654.340000	0.000000450798	
654.540000	0.000000450398	
654.740000	0.000000449999	
654.940000	0.000000449600	
655.140000	0.000000449201	
655.340000	0.000000448802	
655.540000	0.000000448404	
655.740000	0.000000448006	
655.940000	0.000000447608	
656.140000	0.000000447210	
656.340000	0.000000446813	
656.540000	0.000000446416	
656.740000	0.000000446019	
656.940000	0.000000445622	
657.140000	0.000000445226	
657.340000	0.000000444830	
657.540000	0.000000444434	
657.740000	0.000000444039	
657.940000	0.000000443643	
658.140000	0.000000443248	
658.340000	0.000000442853	
658.540000	0.000000442459	
658.740000	0.000000442064	
658.940000	0.000000441670	
659.140000	0.000000441277	
659.340000	0.000000440883	
659.540000	0.000000440490	
659.740000	0.000000440097	
659.940000	0.000000439704	
660.140000	0.000000439311	
660.340000	0.000000438919	
660.540000	0.000000438527	
660.740000	0.000000438135	
660.940000	0.000000437744	
661.140000	0.000000437353	
661.340000	0.000000436962	
661.540000	0.000000436571	
661.740000	0.000000436180	
661.940000	0.000000435790	
662.140000	0.000000435400	
662.340000	0.000000435010	
662.540000	0.000000434621	
662.740000	0.000000434232	
662.940000	0.000000433843	
663.140000	0.000000433454	
663.340000	0.000000433066	
663.540000	0.000000432678	
663.740000	0.000000432290	
663.940000	0.000000431902	
664.140000	0.000000431515	
664.340000	0.000000431128	
664.540000	0.000000430741	
664.740000	0.000000430355	
664.940000	0.000000429968	
665.140000	0.000000429583	
665.340000	0.000000429197	
665.540000	0.000000428812	
665.740000	0.000000428500	
665.940000	0.000000430773	
666.140000	0.000000438129	
666.340000	0.000000451392	
666.540000	0.000000469893	
666.740000	0.000000491416	
666.940000	0.000000513256	
667.140000	0.000000533228	
667.340000	0.000000549688	
667.540000	0.000000561915	
667.740000	0.000000570450	
667.940000	0.000000576498	
668.140000	0.000000581061	
668.340000	0.000000584700	
668.540000	0.000000587691	
668.740000	0.000000590187	
682.000000	0.000000576379	
682.200000	0.000000575868	
682.400000	0.000000575357	
682.600000	0.000000574847	
682.800000	0.000000574337	
683.000000	0.000000573827	
683.200000	0.000000573317	
683.400000	0.000000572808	
683.600000	0.000000572299	
683.800000	0.000000571791	
684.000000	0.000000571282	
684.200000	0.000000570774	
684.400000	0.000000570267	
684.600000	0.000000569759	
684.800000	0.000000569252	
685.000000	0.000000568746	
685.200000	0.000000568239	
685.400000	0.000000567733	
685.600000	0.000000567228	
685.800000	0.000000566722	
686.000000	0.000000566217	
686.200000	0.000000565713	
686.400000	0.000000565208	
686.600000	0.000000564704	
686.800000	0.000000564200	
687.000000	0.000000563697	
687.200000	0.000000563194	
687.400000	0.000000562691	
687.600000	0.000000562189	
687.800000	0.000000561687	
688.000000	0.000000561185	
688.200000	0.000000560684	
688.400000	0.000000560182	
688.600000	0.000000559682	
688.800000	0.000000559181	
689.000000	0.000000558681	
689.200000	0.000000558181	
689.400000	0.000000557682	
689.600000	0.000000557183	
689.800000	0.000000556684	
690.000000	0.000000556186	
690.200000	0.000000555688	
690.400000	0.000000555190	
690.600000	0.000000554692	
690.800000	0.000000554195	
691.000000	0.000000553699	
691.200000	0.000000553202	
691.400000	0.000000552706	
691.600000	0.000000552210	
691.800000	0.000000551715	
692.000000	0.000000551220	
692.200000	0.000000550725	
692.400000	0.000000550231	
692.600000	0.000000549737	
692.800000	0.000000549243	
693.000000	0.000000548749	
693.200000	0.000000548256	
693.400000	0.000000547764	
693.600000	0.000000547271	
693.800000	0.000000546779	
694.000000	0.000000546288	
694.200000	0.000000545796	
694.400000	0.000000545305	
694.600000	0.000000544814	
694.800000	0.000000544324	
695.000000	0.000000543834	
695.200000	0.000000543344	
695.400000	0.000000542855	
695.600000	0.000000542366	
695.800000	0.000000541877	
696.000000	0.000000541389	
696.200000	0.000000540901	
696.400000	0.000000540413	
696.600000	0.000000539926	
696.800000	0.000000539439	
697.000000	0.000000538953	
697.200000	0.000000538466	
697.400000	0.000000537980	
697.600000	0.000000537495	
697.800000	0.000000537010	
698.000000	0.000000536525	
698.200000	0.000000536040	
698.400000	0.000000535556	
698.600000	0.000000535072	
698.800000	0.000000534590	
699.000000	0.000000534139	
699.200000	0.000000535820	
699.400000	0.000000542337	
699.600000	0.000000554643	
699.800000	0.000000572365	
700.000000	0.000000593447	
700.200000	0.000000615100	
700.400000	0.000000635061	
700.600000	0.000000651675	
700.800000	0.000000664176	
701.000000	0.000000672985	
701.200000	0.000000679232	
701.400000	0.000000683918	
701.600000	0.000000687634	
701.800000	0.000000690674	
702.000000	0.000000693197	
702.200000	0.000000695301	
714.860000	0.000000675307	
715.060000	0.000000674705	
715.260000	0.000000674103	
715.460000	0.000000673502	
715.660000	0.000000672901	
715.860000	0.000000672301	
716.060000	0.000000671701	
716.260000	0.000000671101	
716.460000	0.000000670502	
716.660000	0.000000669903	
716.860000	0.000000669304	
717.060000	0.000000668706	
717.260000	0.000000668108	
717.460000	0.000000667511	
717.660000	0.000000666914	
717.860000	0.000000666317	
718.060000	0.000000665721	
718.260000	0.000000665125	
718.460000	0.000000664530	
718.660000	0.000000663935	
718.860000	0.000000663340	
719.060000	0.000000662746	
719.260000	0.000000662152	
719.460000	0.000000661559	
719.660000	0.000000660966	
719.860000	0.000000660373	
720.060000	0.000000659781	
720.260000	0.000000659189	
720.460000	0.000000658598	
720.660000	0.000000658007	
720.860000	0.000000657416	
721.060000	0.000000656826	
721.260000	0.000000656236	
721.460000	0.000000655647	
721.660000	0.000000655058	
721.860000	0.000000654469	
722.060000	0.000000653881	
722.260000	0.000000653294	
722.460000	0.000000652706	
722.660000	0.000000652119	
722.860000	0.000000651533	
723.060000	0.000000650947	
723.260000	0.000000650361	
723.460000	0.000000649775	
723.660000	0.000000649191	
723.860000	0.000000648606	
724.060000	0.000000648022	
724.260000	0.000000647438	
724.460000	0.000000646855	
724.660000	0.000000646272	
724.860000	0.000000645689	
725.060000	0.000000645107	
725.260000	0.000000644526	
725.460000	0.000000643944	
725.660000	0.000000643364	
725.860000	0.000000642783	
726.060000	0.000000642203	
726.260000	0.000000641623	
726.460000	0.000000641044	
726.660000	0.000000640465	
726.860000	0.000000639887	
727.060000	0.000000639309	
727.260000	0.000000638731	
727.460000	0.000000638154	
727.660000	0.000000637577	
727.860000	0.000000637001	
728.060000	0.000000636425	
728.260000	0.000000635849	
728.460000	0.000000635274	
728.660000	0.000000634700	
728.860000	0.000000634125	
729.060000	0.000000633551	
729.260000	0.000000632978	
729.460000	0.000000632405	
729.660000	0.000000631832	
729.860000	0.000000631260	
730.060000	0.000000630688	
730.260000	0.000000630117	
730.460000	0.000000629545	
730.660000	0.000000628975	
730.860000	0.000000628405	
731.060000	0.000000627835	
731.260000	0.000000627266	
731.460000	0.000000626697	
731.660000	0.000000626128	
731.860000	0.000000625560	
732.060000	0.000000624992	
732.260000	0.000000624425	
732.460000	0.000000623858	
732.660000	0.000000623292	
732.860000	0.000000622726	
733.060000	0.000000622161	
733.260000	0.000000621599	
733.460000	0.000000621920	
733.660000	0.000000626380	
733.860000	0.000000636246	
734.060000	0.000000651901	
734.260000	0.000000671893	
734.460000	0.000000693482	
734.660000	0.000000714102	
734.860000	0.000000731877	
735.060000	0.000000745735	
735.260000	0.000000755706	
735.460000	0.000000762749	
735.660000	0.000000767934	
735.860000	0.000000771981	
736.060000	0.000000775260	
736.260000	0.000000777965	
736.460000	0.000000780211	
736.660000	0.000000782075	
749.940000	0.000000754043	
750.140000	0.000000753367	
750.340000	0.000000752692	
750.540000	0.000000752017	
750.740000	0.000000751343	
750.940000	0.000000750669	
751.140000	0.000000749995	
751.340000	0.000000749322	
751.540000	0.000000748649	
751.740000	0.000000747977	
751.940000	0.000000747305	
752.140000	0.000000746634	
752.340000	0.000000745963	
752.540000	0.000000745293	
752.740000	0.000000744623	
752.940000	0.000000743953	
753.140000	0.000000743284	
753.340000	0.000000742616	
753.540000	0.000000741948	
753.740000	0.000000741280	
753.940000	0.000000740613	
754.140000	0.000000739946	
754.340000	0.000000739280	
754.540000	0.000000738614	
754.740000	0.000000737949	
754.940000	0.000000737284	
755.140000	0.000000736620	
755.340000	0.000000735956	
755.540000	0.000000735292	
755.740000	0.000000734629	
755.940000	0.000000733967	
756.140000	0.000000733305	
756.340000	0.000000732643	
756.540000	0.000000731982	
756.740000	0.000000731321	
756.940000	0.000000730661	
757.140000	0.000000730001	
757.340000	0.000000729342	
757.540000	0.000000728683	
757.740000	0.000000728025	
757.940000	0.000000727367	
758.140000	0.000000726710	
758.340000	0.000000726053	
758.540000	0.000000725397	
758.740000	0.000000724741	
758.940000	0.000000724085	
759.140000	0.000000723430	
759.340000	0.000000722776	
759.540000	0.000000722121	
759.740000	0.000000721468	
759.940000	0.000000720815	
760.140000	0.000000720162	
760.340000	0.000000719510	
760.540000	0.000000718858	
760.740000	0.000000718207	
760.940000	0.000000717556	
761.140000	0.000000716906	
761.340000	0.000000716256	
761.540000	0.000000715606	
761.740000	0.000000714958	
761.940000	0.000000714309	
762.140000	0.000000713661	
762.340000	0.000000713014	
762.540000	0.000000712367	
762.740000	0.000000711720	
762.940000	0.000000711074	
763.140000	0.000000710428	
763.340000	0.000000709783	
763.540000	0.000000709138	
763.740000	0.000000708494	
763.940000	0.000000707850	
764.140000	0.000000707207	
764.340000	0.000000706564	
764.540000	0.000000705922	
764.740000	0.000000705280	
764.940000	0.000000704639	
765.140000	0.000000703998	
765.340000	0.000000703357	
765.540000	0.000000702717	
765.740000	0.000000702078	
765.940000	0.000000701439	
766.140000	0.000000700800	
766.340000	0.000000700162	
766.540000	0.000000699525	
766.740000	0.000000698888	
766.940000	0.000000698251	
767.140000	0.000000697615	
767.340000	0.000000696979	
767.540000	0.000000696344	
767.740000	0.000000695709	
767.940000	0.000000695075	
768.140000	0.000000694441	
768.340000	0.000000693808	
768.540000	0.000000693175	
768.740000	0.000000692543	
768.940000	0.000000691911	
769.140000	0.000000691279	
769.340000	0.000000690648	
769.540000	0.000000690018	
769.740000	0.000000689388	
769.940000	0.000000688759	
770.140000	0.000000688134	
770.340000	0.000000688546	
770.540000	0.000000693152	
770.740000	0.000000703150	
770.940000	0.000000718953	
771.140000	0.000000739069	
771.340000	0.000000760670	
771.540000	0.000000781139	
771.740000	0.000000798642	
771.940000	0.000000812221	
772.140000	0.000000822010	
772.340000	0.000000828985	
772.540000	0.000000834169	
772.740000	0.000000838240	
772.940000	0.000000841547	
773.140000	0.000000844276	
773.340000	0.000000846539	
773.540000	0.000000848411	
773.740000	0.000000849949	
788.860000	0.000000809387	
789.060000	0.000000808657	
789.260000	0.000000807928	
789.460000	0.000000807199	
789.660000	0.000000806471	
789.860000	0.000000805743	
790.060000	0.000000805016	
790.260000	0.000000804290	
790.460000	0.000000803563	
790.660000	0.000000802838	
790.860000	0.000000802113	
791.060000	0.000000801388	
791.260000	0.000000800664	
791.460000	0.000000799940	
791.660000	0.000000799217	
791.860000	0.000000798495	
792.060000	0.000000797773	
792.260000	0.000000797051	
792.460000	0.000000796331	
792.660000	0.000000795610	
792.860000	0.000000794890	
793.060000	0.000000794171	
793.260000	0.000000793452	
793.460000	0.000000792733	
793.660000	0.000000792016	
793.860000	0.000000791298	
794.060000	0.000000790582	
794.260000	0.000000789865	
794.460000	0.000000789149	
794.660000	0.000000788434	
794.860000	0.000000787719	
795.060000	0.000000787005	
795.260000	0.000000786292	
795.460000	0.000000785578	
795.660000	0.000000784866	
795.860000	0.000000784154	
796.060000	0.000000783442	
796.260000	0.000000782731	
796.460000	0.000000782020	
796.660000	0.000000781310	
796.860000	0.000000780601	
797.060000	0.000000779892	
797.260000	0.000000779183	
797.460000	0.000000778475	
797.660000	0.000000777768	
797.860000	0.000000777061	
798.060000	0.000000776354	
798.260000	0.000000775648	
798.460000	0.000000774943	
798.660000	0.000000774238	
798.860000	0.000000773534	
799.060000	0.000000772830	
799.260000	0.000000772127	
799.460000	0.000000771424	
799.660000	0.000000770722	
799.860000	0.000000770020	
800.060000	0.000000769319	
800.260000	0.000000768618	
800.460000	0.000000767918	
800.660000	0.000000767218	
800.860000	0.000000766519	
801.060000	0.000000765820	
801.260000	0.000000765122	
801.460000	0.000000764425	
801.660000	0.000000763728	
801.860000	0.000000763031	
802.060000	0.000000762335	
802.260000	0.000000761640	
802.460000	0.000000760945	
802.660000	0.000000760250	
802.860000	0.000000759556	
803.060000	0.000000758863	
803.260000	0.000000758170	
803.460000	0.000000757478	
803.660000	0.000000756786	
803.860000	0.000000756094	
804.060000	0.000000755404	
804.260000	0.000000754713	
804.460000	0.000000754024	
804.660000	0.000000753334	
804.860000	0.000000752646	
805.060000	0.000000751957	
805.260000	0.000000751270	
805.460000	0.000000750582	
805.660000	0.000000749896	
805.860000	0.000000749210	
806.060000	0.000000748524	
806.260000	0.000000747839	
806.460000	0.000000747155	
806.660000	0.000000746470	
806.860000	0.000000745787	
807.060000	0.000000745104	
807.260000	0.000000744422	
807.460000	0.000000743740	
807.660000	0.000000743058	
807.860000	0.000000742377	
808.060000	0.000000741697	
808.260000	0.000000741017	
808.460000	0.000000740338	
808.660000	0.000000739659	
808.860000	0.000000738981	
809.060000	0.000000738303	
809.260000	0.000000737626	
809.460000	0.000000736949	
809.660000	0.000000736273	
809.860000	0.000000735597	
810.060000	0.000000734922	
810.260000	0.000000734247	
810.460000	0.000000733573	
810.660000	0.000000732900	
810.860000	0.000000732227	
811.060000	0.000000731554	
811.260000	0.000000730882	
811.460000	0.000000730211	
811.660000	0.000000729540	
811.860000	0.000000728870	
812.060000	0.000000728200	
812.260000	0.000000727531	
812.460000	0.000000726930	
812.660000	0.000000728796	
812.860000	0.000000735355	
813.060000	0.000000747655	
813.260000	0.000000765471	
813.460000	0.000000786645	
813.660000	0.000000808145	
813.860000	0.000000827607	
814.060000	0.000000843553	
814.260000	0.000000855509	
814.460000	0.000000864071	
814.660000	0.000000870303	
814.860000	0.000000875082	
815.060000	0.000000878914	
815.260000	0.000000882060	
815.460000	0.000000884665	
815.660000	0.000000886826	
815.860000	0.000000888609	
835.280000	0.000000830779	
835.480000	0.000000830024	
835.680000	0.000000829270	
835.880000	0.000000828516	
836.080000	0.000000827763	
836.280000	0.000000827011	
836.480000	0.000000826259	
836.680000	0.000000825508	
836.880000	0.000000824757	
837.080000	0.000000824007	
837.280000	0.000000823257	
837.480000	0.000000822508	
837.680000	0.000000821759	
837.880000	0.000000821011	
838.080000	0.000000820264	
838.280000	0.000000819517	
838.480000	0.000000818770	
838.680000	0.000000818025	
838.880000	0.000000817279	
839.080000	0.000000816535	
839.280000	0.000000815790	
839.480000	0.000000815047	
839.680000	0.000000814304	
839.880000	0.000000813561	
840.080000	0.000000812819	
840.280000	0.000000812078	
840.480000	0.000000811337	
840.680000	0.000000810597	
840.880000	0.000000809857	
841.080000	0.000000809118	
841.280000	0.000000808380	
841.480000	0.000000807642	
841.680000	0.000000806904	
841.880000	0.000000806167	
842.080000	0.000000805431	
842.280000	0.000000804695	
842.480000	0.000000803960	
842.680000	0.000000803225	
842.880000	0.000000802491	
843.080000	0.000000801757	
843.280000	0.000000801024	
843.480000	0.000000800292	
843.680000	0.000000799560	
843.880000	0.000000798829	
844.080000	0.000000798098	
844.280000	0.000000797368	
844.480000	0.000000796638	
844.680000	0.000000795909	
844.880000	0.000000795180	
845.080000	0.000000794452	
845.280000	0.000000793725	
845.480000	0.000000792998	
845.680000	0.000000792271	
845.880000	0.000000791545	
846.080000	0.000000790820	
846.280000	0.000000790096	
846.480000	0.000000789371	
846.680000	0.000000788648	
846.880000	0.000000787925	
847.080000	0.000000787202	
847.280000	0.000000786480	
847.480000	0.000000785759	
847.680000	0.000000785038	
847.880000	0.000000784318	
848.080000	0.000000783598	
848.280000	0.000000782879	
848.480000	0.000000782160	
848.680000	0.000000781442	
848.880000	0.000000780725	
849.080000	0.000000780008	
849.280000	0.000000779291	
849.480000	0.000000778576	
849.680000	0.000000777860	
849.880000	0.000000777145	
850.080000	0.000000776431	
850.280000	0.000000775718	
850.480000	0.000000775005	
850.680000	0.000000774292	
850.880000	0.000000773580	
851.080000	0.000000772869	
851.280000	0.000000772158	
851.480000	0.000000771447	
851.680000	0.000000770738	
851.880000	0.000000770028	
852.080000	0.000000769320	
852.280000	0.000000768612	
852.480000	0.000000767904	
852.680000	0.000000767197	
852.880000	0.000000766491	
853.080000	0.000000765785	
853.280000	0.000000765079	
853.480000	0.000000764375	
853.680000	0.000000763670	
853.880000	0.000000762967	
854.080000	0.000000762264	
854.280000	0.000000761561	
854.480000	0.000000760859	
854.680000	0.000000760157	
854.880000	0.000000759457	
855.080000	0.000000758756	
855.280000	0.000000758056	
855.480000	0.000000757357	
855.680000	0.000000756658	
855.880000	0.000000755960	
856.080000	0.000000755263	
856.280000	0.000000754565	
856.480000	0.000000753869	
856.680000	0.000000753173	
856.880000	0.000000752477	
857.080000	0.000000751783	
857.280000	0.000000751088	
857.480000	0.000000750395	
857.680000	0.000000749701	
857.880000	0.000000749009	
858.080000	0.000000748316	
858.280000	0.000000747625	
858.480000	0.000000746934	
858.680000	0.000000746243	
858.880000	0.000000745553	
859.080000	0.000000744864	
859.280000	0.000000744175	
859.480000	0.000000743487	
859.680000	0.000000742799	
859.880000	0.000000742112	
860.080000	0.000000741425	
860.280000	0.000000740739	
860.480000	0.000000740054	
860.680000	0.000000739369	
860.880000	0.000000738684	
861.080000	0.000000738000	
861.280000	0.000000737317	
861.480000	0.000000736634	
861.680000	0.000000735952	
861.880000	0.000000735270	
862.080000	0.000000734589	
862.280000	0.000000733908	
862.480000	0.000000733228	
862.680000	0.000000732549	
862.880000	0.000000731870	
863.080000	0.000000731191	
863.280000	0.000000730514	
863.480000	0.000000729836	
863.680000	0.000000729159	
863.880000	0.000000728483	
864.080000	0.000000727807	
864.280000	0.000000727132	
864.480000	0.000000726458	
864.680000	0.000000725784	
864.880000	0.000000725110	
865.080000	0.000000724437	
865.280000	0.000000723765	
865.480000	0.000000723093	
865.680000	0.000000722421	
865.880000	0.000000721751	
866.080000	0.000000721080	
866.280000	0.000000720411	
866.480000	0.000000719741	
866.680000	0.000000719073	
866.880000	0.000000718405	
867.080000	0.000000717737	
867.280000	0.000000717070	
867.480000	0.000000716404	
867.680000	0.000000715738	
867.880000	0.000000715073	
868.080000	0.000000714408	
868.280000	0.000000713743	
868.480000	0.000000713080	
868.680000	0.000000712416	
868.880000	0.000000711754	
869.080000	0.000000711092	
869.280000	0.000000710430	
869.480000	0.000000709769	
869.680000	0.000000709109	
869.880000	0.000000708449	
870.080000	0.000000707789	
870.280000	0.000000707130	
870.480000	0.000000706472	
870.680000	0.000000705814	
870.880000	0.000000705157	
871.080000	0.000000704500	
871.280000	0.000000703844	
871.480000	0.000000703189	
871.680000	0.000000702534	
871.880000	0.000000701879	
872.080000	0.000000701225	
872.280000	0.000000700572	
872.480000	0.000000699919	
872.680000	0.000000699266	
872.880000	0.000000698615	
873.080000	0.000000697963	
873.280000	0.000000697313	
873.480000	0.000000696662	
873.680000	0.000000696013	
873.880000	0.000000695364	
874.080000	0.000000694715	
874.280000	0.000000694067	
874.480000	0.000000693420	
874.680000	0.000000692773	
874.880000	0.000000692127	
875.080000	0.000000691481	
875.280000	0.000000690843	
875.480000	0.000000691556	
875.680000	0.000000696583	
875.880000	0.000000707065	
876.080000	0.000000723503	
876.280000	0.000000744314	
876.480000	0.000000766444	
876.680000	0.000000787098	
876.880000	0.000000804489	
877.080000	0.000000817864	
877.280000	0.000000827580	
877.480000	0.000000834667	
877.680000	0.000000840080	
877.880000	0.000000844415	
878.080000	0.000000847979	
878.280000	0.000000850944	
878.480000	0.000000853418	
878.680000	0.000000855477	
898.680000	0.000000799404	
914.240000	0.000000744155	
914.440000	0.000000743466	
914.640000	0.000000742778	
914.840000	0.000000742091	
915.040000	0.000000741404	
915.240000	0.000000740718	
915.440000	0.000000740032	
915.640000	0.000000739347	
915.840000	0.000000738663	
916.040000	0.000000737979	
916.240000	0.000000737295	
916.440000	0.000000736612	
916.640000	0.000000735930	
916.840000	0.000000735248	
917.040000	0.000000734566	
917.240000	0.000000733886	
917.440000	0.000000733205	
917.640000	0.000000732526	
917.840000	0.000000731847	
918.040000	0.000000731168	
918.240000	0.000000730490	
918.440000	0.000000729813	
918.640000	0.000000729136	
918.840000	0.000000728459	
919.040000	0.000000727783	
919.240000	0.000000727108	
919.440000	0.000000726433	
919.640000	0.000000725759	
919.840000	0.000000725085	
920.040000	0.000000724412	
920.240000	0.000000723739	
920.440000	0.000000723067	
920.640000	0.000000722396	
920.840000	0.000000721725	
921.040000	0.000000721054	
921.240000	0.000000720385	
921.440000	0.000000719715	
921.640000	0.000000719046	
921.840000	0.000000718378	
922.040000	0.000000717710	
922.240000	0.000000717043	
922.440000	0.000000716377	
922.640000	0.000000715711	
922.840000	0.000000715045	
923.040000	0.000000714380	
923.240000	0.000000713715	
923.440000	0.000000713051	
923.640000	0.000000712388	
923.840000	0.000000711725	
924.040000	0.000000711063	
924.240000	0.000000710401	
924.440000	0.000000709740	
924.640000	0.000000709079	
924.840000	0.000000708419	
925.040000	0.000000707759	
925.240000	0.000000707100	
925.440000	0.000000706442	
925.640000	0.000000705784	
925.840000	0.000000705126	
926.040000	0.000000704469	
926.240000	0.000000703813	
926.440000	0.000000703157	
926.640000	0.000000702502	
926.840000	0.000000701847	
927.040000	0.000000701193	
927.240000	0.000000700539	
927.440000	0.000000699886	
927.640000	0.000000699233	
927.840000	0.000000698581	
928.040000	0.000000697929	
928.240000	0.000000697278	
928.440000	0.000000696628	
928.640000	0.000000695978	
928.840000	0.000000695329	
929.040000	0.000000694680	
929.240000	0.000000694031	
929.440000	0.000000693383	
929.640000	0.000000692736	
929.840000	0.000000692089	
930.040000	0.000000691443	
930.240000	0.000000690798	
930.440000	0.000000690152	
930.640000	0.000000689508	
930.840000	0.000000688864	
931.040000	0.000000688220	
931.240000	0.000000687577	
931.440000	0.000000686935	
931.640000	0.000000686293	
931.840000	0.000000685651	
932.040000	0.000000685010	
932.240000	0.000000684370	
932.440000	0.000000683730	
932.640000	0.000000683091	
932.840000	0.000000682452	
933.040000	0.000000681814	
933.240000	0.000000681176	
933.440000	0.000000680539	
933.640000	0.000000679902	
933.840000	0.000000679266	
934.040000	0.000000678630	
934.240000	0.000000677995	
934.440000	0.000000677361	
934.640000	0.000000676727	
934.840000	0.000000676093	
935.040000	0.000000675460	
935.240000	0.000000674828	
935.440000	0.000000674196	
935.640000	0.000000673565	
935.840000	0.000000672934	
936.040000	0.000000672303	
936.240000	0.000000671674	
936.440000	0.000000671044	
936.640000	0.000000670416	
936.840000	0.000000669787	
937.040000	0.000000669160	
937.240000	0.000000668532	
937.440000	0.000000667906	
937.640000	0.000000667280	
937.840000	0.000000666654	
938.040000	0.000000666029	
938.240000	0.000000665404	
938.440000	0.000000664780	
938.640000	0.000000664157	
938.840000	0.000000663534	
939.040000	0.000000662912	
939.240000	0.000000662290	
939.440000	0.000000661668	
939.640000	0.000000661047	
939.840000	0.000000660427	
940.040000	0.000000659807	
940.240000	0.000000659188	
940.440000	0.000000658569	
940.640000	0.000000657951	
940.840000	0.000000657333	
941.040000	0.000000656716	
941.240000	0.000000656099	
941.440000	0.000000655483	
941.640000	0.000000654867	
941.840000	0.000000654252	
942.040000	0.000000653637	
942.240000	0.000000653023	
942.440000	0.000000652410	
942.640000	0.000000651797	
942.840000	0.000000651184	
943.040000	0.000000650572	
943.240000	0.000000649960	
943.440000	0.000000649349	
943.640000	0.000000648739	
943.840000	0.000000648129	
944.040000	0.000000647519	
944.240000	0.000000646911	
944.440000	0.000000646302	
944.640000	0.000000645694	
944.840000	0.000000645087	
945.040000	0.000000644480	
965.040000	0.000000586350	
985.040000	0.000000533089	
1005.040000	0.000000484391	
1025.040000	0.000000439937	
1045.040000	0.000000399407	
1065.040000	0.000000362493	
1085.040000	0.000000328899	
1105.040000	0.000000298347	
1125.040000	0.000000270576	
1145.040000	0.000000245345	
1165.040000	0.000000222430	
1185.040000	0.000000201625	
1205.040000	0.000000182742	
1225.040000	0.000000165607	
1245.040000	0.000000150062	
1265.040000	0.000000135962	
1285.040000	0.000000123175	
1305.040000	0.000000111580	
1325.040000	0.000000101069	
1345.040000	0.000000091541	
1365.040000	0.000000082905	
1385.040000	0.000000075079	
1405.040000	0.000000067987	
1425.040000	0.000000061562	
1445.040000	0.000000055741	
1465.040000	0.000000050467	
1485.040000	0.000000045691	
1505.040000	0.000000041364	
1525.040000	0.000000037446	
1545.040000	0.000000033897	
1565.040000	0.000000030684	
1585.040000	0.000000027774	
1605.040000	0.000000025140	
1625.040000	0.000000022754	
1645.040000	0.000000020595	
1665.040000	0.000000018640	
1685.040000	0.000000016870	
1705.040000	0.000000015268	
1725.040000	0.000000013818	
1745.040000	0.000000012506	
1765.040000	0.000000011318	
1785.040000	0.000000010243	
1805.040000	0.000000009270	
1825.040000	0.000000008390	
1845.040000	0.000000007593	
1865.040000	0.000000006872	
1885.040000	0.000000006219	
1905.040000	0.000000005629	
1925.040000	0.000000005095	
1945.040000	0.000000004611	
1965.040000	0.000000004174	
1985.040000	0.000000003778	
2005.040000	0.000000003420	
2025.040000	0.000000003096	
2045.040000	0.000000002803	
2065.040000	0.000000002538	
2085.040000	0.000000002298	
2105.040000	0.000000002081	
2125.040000	0.000000001885	
2145.040000	0.000000001708	
2165.040000	0.000000001547	
2185.040000	0.000000001402	
2205.040000	0.000000001270	
2225.040000	0.000000001151	
2245.040000	0.000000001044	
2265.040000	0.000000000946	
2285.040000	0.000000000858	
2305.040000	0.000000000779	
2325.040000	0.000000000707	
2345.040000	0.000000000642	
2365.040000	0.000000000583	
2385.040000	0.000000000529	
2405.040000	0.000000000481	
2425.040000	0.000000000438	
2445.040000	0.000000000398	
2465.040000	0.000000000362	
2485.040000	0.000000000330	
