0.000000	4.500000000000	
20.000000	4.500006348008	
40.000000	4.500019837488	
60.000000	4.500034810098	
80.000000	4.500049906410	
100.000000	4.500064990685	
120.000000	4.517842926256	
140.000000	4.550014406674	
160.000000	4.589669366938	
180.000000	4.633742111244	
200.000000	4.680178745372	
220.000000	4.728138837287	
240.000000	4.777216019164	
260.000000	4.827166833958	
280.000000	4.877818423460	
300.000000	4.929034943228	
320.000000	4.980703903757	
340.000000	5.032333119466	
360.000000	5.083962548302	
380.000000	5.135681458146	
400.000000	5.187493154760	
420.000000	5.239370790507	
440.000000	5.291279861744	
460.000000	5.343186886491	
480.000000	5.395062822502	
500.000000	5.446884829539	
520.000000	5.495717830883	
540.000000	5.540594951601	
554.860000	5.571627218049	
555.060000	5.572035498343	
555.260000	5.572443969801	
555.460000	5.572852778782	
555.660000	5.573262159586	
555.860000	5.573672539872	
556.060000	5.574084923950	
556.260000	5.574505120086	
556.460000	5.574991172795	
556.660000	5.575576163526	
556.860000	5.576433756195	
557.060000	5.577778659308	
557.260000	5.579224857445	
557.460000	5.580599995164	
557.660000	5.581855696397	
557.860000	5.583012831177	
558.060000	5.584099452004	
558.260000	5.585115098896	
558.460000	5.586044347672	
558.660000	5.586865091077	
558.860000	5.587551241122	
559.060000	5.588146313596	
559.260000	5.588691239617	
579.260000	5.631836213344	
588.040000	5.648306511875	
588.240000	5.648669653044	
588.440000	5.649032320103	
588.640000	5.649394517401	
588.840000	5.649756249346	
589.040000	5.650117520421	
589.240000	5.650478335182	
589.440000	5.650838698275	
589.640000	5.651198614441	
589.840000	5.651558088528	
590.040000	5.651917125507	
590.240000	5.652275730481	
590.440000	5.652633908703	
590.640000	5.652991665595	
590.840000	5.653349006770	
591.040000	5.653705938052	
591.240000	5.654062465505	
591.440000	5.654418595467	
591.640000	5.654774334586	
591.840000	5.655129689860	
592.040000	5.655484668693	
592.240000	5.655839278955	
592.440000	5.656193529052	
592.640000	5.656547428017	
592.840000	5.656900985616	
593.040000	5.657254212481	
593.240000	5.657607120271	
593.440000	5.657959721882	
593.640000	5.658312031707	
593.840000	5.658664065977	
594.040000	5.659015843211	
594.240000	5.659367384814	
594.440000	5.659718715906	
594.640000	5.660069866482	
594.840000	5.660420873105	
595.040000	5.660771781453	
595.240000	5.661122650344	
595.440000	5.661473558445	
595.640000	5.661824616368	
595.840000	5.662175990751	
596.040000	5.662527959932	
596.240000	5.662881078824	
596.440000	5.663237024938	
596.640000	5.663618127302	
596.840000	5.664078801776	
597.040000	5.664706173720	
597.240000	5.665772501684	
597.440000	5.666979234549	
597.640000	5.668147819898	
597.840000	5.669220287192	
598.040000	5.670201712765	
598.240000	5.671122803996	
598.440000	5.671991600214	
598.640000	5.672800445654	
598.840000	5.673534574356	
599.040000	5.674170424501	
599.240000	5.674719762012	
599.440000	5.675220643863	
599.640000	5.675691641337	
619.160000	5.712502213700	
619.360000	5.712834724553	
619.560000	5.713166568783	
619.760000	5.713497751802	
619.960000	5.713828279009	
620.160000	5.714158155792	
620.360000	5.714487387527	
620.560000	5.714815979584	
620.760000	5.715143937324	
620.960000	5.715471266104	
621.160000	5.715797971276	
621.360000	5.716124058194	
621.560000	5.716449532211	
621.760000	5.716774398682	
621.960000	5.717098662973	
622.160000	5.717422330454	
622.360000	5.717745406509	
622.560000	5.718067896536	
622.760000	5.718389805954	
622.960000	5.718711140200	
623.160000	5.719031904743	
623.360000	5.719352105077	
623.560000	5.719671746737	
623.760000	5.719990835297	
623.960000	5.720309376378	
624.160000	5.720627375656	
624.360000	5.720944838868	
624.560000	5.721261771819	
624.760000	5.721578180395	
624.960000	5.721894070568	
625.160000	5.722209448410	
625.360000	5.722524320107	
625.560000	5.722838691970	
625.760000	5.723152570452	
625.960000	5.723465962171	
626.160000	5.723778873922	
626.360000	5.724091312710	
626.560000	5.724403285774	
626.760000	5.724714800617	
626.960000	5.725025865050	
627.160000	5.725336487229	
627.360000	5.725646675713	
627.560000	5.725956439521	
627.760000	5.726265788213	
627.960000	5.726574731973	
628.160000	5.726883281725	
628.360000	5.727191449264	
628.560000	5.727499247428	
628.760000	5.727806690313	
628.960000	5.728113793541	
629.160000	5.728420574623	
629.360000	5.728727053428	
629.560000	5.729033252820	
629.760000	5.729339199546	
629.960000	5.729644925497	
630.160000	5.729950469563	
630.360000	5.730255880489	
630.560000	5.730561221478	
630.760000	5.730866578120	
630.960000	5.731172073282	
631.160000	5.731477898649	
631.360000	5.731784395432	
631.560000	5.732092346539	
631.760000	5.732406301039	
631.960000	5.732769617112	
632.160000	5.733227658128	
632.360000	5.734016201720	
632.560000	5.735027361345	
632.760000	5.736044849003	
632.960000	5.736989661197	
633.160000	5.737850075409	
633.360000	5.738651584922	
633.560000	5.739410785407	
633.760000	5.740126678659	
633.960000	5.740790270838	
634.160000	5.741385313580	
634.360000	5.741902065087	
634.560000	5.742368318734	
634.760000	5.742804094968	
634.960000	5.743220401954	
635.160000	5.743625096630	
650.340000	5.769616467169	
650.540000	5.769919647089	
650.740000	5.770222037249	
650.940000	5.770523644178	
651.140000	5.770824474372	
651.340000	5.771124534289	
651.540000	5.771423830354	
651.740000	5.771722368961	
651.940000	5.772020156471	
652.140000	5.772317199216	
652.340000	5.772613503500	
652.540000	5.772909075600	
652.740000	5.773203921766	
652.940000	5.773498048224	
653.140000	5.773791461178	
653.340000	5.774084166809	
653.540000	5.774376171280	
653.740000	5.774667480733	
653.940000	5.774958101294	
654.140000	5.775248039076	
654.340000	5.775537300175	
654.540000	5.775825890678	
654.740000	5.776113816662	
654.940000	5.776401084197	
655.140000	5.776687699346	
655.340000	5.776973668171	
655.540000	5.777258996733	
655.740000	5.777543691098	
655.940000	5.777827757335	
656.140000	5.778111201523	
656.340000	5.778394029752	
656.540000	5.778676248131	
656.740000	5.778957862788	
656.940000	5.779238879874	
657.140000	5.779519305573	
657.340000	5.779799146103	
657.540000	5.780078407722	
657.740000	5.780357096737	
657.940000	5.780635219510	
658.140000	5.780912782467	
658.340000	5.781189792103	
658.540000	5.781466254998	
658.740000	5.781742177825	
658.940000	5.782017567363	
659.140000	5.782292430509	
659.340000	5.782566774299	
659.540000	5.782840605924	
659.740000	5.783113932749	
659.940000	5.783386762340	
660.140000	5.783659102491	
660.340000	5.783930961257	
660.540000	5.784202346990	
660.740000	5.784473268386	
660.940000	5.784743734536	
661.140000	5.785013754988	
661.340000	5.785283339826	
661.540000	5.785552499758	
661.740000	5.785821246229	
661.940000	5.786089591560	
662.140000	5.786357549121	
662.340000	5.786625133555	
662.540000	5.786892361053	
662.740000	5.787159249735	
662.940000	5.787425820138	
663.140000	5.787692095897	
663.340000	5.787958104689	
663.540000	5.788223879598	
663.740000	5.788489461160	
663.940000	5.788754900563	
664.140000	5.789020264941	
664.340000	5.789285646821	
664.540000	5.789551182740	
664.740000	5.789817095768	
664.940000	5.790083819609	
665.140000	5.790352622049	
665.340000	5.790639643011	
665.540000	5.790989247380	
665.740000	5.791521414620	
665.940000	5.792344628760	
666.140000	5.793229106894	
666.340000	5.794070033366	
666.540000	5.794837982884	
666.740000	5.795544675583	
666.940000	5.796213143980	
667.140000	5.796848841852	
667.340000	5.797447323529	
667.540000	5.797998718017	
667.740000	5.798487796473	
667.940000	5.798924211720	
668.140000	5.799329389539	
668.340000	5.799713915557	
668.540000	5.800085445840	
668.740000	5.800448989343	
682.000000	5.820985212475	
682.200000	5.821258417687	
682.400000	5.821530765562	
682.600000	5.821802263378	
682.800000	5.822072918360	
683.000000	5.822342737678	
683.200000	5.822611728456	
683.400000	5.822879897768	
683.600000	5.823147252640	
683.800000	5.823413800055	
684.000000	5.823679546952	
684.200000	5.823944500229	
684.400000	5.824208666741	
684.600000	5.824472053305	
684.800000	5.824734666701	
685.000000	5.824996513672	
685.200000	5.825257600924	
685.400000	5.825517935132	
685.600000	5.825777522935	
685.800000	5.826036370942	
686.000000	5.826294485734	
686.200000	5.826551873858	
686.400000	5.826808541839	
686.600000	5.827064496171	
686.800000	5.827319743327	
687.000000	5.827574289755	
687.200000	5.827828141880	
687.400000	5.828081306111	
687.600000	5.828333788834	
687.800000	5.828585596422	
688.000000	5.828836735229	
688.200000	5.829087211601	
688.400000	5.829337031871	
688.600000	5.829586202362	
688.800000	5.829834729395	
689.000000	5.830082619283	
689.200000	5.830329878343	
689.400000	5.830576512890	
689.600000	5.830822529249	
689.800000	5.831067933750	
690.000000	5.831312732740	
690.200000	5.831556932580	
690.400000	5.831800539654	
690.600000	5.832043560372	
690.800000	5.832286001179	
691.000000	5.832527868555	
691.200000	5.832769169027	
691.400000	5.833009909173	
691.600000	5.833250095631	
691.800000	5.833489735112	
692.000000	5.833728834404	
692.200000	5.833967400386	
692.400000	5.834205440044	
692.600000	5.834442960481	
692.800000	5.834679968937	
693.000000	5.834916472806	
693.200000	5.835152479659	
693.400000	5.835387997267	
693.600000	5.835623033634	
693.800000	5.835857597028	
694.000000	5.836091696019	
694.200000	5.836325339531	
694.400000	5.836558536894	
694.600000	5.836791297911	
694.800000	5.837023632940	
695.000000	5.837255552991	
695.200000	5.837487069848	
695.400000	5.837718196222	
695.600000	5.837948945938	
695.800000	5.838179334183	
696.000000	5.838409377823	
696.200000	5.838639095828	
696.400000	5.838868509839	
696.600000	5.839097644971	
696.800000	5.839326530941	
697.000000	5.839555203758	
697.200000	5.839783708318	
697.400000	5.840012102648	
697.600000	5.840240465304	
697.800000	5.840468909587	
698.000000	5.840697614739	
698.200000	5.840926911130	
698.400000	5.841157642256	
698.600000	5.841398198806	
698.800000	5.841687384807	
699.000000	5.842110816501	
699.200000	5.842799723019	
699.400000	5.843558847105	
699.600000	5.844288162521	
699.800000	5.844956178841	
700.000000	5.845569300995	
700.200000	5.846149402647	
700.400000	5.846703862198	
700.600000	5.847230122959	
700.800000	5.847720742908	
701.000000	5.848162837925	
701.200000	5.848559801495	
701.400000	5.848929157566	
701.600000	5.849279972673	
701.800000	5.849618658702	
702.000000	5.849949682226	
702.200000	5.850275684114	
714.860000	5.867820403738	
715.060000	5.868062150081	
715.260000	5.868303019039	
715.460000	5.868543018210	
715.660000	5.868782155133	
715.860000	5.869020437288	
716.060000	5.869257872095	
716.260000	5.869494466920	
716.460000	5.869730229076	
716.660000	5.869965165822	
716.860000	5.870199284366	
717.060000	5.870432591868	
717.260000	5.870665095438	
717.460000	5.870896802141	
717.660000	5.871127718995	
717.860000	5.871357852973	
718.060000	5.871587211006	
718.260000	5.871815799982	
718.460000	5.872043626746	
718.660000	5.872270698106	
718.860000	5.872497020826	
719.060000	5.872722601637	
719.260000	5.872947447228	
719.460000	5.873171564255	
719.660000	5.873394959336	
719.860000	5.873617639056	
720.060000	5.873839609968	
720.260000	5.874060878590	
720.460000	5.874281451410	
720.660000	5.874501334888	
720.860000	5.874720535452	
721.060000	5.874939059504	
721.260000	5.875156913421	
721.460000	5.875374103552	
721.660000	5.875590636225	
721.860000	5.875806517745	
722.060000	5.876021754396	
722.260000	5.876236352445	
722.460000	5.876450318140	
722.660000	5.876663657714	
722.860000	5.876876377389	
723.060000	5.877088483374	
723.260000	5.877299981869	
723.460000	5.877510879069	
723.660000	5.877721181166	
723.860000	5.877930894351	
724.060000	5.878140024816	
724.260000	5.878348578761	
724.460000	5.878556562396	
724.660000	5.878763981942	
724.860000	5.878970843641	
725.060000	5.879177153757	
725.260000	5.879382918584	
725.460000	5.879588144447	
725.660000	5.879792837714	
725.860000	5.879997004803	
726.060000	5.880200652183	
726.260000	5.880403786393	
726.460000	5.880606414046	
726.660000	5.880808541838	
726.860000	5.881010176569	
727.060000	5.881211325150	
727.260000	5.881411994622	
727.460000	5.881612192177	
727.660000	5.881811925173	
727.860000	5.882011201168	
728.060000	5.882210027942	
728.260000	5.882408413533	
728.460000	5.882606366276	
728.660000	5.882803894851	
728.860000	5.883001008339	
729.060000	5.883197716288	
729.260000	5.883394028796	
729.460000	5.883589956610	
729.660000	5.883785511249	
729.860000	5.883980705162	
730.060000	5.884175551922	
730.260000	5.884370066484	
730.460000	5.884564265514	
730.660000	5.884758167842	
730.860000	5.884951795068	
731.060000	5.885145172428	
731.260000	5.885338330046	
731.460000	5.885531304821	
731.660000	5.885724143428	
731.860000	5.885916907358	
732.060000	5.886109682144	
732.260000	5.886302596218	
732.460000	5.886495866781	
732.660000	5.886689951566	
732.860000	5.886886767135	
733.060000	5.887109773919	
733.260000	5.887401134890	
733.460000	5.887916692294	
733.660000	5.888554179635	
733.860000	5.889191340518	
734.060000	5.889782961253	
734.260000	5.890323201216	
734.460000	5.890830097707	
734.660000	5.891316305436	
734.860000	5.891782444770	
735.060000	5.892223748237	
735.260000	5.892630530319	
735.460000	5.892997328254	
735.660000	5.893336915091	
735.860000	5.893658734983	
736.060000	5.893968326045	
736.260000	5.894269990444	
736.460000	5.894566402042	
736.660000	5.894859118976	
749.940000	5.911053762994	
750.140000	5.911261468474	
750.340000	5.911468324384	
750.540000	5.911674338183	
750.740000	5.911879517268	
750.940000	5.912083868982	
751.140000	5.912287400611	
751.340000	5.912490119388	
751.540000	5.912692032492	
751.740000	5.912893147047	
751.940000	5.913093470131	
752.140000	5.913293008766	
752.340000	5.913491769928	
752.540000	5.913689760543	
752.740000	5.913886987490	
752.940000	5.914083457599	
753.140000	5.914279177654	
753.340000	5.914474154395	
753.540000	5.914668394513	
753.740000	5.914861904660	
753.940000	5.915054691438	
754.140000	5.915246761410	
754.340000	5.915438121096	
754.540000	5.915628776972	
754.740000	5.915818735474	
754.940000	5.916008002999	
755.140000	5.916196585900	
755.340000	5.916384490494	
755.540000	5.916571723059	
755.740000	5.916758289833	
755.940000	5.916944197019	
756.140000	5.917129450783	
756.340000	5.917314057253	
756.540000	5.917498022526	
756.740000	5.917681352661	
756.940000	5.917864053686	
757.140000	5.918046131596	
757.340000	5.918227592355	
757.540000	5.918408441894	
757.740000	5.918588686118	
757.940000	5.918768330901	
758.140000	5.918947382091	
758.340000	5.919125845509	
758.540000	5.919303726952	
758.740000	5.919481032193	
758.940000	5.919657766982	
759.140000	5.919833937050	
759.340000	5.920009548109	
759.540000	5.920184605852	
759.740000	5.920359115959	
759.940000	5.920533084093	
760.140000	5.920706515909	
760.340000	5.920879417053	
760.540000	5.921051793161	
760.740000	5.921223649869	
760.940000	5.921394992809	
761.140000	5.921565827617	
761.340000	5.921736159934	
761.540000	5.921905995408	
761.740000	5.922075339703	
761.940000	5.922244198500	
762.140000	5.922412577501	
762.340000	5.922580482437	
762.540000	5.922747919072	
762.740000	5.922914893210	
762.940000	5.923081410704	
763.140000	5.923247477462	
763.340000	5.923413099455	
763.540000	5.923578282730	
763.740000	5.923743033420	
763.940000	5.923907357759	
764.140000	5.924071262092	
764.340000	5.924234752896	
764.540000	5.924397836801	
764.740000	5.924560520604	
764.940000	5.924722811305	
765.140000	5.924884716130	
765.340000	5.925046242569	
765.540000	5.925207398420	
765.740000	5.925368191833	
765.940000	5.925528631376	
766.140000	5.925688726103	
766.340000	5.925848485646	
766.540000	5.926007920322	
766.740000	5.926167041272	
766.940000	5.926325860633	
767.140000	5.926484391766	
767.340000	5.926642649544	
767.540000	5.926800650750	
767.740000	5.926958414606	
767.940000	5.927115963534	
768.140000	5.927273324234	
768.340000	5.927430529332	
768.540000	5.927587619964	
768.740000	5.927744650114	
768.940000	5.927901694499	
769.140000	5.928058864597	
769.340000	5.928216347293	
769.540000	5.928374531086	
769.740000	5.928534982182	
769.940000	5.928717329923	
770.140000	5.928961376703	
770.340000	5.929400204510	
770.540000	5.929935693036	
770.740000	5.930469852352	
770.940000	5.930966525437	
771.140000	5.931421302503	
771.340000	5.931850156622	
771.540000	5.932264185456	
771.740000	5.932663848049	
771.940000	5.933044813038	
772.140000	5.933398603079	
772.340000	5.933721213341	
772.540000	5.934022721182	
772.740000	5.934310035706	
772.940000	5.934587342210	
773.140000	5.934857991240	
773.340000	5.935124082154	
773.540000	5.935386847878	
773.740000	5.935647006103	
788.860000	5.951405399928	
789.060000	5.951575448072	
789.260000	5.951744722585	
789.460000	5.951913230372	
789.660000	5.952080978281	
789.860000	5.952247973110	
790.060000	5.952414221605	
790.260000	5.952579730462	
790.460000	5.952744506322	
790.660000	5.952908555779	
790.860000	5.953071885377	
791.060000	5.953234501608	
791.260000	5.953396410916	
791.460000	5.953557619698	
791.660000	5.953718134299	
791.860000	5.953877961018	
792.060000	5.954037106106	
792.260000	5.954195575766	
792.460000	5.954353376155	
792.660000	5.954510513382	
792.860000	5.954666993511	
793.060000	5.954822822558	
793.260000	5.954978006496	
793.460000	5.955132551249	
793.660000	5.955286462701	
793.860000	5.955439746686	
794.060000	5.955592408998	
794.260000	5.955744455384	
794.460000	5.955895891551	
794.660000	5.956046723159	
794.860000	5.956196955829	
795.060000	5.956346595136	
795.260000	5.956495646615	
795.460000	5.956644115761	
795.660000	5.956792008024	
795.860000	5.956939328818	
796.060000	5.957086083513	
796.260000	5.957232277442	
796.460000	5.957377915896	
796.660000	5.957523004131	
796.860000	5.957667547360	
797.060000	5.957811550763	
797.260000	5.957955019479	
797.460000	5.958097958614	
797.660000	5.958240373235	
797.860000	5.958382268376	
798.060000	5.958523649033	
798.260000	5.958664520171	
798.460000	5.958804886721	
798.660000	5.958944753579	
798.860000	5.959084125612	
799.060000	5.959223007654	
799.260000	5.959361404509	
799.460000	5.959499320951	
799.660000	5.959636761726	
799.860000	5.959773731552	
800.060000	5.959910235119	
800.260000	5.960046277093	
800.460000	5.960181862113	
800.660000	5.960316994797	
800.860000	5.960451679739	
801.060000	5.960585921511	
801.260000	5.960719724666	
801.460000	5.960853093740	
801.660000	5.960986033249	
801.860000	5.961118547696	
802.060000	5.961250641570	
802.260000	5.961382319346	
802.460000	5.961513585492	
802.660000	5.961644444467	
802.860000	5.961774900724	
803.060000	5.961904958713	
803.260000	5.962034622884	
803.460000	5.962163897688	
803.660000	5.962292787584	
803.860000	5.962421297038	
804.060000	5.962549430528	
804.260000	5.962677192550	
804.460000	5.962804587620	
804.660000	5.962931620279	
804.860000	5.963058295101	
805.060000	5.963184616695	
805.260000	5.963310589716	
805.460000	5.963436218867	
805.660000	5.963561508913	
805.860000	5.963686464686	
806.060000	5.963811091098	
806.260000	5.963935393149	
806.460000	5.964059375947	
806.660000	5.964183044717	
806.860000	5.964306404822	
807.060000	5.964429461782	
807.260000	5.964552221298	
807.460000	5.964674689280	
807.660000	5.964796871881	
807.860000	5.964918775531	
808.060000	5.965040406988	
808.260000	5.965161773388	
808.460000	5.965282882320	
808.660000	5.965403741898	
808.860000	5.965524360873	
809.060000	5.965644748754	
809.260000	5.965764915977	
809.460000	5.965884874113	
809.660000	5.966004636145	
809.860000	5.966124216848	
810.060000	5.966243633299	
810.260000	5.966362905605	
810.460000	5.966482057976	
810.660000	5.966601120348	
810.860000	5.966720130998	
811.060000	5.966839141032	
811.260000	5.966958222797	
811.460000	5.967077487838	
811.660000	5.967197133848	
811.860000	5.967317628101	
812.060000	5.967442749342	
812.260000	5.967596213374	
812.460000	5.967841697194	
812.660000	5.968241094464	
812.860000	5.968679882567	
813.060000	5.969103971676	
813.260000	5.969495409314	
813.460000	5.969858423423	
813.660000	5.970207677671	
813.860000	5.970548593009	
814.060000	5.970879347860	
814.260000	5.971194650243	
814.460000	5.971486817985	
814.660000	5.971757869567	
814.860000	5.972015306816	
815.060000	5.972262938638	
815.260000	5.972503823249	
815.460000	5.972740080249	
815.660000	5.972972972531	
815.860000	5.973203235316	
835.280000	5.989595749432	
835.480000	5.989721487171	
835.680000	5.989846593720	
835.880000	5.989971074821	
836.080000	5.990094936168	
836.280000	5.990218183407	
836.480000	5.990340822131	
836.680000	5.990462857889	
836.880000	5.990584296178	
837.080000	5.990705142448	
837.280000	5.990825402100	
837.480000	5.990945080489	
837.680000	5.991064182921	
837.880000	5.991182714653	
838.080000	5.991300680899	
838.280000	5.991418086822	
838.480000	5.991534937541	
838.680000	5.991651238126	
838.880000	5.991766993603	
839.080000	5.991882208952	
839.280000	5.991996889105	
839.480000	5.992111038951	
839.680000	5.992224663333	
839.880000	5.992337767048	
840.080000	5.992450354850	
840.280000	5.992562431447	
840.480000	5.992674001504	
840.680000	5.992785069641	
840.880000	5.992895640434	
841.080000	5.993005718418	
841.280000	5.993115308083	
841.480000	5.993224413875	
841.680000	5.993333040200	
841.880000	5.993441191420	
842.080000	5.993548871855	
842.280000	5.993656085784	
842.480000	5.993762837444	
842.680000	5.993869131030	
842.880000	5.993974970698	
843.080000	5.994080360562	
843.280000	5.994185304695	
843.480000	5.994289807132	
843.680000	5.994393871865	
843.880000	5.994497502849	
844.080000	5.994600704000	
844.280000	5.994703479193	
844.480000	5.994805832265	
844.680000	5.994907767017	
844.880000	5.995009287208	
845.080000	5.995110396562	
845.280000	5.995211098764	
845.480000	5.995311397463	
845.680000	5.995411296270	
845.880000	5.995510798760	
846.080000	5.995609908472	
846.280000	5.995708628908	
846.480000	5.995806963535	
846.680000	5.995904915784	
846.880000	5.996002489051	
847.080000	5.996099686697	
847.280000	5.996196512050	
847.480000	5.996292968401	
847.680000	5.996389059010	
847.880000	5.996484787100	
848.080000	5.996580155864	
848.280000	5.996675168460	
848.480000	5.996769828014	
848.680000	5.996864137618	
848.880000	5.996958100334	
849.080000	5.997051719191	
849.280000	5.997144997186	
849.480000	5.997237937286	
849.680000	5.997330542426	
849.880000	5.997422815510	
850.080000	5.997514759413	
850.280000	5.997606376980	
850.480000	5.997697671023	
850.680000	5.997788644329	
850.880000	5.997879299652	
851.080000	5.997969639721	
851.280000	5.998059667232	
851.480000	5.998149384856	
851.680000	5.998238795234	
851.880000	5.998327900982	
852.080000	5.998416704686	
852.280000	5.998505208905	
852.480000	5.998593416172	
852.680000	5.998681328994	
852.880000	5.998768949852	
853.080000	5.998856281199	
853.280000	5.998943325464	
853.480000	5.999030085050	
853.680000	5.999116562337	
853.880000	5.999202759677	
854.080000	5.999288679400	
854.280000	5.999374323811	
854.480000	5.999459695192	
854.680000	5.999544795801	
854.880000	5.999629627872	
855.080000	5.999714193617	
855.280000	5.999798495225	
855.480000	5.999882534864	
855.680000	5.999966314678	
855.880000	6.000049836791	
856.080000	6.000133103306	
856.280000	6.000216116302	
856.480000	6.000298877841	
856.680000	6.000381389963	
856.880000	6.000463654687	
857.080000	6.000545674014	
857.280000	6.000627449925	
857.480000	6.000708984381	
857.680000	6.000790279326	
857.880000	6.000871336684	
858.080000	6.000952158361	
858.280000	6.001032746248	
858.480000	6.001113102214	
858.680000	6.001193228116	
858.880000	6.001273125790	
859.080000	6.001352797059	
859.280000	6.001432243728	
859.480000	6.001511467588	
859.680000	6.001590470414	
859.880000	6.001669253967	
860.080000	6.001747819993	
860.280000	6.001826170224	
860.480000	6.001904306380	
860.680000	6.001982230166	
860.880000	6.002059943277	
861.080000	6.002137447393	
861.280000	6.002214744185	
861.480000	6.002291835312	
861.680000	6.002368722423	
861.880000	6.002445407154	
862.080000	6.002521891137	
862.280000	6.002598175990	
862.480000	6.002674263327	
862.680000	6.002750154752	
862.880000	6.002825851861	
863.080000	6.002901356248	
863.280000	6.002976669497	
863.480000	6.003051793190	
863.680000	6.003126728905	
863.880000	6.003201478216	
864.080000	6.003276042696	
864.280000	6.003350423917	
864.480000	6.003424623449	
864.680000	6.003498642866	
864.880000	6.003572483742	
865.080000	6.003646147656	
865.280000	6.003719636192	
865.480000	6.003792950938	
865.680000	6.003866093493	
865.880000	6.003939065465	
866.080000	6.004011868472	
866.280000	6.004084504146	
866.480000	6.004156974137	
866.680000	6.004229280111	
866.880000	6.004301423754	
867.080000	6.004373406777	
867.280000	6.004445230919	
867.480000	6.004516897946	
867.680000	6.004588409660	
867.880000	6.004659767902	
868.080000	6.004730974555	
868.280000	6.004802031550	
868.480000	6.004872940873	
868.680000	6.004943704572	
868.880000	6.005014324761	
869.080000	6.005084803633	
869.280000	6.005155143468	
869.480000	6.005225346643	
869.680000	6.005295415647	
869.880000	6.005365353093	
870.080000	6.005435161737	
870.280000	6.005504844500	
870.480000	6.005574404487	
870.680000	6.005643845017	
870.880000	6.005713169659	
871.080000	6.005782382267	
871.280000	6.005851487032	
871.480000	6.005920488538	
871.680000	6.005989391839	
871.880000	6.006058202548	
872.080000	6.006126926953	
872.280000	6.006195572166	
872.480000	6.006264146320	
872.680000	6.006332658829	
872.880000	6.006401120739	
873.080000	6.006469545233	
873.280000	6.006537948343	
873.480000	6.006606350031	
873.680000	6.006674775884	
873.880000	6.006743259953	
874.080000	6.006811849878	
874.280000	6.006880617272	
874.480000	6.006949682660	
874.680000	6.007019296772	
874.880000	6.007090485077	
875.080000	6.007175778872	
875.280000	6.007304099188	
875.480000	6.007556966843	
875.680000	6.007864762020	
875.880000	6.008173825677	
876.080000	6.008464750997	
876.280000	6.008735647934	
876.480000	6.008997146811	
876.680000	6.009256375486	
876.880000	6.009512853069	
877.080000	6.009762531130	
877.280000	6.009998958284	
877.480000	6.010220145859	
877.680000	6.010430927289	
877.880000	6.010634285406	
878.080000	6.010832479249	
878.280000	6.011027055677	
878.480000	6.011218914133	
878.680000	6.011408563774	
898.680000	6.024349569656	
914.240000	6.029703957612	
914.440000	6.029757916170	
914.640000	6.029811579493	
914.840000	6.029864950001	
915.040000	6.029918030091	
915.240000	6.029970822129	
915.440000	6.030023328454	
915.640000	6.030075551380	
915.840000	6.030127493192	
916.040000	6.030179156149	
916.240000	6.030230542485	
916.440000	6.030281654406	
916.640000	6.030332494094	
916.840000	6.030383063705	
917.040000	6.030433365368	
917.240000	6.030483401191	
917.440000	6.030533173253	
917.640000	6.030582683613	
917.840000	6.030631934302	
918.040000	6.030680927330	
918.240000	6.030729664681	
918.440000	6.030778148317	
918.640000	6.030826380178	
918.840000	6.030874362178	
919.040000	6.030922096213	
919.240000	6.030969584152	
919.440000	6.031016827845	
919.640000	6.031063829118	
919.840000	6.031110589778	
920.040000	6.031157111609	
920.240000	6.031203396374	
920.440000	6.031249445816	
920.640000	6.031295261655	
920.840000	6.031340845595	
921.040000	6.031386199314	
921.240000	6.031431324476	
921.440000	6.031476222722	
921.640000	6.031520895674	
921.840000	6.031565344935	
922.040000	6.031609572089	
922.240000	6.031653578701	
922.440000	6.031697366318	
922.640000	6.031740936469	
922.840000	6.031784290664	
923.040000	6.031827430395	
923.240000	6.031870357136	
923.440000	6.031913072347	
923.640000	6.031955577465	
923.840000	6.031997873915	
924.040000	6.032039963102	
924.240000	6.032081846417	
924.440000	6.032123525231	
924.640000	6.032165000903	
924.840000	6.032206274773	
925.040000	6.032247348166	
925.240000	6.032288222391	
925.440000	6.032328898743	
925.640000	6.032369378500	
925.840000	6.032409662926	
926.040000	6.032449753269	
926.240000	6.032489650765	
926.440000	6.032529356632	
926.640000	6.032568872076	
926.840000	6.032608198289	
927.040000	6.032647336446	
927.240000	6.032686287712	
927.440000	6.032725053237	
927.640000	6.032763634157	
927.840000	6.032802031595	
928.040000	6.032840246661	
928.240000	6.032878280453	
928.440000	6.032916134054	
928.640000	6.032953808537	
928.840000	6.032991304960	
929.040000	6.033028624371	
929.240000	6.033065767805	
929.440000	6.033102736285	
929.640000	6.033139530821	
929.840000	6.033176152413	
930.040000	6.033212602050	
930.240000	6.033248880707	
930.440000	6.033284989350	
930.640000	6.033320928933	
930.840000	6.033356700401	
931.040000	6.033392304684	
931.240000	6.033427742706	
931.440000	6.033463015377	
931.640000	6.033498123599	
931.840000	6.033533068263	
932.040000	6.033567850248	
932.240000	6.033602470427	
932.440000	6.033636929659	
932.640000	6.033671228796	
932.840000	6.033705368679	
933.040000	6.033739350141	
933.240000	6.033773174004	
933.440000	6.033806841082	
933.640000	6.033840352179	
933.840000	6.033873708091	
934.040000	6.033906909604	
934.240000	6.033939957496	
934.440000	6.033972852536	
934.640000	6.034005595484	
934.840000	6.034038187094	
935.040000	6.034070628109	
935.240000	6.034102919264	
935.440000	6.034135061287	
935.640000	6.034167054898	
935.840000	6.034198900809	
936.040000	6.034230599724	
936.240000	6.034262152338	
936.440000	6.034293559341	
936.640000	6.034324821413	
936.840000	6.034355939230	
937.040000	6.034386913456	
937.240000	6.034417744752	
937.440000	6.034448433769	
937.640000	6.034478981153	
937.840000	6.034509387543	
938.040000	6.034539653569	
938.240000	6.034569779856	
938.440000	6.034599767022	
938.640000	6.034629615680	
938.840000	6.034659326433	
939.040000	6.034688899881	
939.240000	6.034718336615	
939.440000	6.034747637221	
939.640000	6.034776802281	
939.840000	6.034805832366	
940.040000	6.034834728045	
940.240000	6.034863489880	
940.440000	6.034892118427	
940.640000	6.034920614235	
940.840000	6.034948977849	
941.040000	6.034977209809	
941.240000	6.035005310647	
941.440000	6.035033280891	
941.640000	6.035061121063	
941.840000	6.035088831681	
942.040000	6.035116413255	
942.240000	6.035143866293	
942.440000	6.035171191296	
942.640000	6.035198388760	
942.840000	6.035225459176	
943.040000	6.035252403030	
943.240000	6.035279220803	
943.440000	6.035305912973	
943.640000	6.035332480010	
943.840000	6.035358922382	
944.040000	6.035385240551	
944.240000	6.035411434974	
944.440000	6.035437506105	
944.640000	6.035463454392	
944.840000	6.035489280279	
945.040000	6.035514984207	
965.040000	6.037529666815	
985.040000	6.038602526937	
1005.040000	6.038878885972	
1025.040000	6.038449551857	
1045.040000	6.037383821908	
1065.040000	6.035739782027	
1085.040000	6.033568023255	
1105.040000	6.030913347369	
1125.040000	6.027815765660	
1145.040000	6.024311194254	
1165.040000	6.020431990794	
1185.040000	6.016207390844	
1205.040000	6.011663870167	
1225.040000	6.006825459482	
1245.040000	6.001714016483	
1265.040000	5.996349462364	
1285.040000	5.990749989260	
1305.040000	5.984932242997	
1325.040000	5.978911484603	
1345.040000	5.972701733477	
1365.040000	5.966315894537	
1385.040000	5.959765871377	
1405.040000	5.953062667058	
1425.040000	5.946216473989	
1445.040000	5.939236754096	
1465.040000	5.932132310340	
1485.040000	5.924911350510	
1505.040000	5.917581544101	
1525.040000	5.910150073009	
1545.040000	5.902623676698	
1565.040000	5.895008692422	
1585.040000	5.887311091054	
1605.040000	5.879536508982	
1625.040000	5.871690276530	
1645.040000	5.863777443286	
1665.040000	5.855802800696	
1685.040000	5.847770902234	
1705.040000	5.839686081441	
1725.040000	5.831552468074	
1745.040000	5.823374002583	
1765.040000	5.815154449131	
1785.040000	5.806897407302	
1805.040000	5.798606322671	
1825.040000	5.790284496354	
1845.040000	5.781935093664	
1865.040000	5.773561151970	
1885.040000	5.765165587846	
1905.040000	5.756751203596	
1925.040000	5.748320693217	
1945.040000	5.739876647866	
1965.040000	5.731421560879	
1985.040000	5.722957832391	
2005.040000	5.714487773602	
2025.040000	5.706013610717	
2045.040000	5.697537488607	
2065.040000	5.689061474195	
2085.040000	5.680587559626	
2105.040000	5.672117665210	
2125.040000	5.663653642182	
2145.040000	5.655197275286	
2165.040000	5.646750285200	
2185.040000	5.638314330820	
2205.040000	5.629891011414	
2225.040000	5.621481868654	
2245.040000	5.613088388540	
2265.040000	5.604712003226	
2285.040000	5.596354092756	
2305.040000	5.588015986711	
2325.040000	5.579698965784	
2345.040000	5.571404263283	
2365.040000	5.563133066565	
2385.040000	5.554886518415	
2405.040000	5.546665718363	
2425.040000	5.538471723953	
2445.040000	5.530305551963	
2465.040000	5.522168179576	
2485.040000	5.514060545513	
