0.000000	136.500000000000	
20.000000	136.499957679891	
40.000000	136.499867749397	
60.000000	136.499767930057	
80.000000	136.499667284328	
100.000000	136.499566717022	
120.000000	136.381047013754	
140.000000	136.166571868019	
160.000000	135.902215819675	
180.000000	135.608427388169	
200.000000	135.298909222078	
220.000000	134.979272160267	
240.000000	134.652231028076	
260.000000	134.319412704214	
280.000000	133.981972013846	
300.000000	133.640816038366	
320.000000	133.296695478847	
340.000000	132.952891880545	
360.000000	132.609138840792	
380.000000	132.264840951640	
400.000000	131.919975695707	
420.000000	131.574721465816	
440.000000	131.229307630297	
460.000000	130.883956707715	
480.000000	130.538861593458	
500.000000	130.194173818925	
520.000000	129.869459842182	
540.000000	129.571164805709	
554.860000	129.364970638803	
555.060000	129.362258193383	
555.260000	129.359544477982	
555.460000	129.356828516874	
555.660000	129.354108748053	
555.860000	129.351382320456	
556.060000	129.348642538687	
556.260000	129.345850680974	
556.460000	129.342619783868	
556.660000	129.338729304389	
556.860000	129.333021483098	
557.060000	129.324064929941	
557.260000	129.314433081071	
557.460000	129.305274972765	
557.660000	129.296913112155	
557.860000	129.289208365702	
558.060000	129.281973716742	
558.260000	129.275212231821	
558.460000	129.269026738820	
558.660000	129.263564619443	
558.860000	129.258999793611	
559.060000	129.255042156080	
559.260000	129.251418832714	
579.260000	128.964759765981	
588.040000	128.855399148220	
588.240000	128.852988356615	
588.440000	128.850580729963	
588.640000	128.848176239275	
588.840000	128.845774855146	
589.040000	128.843376547704	
589.240000	128.840981286559	
589.440000	128.838589040745	
589.640000	128.836199778649	
589.840000	128.833813467945	
590.040000	128.831430075500	
590.240000	128.829049567290	
590.440000	128.826671908287	
590.640000	128.824297062341	
590.840000	128.821924992038	
591.040000	128.819555658547	
591.240000	128.817189021431	
591.440000	128.814825038439	
591.640000	128.812463665257	
591.840000	128.810104855218	
592.040000	128.807748558961	
592.240000	128.805394724025	
592.440000	128.803043294362	
592.640000	128.800694209749	
592.840000	128.798347405077	
593.040000	128.796002809469	
593.240000	128.793660345188	
593.440000	128.791319926264	
593.640000	128.788981456740	
593.840000	128.786644828403	
594.040000	128.784309917798	
594.240000	128.781976582219	
594.440000	128.779644654202	
594.640000	128.777313933772	
594.840000	128.774984177172	
595.040000	128.772655079877	
595.240000	128.770326249782	
595.440000	128.767997162420	
595.640000	128.765667080377	
595.840000	128.763334892746	
596.040000	128.760998743917	
596.240000	128.758654934482	
596.440000	128.756292281033	
596.640000	128.753761923370	
596.840000	128.750701089101	
597.040000	128.746528942485	
597.240000	128.739430426525	
597.440000	128.731395882011	
597.640000	128.723615658403	
597.840000	128.716476225960	
598.040000	128.709943742469	
598.240000	128.703813492066	
598.440000	128.698031879222	
598.640000	128.692649942386	
598.840000	128.687766121285	
599.040000	128.683537494709	
599.240000	128.679885623177	
599.440000	128.676556793524	
599.640000	128.673427197205	
619.160000	128.429056749506	
619.360000	128.426850795345	
619.560000	128.424649289256	
619.760000	128.422452195153	
619.960000	128.420259477037	
620.160000	128.418071098989	
620.360000	128.415887025160	
620.560000	128.413707219755	
620.760000	128.411531647029	
620.960000	128.409360271267	
621.160000	128.407193056780	
621.360000	128.405029967881	
621.560000	128.402870968880	
621.760000	128.400716024061	
621.960000	128.398565097667	
622.160000	128.396418153885	
622.360000	128.394275156821	
622.560000	128.392136070480	
622.760000	128.390000858746	
622.960000	128.387869485352	
623.160000	128.385741913855	
623.360000	128.383618107606	
623.560000	128.381498029717	
623.760000	128.379381643023	
623.960000	128.377268910043	
624.160000	128.375159792938	
624.360000	128.373054253459	
624.560000	128.370952252896	
624.760000	128.368853752018	
624.960000	128.366758711002	
625.160000	128.364667089363	
625.360000	128.362578845865	
625.560000	128.360493938431	
625.760000	128.358412324029	
625.960000	128.356333958554	
626.160000	128.354258796686	
626.360000	128.352186791730	
626.560000	128.350117895427	
626.760000	128.348052057743	
626.960000	128.345989226615	
627.160000	128.343929347660	
627.360000	128.341872363821	
627.560000	128.339818214956	
627.760000	128.337766837344	
627.960000	128.335718163077	
628.160000	128.333672119336	
628.360000	128.331628627477	
628.560000	128.329587601910	
628.760000	128.327548948671	
628.960000	128.325512563596	
629.160000	128.323478329949	
629.360000	128.321446115272	
629.560000	128.319415767129	
629.760000	128.317387107202	
629.960000	128.315359922891	
630.160000	128.313333954919	
630.360000	128.311308878318	
630.560000	128.309284271733	
630.760000	128.307259564557	
630.960000	128.305233937690	
631.160000	128.303206113206	
631.360000	128.301173816379	
631.560000	128.299131827818	
631.760000	128.297049820386	
631.960000	128.294638739557	
632.160000	128.291596162853	
632.360000	128.286350239394	
632.560000	128.279620212790	
632.760000	128.272848003050	
632.960000	128.266560300158	
633.160000	128.260835254243	
633.360000	128.255502910080	
633.560000	128.250452629869	
633.760000	128.245691068299	
633.960000	128.241278184321	
634.160000	128.237322300345	
634.360000	128.233888361703	
634.560000	128.230791079218	
634.760000	128.227896983245	
634.960000	128.225132686019	
635.160000	128.222445807944	
650.340000	128.050022238990	
650.540000	128.048012407270	
650.740000	128.046007844176	
650.940000	128.044008506168	
651.140000	128.042014349947	
651.340000	128.040025332452	
651.540000	128.038041410843	
651.740000	128.036062542499	
651.940000	128.034088685005	
652.140000	128.032119796145	
652.340000	128.030155833891	
652.540000	128.028196756397	
652.740000	128.026242521990	
652.940000	128.024293089158	
653.140000	128.022348416542	
653.340000	128.020408462929	
653.540000	128.018473187237	
653.740000	128.016542548509	
653.940000	128.014616505900	
654.140000	128.012695018666	
654.340000	128.010778046152	
654.540000	128.008865547780	
654.740000	128.006957483036	
654.940000	128.005053811454	
655.140000	128.003154492601	
655.340000	128.001259486065	
655.540000	127.999368751432	
655.740000	127.997482248271	
655.940000	127.995599936113	
656.140000	127.993721774430	
656.340000	127.991847722610	
656.540000	127.989977739935	
656.740000	127.988111785550	
656.940000	127.986249818432	
657.140000	127.984391797363	
657.340000	127.982537680887	
657.540000	127.980687427275	
657.740000	127.978840994480	
657.940000	127.976998340086	
658.140000	127.975159421257	
658.340000	127.973324194678	
658.540000	127.971492616484	
658.740000	127.969664642190	
658.940000	127.967840226602	
659.140000	127.966019323725	
659.340000	127.964201886657	
659.540000	127.962387867459	
659.740000	127.960577217023	
659.940000	127.958769884905	
660.140000	127.956965819145	
660.340000	127.955164966041	
660.540000	127.953367269907	
660.740000	127.951572672772	
660.940000	127.949781114025	
661.140000	127.947992530003	
661.340000	127.946206853485	
661.540000	127.944424013081	
661.740000	127.942643932484	
661.940000	127.940866529553	
662.140000	127.939091715144	
662.340000	127.937319391654	
662.540000	127.935549451120	
662.740000	127.933781772754	
662.940000	127.932016219629	
663.140000	127.930252634182	
663.340000	127.928490831896	
663.540000	127.926730592207	
663.740000	127.924971644868	
663.940000	127.923213648634	
664.140000	127.921456155934	
664.340000	127.919698549915	
664.540000	127.917939920339	
664.740000	127.916178780057	
664.940000	127.914412237719	
665.140000	127.912631841411	
665.340000	127.910729991639	
665.540000	127.908410922509	
665.740000	127.904874770911	
665.940000	127.899398310001	
666.140000	127.893513425809	
666.340000	127.887918889383	
666.540000	127.882810869340	
666.740000	127.878111231441	
666.940000	127.873666425581	
667.140000	127.869440093246	
667.340000	127.865461872230	
667.540000	127.861797569157	
667.740000	127.858548709661	
667.940000	127.855650941569	
668.140000	127.852961426355	
668.340000	127.850409593158	
668.540000	127.847944401542	
668.740000	127.845532458468	
682.000000	127.709406036833	
682.200000	127.707596568091	
682.400000	127.705792818091	
682.600000	127.703994738309	
682.800000	127.702202280582	
683.000000	127.700415397093	
683.200000	127.698634040358	
683.400000	127.696858163215	
683.600000	127.695087718812	
683.800000	127.693322660597	
684.000000	127.691562942308	
684.200000	127.689808517962	
684.400000	127.688059341847	
684.600000	127.686315368513	
684.800000	127.684576552762	
685.000000	127.682842849639	
685.200000	127.681114214428	
685.400000	127.679390602636	
685.600000	127.677671969990	
685.800000	127.675958272428	
686.000000	127.674249466087	
686.200000	127.672545507299	
686.400000	127.670846352578	
686.600000	127.669151958614	
686.800000	127.667462282259	
687.000000	127.665777280523	
687.200000	127.664096910561	
687.400000	127.662421129658	
687.600000	127.660749895228	
687.800000	127.659083164790	
688.000000	127.657420895965	
688.200000	127.655763046459	
688.400000	127.654109574048	
688.600000	127.652460436565	
688.800000	127.650815591881	
689.000000	127.649174997893	
689.200000	127.647538612497	
689.400000	127.645906393579	
689.600000	127.644278298981	
689.800000	127.642654286489	
690.000000	127.641034313799	
690.200000	127.639418338493	
690.400000	127.637806318009	
690.600000	127.636198209605	
690.800000	127.634593970325	
691.000000	127.632993556958	
691.200000	127.631396925993	
691.400000	127.629804033571	
691.600000	127.628214835427	
691.800000	127.626629286833	
692.000000	127.625047342529	
692.200000	127.623468956642	
692.400000	127.621894082606	
692.600000	127.620322673061	
692.800000	127.618754679739	
693.000000	127.617190053346	
693.200000	127.615628743405	
693.400000	127.614070698101	
693.600000	127.612515864076	
693.800000	127.610964186212	
694.000000	127.609415607361	
694.200000	127.607870068033	
694.400000	127.606327506028	
694.600000	127.604787855987	
694.800000	127.603251048856	
695.000000	127.601717011230	
695.200000	127.600185664542	
695.400000	127.598656924060	
695.600000	127.597130697607	
695.800000	127.595606883935	
696.000000	127.594085370597	
696.200000	127.592566031135	
696.400000	127.591048721258	
696.600000	127.589533273545	
696.800000	127.588019489867	
697.000000	127.586507130170	
697.200000	127.584995895138	
697.400000	127.583485397932	
697.600000	127.581975114827	
697.800000	127.580464290494	
698.000000	127.578951729980	
698.200000	127.577435230813	
698.400000	127.575909169682	
698.600000	127.574317608665	
698.800000	127.572401854242	
699.000000	127.569591131459	
699.200000	127.565010579448	
699.400000	127.559961913245	
699.600000	127.555111974443	
699.800000	127.550670699212	
700.000000	127.546595388032	
700.200000	127.542740216462	
700.400000	127.539055995163	
700.600000	127.535559768733	
700.800000	127.532301150651	
701.000000	127.529366035040	
701.200000	127.526731798679	
701.400000	127.524281615228	
701.600000	127.521955041140	
701.800000	127.519709330488	
702.000000	127.517514706122	
702.200000	127.515353562250	
714.860000	127.399166975982	
715.060000	127.397567717789	
715.260000	127.395974311581	
715.460000	127.394386706688	
715.660000	127.392804852851	
715.860000	127.391228700207	
716.060000	127.389658199277	
716.260000	127.388093300952	
716.460000	127.386533956484	
716.660000	127.384980117474	
716.860000	127.383431735860	
717.060000	127.381888763913	
717.260000	127.380351154224	
717.460000	127.378818859697	
717.660000	127.377291833540	
717.860000	127.375770029259	
718.060000	127.374253400650	
718.260000	127.372741901793	
718.460000	127.371235487041	
718.660000	127.369734111019	
718.860000	127.368237728614	
719.060000	127.366746294966	
719.260000	127.365259765467	
719.460000	127.363778095751	
719.660000	127.362301241686	
719.860000	127.360829159370	
720.060000	127.359361805124	
720.260000	127.357899135482	
720.460000	127.356441107186	
720.660000	127.354987677178	
720.860000	127.353538802591	
721.060000	127.352094440745	
721.260000	127.350654549130	
721.460000	127.349219085408	
721.660000	127.347788007394	
721.860000	127.346361273052	
722.060000	127.344938840482	
722.260000	127.343520667908	
722.460000	127.342106713670	
722.660000	127.340696936207	
722.860000	127.339291294047	
723.060000	127.337889745790	
723.260000	127.336492250094	
723.460000	127.335098765659	
723.660000	127.333709251205	
723.860000	127.332323665460	
724.060000	127.330941967130	
724.260000	127.329564114886	
724.460000	127.328190067330	
724.660000	127.326819782973	
724.860000	127.325453220206	
725.060000	127.324090337265	
725.260000	127.322731092196	
725.460000	127.321375442817	
725.660000	127.320023346672	
725.860000	127.318674760988	
726.060000	127.317329642613	
726.260000	127.315987947965	
726.460000	127.314649632960	
726.660000	127.313314652936	
726.860000	127.311982962572	
727.060000	127.310654515789	
727.260000	127.309329265639	
727.460000	127.308007164186	
727.660000	127.306688162354	
727.860000	127.305372209767	
728.060000	127.304059254556	
728.260000	127.302749243130	
728.460000	127.301442119916	
728.660000	127.300137827045	
728.860000	127.298836303975	
729.060000	127.297537487051	
729.260000	127.296241308952	
729.460000	127.294947698030	
729.660000	127.293656577482	
729.860000	127.292367864317	
730.060000	127.291081468040	
730.260000	127.289797288958	
730.460000	127.288515215952	
730.660000	127.287235123497	
730.860000	127.285956867581	
731.060000	127.284680279960	
731.260000	127.283405159813	
731.460000	127.282131261134	
731.660000	127.280858272768	
731.860000	127.279585784756	
732.060000	127.278313226887	
732.260000	127.277039742940	
732.460000	127.275763884907	
732.660000	127.274482601234	
732.860000	127.273183114831	
733.060000	127.271709022833	
733.260000	127.269779238746	
733.460000	127.266354814275	
733.660000	127.262117526041	
733.860000	127.257882416701	
734.060000	127.253950910834	
734.260000	127.250361945953	
734.460000	127.246995273376	
734.660000	127.243766528384	
734.860000	127.240671575181	
735.060000	127.237742196912	
735.260000	127.235042963706	
735.460000	127.232610293972	
735.660000	127.230359034044	
735.860000	127.228226222900	
736.060000	127.226174939771	
736.260000	127.224176503548	
736.460000	127.222213088469	
736.660000	127.220274306965	
749.940000	127.113156357204	
750.140000	127.111784479531	
750.340000	127.110418267948	
750.540000	127.109057672739	
750.740000	127.107702644572	
750.940000	127.106353134499	
751.140000	127.105009093941	
751.340000	127.103670474680	
751.540000	127.102337228857	
751.740000	127.101009308960	
751.940000	127.099686667820	
752.140000	127.098369258604	
752.340000	127.097057034809	
752.540000	127.095749950259	
752.740000	127.094447959096	
752.940000	127.093151015778	
753.140000	127.091859075074	
753.340000	127.090572092058	
753.540000	127.089290022104	
753.740000	127.088012820884	
753.940000	127.086740444362	
754.140000	127.085472848791	
754.340000	127.084209990706	
754.540000	127.082951826924	
754.740000	127.081698314535	
754.940000	127.080449410900	
755.140000	127.079205073649	
755.340000	127.077965260672	
755.540000	127.076729930119	
755.740000	127.075499040390	
755.940000	127.074272550136	
756.140000	127.073050418250	
756.340000	127.071832603864	
756.540000	127.070619066343	
756.740000	127.069409765280	
756.940000	127.068204660492	
757.140000	127.067003712007	
757.340000	127.065806880069	
757.540000	127.064614125123	
757.740000	127.063425407810	
757.940000	127.062240688961	
758.140000	127.061059929591	
758.340000	127.059883090887	
758.540000	127.058710134204	
758.740000	127.057541021051	
758.940000	127.056375713087	
759.140000	127.055214172107	
759.340000	127.054056360032	
759.540000	127.052902238900	
759.740000	127.051751770851	
759.940000	127.050604918113	
760.140000	127.049461642993	
760.340000	127.048321907854	
760.540000	127.047185675107	
760.740000	127.046052907188	
760.940000	127.044923566539	
761.140000	127.043797615589	
761.340000	127.042675016733	
761.540000	127.041555732302	
761.740000	127.040439724541	
761.940000	127.039326955578	
762.140000	127.038217387391	
762.340000	127.037110981774	
762.540000	127.036007700294	
762.740000	127.034907504253	
762.940000	127.033810354636	
763.140000	127.032716212055	
763.340000	127.031625036694	
763.540000	127.030536788237	
763.740000	127.029451425794	
763.940000	127.028368907812	
764.140000	127.027289191978	
764.340000	127.026212235108	
764.540000	127.025137993016	
764.740000	127.024066420366	
764.940000	127.022997470501	
765.140000	127.021931095240	
765.340000	127.020867244644	
765.540000	127.019805866735	
765.740000	127.018746907167	
765.940000	127.017690308823	
766.140000	127.016636011336	
766.340000	127.015583950493	
766.540000	127.014534057511	
766.740000	127.013486258115	
766.940000	127.012440471383	
767.140000	127.011396608249	
767.340000	127.010354569547	
767.540000	127.009314243399	
767.740000	127.008275501640	
767.940000	127.007238194809	
768.140000	127.006202144885	
768.340000	127.005167134363	
768.540000	127.004132889005	
768.740000	127.003099048914	
768.940000	127.002065115973	
769.140000	127.001030346990	
769.340000	126.999993496072	
769.540000	126.998951973210	
769.740000	126.997895337035	
769.940000	126.996692725269	
770.140000	126.995078788608	
770.340000	126.992166313799	
770.540000	126.988609436230	
770.740000	126.985061422097	
770.940000	126.981763318206	
771.140000	126.978744523140	
771.340000	126.975898549752	
771.540000	126.973151413632	
771.740000	126.970500054486	
771.940000	126.967973348053	
772.140000	126.965627809969	
772.340000	126.963490139105	
772.540000	126.961493153073	
772.740000	126.959590791168	
772.940000	126.957755151412	
773.140000	126.955963896838	
773.340000	126.954203031710	
773.540000	126.952464336528	
773.740000	126.950743026677	
788.860000	126.846681410419	
789.060000	126.845560980641	
789.260000	126.844445710207	
789.460000	126.843335553095	
789.660000	126.842230463636	
789.860000	126.841130396509	
790.060000	126.840035306740	
790.260000	126.838945149698	
790.460000	126.837859881089	
790.660000	126.836779456957	
790.860000	126.835703833681	
791.060000	126.834632967967	
791.260000	126.833566816854	
791.460000	126.832505337704	
791.660000	126.831448488202	
791.860000	126.830396226356	
792.060000	126.829348510491	
792.260000	126.828305299249	
792.460000	126.827266551584	
792.660000	126.826232226764	
792.860000	126.825202284365	
793.060000	126.824176684270	
793.260000	126.823155386666	
793.460000	126.822138352043	
793.660000	126.821125541190	
793.860000	126.820116915195	
794.060000	126.819112435438	
794.260000	126.818112063594	
794.460000	126.817115761628	
794.660000	126.816123491791	
794.860000	126.815135216621	
795.060000	126.814150898935	
795.260000	126.813170501831	
795.460000	126.812193988686	
795.660000	126.811221323147	
795.860000	126.810252469135	
796.060000	126.809287390835	
796.260000	126.808326052702	
796.460000	126.807368419447	
796.660000	126.806414456044	
796.860000	126.805464127718	
797.060000	126.804517399949	
797.260000	126.803574238461	
797.460000	126.802634609225	
797.660000	126.801698478450	
797.860000	126.800765812581	
798.060000	126.799836578298	
798.260000	126.798910742504	
798.460000	126.797988272328	
798.660000	126.797069135117	
798.860000	126.796153298431	
799.060000	126.795240730037	
799.260000	126.794331397907	
799.460000	126.793425270209	
799.660000	126.792522315305	
799.860000	126.791622501739	
800.060000	126.790725798237	
800.260000	126.789832173695	
800.460000	126.788941597176	
800.660000	126.788054037900	
800.860000	126.787169465237	
801.060000	126.786287848699	
801.260000	126.785409157928	
801.460000	126.784533362693	
801.660000	126.783660432874	
801.860000	126.782790338454	
802.060000	126.781923049507	
802.260000	126.781058536187	
802.460000	126.780196768712	
802.660000	126.779337717354	
802.860000	126.778481352423	
803.060000	126.777627644246	
803.260000	126.776776563158	
803.460000	126.775928079475	
803.660000	126.775082163478	
803.860000	126.774238785390	
804.060000	126.773397915350	
804.260000	126.772559523388	
804.460000	126.771723579393	
804.660000	126.770890053085	
804.860000	126.770058913973	
805.060000	126.769230131324	
805.260000	126.768403674109	
805.460000	126.767579510962	
805.660000	126.766757610121	
805.860000	126.765937939370	
806.060000	126.765120465962	
806.260000	126.764305156551	
806.460000	126.763491977092	
806.660000	126.762680892746	
806.860000	126.761871867758	
807.060000	126.761064865326	
807.260000	126.760259847436	
807.460000	126.759456774685	
807.660000	126.758655606061	
807.860000	126.757856298685	
808.060000	126.757058807510	
808.260000	126.756263084946	
808.460000	126.755469080417	
808.660000	126.754676739809	
808.860000	126.753886004791	
809.060000	126.753096811958	
809.260000	126.752309091743	
809.460000	126.751522767005	
809.660000	126.750737751175	
809.860000	126.749953945764	
810.060000	126.749171236923	
810.260000	126.748389490591	
810.460000	126.747608545375	
810.660000	126.746828201699	
810.860000	126.746048204375	
811.060000	126.745268212701	
811.260000	126.744487744356	
811.460000	126.743706055712	
811.660000	126.742921828802	
811.860000	126.742131948471	
812.060000	126.741311223080	
812.260000	126.740301547283	
812.460000	126.738678407750	
812.660000	126.736029180070	
812.860000	126.733117348363	
813.060000	126.730303511477	
813.260000	126.727707352583	
813.460000	126.725300685409	
813.660000	126.722985752157	
813.860000	126.720726413160	
814.060000	126.718534812258	
814.260000	126.716446229330	
814.460000	126.714511878851	
814.660000	126.712718304277	
814.860000	126.711015493434	
815.060000	126.709378053615	
815.260000	126.707785596703	
815.460000	126.706223992026	
815.660000	126.704684820306	
815.860000	126.703163180064	
835.280000	126.595192004916	
835.480000	126.594367333339	
835.680000	126.593546870957	
835.880000	126.592730579480	
836.080000	126.591918420948	
836.280000	126.591110357728	
836.480000	126.590306352515	
836.680000	126.589506368328	
836.880000	126.588710368511	
837.080000	126.587918316729	
837.280000	126.587130176970	
837.480000	126.586345913539	
837.680000	126.585565491059	
837.880000	126.584788874470	
838.080000	126.584016029025	
838.280000	126.583246920292	
838.480000	126.582481514149	
838.680000	126.581719776783	
838.880000	126.580961674692	
839.080000	126.580207174678	
839.280000	126.579456243848	
839.480000	126.578708849613	
839.680000	126.577964959686	
839.880000	126.577224542078	
840.080000	126.576487565100	
840.280000	126.575753997359	
840.480000	126.575023807757	
840.680000	126.574296965487	
840.880000	126.573573440035	
841.080000	126.572853201177	
841.280000	126.572136218975	
841.480000	126.571422463779	
841.680000	126.570711906220	
841.880000	126.570004517213	
842.080000	126.569300267956	
842.280000	126.568599129920	
842.480000	126.567901074858	
842.680000	126.567206074795	
842.880000	126.566514102030	
843.080000	126.565825129132	
843.280000	126.565139128942	
843.480000	126.564456074565	
843.680000	126.563775939375	
843.880000	126.563098697006	
844.080000	126.562424321356	
844.280000	126.561752786583	
844.480000	126.561084067102	
844.680000	126.560418137582	
844.880000	126.559754972950	
845.080000	126.559094548382	
845.280000	126.558436839305	
845.480000	126.557781821394	
845.680000	126.557129470571	
845.880000	126.556479763000	
846.080000	126.555832675090	
846.280000	126.555188183489	
846.480000	126.554546265082	
846.680000	126.553906896992	
846.880000	126.553270056577	
847.080000	126.552635721424	
847.280000	126.552003869354	
847.480000	126.551374478415	
847.680000	126.550747526881	
847.880000	126.550122993251	
848.080000	126.549500856246	
848.280000	126.548881094808	
848.480000	126.548263688096	
848.680000	126.547648615489	
848.880000	126.547035856575	
849.080000	126.546425391160	
849.280000	126.545817199258	
849.480000	126.545211261090	
849.680000	126.544607557086	
849.880000	126.544006067879	
850.080000	126.543406774307	
850.280000	126.542809657405	
850.480000	126.542214698409	
850.680000	126.541621878750	
850.880000	126.541031180056	
851.080000	126.540442584145	
851.280000	126.539856073027	
851.480000	126.539271628901	
851.680000	126.538689234151	
851.880000	126.538108871346	
852.080000	126.537530523240	
852.280000	126.536954172765	
852.480000	126.536379803032	
852.680000	126.535807397330	
852.880000	126.535236939122	
853.080000	126.534668412044	
853.280000	126.534101799901	
853.480000	126.533537086669	
853.680000	126.532974256490	
853.880000	126.532413293669	
854.080000	126.531854182677	
854.280000	126.531296908142	
854.480000	126.530741454853	
854.680000	126.530187807755	
854.880000	126.529635951948	
855.080000	126.529085872683	
855.280000	126.528537555364	
855.480000	126.527990985540	
855.680000	126.527446148909	
855.880000	126.526903031314	
856.080000	126.526361618737	
856.280000	126.525821897303	
856.480000	126.525283853273	
856.680000	126.524747473044	
856.880000	126.524212743150	
857.080000	126.523679650251	
857.280000	126.523148181141	
857.480000	126.522618322738	
857.680000	126.522090062086	
857.880000	126.521563386354	
858.080000	126.521038282826	
858.280000	126.520514738909	
858.480000	126.519992742123	
858.680000	126.519472280102	
858.880000	126.518953340591	
859.080000	126.518435911442	
859.280000	126.517919980615	
859.480000	126.517405536171	
859.680000	126.516892566274	
859.880000	126.516381059183	
860.080000	126.515871003254	
860.280000	126.515362386935	
860.480000	126.514855198765	
860.680000	126.514349427365	
860.880000	126.513845061445	
861.080000	126.513342089791	
861.280000	126.512840501268	
861.480000	126.512340284814	
861.680000	126.511841429437	
861.880000	126.511343924211	
862.080000	126.510847758275	
862.280000	126.510352920824	
862.480000	126.509859401108	
862.680000	126.509367188429	
862.880000	126.508876272134	
863.080000	126.508386641611	
863.280000	126.507898286284	
863.480000	126.507411195608	
863.680000	126.506925359065	
863.880000	126.506440766155	
864.080000	126.505957406392	
864.280000	126.505475269298	
864.480000	126.504994344392	
864.680000	126.504514621190	
864.880000	126.504036089190	
865.080000	126.503558737866	
865.280000	126.503082556660	
865.480000	126.502607534972	
865.680000	126.502133662148	
865.880000	126.501660927469	
866.080000	126.501189320140	
866.280000	126.500718829275	
866.480000	126.500249443883	
866.680000	126.499781152853	
866.880000	126.499313944935	
867.080000	126.498847808722	
867.280000	126.498382732629	
867.480000	126.497918704868	
867.680000	126.497455713426	
867.880000	126.496993746034	
868.080000	126.496532790133	
868.280000	126.496072832847	
868.480000	126.495613860932	
868.680000	126.495155860740	
868.880000	126.494698818167	
869.080000	126.494242718593	
869.280000	126.493787546820	
869.480000	126.493333286996	
869.680000	126.492879922530	
869.880000	126.492427435995	
870.080000	126.491975809011	
870.280000	126.491525022113	
870.480000	126.491075054596	
870.680000	126.490625884322	
870.880000	126.490177487509	
871.080000	126.489729838454	
871.280000	126.489282909221	
871.480000	126.488836669239	
871.680000	126.488391084818	
871.880000	126.487946118537	
872.080000	126.487501728474	
872.280000	126.487057867209	
872.480000	126.486614480521	
872.680000	126.486171505657	
872.880000	126.485728868960	
873.080000	126.485286482552	
873.280000	126.484844239551	
873.480000	126.484402006874	
873.680000	126.483959613929	
873.880000	126.483516833719	
874.080000	126.483073348642	
874.280000	126.482628681268	
874.480000	126.482182028104	
874.680000	126.481731717603	
874.880000	126.481270913319	
875.080000	126.480716073256	
875.280000	126.479874390542	
875.480000	126.478202393063	
875.680000	126.476164212920	
875.880000	126.474117577068	
876.080000	126.472191864288	
876.280000	126.470399674883	
876.480000	126.468670140028	
876.680000	126.466955740670	
876.880000	126.465259682747	
877.080000	126.463608955774	
877.280000	126.462046568998	
877.480000	126.460585780224	
877.680000	126.459194366559	
877.880000	126.457852442443	
878.080000	126.456544947632	
878.280000	126.455261569710	
878.480000	126.453996312409	
878.680000	126.452745781330	
898.680000	126.367856033942	
914.240000	126.333240692515	
914.440000	126.332894876605	
914.640000	126.332551029356	
914.840000	126.332209134616	
915.040000	126.331869176417	
915.240000	126.331531138978	
915.440000	126.331195006698	
915.640000	126.330860764159	
915.840000	126.330528396119	
916.040000	126.330197887516	
916.240000	126.329869223460	
916.440000	126.329542389237	
916.640000	126.329217370302	
916.840000	126.328894152281	
917.040000	126.328572720967	
917.240000	126.328253062320	
917.440000	126.327935162465	
917.640000	126.327619007686	
917.840000	126.327304584431	
918.040000	126.326991879306	
918.240000	126.326680879075	
918.440000	126.326371570656	
918.640000	126.326063941122	
918.840000	126.325757977698	
919.040000	126.325453667760	
919.240000	126.325150998830	
919.440000	126.324849958581	
919.640000	126.324550534830	
919.840000	126.324252715536	
920.040000	126.323956488803	
920.240000	126.323661842874	
920.440000	126.323368766130	
920.640000	126.323077247093	
920.840000	126.322787274417	
921.040000	126.322498836892	
921.240000	126.322211923441	
921.440000	126.321926523116	
921.640000	126.321642625102	
921.840000	126.321360218710	
922.040000	126.321079293376	
922.240000	126.320799838665	
922.440000	126.320521844262	
922.640000	126.320245299977	
922.840000	126.319970195738	
923.040000	126.319696521594	
923.240000	126.319424267712	
923.440000	126.319153424374	
923.640000	126.318883981979	
923.840000	126.318615931036	
924.040000	126.318349262171	
924.240000	126.318083966117	
924.440000	126.317820033717	
924.640000	126.317557455925	
924.840000	126.317296223799	
925.040000	126.317036328503	
925.240000	126.316777761306	
925.440000	126.316520513579	
925.640000	126.316264576795	
925.840000	126.316009942528	
926.040000	126.315756602450	
926.240000	126.315504548332	
926.440000	126.315253772041	
926.640000	126.315004265539	
926.840000	126.314756020884	
927.040000	126.314509030224	
927.240000	126.314263285802	
927.440000	126.314018779951	
927.640000	126.313775505091	
927.840000	126.313533453734	
928.040000	126.313292618478	
928.240000	126.313052992006	
928.440000	126.312814567088	
928.640000	126.312577336576	
928.840000	126.312341293407	
929.040000	126.312106430598	
929.240000	126.311872741248	
929.440000	126.311640218537	
929.640000	126.311408855720	
929.840000	126.311178646134	
930.040000	126.310949583189	
930.240000	126.310721660374	
930.440000	126.310494871251	
930.640000	126.310269209456	
930.840000	126.310044668698	
931.040000	126.309821242759	
931.240000	126.309598925489	
931.440000	126.309377710811	
931.640000	126.309157592716	
931.840000	126.308938565264	
932.040000	126.308720622582	
932.240000	126.308503758863	
932.440000	126.308287968365	
932.640000	126.308073245413	
932.840000	126.307859584395	
933.040000	126.307646979761	
933.240000	126.307435426025	
933.440000	126.307224917760	
933.640000	126.307015449604	
933.840000	126.306807016250	
934.040000	126.306599612453	
934.240000	126.306393233026	
934.440000	126.306187872839	
934.640000	126.305983526820	
934.840000	126.305780189952	
935.040000	126.305577857273	
935.240000	126.305376523877	
935.440000	126.305176184912	
935.640000	126.304976835577	
935.840000	126.304778471126	
936.040000	126.304581086865	
936.240000	126.304384678148	
936.440000	126.304189240384	
936.640000	126.303994769029	
936.840000	126.303801259588	
937.040000	126.303608707617	
937.240000	126.303417108718	
937.440000	126.303226458541	
937.640000	126.303036752783	
937.840000	126.302847987186	
938.040000	126.302660157540	
938.240000	126.302473259677	
938.440000	126.302287289476	
938.640000	126.302102242858	
938.840000	126.301918115788	
939.040000	126.301734904275	
939.240000	126.301552604366	
939.440000	126.301371212156	
939.640000	126.301190723775	
939.840000	126.301011135397	
940.040000	126.300832443235	
940.240000	126.300654643543	
940.440000	126.300477732611	
940.640000	126.300301706772	
940.840000	126.300126562392	
941.040000	126.299952295878	
941.240000	126.299778903673	
941.440000	126.299606382258	
941.640000	126.299434728148	
941.840000	126.299263937895	
942.040000	126.299094008085	
942.240000	126.298924935342	
942.440000	126.298756716320	
942.640000	126.298589347711	
942.840000	126.298422826237	
943.040000	126.298257148657	
943.240000	126.298092311759	
943.440000	126.297928312365	
943.640000	126.297765147329	
943.840000	126.297602813537	
944.040000	126.297441307904	
944.240000	126.297280627378	
944.440000	126.297120768936	
944.640000	126.296961729586	
944.840000	126.296803506365	
945.040000	126.296646096338	
965.040000	126.284610173722	
985.040000	126.278852572616	
1005.040000	126.278402781068	
1025.040000	126.282653783120	
1045.040000	126.291142040148	
1065.040000	126.303478831852	
1085.040000	126.319325481584	
1105.040000	126.338381987116	
1125.040000	126.360380362508	
1145.040000	126.385080002047	
1165.040000	126.412264101011	
1185.040000	126.441736744363	
1205.040000	126.473320489162	
1225.040000	126.506854263503	
1245.040000	126.542191550144	
1265.040000	126.579198806698	
1285.040000	126.617754079589	
1305.040000	126.657745782684	
1325.040000	126.699071617465	
1345.040000	126.741637615659	
1365.040000	126.785357288599	
1385.040000	126.830150870121	
1405.040000	126.875944641864	
1425.040000	126.922670331521	
1445.040000	126.970264575896	
1465.040000	127.018668441778	
1485.040000	127.067826998438	
1505.040000	127.117688936338	
1525.040000	127.168206227171	
1545.040000	127.219333820886	
1565.040000	127.271029375741	
1585.040000	127.323253017817	
1605.040000	127.375967126771	
1625.040000	127.429136144900	
1645.040000	127.482726406891	
1665.040000	127.536705987883	
1685.040000	127.591044567744	
1705.040000	127.645713309664	
1725.040000	127.700684751395	
1745.040000	127.755932707661	
1765.040000	127.811432182426	
1785.040000	127.867159289876	
1805.040000	127.923091183093	
1825.040000	127.979205989547	
1845.040000	128.035482752614	
1865.040000	128.091901378449	
1885.040000	128.148442587607	
1905.040000	128.205087870885	
1925.040000	128.261819448941	
1945.040000	128.318620235256	
1965.040000	128.375473802107	
1985.040000	128.432364349226	
2005.040000	128.489276674869	
2025.040000	128.546196149049	
2045.040000	128.603108688718	
2065.040000	128.660000734703	
2085.040000	128.716859230228	
2105.040000	128.773671600872	
2125.040000	128.830425735816	
2145.040000	128.887109970277	
2165.040000	128.943713069005	
2185.040000	129.000224210753	
2205.040000	129.056632973640	
2225.040000	129.112929321315	
2245.040000	129.169103589866	
2265.040000	129.225146475411	
2285.040000	129.281049022298	
2305.040000	129.336802611894	
2325.040000	129.392398951881	
2345.040000	129.447830066057	
2365.040000	129.503088284568	
2385.040000	129.558166234569	
2405.040000	129.613056831256	
2425.040000	129.667753269271	
2445.040000	129.722249014423	
2465.040000	129.776537795739	
2485.040000	129.830613597783	
