0.000000	3.000000000000	
20.000000	3.000000000000	
40.000000	3.000000000000	
60.000000	3.000000000000	
80.000000	3.000000000000	
100.000000	3.000000000000	
120.000000	3.000000000000	
140.000000	3.000000000000	
160.000000	3.000000000000	
180.000000	3.000000000000	
200.000000	3.000000000000	
220.000000	3.001580888004	
240.000000	3.016102308465	
260.000000	3.041207508248	
280.000000	3.073076277978	
300.000000	3.109319535686	
320.000000	3.148425873468	
340.000000	3.189217829539	
360.000000	3.230949046425	
380.000000	3.273379051094	
400.000000	3.316326629248	
420.000000	3.359630823122	
440.000000	3.403159581796	
460.000000	3.446809235063	
480.000000	3.490499443491	
500.000000	3.534167482000	
520.000000	3.576233773090	
540.000000	3.614452320733	
554.860000	3.640227497759	
555.060000	3.640558851779	
555.260000	3.640889733708	
555.460000	3.641220130877	
555.660000	3.641550026270	
555.860000	3.641879395345	
556.060000	3.642208197797	
556.260000	3.642536337415	
556.460000	3.642863019934	
556.660000	3.643186039589	
556.860000	3.643501128813	
557.060000	3.643765012319	
557.260000	3.643805511412	
557.460000	3.643342480816	
557.660000	3.642111721340	
557.860000	3.639957011413	
558.060000	3.636830484306	
558.260000	3.632777335977	
558.460000	3.627924159619	
558.660000	3.622455956447	
558.860000	3.616586774835	
559.060000	3.610496049605	
559.260000	3.604292090909	
579.260000	3.317656055953	
588.040000	3.331774148302	
588.240000	3.332549640228	
588.440000	3.333340188089	
588.640000	3.334145500236	
588.840000	3.334965288604	
589.040000	3.335799268681	
589.240000	3.336647159471	
589.440000	3.337508683461	
589.640000	3.338383566585	
589.840000	3.339271538189	
590.040000	3.340172330995	
590.240000	3.341085681065	
590.440000	3.342011327767	
590.640000	3.342949013733	
590.840000	3.343898484827	
591.040000	3.344859490103	
591.240000	3.345831781769	
591.440000	3.346815115143	
591.640000	3.347809248618	
591.840000	3.348813943614	
592.040000	3.349828964540	
592.240000	3.350854078744	
592.440000	3.351889056466	
592.640000	3.352933670792	
592.840000	3.353987697594	
593.040000	3.355050915478	
593.240000	3.356123105719	
593.440000	3.357204052191	
593.640000	3.358293541290	
593.840000	3.359391361850	
594.040000	3.360497305035	
594.240000	3.361611164225	
594.440000	3.362732734864	
594.640000	3.363861814281	
594.840000	3.364998201459	
595.040000	3.366141696717	
595.240000	3.367292101287	
595.440000	3.368449216685	
595.640000	3.369612843741	
595.840000	3.370782780980	
596.040000	3.371958821585	
596.240000	3.373140746611	
596.440000	3.374328303397	
596.640000	3.375520952997	
596.840000	3.376716338545	
597.040000	3.377910037483	
597.240000	3.379071102456	
597.440000	3.380052496531	
597.640000	3.380579782992	
597.840000	3.380366977938	
598.040000	3.379229320198	
598.240000	3.377101771919	
598.440000	3.374014006015	
598.640000	3.370076058479	
598.840000	3.365458033161	
599.040000	3.360364739558	
599.240000	3.354992373345	
599.440000	3.349471581428	
599.640000	3.343882531082	
619.160000	3.141350940001	
619.360000	3.141935609190	
619.560000	3.142552229613	
619.760000	3.143200271212	
619.960000	3.143879209474	
620.160000	3.144588525406	
620.360000	3.145327705504	
620.560000	3.146096241730	
620.760000	3.146893631481	
620.960000	3.147719377557	
621.160000	3.148572988135	
621.360000	3.149453976733	
621.560000	3.150361862187	
621.760000	3.151296168610	
621.960000	3.152256425365	
622.160000	3.153242167031	
622.360000	3.154252933370	
622.560000	3.155288269293	
622.760000	3.156347724822	
622.960000	3.157430855063	
623.160000	3.158537220162	
623.360000	3.159666385275	
623.560000	3.160817920528	
623.760000	3.161991400984	
623.960000	3.163186406602	
624.160000	3.164402522198	
624.360000	3.165639337415	
624.560000	3.166896446672	
624.760000	3.168173449135	
624.960000	3.169469948671	
625.160000	3.170785553808	
625.360000	3.172119877697	
625.560000	3.173472538064	
625.760000	3.174843157173	
625.960000	3.176231361780	
626.160000	3.177636783085	
626.360000	3.179059056694	
626.560000	3.180497822561	
626.760000	3.181952724950	
626.960000	3.183423412377	
627.160000	3.184909537564	
627.360000	3.186410757379	
627.560000	3.187926732783	
627.760000	3.189457128767	
627.960000	3.191001614290	
628.160000	3.192559862208	
628.360000	3.194131549203	
628.560000	3.195716355696	
628.760000	3.197313965759	
628.960000	3.198924067011	
629.160000	3.200546350504	
629.360000	3.202180510576	
629.560000	3.203826244696	
629.760000	3.205483253255	
629.960000	3.207151239313	
630.160000	3.208829908264	
630.360000	3.210518967394	
630.560000	3.212218125238	
630.760000	3.213927090642	
630.960000	3.215645571257	
631.160000	3.217373270892	
631.360000	3.219109884216	
631.560000	3.220855083217	
631.760000	3.222608451259	
631.960000	3.224368457177	
632.160000	3.226131013525	
632.360000	3.227880257395	
632.560000	3.229514309404	
632.760000	3.230788531073	
632.960000	3.231399424357	
633.160000	3.231118610232	
633.360000	3.229847424049	
633.560000	3.227590821682	
633.760000	3.224436439613	
633.960000	3.220535214772	
634.160000	3.216077569771	
634.360000	3.211265582256	
634.560000	3.206256404420	
634.760000	3.201147368266	
634.960000	3.196001585951	
635.160000	3.190860739770	
650.340000	3.032244459638	
650.540000	3.032607134556	
650.740000	3.033013414372	
650.940000	3.033462625109	
651.140000	3.033954099060	
651.340000	3.034487174778	
651.540000	3.035061197062	
651.740000	3.035675516952	
651.940000	3.036329491709	
652.140000	3.037022484804	
652.340000	3.037753865898	
652.540000	3.038523010831	
652.740000	3.039329301599	
652.940000	3.040172126336	
653.140000	3.041050879294	
653.340000	3.041964960822	
653.540000	3.042913777339	
653.740000	3.043896741317	
653.940000	3.044913271253	
654.140000	3.045962791643	
654.340000	3.047044732958	
654.540000	3.048158531614	
654.740000	3.049303629947	
654.940000	3.050479476182	
655.140000	3.051685524403	
655.340000	3.052921234527	
655.540000	3.054186072265	
655.740000	3.055479509098	
655.940000	3.056801022239	
656.140000	3.058150094604	
656.340000	3.059526214772	
656.540000	3.060928876956	
656.740000	3.062357580965	
656.940000	3.063811832168	
657.140000	3.065291141457	
657.340000	3.066795025211	
657.540000	3.068323005255	
657.740000	3.069874608823	
657.940000	3.071449368518	
658.140000	3.073046822273	
658.340000	3.074666513307	
658.540000	3.076307990084	
658.740000	3.077970806270	
658.940000	3.079654520692	
659.140000	3.081358697289	
659.340000	3.083082905068	
659.540000	3.084826718057	
659.740000	3.086589715256	
659.940000	3.088371480588	
660.140000	3.090171602848	
660.340000	3.091989675645	
660.540000	3.093825297354	
660.740000	3.095678071052	
660.940000	3.097547604457	
661.140000	3.099433509867	
661.340000	3.101335404090	
661.540000	3.103252908366	
661.740000	3.105185648293	
661.940000	3.107133253737	
662.140000	3.109095358732	
662.340000	3.111071601376	
662.540000	3.113061623702	
662.740000	3.115065071538	
662.940000	3.117081594329	
663.140000	3.119110844936	
663.340000	3.121152479373	
663.540000	3.123206156481	
663.740000	3.125271537484	
663.940000	3.127348285395	
664.140000	3.129436064139	
664.340000	3.131534537229	
664.540000	3.133643365555	
664.740000	3.135762203304	
664.940000	3.137890688991	
665.140000	3.140028417516	
665.340000	3.142174627377	
665.540000	3.144326195219	
665.740000	3.146475384307	
665.940000	3.148565970814	
666.140000	3.150405603007	
666.340000	3.151691036571	
666.540000	3.152146554501	
666.740000	3.151622812094	
666.940000	3.150092322223	
667.140000	3.147616651463	
667.340000	3.144326040038	
667.540000	3.140396014991	
667.740000	3.136024684432	
667.940000	3.131392384278	
668.140000	3.126619394419	
668.340000	3.121782401214	
668.540000	3.116932331055	
668.740000	3.112103258795	
682.000000	3.000157611796	
682.200000	3.000311020977	
682.400000	3.000514926813	
682.600000	3.000768577471	
682.800000	3.001071227642	
683.000000	3.001422138550	
683.200000	3.001820577954	
683.400000	3.002265820145	
683.600000	3.002757145954	
683.800000	3.003293842741	
684.000000	3.003875204394	
684.200000	3.004500531322	
684.400000	3.005169130450	
684.600000	3.005880315206	
684.800000	3.006633405512	
685.000000	3.007427727770	
685.200000	3.008262614852	
685.400000	3.009137406080	
685.600000	3.010051447213	
685.800000	3.011004090429	
686.000000	3.011994694303	
686.200000	3.013022623791	
686.400000	3.014087250206	
686.600000	3.015187951199	
686.800000	3.016324110730	
687.000000	3.017495119049	
687.200000	3.018700372667	
687.400000	3.019939274331	
687.600000	3.021211232997	
687.800000	3.022515663801	
688.000000	3.023851988031	
688.200000	3.025219633094	
688.400000	3.026618032489	
688.600000	3.028046625772	
688.800000	3.029504858526	
689.000000	3.030992182328	
689.200000	3.032508054710	
689.400000	3.034051939130	
689.600000	3.035623304935	
689.800000	3.037221627323	
690.000000	3.038846387307	
690.200000	3.040497071678	
690.400000	3.042173172963	
690.600000	3.043874189392	
690.800000	3.045599624852	
691.000000	3.047348988849	
691.200000	3.049121796468	
691.400000	3.050917568326	
691.600000	3.052735830534	
691.800000	3.054576114648	
692.000000	3.056437957629	
692.200000	3.058320901792	
692.400000	3.060224494763	
692.600000	3.062148289428	
692.800000	3.064091843884	
693.000000	3.066054721389	
693.200000	3.068036490308	
693.400000	3.070036724061	
693.600000	3.072055001061	
693.800000	3.074090904663	
694.000000	3.076144023093	
694.200000	3.078213949394	
694.400000	3.080300281347	
694.600000	3.082402621405	
694.800000	3.084520576611	
695.000000	3.086653758514	
695.200000	3.088801783076	
695.400000	3.090964270568	
695.600000	3.093140845455	
695.800000	3.095331136260	
696.000000	3.097534775419	
696.200000	3.099751399089	
696.400000	3.101980646939	
696.600000	3.104222161872	
696.800000	3.106475589686	
697.000000	3.108740578621	
697.200000	3.111016778742	
697.400000	3.113303841060	
697.600000	3.115601416215	
697.800000	3.117909152323	
698.000000	3.120226691128	
698.200000	3.122553659930	
698.400000	3.124889648942	
698.600000	3.127234033882	
698.800000	3.129584151388	
699.000000	3.131933058742	
699.200000	3.134233334011	
699.400000	3.136305333623	
699.600000	3.137844102737	
699.800000	3.138557578596	
700.000000	3.138280565313	
700.200000	3.136980046096	
700.400000	3.134715488009	
700.600000	3.131615017555	
700.800000	3.127851423181	
701.000000	3.123619930465	
701.200000	3.119104147392	
701.400000	3.114431655434	
701.600000	3.109684122068	
701.800000	3.104916153868	
702.000000	3.100164385793	
702.200000	3.095453934606	
714.860000	3.000128485670	
715.060000	3.000272580645	
715.260000	3.000469251722	
715.460000	3.000717718957	
715.660000	3.001017209093	
715.860000	3.001366955567	
716.060000	3.001766198517	
716.260000	3.002214184788	
716.460000	3.002710167935	
716.660000	3.003253408221	
716.860000	3.003843172618	
717.060000	3.004478734801	
717.260000	3.005159375146	
717.460000	3.005884380720	
717.660000	3.006653045272	
717.860000	3.007464669226	
718.060000	3.008318559666	
718.260000	3.009214030325	
718.460000	3.010150401567	
718.660000	3.011127000374	
718.860000	3.012143160327	
719.060000	3.013198221588	
719.260000	3.014291530880	
719.460000	3.015422441462	
719.660000	3.016590313115	
719.860000	3.017794512110	
720.060000	3.019034411187	
720.260000	3.020309389532	
720.460000	3.021618832746	
720.660000	3.022962132820	
720.860000	3.024338688106	
721.060000	3.025747903288	
721.260000	3.027189189353	
721.460000	3.028661963555	
721.660000	3.030165649391	
721.860000	3.031699676563	
722.060000	3.033263480943	
722.260000	3.034856504547	
722.460000	3.036478195490	
722.660000	3.038128007959	
722.860000	3.039805402171	
723.060000	3.041509844339	
723.260000	3.043240806635	
723.460000	3.044997767149	
723.660000	3.046780209852	
723.860000	3.048587624557	
724.060000	3.050419506877	
724.260000	3.052275358187	
724.460000	3.054154685578	
724.660000	3.056057001823	
724.860000	3.057981825324	
725.060000	3.059928680077	
725.260000	3.061897095626	
725.460000	3.063886607015	
725.660000	3.065896754746	
725.860000	3.067927084732	
726.060000	3.069977148249	
726.260000	3.072046501890	
726.460000	3.074134707514	
726.660000	3.076241332198	
726.860000	3.078365948184	
727.060000	3.080508132830	
727.260000	3.082667468552	
727.460000	3.084843542773	
727.660000	3.087035947864	
727.860000	3.089244281085	
728.060000	3.091468144525	
728.260000	3.093707145036	
728.460000	3.095960894167	
728.660000	3.098229008095	
728.860000	3.100511107547	
729.060000	3.102806817720	
729.260000	3.105115768195	
729.460000	3.107437592842	
729.660000	3.109771929714	
729.860000	3.112118420931	
730.060000	3.114476712549	
730.260000	3.116846454405	
730.460000	3.119227299939	
730.660000	3.121618905981	
730.860000	3.124020932490	
731.060000	3.126433042225	
731.260000	3.128854900322	
731.460000	3.131286173724	
731.660000	3.133726530397	
731.860000	3.136175638168	
732.060000	3.138633162921	
732.260000	3.141098765526	
732.460000	3.143572095914	
732.660000	3.146052778963	
732.860000	3.148540358433	
733.060000	3.151033421770	
733.260000	3.153527175428	
733.460000	3.155998701825	
733.660000	3.158322492136	
733.860000	3.160220983727	
734.060000	3.161369446624	
734.260000	3.161544196875	
734.460000	3.160671809967	
734.660000	3.158788115912	
734.860000	3.156005009441	
735.060000	3.152485632756	
735.260000	3.148420749638	
735.460000	3.144003903455	
735.660000	3.139385121523	
735.860000	3.134660944490	
736.060000	3.129895747881	
736.260000	3.125132808330	
736.460000	3.120401604600	
736.660000	3.115722683560	
749.940000	3.001947920668	
750.140000	3.002424386189	
750.340000	3.002950199766	
750.540000	3.003524602319	
750.740000	3.004146841578	
750.940000	3.004816172080	
751.140000	3.005531855172	
751.340000	3.006293159004	
751.540000	3.007099358524	
751.740000	3.007949735473	
751.940000	3.008843578373	
752.140000	3.009780182517	
752.340000	3.010758849959	
752.540000	3.011778889496	
752.740000	3.012839616658	
752.940000	3.013940353687	
753.140000	3.015080429522	
753.340000	3.016259179778	
753.540000	3.017475946725	
753.740000	3.018730079270	
753.940000	3.020020932928	
754.140000	3.021347869804	
754.340000	3.022710258567	
754.540000	3.024107474419	
754.740000	3.025538899075	
754.940000	3.027003920731	
755.140000	3.028501934036	
755.340000	3.030032340062	
755.540000	3.031594546275	
755.740000	3.033187966502	
755.940000	3.034812020901	
756.140000	3.036466135925	
756.340000	3.038149744292	
756.540000	3.039862284949	
756.740000	3.041603203036	
756.940000	3.043371949854	
757.140000	3.045167982825	
757.340000	3.046990765459	
757.540000	3.048839767312	
757.740000	3.050714463955	
757.940000	3.052614336929	
758.140000	3.054538873709	
758.340000	3.056487567667	
758.540000	3.058459918027	
758.740000	3.060455429829	
758.940000	3.062473613887	
759.140000	3.064513986748	
759.340000	3.066576070649	
759.540000	3.068659393479	
759.740000	3.070763488730	
759.940000	3.072887895461	
760.140000	3.075032158252	
760.340000	3.077195827158	
760.540000	3.079378457670	
760.740000	3.081579610667	
760.940000	3.083798852373	
761.140000	3.086035754311	
761.340000	3.088289893257	
761.540000	3.090560851195	
761.740000	3.092848215272	
761.940000	3.095151577748	
762.140000	3.097470535949	
762.340000	3.099804692223	
762.540000	3.102153653886	
762.740000	3.104517033178	
762.940000	3.106894447209	
763.140000	3.109285517912	
763.340000	3.111689871990	
763.540000	3.114107140864	
763.740000	3.116536960620	
763.940000	3.118978971954	
764.140000	3.121432820119	
764.340000	3.123898154864	
764.540000	3.126374630380	
764.740000	3.128861905233	
764.940000	3.131359642308	
765.140000	3.133867508739	
765.340000	3.136385175838	
765.540000	3.138912319030	
765.740000	3.141448617769	
765.940000	3.143993755457	
766.140000	3.146547419356	
766.340000	3.149109300491	
766.540000	3.151679093540	
766.740000	3.154256496716	
766.940000	3.156841211630	
767.140000	3.159432943137	
767.340000	3.162031399146	
767.540000	3.164636290406	
767.740000	3.167247330234	
767.940000	3.169864234179	
768.140000	3.172486719583	
768.340000	3.175114505005	
768.540000	3.177747309405	
768.740000	3.180384850970	
768.940000	3.183026845275	
769.140000	3.185673002178	
769.340000	3.188323019880	
769.540000	3.190976570929	
769.740000	3.193633247986	
769.940000	3.196291719730	
770.140000	3.198947136548	
770.340000	3.201573752305	
770.540000	3.204035132795	
770.740000	3.206037107673	
770.940000	3.207243781819	
771.140000	3.207432514124	
771.340000	3.206540445132	
771.540000	3.204616588840	
771.740000	3.201784143893	
771.940000	3.198214042342	
772.140000	3.194101204267	
772.340000	3.189639095134	
772.540000	3.184975168668	
772.740000	3.180204903003	
772.940000	3.175392548423	
773.140000	3.170581518376	
773.340000	3.165801505914	
773.540000	3.161073269354	
773.740000	3.156411534813	
788.860000	3.045388853556	
789.060000	3.046329831656	
789.260000	3.047312688732	
789.460000	3.048336733403	
789.660000	3.049401281092	
789.860000	3.050505654006	
790.060000	3.051649181121	
790.260000	3.052831198160	
790.460000	3.054051047570	
790.660000	3.055308078501	
790.860000	3.056601646779	
791.060000	3.057931114887	
791.260000	3.059295851932	
791.460000	3.060695233622	
791.660000	3.062128642239	
791.860000	3.063595466605	
792.060000	3.065095102058	
792.260000	3.066626950418	
792.460000	3.068190419957	
792.660000	3.069784925367	
792.860000	3.071409887724	
793.060000	3.073064734460	
793.260000	3.074748899325	
793.460000	3.076461822352	
793.660000	3.078202949823	
793.860000	3.079971734232	
794.060000	3.081767634250	
794.260000	3.083590114686	
794.460000	3.085438646449	
794.660000	3.087312706514	
794.860000	3.089211777877	
795.060000	3.091135349521	
795.260000	3.093082916377	
795.460000	3.095053979279	
795.660000	3.097048044929	
795.860000	3.099064625854	
796.060000	3.101103240368	
796.260000	3.103163412527	
796.460000	3.105244672089	
796.660000	3.107346554474	
796.860000	3.109468600720	
797.060000	3.111610357442	
797.260000	3.113771376790	
797.460000	3.115951216405	
797.660000	3.118149439377	
797.860000	3.120365614201	
798.060000	3.122599314737	
798.260000	3.124850120163	
798.460000	3.127117614932	
798.660000	3.129401388731	
798.860000	3.131701036436	
799.060000	3.134016158067	
799.260000	3.136346358744	
799.460000	3.138691248647	
799.660000	3.141050442967	
799.860000	3.143423561862	
800.060000	3.145810230418	
800.260000	3.148210078599	
800.460000	3.150622741205	
800.660000	3.153047857828	
800.860000	3.155485072805	
801.060000	3.157934035177	
801.260000	3.160394398642	
801.460000	3.162865821513	
801.660000	3.165347966667	
801.860000	3.167840501509	
802.060000	3.170343097921	
802.260000	3.172855432218	
802.460000	3.175377185106	
802.660000	3.177908041633	
802.860000	3.180447691148	
803.060000	3.182995827253	
803.260000	3.185552147759	
803.460000	3.188116354639	
803.660000	3.190688153985	
803.860000	3.193267255959	
804.060000	3.195853374753	
804.260000	3.198446228534	
804.460000	3.201045539406	
804.660000	3.203651033358	
804.860000	3.206262440221	
805.060000	3.208879493616	
805.260000	3.211501930909	
805.460000	3.214129493164	
805.660000	3.216761925088	
805.860000	3.219398974988	
806.060000	3.222040394715	
806.260000	3.224685939616	
806.460000	3.227335368478	
806.660000	3.229988443475	
806.860000	3.232644930110	
807.060000	3.235304597162	
807.260000	3.237967216618	
807.460000	3.240632563617	
807.660000	3.243300416377	
807.860000	3.245970556132	
808.060000	3.248642767048	
808.260000	3.251316836149	
808.460000	3.253992553227	
808.660000	3.256669710742	
808.860000	3.259348103716	
809.060000	3.262027529613	
809.260000	3.264707788196	
809.460000	3.267388681365	
809.660000	3.270070012967	
809.860000	3.272751588558	
810.060000	3.275433215119	
810.260000	3.278114700683	
810.460000	3.280795853861	
810.660000	3.283476483186	
810.860000	3.286156396196	
811.060000	3.288835398062	
811.260000	3.291513289410	
811.460000	3.294189862491	
811.660000	3.296864893446	
811.860000	3.299538121907	
812.060000	3.302209121956	
812.260000	3.304875664983	
812.460000	3.307530134914	
812.660000	3.310114865431	
812.860000	3.312420308997	
813.060000	3.314099744559	
813.260000	3.314835451639	
813.460000	3.314468087875	
813.660000	3.312993670488	
813.860000	3.310504552412	
814.060000	3.307155233528	
814.260000	3.303135574674	
814.460000	3.298648294512	
814.660000	3.293874352956	
814.860000	3.288938285538	
815.060000	3.283922040118	
815.260000	3.278881068910	
815.460000	3.273852959176	
815.660000	3.268863742326	
815.860000	3.263931794190	
835.280000	3.156354358936	
835.480000	3.157834784088	
835.680000	3.159344471284	
835.880000	3.160882868582	
836.080000	3.162449430262	
836.280000	3.164043616788	
836.480000	3.165664894772	
836.680000	3.167312736934	
836.880000	3.168986622067	
837.080000	3.170686034994	
837.280000	3.172410466529	
837.480000	3.174159413440	
837.680000	3.175932378409	
837.880000	3.177728869987	
838.080000	3.179548402560	
838.280000	3.181390496300	
838.480000	3.183254677132	
838.680000	3.185140476687	
838.880000	3.187047432261	
839.080000	3.188975086777	
839.280000	3.190922988737	
839.480000	3.192890692182	
839.680000	3.194877756652	
839.880000	3.196883747141	
840.080000	3.198908234054	
840.280000	3.200950793163	
840.480000	3.203011005569	
840.680000	3.205088457653	
840.880000	3.207182741037	
841.080000	3.209293452537	
841.280000	3.211420194125	
841.480000	3.213562572879	
841.680000	3.215720200948	
841.880000	3.217892695499	
842.080000	3.220079678682	
842.280000	3.222280777583	
842.480000	3.224495624178	
842.680000	3.226723855298	
842.880000	3.228965112576	
843.080000	3.231219042410	
843.280000	3.233485295920	
843.480000	3.235763528899	
843.680000	3.238053401778	
843.880000	3.240354579579	
844.080000	3.242666731870	
844.280000	3.244989532728	
844.480000	3.247322660691	
844.680000	3.249665798719	
844.880000	3.252018634151	
845.080000	3.254380858660	
845.280000	3.256752168217	
845.480000	3.259132263042	
845.680000	3.261520847568	
845.880000	3.263917630394	
846.080000	3.266322324250	
846.280000	3.268734645951	
846.480000	3.271154316356	
846.680000	3.273581060329	
846.880000	3.276014606699	
847.080000	3.278454688215	
847.280000	3.280901041512	
847.480000	3.283353407064	
847.680000	3.285811529149	
847.880000	3.288275155809	
848.080000	3.290744038808	
848.280000	3.293217933593	
848.480000	3.295696599257	
848.680000	3.298179798499	
848.880000	3.300667297582	
849.080000	3.303158866303	
849.280000	3.305654277945	
849.480000	3.308153309245	
849.680000	3.310655740354	
849.880000	3.313161354803	
850.080000	3.315669939459	
850.280000	3.318181284494	
850.480000	3.320695183346	
850.680000	3.323211432681	
850.880000	3.325729832360	
851.080000	3.328250185400	
851.280000	3.330772297940	
851.480000	3.333295979203	
851.680000	3.335821041464	
851.880000	3.338347300013	
852.080000	3.340874573121	
852.280000	3.343402682003	
852.480000	3.345931450788	
852.680000	3.348460706481	
852.880000	3.350990278931	
853.080000	3.353520000799	
853.280000	3.356049707520	
853.480000	3.358579237276	
853.680000	3.361108430957	
853.880000	3.363637132136	
854.080000	3.366165187028	
854.280000	3.368692444466	
854.480000	3.371218755865	
854.680000	3.373743975189	
854.880000	3.376267958925	
855.080000	3.378790566049	
855.280000	3.381311657994	
855.480000	3.383831098622	
855.680000	3.386348754192	
855.880000	3.388864493333	
856.080000	3.391378187012	
856.280000	3.393889708502	
856.480000	3.396398933360	
856.680000	3.398905739390	
856.880000	3.401410006622	
857.080000	3.403911617277	
857.280000	3.406410455743	
857.480000	3.408906408546	
857.680000	3.411399364321	
857.880000	3.413889213787	
858.080000	3.416375849717	
858.280000	3.418859166915	
858.480000	3.421339062186	
858.680000	3.423815434309	
858.880000	3.426288184014	
859.080000	3.428757213955	
859.280000	3.431222428680	
859.480000	3.433683734614	
859.680000	3.436141040026	
859.880000	3.438594255006	
860.080000	3.441043291443	
860.280000	3.443488062997	
860.480000	3.445928485076	
860.680000	3.448364474812	
860.880000	3.450795951037	
861.080000	3.453222834259	
861.280000	3.455645046636	
861.480000	3.458062511959	
861.680000	3.460475155621	
861.880000	3.462882904601	
862.080000	3.465285687435	
862.280000	3.467683434200	
862.480000	3.470076076486	
862.680000	3.472463547375	
862.880000	3.474845781420	
863.080000	3.477222714625	
863.280000	3.479594284418	
863.480000	3.481960429635	
863.680000	3.484321090493	
863.880000	3.486676208574	
864.080000	3.489025726800	
864.280000	3.491369589414	
864.480000	3.493707741957	
864.680000	3.496040131249	
864.880000	3.498366705366	
865.080000	3.500687413625	
865.280000	3.503002206552	
865.480000	3.505311035875	
865.680000	3.507613854492	
865.880000	3.509910616458	
866.080000	3.512201276957	
866.280000	3.514485792291	
866.480000	3.516764119850	
866.680000	3.519036218097	
866.880000	3.521302046541	
867.080000	3.523561565726	
867.280000	3.525814737197	
867.480000	3.528061523489	
867.680000	3.530301888099	
867.880000	3.532535795465	
868.080000	3.534763210944	
868.280000	3.536984100790	
868.480000	3.539198432125	
868.680000	3.541406172922	
868.880000	3.543607291971	
869.080000	3.545801758862	
869.280000	3.547989543947	
869.480000	3.550170618323	
869.680000	3.552344953788	
869.880000	3.554512522822	
870.080000	3.556673298542	
870.280000	3.558827254672	
870.480000	3.560974365497	
870.680000	3.563114605823	
870.880000	3.565247950928	
871.080000	3.567374376507	
871.280000	3.569493858611	
871.480000	3.571606373580	
871.680000	3.573711897964	
871.880000	3.575810408430	
872.080000	3.577901881656	
872.280000	3.579986294202	
872.480000	3.582063622355	
872.680000	3.584133841938	
872.880000	3.586196928069	
873.080000	3.588252854853	
873.280000	3.590301594976	
873.480000	3.592343119153	
873.680000	3.594377395358	
873.880000	3.596404387682	
874.080000	3.598424054556	
874.280000	3.600436345740	
874.480000	3.602441196570	
874.680000	3.604438514447	
874.880000	3.606428126352	
875.080000	3.608408965836	
875.280000	3.610376454992	
875.480000	3.612300082605	
875.680000	3.614021347419	
875.880000	3.615207337946	
876.080000	3.615491180869	
876.280000	3.614646633449	
876.480000	3.612632166465	
876.680000	3.609526931441	
876.880000	3.605481592763	
877.080000	3.600688512055	
877.280000	3.595357222657	
877.480000	3.589685088342	
877.680000	3.583816053100	
877.880000	3.577844396103	
878.080000	3.571833300582	
878.280000	3.565825353377	
878.480000	3.559849949521	
878.680000	3.553927815429	
898.680000	3.363694692951	
914.240000	3.486074124638	
914.440000	3.488058522648	
914.640000	3.490046461884	
914.840000	3.492037754706	
915.040000	3.494032216418	
915.240000	3.496029665228	
915.440000	3.498029922220	
915.640000	3.500032811318	
915.840000	3.502038159253	
916.040000	3.504045795528	
916.240000	3.506055552390	
916.440000	3.508067264792	
916.640000	3.510080770367	
916.840000	3.512095909388	
917.040000	3.514112524745	
917.240000	3.516130461908	
917.440000	3.518149568897	
917.640000	3.520169696252	
917.840000	3.522190697002	
918.040000	3.524212426634	
918.240000	3.526234743065	
918.440000	3.528257506608	
918.640000	3.530280579949	
918.840000	3.532303828110	
919.040000	3.534327118427	
919.240000	3.536350320516	
919.440000	3.538373306247	
919.640000	3.540395949718	
919.840000	3.542418127220	
920.040000	3.544439717217	
920.240000	3.546460600315	
920.440000	3.548480659233	
920.640000	3.550499778780	
920.840000	3.552517845827	
921.040000	3.554534749277	
921.240000	3.556550380045	
921.440000	3.558564631028	
921.640000	3.560577397080	
921.840000	3.562588574986	
922.040000	3.564598063440	
922.240000	3.566605763015	
922.440000	3.568611576143	
922.640000	3.570615407089	
922.840000	3.572617161925	
923.040000	3.574616748508	
923.240000	3.576614076456	
923.440000	3.578609057125	
923.640000	3.580601603585	
923.840000	3.582591630597	
924.040000	3.584579054591	
924.240000	3.586563793641	
924.440000	3.588545767448	
924.640000	3.590524897313	
924.840000	3.592501106116	
925.040000	3.594474318298	
925.240000	3.596444459835	
925.440000	3.598411458219	
925.640000	3.600375242439	
925.840000	3.602335742955	
926.040000	3.604292891684	
926.240000	3.606246621976	
926.440000	3.608196868594	
926.640000	3.610143567696	
926.840000	3.612086656814	
927.040000	3.614026074835	
927.240000	3.615961761982	
927.440000	3.617893659796	
927.640000	3.619821711114	
927.840000	3.621745860056	
928.040000	3.623666052001	
928.240000	3.625582233573	
928.440000	3.627494352622	
928.640000	3.629402358204	
928.840000	3.631306200568	
929.040000	3.633205831134	
929.240000	3.635101202481	
929.440000	3.636992268324	
929.640000	3.638878983504	
929.840000	3.640761303965	
930.040000	3.642639186742	
930.240000	3.644512589946	
930.440000	3.646381472743	
930.640000	3.648245795342	
930.840000	3.650105518980	
931.040000	3.651960605903	
931.240000	3.653811019356	
931.440000	3.655656723561	
931.640000	3.657497683710	
931.840000	3.659333865946	
932.040000	3.661165237349	
932.240000	3.662991765920	
932.440000	3.664813420572	
932.640000	3.666630171112	
932.840000	3.668441988226	
933.040000	3.670248843470	
933.240000	3.672050709254	
933.440000	3.673847558828	
933.640000	3.675639366271	
933.840000	3.677426106475	
934.040000	3.679207755136	
934.240000	3.680984288739	
934.440000	3.682755684544	
934.640000	3.684521920580	
934.840000	3.686282975624	
935.040000	3.688038829198	
935.240000	3.689789461549	
935.440000	3.691534853643	
935.640000	3.693274987151	
935.840000	3.695009844439	
936.040000	3.696739408556	
936.240000	3.698463663221	
936.440000	3.700182592815	
936.640000	3.701896182371	
936.840000	3.703604417558	
937.040000	3.705307284676	
937.240000	3.707004770643	
937.440000	3.708696862985	
937.640000	3.710383549826	
937.840000	3.712064819879	
938.040000	3.713740662435	
938.240000	3.715411067352	
938.440000	3.717076025049	
938.640000	3.718735526492	
938.840000	3.720389563190	
939.040000	3.722038127181	
939.240000	3.723681211026	
939.440000	3.725318807796	
939.640000	3.726950911069	
939.840000	3.728577514918	
940.040000	3.730198613900	
940.240000	3.731814203054	
940.440000	3.733424277884	
940.640000	3.735028834359	
940.840000	3.736627868901	
941.040000	3.738221378376	
941.240000	3.739809360087	
941.440000	3.741391811769	
941.640000	3.742968731575	
941.840000	3.744540118075	
942.040000	3.746105970245	
942.240000	3.747666287459	
942.440000	3.749221069486	
942.640000	3.750770316477	
942.840000	3.752314028960	
943.040000	3.753852207837	
943.240000	3.755384854372	
943.440000	3.756911970184	
943.640000	3.758433557246	
943.840000	3.759949617873	
944.040000	3.761460154715	
944.240000	3.762965170757	
944.440000	3.764464669306	
944.640000	3.765958653987	
944.840000	3.767447128737	
945.040000	3.768930097801	
965.040000	3.891067149558	
985.040000	3.970728749746	
1005.040000	4.021832122214	
1025.040000	4.054726134276	
1045.040000	4.076151952148	
1065.040000	4.090323130814	
1085.040000	4.099838255833	
1105.040000	4.106294966738	
1125.040000	4.110677123426	
1145.040000	4.113593561935	
1165.040000	4.115424077023	
1185.040000	4.116408549108	
1205.040000	4.116701467539	
1225.040000	4.116404886638	
1245.040000	4.115588605991	
1265.040000	4.114302549777	
1285.040000	4.112584356191	
1305.040000	4.110464034215	
1325.040000	4.107966822500	
1345.040000	4.105114940576	
1365.040000	4.101928654118	
1385.040000	4.098426913109	
1405.040000	4.094627723024	
1425.040000	4.090548349347	
1445.040000	4.086205419065	
1465.040000	4.081614960202	
1485.040000	4.076792406095	
1505.040000	4.071752581904	
1525.040000	4.066509684634	
1545.040000	4.061077263748	
1565.040000	4.055468206526	
1585.040000	4.049694730287	
1605.040000	4.043768382193	
1625.040000	4.037700046469	
1645.040000	4.031499958288	
1665.040000	4.025177723295	
1685.040000	4.018742341616	
1705.040000	4.012202235207	
1725.040000	4.005565277493	
1745.040000	3.998838824356	
1765.040000	3.992029745703	
1785.040000	3.985144456954	
1805.040000	3.978188949967	
1825.040000	3.971168822998	
1845.040000	3.964089309441	
1865.040000	3.956955305134	
1885.040000	3.949771394136	
1905.040000	3.942541872888	
1925.040000	3.935270772759	
1945.040000	3.927961880986	
1965.040000	3.920618760037	
1985.040000	3.913244765475	
2005.040000	3.905843062372	
2025.040000	3.898416640369	
2045.040000	3.890968327448	
2065.040000	3.883500802520	
2085.040000	3.876016606891	
2105.040000	3.868518154710	
2125.040000	3.861007742464	
2145.040000	3.853487557606	
2165.040000	3.845959686386	
2185.040000	3.838426120955	
2205.040000	3.830888765805	
2225.040000	3.823349443603	
2245.040000	3.815809900490	
2265.040000	3.808271810869	
2285.040000	3.800736781758	
2305.040000	3.793206356734	
2325.040000	3.785682019513	
2345.040000	3.778165197203	
2365.040000	3.770657263263	
2385.040000	3.763159540199	
2405.040000	3.755673302018	
2425.040000	3.748199776471	
2445.040000	3.740740147113	
2465.040000	3.733295555179	
2485.040000	3.725867101319	
