0.000000	-90.306307519297	
20.000000	-90.306262062398	
40.000000	-90.306165315307	
60.000000	-90.306057908681	
80.000000	-90.305949611365	
100.000000	-90.305841400570	
120.000000	-90.178669482398	
140.000000	-89.949307463752	
160.000000	-89.668264560172	
180.000000	-89.358088909318	
200.000000	-89.033725199580	
220.000000	-88.701311288087	
240.000000	-88.363825348135	
260.000000	-88.023046593440	
280.000000	-87.680222813146	
300.000000	-87.336315008451	
320.000000	-86.992098702638	
340.000000	-86.650822646426	
360.000000	-86.312165943990	
380.000000	-85.975491210343	
400.000000	-85.640734045127	
420.000000	-85.308024768894	
440.000000	-84.977538462926	
460.000000	-84.649438715482	
480.000000	-84.323856721409	
500.000000	-84.000881550856	
520.000000	-83.698552777953	
540.000000	-83.422435885596	
554.860000	-83.232456142991	
555.060000	-83.229962025867	
555.260000	-83.227466942530	
555.460000	-83.224970035228	
555.660000	-83.222469944434	
555.860000	-83.219964229612	
556.060000	-83.217447361471	
556.260000	-83.214892966818	
556.460000	-83.211982373635	
556.660000	-83.208479505202	
556.860000	-83.203555555135	
557.060000	-83.195508356021	
557.260000	-83.186674707985	
557.460000	-83.178212944208	
557.660000	-83.170473813403	
557.860000	-83.163361863857	
558.060000	-83.156689340360	
558.260000	-83.150445204575	
558.460000	-83.144718293149	
558.660000	-83.139635651432	
558.860000	-83.135374090501	
559.060000	-83.131704681678	
559.260000	-83.128358222437	
579.260000	-82.865980755637	
588.040000	-82.766228442546	
588.240000	-82.764031535188	
588.440000	-82.761837601842	
588.640000	-82.759646615815	
588.840000	-82.757458550042	
589.040000	-82.755273377049	
589.240000	-82.753091068900	
589.440000	-82.750911597147	
589.640000	-82.748734932768	
589.840000	-82.746561046103	
590.040000	-82.744389906779	
590.240000	-82.742221483624	
590.440000	-82.740055744572	
590.640000	-82.737892656558	
590.840000	-82.735732185390	
591.040000	-82.733574295609	
591.240000	-82.731418950325	
591.440000	-82.729266111028	
591.640000	-82.727115737368	
591.840000	-82.724967786896	
592.040000	-82.722822214760	
592.240000	-82.720678973342	
592.440000	-82.718538011825	
592.640000	-82.716399275676	
592.840000	-82.714262706006	
593.040000	-82.712128238793	
593.240000	-82.709995803913	
593.440000	-82.707865323923	
593.640000	-82.705736712515	
593.840000	-82.703609872510	
594.040000	-82.701484693229	
594.240000	-82.699361046969	
594.440000	-82.697238784171	
594.640000	-82.695117726644	
594.840000	-82.692997657737	
595.040000	-82.690878307592	
595.240000	-82.688759329983	
595.440000	-82.686640263872	
595.640000	-82.684520464817	
595.840000	-82.682398969916	
596.040000	-82.680274191115	
596.240000	-82.678143035910	
596.440000	-82.675996775518	
596.640000	-82.673729355674	
596.840000	-82.671001299255	
597.040000	-82.667405433956	
597.240000	-82.661175967018	
597.440000	-82.653909159435	
597.640000	-82.646805419862	
597.840000	-82.640268314649	
598.040000	-82.634298481982	
598.240000	-82.628707035822	
598.440000	-82.623431433929	
598.640000	-82.618511118577	
598.840000	-82.614031377985	
599.040000	-82.610132465103	
599.240000	-82.606779468483	
599.440000	-82.603735865103	
599.640000	-82.600881600465	
619.160000	-82.379402728964	
619.360000	-82.377407295471	
619.560000	-82.375415951807	
619.760000	-82.373428664953	
619.960000	-82.371445401978	
620.160000	-82.369466130028	
620.360000	-82.367490816317	
620.560000	-82.365519428121	
620.760000	-82.363551932764	
620.960000	-82.361588297606	
621.160000	-82.359628490035	
621.360000	-82.357672477454	
621.560000	-82.355720227265	
621.760000	-82.353771706857	
621.960000	-82.351826883591	
622.160000	-82.349885724781	
622.360000	-82.347948197679	
622.560000	-82.346014269455	
622.760000	-82.344083907177	
622.960000	-82.342157077784	
623.160000	-82.340233748067	
623.360000	-82.338313884642	
623.560000	-82.336397453913	
623.760000	-82.334484422050	
623.960000	-82.332574754946	
624.160000	-82.330668418182	
624.360000	-82.328765376982	
624.560000	-82.326865596165	
624.760000	-82.324969040090	
624.960000	-82.323075672602	
625.160000	-82.321185456959	
625.360000	-82.319298355760	
625.560000	-82.317414330859	
625.760000	-82.315533343273	
625.960000	-82.313655353068	
626.160000	-82.311780319237	
626.360000	-82.309908199558	
626.560000	-82.308038950429	
626.760000	-82.306172526678	
626.960000	-82.304308881339	
627.160000	-82.302447965393	
627.360000	-82.300589727460	
627.560000	-82.298734113435	
627.760000	-82.296881066048	
627.960000	-82.295030524332	
628.160000	-82.293182422983	
628.360000	-82.291336691562	
628.560000	-82.289493253504	
628.760000	-82.287652024866	
628.960000	-82.285812912733	
629.160000	-82.283975813136	
629.360000	-82.282140608309	
629.560000	-82.280307162978	
629.760000	-82.278475319235	
629.960000	-82.276644889262	
630.160000	-82.274815644633	
630.360000	-82.272987299980	
630.560000	-82.271159486767	
630.760000	-82.269331708449	
630.960000	-82.267503257124	
631.160000	-82.265673039410	
631.360000	-82.263839141377	
631.560000	-82.261997328070	
631.760000	-82.260127412686	
631.960000	-82.257995928385	
632.160000	-82.255339280946	
632.360000	-82.250860751892	
632.560000	-82.244859983141	
632.760000	-82.238740566173	
632.960000	-82.233033174559	
633.160000	-82.227837138070	
633.360000	-82.223011823532	
633.560000	-82.218444177532	
633.760000	-82.214132781615	
633.960000	-82.210128123549	
634.160000	-82.206521633966	
634.360000	-82.203389778376	
634.560000	-82.200578558102	
634.760000	-82.197957890995	
634.960000	-82.195459716613	
635.160000	-82.193034885931	
650.340000	-82.037871259981	
650.540000	-82.036064729358	
650.740000	-82.034262980464	
650.940000	-82.032465973801	
651.140000	-82.030673670095	
651.340000	-82.028886030287	
651.540000	-82.027103015530	
651.740000	-82.025324587177	
651.940000	-82.023550706774	
652.140000	-82.021781336053	
652.340000	-82.020016436920	
652.540000	-82.018255971454	
652.740000	-82.016499901894	
652.940000	-82.014748190632	
653.140000	-82.013000800202	
653.340000	-82.011257693277	
653.540000	-82.009518832657	
653.740000	-82.007784181256	
653.940000	-82.006053702100	
654.140000	-82.004327358311	
654.340000	-82.002605113097	
654.540000	-82.000886929744	
654.740000	-81.999172771601	
654.940000	-81.997462602066	
655.140000	-81.995756384580	
655.340000	-81.994054082603	
655.540000	-81.992355659605	
655.740000	-81.990661079047	
655.940000	-81.988970304366	
656.140000	-81.987283298950	
656.340000	-81.985600026125	
656.540000	-81.983920449126	
656.740000	-81.982244531077	
656.940000	-81.980572234959	
657.140000	-81.978903523589	
657.340000	-81.977238359579	
657.540000	-81.975576705307	
657.740000	-81.973918522878	
657.940000	-81.972263774076	
658.140000	-81.970612420322	
658.340000	-81.968964422618	
658.540000	-81.967319741492	
658.740000	-81.965678336924	
658.940000	-81.964040168282	
659.140000	-81.962405194227	
659.340000	-81.960773372630	
659.540000	-81.959144660452	
659.740000	-81.957519013630	
659.940000	-81.955896386930	
660.140000	-81.954276733785	
660.340000	-81.952660006103	
660.540000	-81.951046154050	
660.740000	-81.949435125785	
660.940000	-81.947826867153	
661.140000	-81.946221321320	
661.340000	-81.944618428331	
661.540000	-81.943018124576	
661.740000	-81.941420342138	
661.940000	-81.939825007987	
662.140000	-81.938232042968	
662.340000	-81.936641360526	
662.540000	-81.935052865060	
662.740000	-81.933466449779	
662.940000	-81.931881993835	
663.140000	-81.930299358433	
663.340000	-81.928718381397	
663.540000	-81.927138869344	
663.740000	-81.925560586037	
663.940000	-81.923983234225	
664.140000	-81.922406425771	
664.340000	-81.920829628828	
664.540000	-81.919252064943	
664.740000	-81.917672478130	
664.940000	-81.916088482184	
665.140000	-81.914493554350	
665.340000	-81.912812330165	
665.540000	-81.910780540613	
665.740000	-81.907811097016	
665.940000	-81.903012767484	
666.140000	-81.897752769999	
666.340000	-81.892714764586	
666.540000	-81.888106276419	
666.740000	-81.883877618034	
666.940000	-81.879885468075	
667.140000	-81.876088232417	
667.340000	-81.872508446367	
667.540000	-81.869200894316	
667.740000	-81.866257648966	
667.940000	-81.863641734327	
668.140000	-81.861220711193	
668.340000	-81.858927732112	
668.540000	-81.856715974336	
668.740000	-81.854554089885	
682.000000	-81.732773398821	
682.200000	-81.731155792660	
682.400000	-81.729543326549	
682.600000	-81.727935956810	
682.800000	-81.726333640095	
683.000000	-81.724736333372	
683.200000	-81.723143993912	
683.400000	-81.721556579281	
683.600000	-81.719974047329	
683.800000	-81.718396356181	
684.000000	-81.716823464225	
684.200000	-81.715255330108	
684.400000	-81.713691912722	
684.600000	-81.712133171200	
684.800000	-81.710579064909	
685.000000	-81.709029553436	
685.200000	-81.707484596588	
685.400000	-81.705944154379	
685.600000	-81.704408187024	
685.800000	-81.702876654932	
686.000000	-81.701349518698	
686.200000	-81.699826739094	
686.400000	-81.698308277063	
686.600000	-81.696794093709	
686.800000	-81.695284150291	
687.000000	-81.693778408209	
687.200000	-81.692276829002	
687.400000	-81.690779374332	
687.600000	-81.689286005980	
687.800000	-81.687796685828	
688.000000	-81.686311375857	
688.200000	-81.684830038128	
688.400000	-81.683352634770	
688.600000	-81.681879127973	
688.800000	-81.680409479965	
689.000000	-81.678943653005	
689.200000	-81.677481609359	
689.400000	-81.676023311288	
689.600000	-81.674568721026	
689.800000	-81.673117800761	
690.000000	-81.671670512610	
690.200000	-81.670226818598	
690.400000	-81.668786680626	
690.600000	-81.667350060449	
690.800000	-81.665916919636	
691.000000	-81.664487219540	
691.200000	-81.663060921258	
691.400000	-81.661637985585	
691.600000	-81.660218372970	
691.800000	-81.658802043458	
692.000000	-81.657388956635	
692.200000	-81.655979071556	
692.400000	-81.654572346671	
692.600000	-81.653168739743	
692.800000	-81.651768207744	
693.000000	-81.650370706749	
693.200000	-81.648976191809	
693.400000	-81.647584616801	
693.600000	-81.646195934264	
693.800000	-81.644810095195	
694.000000	-81.643427048825	
694.200000	-81.642046742341	
694.400000	-81.640669120566	
694.600000	-81.639294125571	
694.800000	-81.637921696203	
695.000000	-81.636551767521	
695.200000	-81.635184270090	
695.400000	-81.633819129109	
695.600000	-81.632456263304	
695.800000	-81.631095583526	
696.000000	-81.629736990909	
696.200000	-81.628380374449	
696.400000	-81.627025607721	
696.600000	-81.625672544338	
696.800000	-81.624321011476	
697.000000	-81.622970800322	
697.200000	-81.621621651386	
697.400000	-81.620273230704	
697.600000	-81.618925088573	
697.800000	-81.617576581254	
698.000000	-81.616226701763	
698.200000	-81.614873630591	
698.400000	-81.613512948785	
698.600000	-81.612107757989	
698.800000	-81.610437123098	
699.000000	-81.608085960536	
699.200000	-81.604116216014	
699.400000	-81.599636721442	
699.600000	-81.595296805319	
699.800000	-81.591312693272	
700.000000	-81.587665104396	
700.200000	-81.584222786444	
700.400000	-81.580933129390	
700.600000	-81.577807402676	
700.800000	-81.574886495787	
701.000000	-81.572245684029	
701.200000	-81.569881245534	
701.400000	-81.567688112779	
701.600000	-81.565608812457	
701.800000	-81.563604615034	
702.000000	-81.561647847950	
702.200000	-81.559722023734	
714.860000	-81.456298544726	
715.060000	-81.454875481471	
715.260000	-81.453457636111	
715.460000	-81.452044963363	
715.660000	-81.450637418315	
715.860000	-81.449234956414	
716.060000	-81.447837533451	
716.260000	-81.446445105556	
716.460000	-81.445057629181	
716.660000	-81.443675061097	
716.860000	-81.442297358381	
717.060000	-81.440924478407	
717.260000	-81.439556378842	
717.460000	-81.438193017635	
717.660000	-81.436834353013	
717.860000	-81.435480343470	
718.060000	-81.434130947764	
718.260000	-81.432786124909	
718.460000	-81.431445834169	
718.660000	-81.430110035053	
718.860000	-81.428778687308	
719.060000	-81.427451750911	
719.260000	-81.426129186068	
719.460000	-81.424810953203	
719.660000	-81.423497012956	
719.860000	-81.422187326173	
720.060000	-81.420881853904	
720.260000	-81.419580557394	
720.460000	-81.418283398075	
720.660000	-81.416990337565	
720.860000	-81.415701337653	
721.060000	-81.414416360301	
721.260000	-81.413135367628	
721.460000	-81.411858321907	
721.660000	-81.410585185554	
721.860000	-81.409315921122	
722.060000	-81.408050491291	
722.260000	-81.406788858854	
722.460000	-81.405530986715	
722.660000	-81.404276837868	
722.860000	-81.403026375393	
723.060000	-81.401779562440	
723.260000	-81.400536362216	
723.460000	-81.399296737969	
723.660000	-81.398060652974	
723.860000	-81.396828070516	
724.060000	-81.395598953870	
724.260000	-81.394373266284	
724.460000	-81.393150970953	
724.660000	-81.391932030999	
724.860000	-81.390716409443	
725.060000	-81.389504069177	
725.260000	-81.388294972934	
725.460000	-81.387089083253	
725.660000	-81.385886362439	
725.860000	-81.384686772525	
726.060000	-81.383490275221	
726.260000	-81.382296831865	
726.460000	-81.381106403363	
726.660000	-81.379918950121	
726.860000	-81.378734431977	
727.060000	-81.377552808111	
727.260000	-81.376374036955	
727.460000	-81.375198076078	
727.660000	-81.374024882067	
727.860000	-81.372854410377	
728.060000	-81.371686615171	
728.260000	-81.370521449116	
728.460000	-81.369358863159	
728.660000	-81.368198806257	
728.860000	-81.367041225049	
729.060000	-81.365886063471	
729.260000	-81.364733262283	
729.460000	-81.363582758498	
729.660000	-81.362434484663	
729.860000	-81.361288367972	
730.060000	-81.360144329134	
730.260000	-81.359002280914	
730.460000	-81.357862126225	
730.660000	-81.356723755576	
730.860000	-81.355587043587	
731.060000	-81.354451844100	
731.260000	-81.353317983096	
731.460000	-81.352185248046	
731.660000	-81.351053371127	
731.860000	-81.349922001142	
732.060000	-81.348790652696	
732.260000	-81.347658603585	
732.460000	-81.346524650556	
732.660000	-81.345386334426	
732.860000	-81.344234694556	
733.060000	-81.342951724246	
733.260000	-81.341306867214	
733.460000	-81.338420289980	
733.660000	-81.334702720985	
733.860000	-81.330941184976	
734.060000	-81.327433773870	
734.260000	-81.324233101693	
734.460000	-81.321240828086	
734.660000	-81.318373797634	
734.860000	-81.315623408370	
735.060000	-81.313015324506	
735.260000	-81.310603333534	
735.460000	-81.308428993897	
735.660000	-81.306422992065	
735.860000	-81.304525260945	
736.060000	-81.302702499074	
736.260000	-81.300928453349	
736.460000	-81.299186561717	
736.660000	-81.297467149148	
749.940000	-81.202517944997	
750.140000	-81.201301874723	
750.340000	-81.200090821672	
750.540000	-81.198884741709	
750.740000	-81.197683591048	
750.940000	-81.196487326241	
751.140000	-81.195295904175	
751.340000	-81.194109282060	
751.540000	-81.192927417428	
751.740000	-81.191750268120	
751.940000	-81.190577792288	
752.140000	-81.189409948382	
752.340000	-81.188246695151	
752.540000	-81.187087991635	
752.740000	-81.185933797159	
752.940000	-81.184784071333	
753.140000	-81.183638774045	
753.340000	-81.182497865455	
753.540000	-81.181361305995	
753.740000	-81.180229056362	
753.940000	-81.179101077516	
754.140000	-81.177977330674	
754.340000	-81.176857777310	
754.540000	-81.175742379145	
754.740000	-81.174631098150	
754.940000	-81.173523896538	
755.140000	-81.172420736762	
755.340000	-81.171321581508	
755.540000	-81.170226393696	
755.740000	-81.169135136471	
755.940000	-81.168047773203	
756.140000	-81.166964267478	
756.340000	-81.165884583098	
756.540000	-81.164808684074	
756.740000	-81.163736534622	
756.940000	-81.162668099157	
757.140000	-81.161603342289	
757.340000	-81.160542228817	
757.540000	-81.159484723724	
757.740000	-81.158430792168	
757.940000	-81.157380399482	
758.140000	-81.156333511159	
758.340000	-81.155290092853	
758.540000	-81.154250110365	
758.740000	-81.153213529642	
758.940000	-81.152180316762	
759.140000	-81.151150437929	
759.340000	-81.150123859462	
759.540000	-81.149100547787	
759.740000	-81.148080469423	
759.940000	-81.147063590974	
760.140000	-81.146049879114	
760.340000	-81.145039300575	
760.540000	-81.144031822133	
760.740000	-81.143027410592	
760.940000	-81.142026032766	
761.140000	-81.141027655464	
761.340000	-81.140032245467	
761.540000	-81.139039769508	
761.740000	-81.138050194250	
761.940000	-81.137063486257	
762.140000	-81.136079611970	
762.340000	-81.135098537672	
762.540000	-81.134120229457	
762.740000	-81.133144653189	
762.940000	-81.132171774462	
763.140000	-81.131201558554	
763.340000	-81.130233970372	
763.540000	-81.129268974395	
763.740000	-81.128306534605	
763.940000	-81.127346614417	
764.140000	-81.126389176589	
764.340000	-81.125434183125	
764.540000	-81.124481595169	
764.740000	-81.123531372867	
764.940000	-81.122583475229	
765.140000	-81.121637859944	
765.340000	-81.120694483187	
765.540000	-81.119753299369	
765.740000	-81.118814260858	
765.940000	-81.117877317630	
766.140000	-81.116942416854	
766.340000	-81.116009502389	
766.540000	-81.115078514148	
766.740000	-81.114149387318	
766.940000	-81.113222051367	
767.140000	-81.112296428764	
767.340000	-81.111372433306	
767.540000	-81.110449967897	
767.740000	-81.109528921509	
767.940000	-81.108609164932	
768.140000	-81.107690544644	
768.340000	-81.106772873623	
768.540000	-81.105855916908	
768.740000	-81.104939367572	
768.940000	-81.104022803434	
769.140000	-81.103105600232	
769.340000	-81.102186726639	
769.540000	-81.101264101879	
769.740000	-81.100330382705	
769.940000	-81.099287907088	
770.140000	-81.097924069338	
770.340000	-81.095475054210	
770.540000	-81.092366187103	
770.740000	-81.089228631852	
770.940000	-81.086299308017	
771.140000	-81.083619422215	
771.340000	-81.081101953177	
771.540000	-81.078674345730	
771.740000	-81.076329526207	
771.940000	-81.074090742972	
772.140000	-81.072005230246	
772.340000	-81.070104589609	
772.540000	-81.068333661600	
772.740000	-81.066648556360	
772.940000	-81.065024377023	
773.140000	-81.063440798536	
773.340000	-81.061884888518	
773.540000	-81.060349033860	
773.740000	-81.058828801623	
788.860000	-80.966905158717	
789.060000	-80.965914757371	
789.260000	-80.964928896170	
789.460000	-80.963947534521	
789.660000	-80.962970632143	
789.860000	-80.961998149065	
790.060000	-80.961030045626	
790.260000	-80.960066282465	
790.460000	-80.959106820525	
790.660000	-80.958151621049	
790.860000	-80.957200645574	
791.060000	-80.956253855932	
791.260000	-80.955311214247	
791.460000	-80.954372682931	
791.660000	-80.953438224686	
791.860000	-80.952507802495	
792.060000	-80.951581379627	
792.260000	-80.950658919629	
792.460000	-80.949740386329	
792.660000	-80.948825743829	
792.860000	-80.947914956508	
793.060000	-80.947007989016	
793.260000	-80.946104806272	
793.460000	-80.945205373464	
793.660000	-80.944309656047	
793.860000	-80.943417619739	
794.060000	-80.942529230519	
794.260000	-80.941644454626	
794.460000	-80.940763258557	
794.660000	-80.939885609062	
794.860000	-80.939011473145	
795.060000	-80.938140818060	
795.260000	-80.937273611309	
795.460000	-80.936409820638	
795.660000	-80.935549414038	
795.860000	-80.934692359739	
796.060000	-80.933838626207	
796.260000	-80.932988182145	
796.460000	-80.932140996487	
796.660000	-80.931297038396	
796.860000	-80.930456277262	
797.060000	-80.929618682695	
797.260000	-80.928784224528	
797.460000	-80.927952872809	
797.660000	-80.927124597799	
797.860000	-80.926299369967	
798.060000	-80.925477159991	
798.260000	-80.924657938748	
798.460000	-80.923841677313	
798.660000	-80.923028346957	
798.860000	-80.922217919140	
799.060000	-80.921410365504	
799.260000	-80.920605657876	
799.460000	-80.919803768255	
799.660000	-80.919004668811	
799.860000	-80.918208331882	
800.060000	-80.917414729960	
800.260000	-80.916623835696	
800.460000	-80.915835621885	
800.660000	-80.915050061464	
800.860000	-80.914267127503	
801.060000	-80.913486793200	
801.260000	-80.912709031871	
801.460000	-80.911933816941	
801.660000	-80.911161121941	
801.860000	-80.910390920491	
802.060000	-80.909623186296	
802.260000	-80.908857893131	
802.460000	-80.908095014834	
802.660000	-80.907334525292	
802.860000	-80.906576398425	
803.060000	-80.905820608178	
803.260000	-80.905067128500	
803.460000	-80.904315933331	
803.660000	-80.903566996583	
803.860000	-80.902820292120	
804.060000	-80.902075793738	
804.260000	-80.901333475141	
804.460000	-80.900593309916	
804.660000	-80.899855271505	
804.860000	-80.899119333173	
805.060000	-80.898385467974	
805.260000	-80.897653648714	
805.460000	-80.896923847910	
805.660000	-80.896196037737	
805.860000	-80.895470189981	
806.060000	-80.894746275975	
806.260000	-80.894024266534	
806.460000	-80.893304131873	
806.660000	-80.892585841526	
806.860000	-80.891869364237	
807.060000	-80.891154667848	
807.260000	-80.890441719162	
807.460000	-80.889730483783	
807.660000	-80.889020925932	
807.860000	-80.888313008226	
808.060000	-80.887606691415	
808.260000	-80.886901934064	
808.460000	-80.886198692173	
808.660000	-80.885496918705	
808.860000	-80.884796563002	
809.060000	-80.884097570061	
809.260000	-80.883399879594	
809.460000	-80.882703424842	
809.660000	-80.882008130986	
809.860000	-80.881313913041	
810.060000	-80.880620672951	
810.260000	-80.879928295491	
810.460000	-80.879236642293	
810.660000	-80.878545542770	
810.860000	-80.877854779630	
811.060000	-80.877164064203	
811.260000	-80.876472990618	
811.460000	-80.875780939550	
811.660000	-80.875086832894	
811.860000	-80.874388229923	
812.060000	-80.873669058002	
812.260000	-80.872800845939	
812.460000	-80.871469629220	
812.660000	-80.869198990449	
812.860000	-80.866649032771	
813.060000	-80.864165373307	
813.260000	-80.861867840466	
813.460000	-80.859743432600	
813.660000	-80.857706128054	
813.860000	-80.855718161119	
814.060000	-80.853787372956	
814.260000	-80.851942599137	
814.460000	-80.850229224249	
814.660000	-80.848643410578	
814.860000	-80.847140118417	
815.060000	-80.845695888232	
815.260000	-80.844292568875	
815.460000	-80.842917212796	
815.660000	-80.841562058559	
815.860000	-80.840222584557	
835.280000	-80.745069610938	
835.480000	-80.744341265887	
835.680000	-80.743616603542	
835.880000	-80.742895590335	
836.080000	-80.742178192990	
836.280000	-80.741464378519	
836.480000	-80.740754114221	
836.680000	-80.740047367683	
836.880000	-80.739344106775	
837.080000	-80.738644299652	
837.280000	-80.737947914751	
837.480000	-80.737254920789	
837.680000	-80.736565286763	
837.880000	-80.735878981947	
838.080000	-80.735195975894	
838.280000	-80.734516238431	
838.480000	-80.733839739657	
838.680000	-80.733166449946	
838.880000	-80.732496339941	
839.080000	-80.731829380556	
839.280000	-80.731165542973	
839.480000	-80.730504798638	
839.680000	-80.729847119266	
839.880000	-80.729192476831	
840.080000	-80.728540843573	
840.280000	-80.727892191991	
840.480000	-80.727246494842	
840.680000	-80.726603725141	
840.880000	-80.725963856159	
841.080000	-80.725326861422	
841.280000	-80.724692714708	
841.480000	-80.724061390045	
841.680000	-80.723432861712	
841.880000	-80.722807104236	
842.080000	-80.722184092390	
842.280000	-80.721563801190	
842.480000	-80.720946205897	
842.680000	-80.720331282013	
842.880000	-80.719719005279	
843.080000	-80.719109351675	
843.280000	-80.718502297416	
843.480000	-80.717897818953	
843.680000	-80.717295892970	
843.880000	-80.716696496381	
844.080000	-80.716099606332	
844.280000	-80.715505200195	
844.480000	-80.714913255568	
844.680000	-80.714323750275	
844.880000	-80.713736662362	
845.080000	-80.713151970096	
845.280000	-80.712569651965	
845.480000	-80.711989686671	
845.680000	-80.711412053137	
845.880000	-80.710836730496	
846.080000	-80.710263698095	
846.280000	-80.709692935491	
846.480000	-80.709124422453	
846.680000	-80.708558138952	
846.880000	-80.707994065170	
847.080000	-80.707432181490	
847.280000	-80.706872468495	
847.480000	-80.706314906973	
847.680000	-80.705759477907	
847.880000	-80.705206162479	
848.080000	-80.704654942063	
848.280000	-80.704105798229	
848.480000	-80.703558712739	
848.680000	-80.703013667542	
848.880000	-80.702470644776	
849.080000	-80.701929626768	
849.280000	-80.701390596026	
849.480000	-80.700853535242	
849.680000	-80.700318427290	
849.880000	-80.699785255222	
850.080000	-80.699254002268	
850.280000	-80.698724651833	
850.480000	-80.698197187499	
850.680000	-80.697671593016	
850.880000	-80.697147852307	
851.080000	-80.696625949464	
851.280000	-80.696105868746	
851.480000	-80.695587594576	
851.680000	-80.695071111541	
851.880000	-80.694556404391	
852.080000	-80.694043458036	
852.280000	-80.693532257542	
852.480000	-80.693022788133	
852.680000	-80.692515035190	
852.880000	-80.692008984243	
853.080000	-80.691504620977	
853.280000	-80.691001931223	
853.480000	-80.690500900964	
853.680000	-80.690001516325	
853.880000	-80.689503763578	
854.080000	-80.689007629136	
854.280000	-80.688513099555	
854.480000	-80.688020161526	
854.680000	-80.687528801882	
854.880000	-80.687039007587	
855.080000	-80.686550765743	
855.280000	-80.686064063579	
855.480000	-80.685578888459	
855.680000	-80.685095227872	
855.880000	-80.684613069433	
856.080000	-80.684132400886	
856.280000	-80.683653210092	
856.480000	-80.683175485036	
856.680000	-80.682699213823	
856.880000	-80.682224384673	
857.080000	-80.681750985922	
857.280000	-80.681279006019	
857.480000	-80.680808433526	
857.680000	-80.680339257113	
857.880000	-80.679871465557	
858.080000	-80.679405047743	
858.280000	-80.678939992655	
858.480000	-80.678476289384	
858.680000	-80.678013927116	
858.880000	-80.677552895135	
859.080000	-80.677093182822	
859.280000	-80.676634779649	
859.480000	-80.676177675179	
859.680000	-80.675721859064	
859.880000	-80.675267321040	
860.080000	-80.674814050929	
860.280000	-80.674362038632	
860.480000	-80.673911274130	
860.680000	-80.673461747480	
860.880000	-80.673013448811	
861.080000	-80.672566368323	
861.280000	-80.672120496286	
861.480000	-80.671675823031	
861.680000	-80.671232338954	
861.880000	-80.670790034506	
862.080000	-80.670348900199	
862.280000	-80.669908926590	
862.480000	-80.669470104290	
862.680000	-80.669032423952	
862.880000	-80.668595876270	
863.080000	-80.668160451975	
863.280000	-80.667726141830	
863.480000	-80.667292936626	
863.680000	-80.666860827177	
863.880000	-80.666429804316	
864.080000	-80.665999858887	
864.280000	-80.665570981742	
864.480000	-80.665143163735	
864.680000	-80.664716395713	
864.880000	-80.664290668511	
865.080000	-80.663865972946	
865.280000	-80.663442299805	
865.480000	-80.663019639842	
865.680000	-80.662597983765	
865.880000	-80.662177322225	
866.080000	-80.661757645810	
866.280000	-80.661338945031	
866.480000	-80.660921210308	
866.680000	-80.660504431959	
866.880000	-80.660088600182	
867.080000	-80.659673705042	
867.280000	-80.659259736450	
867.480000	-80.658846684144	
867.680000	-80.658434537667	
867.880000	-80.658023286344	
868.080000	-80.657612919252	
868.280000	-80.657203425191	
868.480000	-80.656794792650	
868.680000	-80.656387009769	
868.880000	-80.655980064294	
869.080000	-80.655573943531	
869.280000	-80.655168634288	
869.480000	-80.654764122810	
869.680000	-80.654360394709	
869.880000	-80.653957434879	
870.080000	-80.653555227395	
870.280000	-80.653153755402	
870.480000	-80.652753000977	
870.680000	-80.652352944975	
870.880000	-80.651953566836	
871.080000	-80.651554844358	
871.280000	-80.651156753423	
871.480000	-80.650759267662	
871.680000	-80.650362358038	
871.880000	-80.649965992328	
872.080000	-80.649570134467	
872.280000	-80.649174743703	
872.480000	-80.648779773499	
872.680000	-80.648385170064	
872.880000	-80.647990870358	
873.080000	-80.647596799309	
873.280000	-80.647202865800	
873.480000	-80.646808956674	
873.680000	-80.646414927354	
873.880000	-80.646020586273	
874.080000	-80.645625666954	
874.280000	-80.645229772238	
874.480000	-80.644832243163	
874.680000	-80.644431748935	
874.880000	-80.644023550977	
875.080000	-80.643545695960	
875.280000	-80.642849903187	
875.480000	-80.641452655202	
875.680000	-80.639683383728	
875.880000	-80.637887323397	
876.080000	-80.636190391638	
876.280000	-80.634612640709	
876.480000	-80.633096325897	
876.680000	-80.631594939171	
876.880000	-80.630108048063	
877.080000	-80.628657627653	
877.280000	-80.627280260814	
877.480000	-80.625992946351	
877.680000	-80.624768522425	
877.880000	-80.623588591924	
878.080000	-80.622439787834	
878.280000	-80.621312684524	
878.480000	-80.620201763860	
878.680000	-80.619103899191	
898.680000	-80.544360708085	
914.240000	-80.513579162291	
914.440000	-80.513269714187	
914.640000	-80.512961977648	
914.840000	-80.512655938610	
915.040000	-80.512351583170	
915.240000	-80.512048897588	
915.440000	-80.511747868281	
915.640000	-80.511448481823	
915.840000	-80.511150724945	
916.040000	-80.510854584533	
916.240000	-80.510560047622	
916.440000	-80.510267101401	
916.640000	-80.509975733208	
916.840000	-80.509685930528	
917.040000	-80.509397680993	
917.240000	-80.509110972378	
917.440000	-80.508825792604	
917.640000	-80.508542129730	
917.840000	-80.508259971959	
918.040000	-80.507979307628	
918.240000	-80.507700125216	
918.440000	-80.507422413333	
918.640000	-80.507146160727	
918.840000	-80.506871356274	
919.040000	-80.506597988986	
919.240000	-80.506326048001	
919.440000	-80.506055522587	
919.640000	-80.505786402138	
919.840000	-80.505518676172	
920.040000	-80.505252334335	
920.240000	-80.504987366391	
920.440000	-80.504723762226	
920.640000	-80.504461511849	
920.840000	-80.504200605383	
921.040000	-80.503941033069	
921.240000	-80.503682785267	
921.440000	-80.503425852445	
921.640000	-80.503170225190	
921.840000	-80.502915894197	
922.040000	-80.502662850273	
922.240000	-80.502411084331	
922.440000	-80.502160587396	
922.640000	-80.501911350596	
922.840000	-80.501663365165	
923.040000	-80.501416622442	
923.240000	-80.501171113867	
923.440000	-80.500926830982	
923.640000	-80.500683765430	
923.840000	-80.500441908951	
924.040000	-80.500201253385	
924.240000	-80.499961790666	
924.440000	-80.499723512825	
924.640000	-80.499486411988	
924.840000	-80.499250480372	
925.040000	-80.499015710287	
925.240000	-80.498782094133	
925.440000	-80.498549624401	
925.640000	-80.498318293669	
925.840000	-80.498088094603	
926.040000	-80.497859019956	
926.240000	-80.497631062564	
926.440000	-80.497404215351	
926.640000	-80.497178471320	
926.840000	-80.496953823559	
927.040000	-80.496730265236	
927.240000	-80.496507789598	
927.440000	-80.496286389972	
927.640000	-80.496066059764	
927.840000	-80.495846792455	
928.040000	-80.495628581604	
928.240000	-80.495411420843	
928.440000	-80.495195303879	
928.640000	-80.494980224494	
928.840000	-80.494766176538	
929.040000	-80.494553153937	
929.240000	-80.494341150684	
929.440000	-80.494130160842	
929.640000	-80.493920178545	
929.840000	-80.493711197992	
930.040000	-80.493503213450	
930.240000	-80.493296219251	
930.440000	-80.493090209793	
930.640000	-80.492885179538	
930.840000	-80.492681123013	
931.040000	-80.492478034804	
931.240000	-80.492275909563	
931.440000	-80.492074742000	
931.640000	-80.491874526885	
931.840000	-80.491675259050	
932.040000	-80.491476933385	
932.240000	-80.491279544836	
932.440000	-80.491083088407	
932.640000	-80.490887559159	
932.840000	-80.490692952209	
933.040000	-80.490499262729	
933.240000	-80.490306485943	
933.440000	-80.490114617131	
933.640000	-80.489923651624	
933.840000	-80.489733584808	
934.040000	-80.489544412117	
934.240000	-80.489356129039	
934.440000	-80.489168731108	
934.640000	-80.488982213913	
934.840000	-80.488796573087	
935.040000	-80.488611804313	
935.240000	-80.488427903323	
935.440000	-80.488244865894	
935.640000	-80.488062687850	
935.840000	-80.487881365061	
936.040000	-80.487700893442	
936.240000	-80.487521268952	
936.440000	-80.487342487596	
936.640000	-80.487164545419	
936.840000	-80.486987438512	
937.040000	-80.486811163007	
937.240000	-80.486635715079	
937.440000	-80.486461090942	
937.640000	-80.486287286852	
937.840000	-80.486114299105	
938.040000	-80.485942124038	
938.240000	-80.485770758025	
938.440000	-80.485600197480	
938.640000	-80.485430438854	
938.840000	-80.485261478638	
939.040000	-80.485093313357	
939.240000	-80.484925939575	
939.440000	-80.484759353891	
939.640000	-80.484593552942	
939.840000	-80.484428533397	
940.040000	-80.484264291962	
940.240000	-80.484100825378	
940.440000	-80.483938130417	
940.640000	-80.483776203889	
940.840000	-80.483615042632	
941.040000	-80.483454643522	
941.240000	-80.483295003463	
941.440000	-80.483136119393	
941.640000	-80.482977988281	
941.840000	-80.482820607128	
942.040000	-80.482663972964	
942.240000	-80.482508082850	
942.440000	-80.482352933878	
942.640000	-80.482198523168	
942.840000	-80.482044847871	
943.040000	-80.481891905164	
943.240000	-80.481739692256	
943.440000	-80.481588206381	
943.640000	-80.481437444802	
943.840000	-80.481287404811	
944.040000	-80.481138083724	
944.240000	-80.480989478886	
944.440000	-80.480841587667	
944.640000	-80.480694407465	
944.840000	-80.480547935702	
945.040000	-80.480402169826	
965.040000	-80.469041063930	
985.040000	-80.463127042700	
1005.040000	-80.461817295102	
1025.040000	-80.464585959108	
1045.040000	-80.471032599934	
1065.040000	-80.480822318335	
1085.040000	-80.493664045525	
1105.040000	-80.509300527825	
1125.040000	-80.527502437935	
1145.040000	-80.548064269232	
1165.040000	-80.570801168602	
1185.040000	-80.595546365200	
1205.040000	-80.622149040289	
1225.040000	-80.650472481312	
1245.040000	-80.680392490295	
1265.040000	-80.711796003072	
1285.040000	-80.744579880832	
1305.040000	-80.778649847684	
1325.040000	-80.813919553323	
1345.040000	-80.850309743610	
1365.040000	-80.887747524931	
1385.040000	-80.926165710497	
1405.040000	-80.965502238649	
1425.040000	-81.005699654734	
1445.040000	-81.046704649356	
1465.040000	-81.088467646788	
1485.040000	-81.130942438120	
1505.040000	-81.174085854385	
1525.040000	-81.217857475403	
1545.040000	-81.262219370539	
1565.040000	-81.307135867962	
1585.040000	-81.352573349289	
1605.040000	-81.398500066841	
1625.040000	-81.444885980963	
1645.040000	-81.491702615157	
1665.040000	-81.538922926977	
1685.040000	-81.586521192864	
1705.040000	-81.634472905299	
1725.040000	-81.682754680835	
1745.040000	-81.731344177721	
1765.040000	-81.780220022008	
1785.040000	-81.829361741132	
1805.040000	-81.878749704115	
1825.040000	-81.928365067604	
1845.040000	-81.978189727095	
1865.040000	-82.028206272745	
1885.040000	-82.078397949250	
1905.040000	-82.128748619351	
1925.040000	-82.179242730560	
1945.040000	-82.229865284756	
1965.040000	-82.280601810359	
1985.040000	-82.331438336781	
2005.040000	-82.382361370953	
2025.040000	-82.433357875685	
2045.040000	-82.484415249685	
2065.040000	-82.535521309078	
2085.040000	-82.586664270259	
2105.040000	-82.637832733971	
2125.040000	-82.689015670468	
2145.040000	-82.740202405686	
2165.040000	-82.791382608300	
2185.040000	-82.842546277605	
2205.040000	-82.893683732140	
2225.040000	-82.944785598987	
2245.040000	-82.995842803681	
2265.040000	-83.046846560689	
2285.040000	-83.097788364398	
2305.040000	-83.148659980575	
2325.040000	-83.199453438256	
2345.040000	-83.250161022032	
2365.040000	-83.300775264696	
2385.040000	-83.351288940227	
2405.040000	-83.401695057081	
2425.040000	-83.451986851767	
2445.040000	-83.502157782688	
2465.040000	-83.552201524223	
2485.040000	-83.602111961040	
