0.000000	0.000000000000000	
20.000000	0.000000000000000	
40.000000	0.000000000000000	
60.000000	0.000000000000000	
80.000000	0.000000000000000	
100.000000	0.000000000000000	
120.000000	0.004642424514291	
140.000000	0.010085225674175	
160.000000	0.015452856815729	
180.000000	0.020062318634611	
200.000000	0.023877353705166	
220.000000	0.027120153839948	
240.000000	0.029936340706689	
260.000000	0.032416741190708	
280.000000	0.034621923709403	
300.000000	0.036595629133073	
320.000000	0.038353679400066	
340.000000	0.039629877820970	
360.000000	0.040923213827211	
380.000000	0.042159022840645	
400.000000	0.043314808054100	
420.000000	0.044390381441143	
440.000000	0.045393847275954	
460.000000	0.046336497053817	
480.000000	0.047231560142142	
500.000000	0.048095004112096	
520.000000	0.045794752422441	
540.000000	0.043575786904830	
554.860000	0.043126731441493	
555.060000	0.043226445996701	
555.260000	0.043356309346945	
555.460000	0.043532236348370	
555.660000	0.043785822291641	
555.860000	0.044193555079137	
556.060000	0.045030861712669	
556.260000	0.050745625299060	
556.460000	0.076109817655432	
556.660000	0.106235307516739	
556.860000	0.247332267894497	
557.060000	0.293155605686198	
557.260000	0.282475456646746	
557.460000	0.252357106170420	
557.660000	0.220149384942707	
557.860000	0.199220030950654	
558.060000	0.182125453831452	
558.260000	0.163678541927690	
558.460000	0.140122153325929	
558.660000	0.105916088053720	
558.860000	0.072655649882822	
559.060000	0.055714173377472	
559.260000	0.045780007955363	
579.260000	0.034782353730575	
588.040000	0.035358855965189	
588.240000	0.035370351189706	
588.440000	0.035381980366403	
588.640000	0.035393766567899	
588.840000	0.035405734508414	
589.040000	0.035417910727339	
589.240000	0.035430323798851	
589.440000	0.035443004572238	
589.640000	0.035455986448359	
589.840000	0.035469305698816	
590.040000	0.035483001836088	
590.240000	0.035497118044518	
590.440000	0.035511701684440	
590.640000	0.035526804884773	
590.840000	0.035542485243240	
591.040000	0.035558806658217	
591.240000	0.035575840322928	
591.440000	0.035593665921132	
591.640000	0.035612373074869	
591.840000	0.035632063110358	
592.040000	0.035652851228803	
592.240000	0.035674869197924	
592.440000	0.035698268720011	
592.640000	0.035723225689265	
592.840000	0.035749945632879	
593.040000	0.035778670749654	
593.240000	0.035809689137796	
593.440000	0.035843347073605	
593.640000	0.035880065622599	
593.840000	0.035920363534146	
594.040000	0.035964889469152	
594.240000	0.036014468471583	
594.440000	0.036070170869579	
594.640000	0.036133417804010	
594.840000	0.036206149195395	
595.040000	0.036291103775799	
595.240000	0.036392313355945	
595.440000	0.036516040442977	
595.640000	0.036672733036730	
595.840000	0.036881666002183	
596.040000	0.037184310023976	
596.240000	0.037697816072323	
596.440000	0.039081610565956	
596.640000	0.054711672475999	
596.840000	0.077768097196544	
597.040000	0.166658610462784	
597.240000	0.239706903192340	
597.440000	0.237460933351965	
597.640000	0.214538021183854	
597.840000	0.186125440923600	
598.040000	0.165604247637824	
598.240000	0.151045363891259	
598.440000	0.136937990620924	
598.640000	0.120184447493901	
598.840000	0.097301659269296	
599.040000	0.068761962277427	
599.240000	0.051848677166273	
599.440000	0.042107200397213	
599.640000	0.036209094317623	
619.160000	0.029448265370667	
619.360000	0.029469524328035	
619.560000	0.029490613909806	
619.760000	0.029511540956351	
619.960000	0.029532312698729	
620.160000	0.029552936772327	
620.360000	0.029573421232802	
620.560000	0.029593774574231	
620.760000	0.029614005750137	
620.960000	0.029634124196949	
621.160000	0.029654139860849	
621.360000	0.029674063227872	
621.560000	0.029693905357657	
621.760000	0.029713677921557	
621.960000	0.029733393245275	
622.160000	0.029753064356615	
622.360000	0.029772705039131	
622.560000	0.029792329892347	
622.760000	0.029811954399257	
622.960000	0.029831595002344	
623.160000	0.029851269189076	
623.360000	0.029870995588448	
623.560000	0.029890794079875	
623.760000	0.029910685916661	
623.960000	0.029930693866052	
624.160000	0.029950842368519	
624.360000	0.029971157719725	
624.560000	0.029991668278474	
624.760000	0.030012404705808	
624.960000	0.030033400240271	
625.160000	0.030054691016348	
625.360000	0.030076316434252	
625.560000	0.030098319591086	
625.760000	0.030120747786026	
625.960000	0.030143653114945	
626.160000	0.030167093174175	
626.360000	0.030191131897894	
626.560000	0.030215840560694	
626.760000	0.030241298985603	
626.960000	0.030267597009721	
627.160000	0.030294836276059	
627.360000	0.030323132441542	
627.560000	0.030352617922345	
627.760000	0.030383445339938	
627.960000	0.030415791892050	
628.160000	0.030449864961097	
628.360000	0.030485909401719	
628.560000	0.030524217143689	
628.760000	0.030565140044780	
628.960000	0.030609107396449	
629.160000	0.030656650241724	
629.360000	0.030708435922233	
629.560000	0.030765318438539	
629.760000	0.030828414091271	
629.960000	0.030899219162922	
630.160000	0.030979800866098	
630.360000	0.031073123438511	
630.560000	0.031183641717006	
630.760000	0.031318473931303	
630.960000	0.031489988240547	
631.160000	0.031722474838349	
631.360000	0.032074169712399	
631.560000	0.032754028074501	
631.760000	0.037267038424830	
631.960000	0.056493558620612	
632.160000	0.095144961366991	
632.360000	0.195266689661704	
632.560000	0.204117675742532	
632.760000	0.188999843999033	
632.960000	0.165022928879829	
633.160000	0.143556072235013	
633.360000	0.129858821942312	
633.560000	0.118181231718860	
633.760000	0.105572780085297	
633.960000	0.089642243321265	
634.160000	0.067608371259333	
634.360000	0.049417229894943	
634.560000	0.039587277552902	
634.760000	0.033233702976697	
634.960000	0.029493528792141	
635.160000	0.027379470878414	
650.340000	0.024603697557783	
650.540000	0.024629611141628	
650.740000	0.024655353266879	
650.940000	0.024680923574415	
651.140000	0.024706322216841	
651.340000	0.024731549841358	
651.540000	0.024756607575214	
651.740000	0.024781497013448	
651.940000	0.024806220208849	
652.140000	0.024830779664293	
652.340000	0.024855178326882	
652.540000	0.024879419584464	
652.740000	0.024903507264100	
652.940000	0.024927445632570	
653.140000	0.024951239399179	
653.340000	0.024974893720504	
653.540000	0.024998414207559	
653.740000	0.025021806935141	
653.940000	0.025045078453744	
654.140000	0.025068235804063	
654.340000	0.025091286534102	
654.540000	0.025114238719519	
654.740000	0.025137100986967	
654.940000	0.025159882541070	
655.140000	0.025182593195261	
655.340000	0.025205243406798	
655.540000	0.025227844316470	
655.740000	0.025250407793614	
655.940000	0.025272946486975	
656.140000	0.025295473882045	
656.340000	0.025318004365883	
656.540000	0.025340553300388	
656.740000	0.025363137104926	
656.940000	0.025385773350041	
657.140000	0.025408480863555	
657.340000	0.025431279851025	
657.540000	0.025454192032758	
657.740000	0.025477240800076	
657.940000	0.025500451393993	
658.140000	0.025523851110032	
658.340000	0.025547469533864	
658.540000	0.025571338813211	
658.740000	0.025595493972894	
658.940000	0.025619973281174	
659.140000	0.025644818677751	
659.340000	0.025670076275850	
659.540000	0.025695796954403	
659.740000	0.025722037060040	
659.940000	0.025748859244034	
660.140000	0.025776333466341	
660.340000	0.025804538208022	
660.540000	0.025833561945704	
660.740000	0.025863504958783	
660.940000	0.025894481562789	
661.140000	0.025926622894821	
661.340000	0.025960080422094	
661.540000	0.025995030409402	
661.740000	0.026031679676282	
661.940000	0.026070273114391	
662.140000	0.026111103648488	
662.340000	0.026154525653172	
662.540000	0.026200973360112	
662.740000	0.026250986644923	
662.940000	0.026305248024332	
663.140000	0.026364637220281	
663.340000	0.026430314264617	
663.540000	0.026503850995656	
663.740000	0.026587448916605	
663.940000	0.026684321158125	
664.140000	0.026799411857736	
664.340000	0.026940884275688	
664.540000	0.027123623726711	
664.740000	0.027379228889683	
664.940000	0.027795510570519	
665.140000	0.028854658281020	
665.340000	0.040259108309653	
665.540000	0.060422891302514	
665.740000	0.147985711078357	
665.940000	0.173993185808452	
666.140000	0.167939278010873	
666.340000	0.149181811994094	
666.540000	0.128059145136693	
666.740000	0.113731096115681	
666.940000	0.103316464070350	
667.140000	0.093263694247599	
667.340000	0.081579731358976	
667.540000	0.065910035764469	
667.740000	0.048075863138566	
667.940000	0.037470911118337	
668.140000	0.030912736888342	
668.340000	0.026725926007447	
668.540000	0.024283710867139	
668.740000	0.022860617495167	
682.000000	0.020570204445015	
682.200000	0.020596349457167	
682.400000	0.020622388866397	
682.600000	0.020648316267028	
682.800000	0.020674126027946	
683.000000	0.020699813246587	
683.200000	0.020725373707365	
683.400000	0.020750803844260	
683.600000	0.020776100707252	
683.800000	0.020801261932334	
684.000000	0.020826285714561	
684.200000	0.020851170784367	
684.400000	0.020875916386427	
684.600000	0.020900522261389	
684.800000	0.020924988629838	
685.000000	0.020949316178898	
685.200000	0.020973506050781	
685.400000	0.020997559833712	
685.600000	0.021021479554843	
685.800000	0.021045267675252	
686.000000	0.021068927086998	
686.200000	0.021092461112154	
686.400000	0.021115873503872	
686.600000	0.021139168449540	
686.800000	0.021162350576058	
687.000000	0.021185424957347	
687.200000	0.021208397124019	
687.400000	0.021231273075741	
687.600000	0.021254059295760	
687.800000	0.021276762768588	
688.000000	0.021299391000477	
688.200000	0.021321952042987	
688.400000	0.021344454520346	
688.600000	0.021366907660418	
688.800000	0.021389321330208	
689.000000	0.021411706075820	
689.200000	0.021434073167847	
689.400000	0.021456434652803	
689.600000	0.021478803410971	
689.800000	0.021501193221983	
690.000000	0.021523618838975	
690.200000	0.021546096072237	
690.400000	0.021568641884282	
690.600000	0.021591274497600	
690.800000	0.021614013517155	
691.000000	0.021636880070031	
691.200000	0.021659896964863	
691.400000	0.021683088874543	
691.600000	0.021706482546122	
691.800000	0.021730107042702	
692.000000	0.021753994023386	
692.200000	0.021778178068321	
692.400000	0.021802697057767	
692.600000	0.021827592616188	
692.800000	0.021852910635021	
693.000000	0.021878701891093	
693.200000	0.021905022782629	
693.400000	0.021931936209994	
693.600000	0.021959512636917	
693.800000	0.021987831377765	
694.000000	0.022016982171026	
694.200000	0.022047067118262	
694.400000	0.022078203094872	
694.600000	0.022110524776475	
694.800000	0.022144188478660	
695.000000	0.022179377085828	
695.200000	0.022216306459718	
695.400000	0.022255233891756	
695.600000	0.022296469429941	
695.800000	0.022340391331731	
696.000000	0.022387467577335	
696.200000	0.022438286520042	
696.400000	0.022493601733292	
696.600000	0.022554399699698	
696.800000	0.022622005795189	
697.000000	0.022698257714008	
697.200000	0.022785805008593	
697.400000	0.022888662842217	
697.600000	0.023013330306758	
697.800000	0.023171337893043	
698.000000	0.023386165863862	
698.200000	0.023718325178156	
698.400000	0.024434152145252	
698.600000	0.031699482950655	
698.800000	0.048071879016089	
699.000000	0.117286794040292	
699.200000	0.147796925048792	
699.400000	0.144836427805825	
699.600000	0.129461773512071	
699.800000	0.110783764763132	
700.000000	0.097244030063853	
700.200000	0.087984079055953	
700.400000	0.079495268169671	
700.600000	0.069982346364571	
700.800000	0.057604735778490	
701.000000	0.042728136106516	
701.200000	0.033140165728735	
701.400000	0.027285995022565	
701.600000	0.023401783622599	
701.800000	0.021073582970676	
702.000000	0.019685551361907	
702.200000	0.018840762824395	
714.860000	0.017141319396904	
715.060000	0.017165444817457	
715.260000	0.017189503942889	
715.460000	0.017213488089779	
715.660000	0.017237389405814	
715.860000	0.017261200814825	
716.060000	0.017284915966829	
716.260000	0.017308529192617	
716.460000	0.017332035462593	
716.660000	0.017355430349540	
716.860000	0.017378709994951	
717.060000	0.017401871078350	
717.260000	0.017424910789764	
717.460000	0.017447826804996	
717.660000	0.017470617263198	
717.860000	0.017493280746934	
718.060000	0.017515816264336	
718.260000	0.017538223233440	
718.460000	0.017560501468112	
718.660000	0.017582651166218	
718.860000	0.017604672899122	
719.060000	0.017626567603148	
719.260000	0.017648336572314	
719.460000	0.017669981452835	
719.660000	0.017691504239096	
719.860000	0.017712907271051	
720.060000	0.017734193233135	
720.260000	0.017755365154693	
720.460000	0.017776426411923	
720.660000	0.017797380731351	
720.860000	0.017818232194905	
721.060000	0.017838985246677	
721.260000	0.017859644701402	
721.460000	0.017880215754855	
721.660000	0.017900703996103	
721.860000	0.017921115421979	
722.060000	0.017941456453773	
722.260000	0.017961733956416	
722.460000	0.017981955260334	
722.660000	0.018002128186348	
722.860000	0.018022261073694	
723.060000	0.018042362811815	
723.260000	0.018062442876092	
723.460000	0.018082511368052	
723.660000	0.018102579060685	
723.860000	0.018122657449370	
724.060000	0.018142758809291	
724.260000	0.018162896260012	
724.460000	0.018183083838443	
724.660000	0.018203336581221	
724.860000	0.018223670617943	
725.060000	0.018244103276942	
725.260000	0.018264653205464	
725.460000	0.018285340506630	
725.660000	0.018306186895949	
725.860000	0.018327215880668	
726.060000	0.018348452966022	
726.260000	0.018369925893162	
726.460000	0.018391664914879	
726.660000	0.018413703116047	
726.860000	0.018436076788123	
727.060000	0.018458825868515	
727.260000	0.018481994458806	
727.460000	0.018505631439282	
727.660000	0.018529791201786	
727.860000	0.018554534529261	
728.060000	0.018579929658393	
728.260000	0.018606053572728	
728.460000	0.018632993588683	
728.660000	0.018660849317480	
728.860000	0.018689735114464	
729.060000	0.018719783168194	
729.260000	0.018751147439752	
729.460000	0.018784008748242	
729.660000	0.018818581425298	
729.860000	0.018855122155082	
730.060000	0.018893941917511	
730.260000	0.018935422434515	
730.460000	0.018980039313035	
730.660000	0.019028395431834	
730.860000	0.019081270515825	
731.060000	0.019139697283823	
731.260000	0.019205083238121	
731.460000	0.019279415254460	
731.660000	0.019365624890605	
731.860000	0.019468293671382	
732.060000	0.019595164139761	
732.260000	0.019760889520531	
732.460000	0.019998711259546	
732.660000	0.020415749496940	
732.860000	0.022157628604460	
733.060000	0.034200641489715	
733.260000	0.064875834405616	
733.460000	0.121474199959726	
733.660000	0.125906797208875	
733.860000	0.115809659874183	
734.060000	0.099981726096978	
734.260000	0.085679181510467	
734.460000	0.076654501053794	
734.660000	0.069352482293628	
734.860000	0.061807094139260	
735.060000	0.052611984042915	
735.260000	0.040546198100284	
735.460000	0.030672080726118	
735.660000	0.024936702437913	
735.860000	0.021013212423029	
736.060000	0.018560076328539	
736.260000	0.017073539116775	
736.460000	0.016154544475570	
736.660000	0.015569406534871	
749.940000	0.014165560658816	
750.140000	0.014186535924720	
750.340000	0.014207430177553	
750.540000	0.014228236802178	
750.740000	0.014248949776605	
750.940000	0.014269563634165	
751.140000	0.014290073428914	
751.340000	0.014310474704211	
751.540000	0.014330763463787	
751.740000	0.014350936145478	
751.940000	0.014370989597232	
752.140000	0.014390921055159	
752.340000	0.014410728123432	
752.540000	0.014430408756118	
752.740000	0.014449961240517	
752.940000	0.014469384182027	
753.140000	0.014488676490404	
753.340000	0.014507837367312	
753.540000	0.014526866295096	
753.740000	0.014545763026715	
753.940000	0.014564527576735	
754.140000	0.014583160213216	
754.340000	0.014601661450746	
754.540000	0.014620032044292	
754.740000	0.014638272983929	
754.940000	0.014656385490494	
755.140000	0.014674371011988	
755.340000	0.014692231220821	
755.540000	0.014709968011986	
755.740000	0.014727583501800	
755.940000	0.014745080027687	
756.140000	0.014762460148651	
756.340000	0.014779726646601	
756.540000	0.014796882528613	
756.740000	0.014813931029897	
756.940000	0.014830875617848	
757.140000	0.014847719996995	
757.340000	0.014864468114973	
757.540000	0.014881124169512	
757.740000	0.014897692616687	
757.940000	0.014914178180243	
758.140000	0.014930585862416	
758.340000	0.014946920956031	
758.540000	0.014963189058182	
758.740000	0.014979396085734	
758.940000	0.014995548292527	
759.140000	0.015011652288701	
759.340000	0.015027715062265	
759.540000	0.015043744003194	
759.740000	0.015059746930278	
759.940000	0.015075732121080	
760.140000	0.015091708345402	
760.340000	0.015107684902561	
760.540000	0.015123671663190	
760.740000	0.015139679115856	
760.940000	0.015155718419418	
761.140000	0.015171801461678	
761.340000	0.015187940925372	
761.540000	0.015204150362467	
761.740000	0.015220444278063	
761.940000	0.015236838225255	
762.140000	0.015253348912826	
762.340000	0.015269994327693	
762.540000	0.015286793874637	
762.740000	0.015303768536214	
762.940000	0.015320941056364	
763.140000	0.015338336152112	
763.340000	0.015355980758441	
763.540000	0.015373904312814	
763.740000	0.015392139087199	
763.940000	0.015410720577366	
764.140000	0.015429687961557	
764.340000	0.015449084643949	
764.540000	0.015468958902200	
764.740000	0.015489364663838	
764.940000	0.015510362443396	
765.140000	0.015532020481681	
765.340000	0.015554416141694	
765.540000	0.015577637633460	
765.740000	0.015601786164983	
765.940000	0.015626978651688	
766.140000	0.015653351167155	
766.340000	0.015681063391685	
766.540000	0.015710304424782	
766.740000	0.015741300494265	
766.940000	0.015774325353726	
767.140000	0.015809714573570	
767.340000	0.015847885610751	
767.540000	0.015889366698321	
767.740000	0.015934839639028	
767.940000	0.015985205363985	
768.140000	0.016041688479252	
768.340000	0.016106012315166	
768.540000	0.016180710329432	
768.740000	0.016269724747550	
768.940000	0.016379682619060	
769.140000	0.016523042345603	
769.340000	0.016727808892469	
769.540000	0.017082877436080	
769.740000	0.018493422067169	
769.940000	0.028770151601311	
770.140000	0.057666367248191	
770.340000	0.102765509712352	
770.540000	0.105909546399673	
770.740000	0.097122038344636	
770.940000	0.083484161529119	
771.140000	0.071166387122063	
771.340000	0.063431211965426	
771.540000	0.057250514719123	
771.740000	0.050900369718486	
771.940000	0.043178235295032	
772.140000	0.033258107083622	
772.340000	0.025425228110214	
772.540000	0.020789158903151	
772.740000	0.017553208184601	
772.940000	0.015502056112016	
773.140000	0.014234273588321	
773.340000	0.013430782646813	
773.540000	0.012903915481701	
773.740000	0.012544702526039	
788.860000	0.011518757502643	
789.060000	0.011535391133435	
789.260000	0.011551905653394	
789.460000	0.011568298026174	
789.660000	0.011584565498180	
789.860000	0.011600705582881	
790.060000	0.011616716046145	
790.260000	0.011632594892809	
790.460000	0.011648340354217	
790.660000	0.011663950876648	
790.860000	0.011679425110588	
791.060000	0.011694761900791	
791.260000	0.011709960277099	
791.460000	0.011725019445877	
791.660000	0.011739938782112	
791.860000	0.011754717822027	
792.060000	0.011769356256353	
792.260000	0.011783853923971	
792.460000	0.011798210806123	
792.660000	0.011812427021016	
792.860000	0.011826502818920	
793.060000	0.011840438577510	
793.260000	0.011854234797748	
793.460000	0.011867892100041	
793.660000	0.011881411220727	
793.860000	0.011894793008940	
794.060000	0.011908038423735	
794.260000	0.011921148531561	
794.460000	0.011934124504029	
794.660000	0.011946967615914	
794.860000	0.011959679243545	
795.060000	0.011972260863352	
795.260000	0.011984714050782	
795.460000	0.011997040479464	
795.660000	0.012009241920635	
795.860000	0.012021320242847	
796.060000	0.012033277411991	
796.260000	0.012045115491523	
796.460000	0.012056836643101	
796.660000	0.012068443127400	
796.860000	0.012079937305342	
797.060000	0.012091321639573	
797.260000	0.012102598696283	
797.460000	0.012113771147420	
797.660000	0.012124841773235	
797.860000	0.012135813465206	
798.060000	0.012146689229432	
798.260000	0.012157472190364	
798.460000	0.012168165595104	
798.660000	0.012178772818139	
798.860000	0.012189297366640	
799.060000	0.012199742886314	
799.260000	0.012210113167923	
799.460000	0.012220412154412	
799.660000	0.012230643948851	
799.860000	0.012240812823107	
800.060000	0.012250923227434	
800.260000	0.012260979801013	
800.460000	0.012270987383541	
800.660000	0.012280951027966	
800.860000	0.012290876014504	
801.060000	0.012300767866091	
801.260000	0.012310632365371	
801.460000	0.012320475573431	
801.660000	0.012330303850483	
801.860000	0.012340123878680	
802.060000	0.012349942687380	
802.260000	0.012359767681101	
802.460000	0.012369606670536	
802.660000	0.012379467906987	
802.860000	0.012389360120709	
803.060000	0.012399292563642	
803.260000	0.012409275057146	
803.460000	0.012419318045443	
803.660000	0.012429432655586	
803.860000	0.012439630764906	
804.060000	0.012449925077071	
804.260000	0.012460329208081	
804.460000	0.012470857783778	
804.660000	0.012481526550752	
804.860000	0.012492352502870	
805.060000	0.012503354026137	
805.260000	0.012514551065118	
805.460000	0.012525965314911	
805.660000	0.012537620443405	
805.860000	0.012549542349756	
806.060000	0.012561759466366	
806.260000	0.012574303113351	
806.460000	0.012587207916819	
806.660000	0.012600512305144	
806.860000	0.012614259101309	
807.060000	0.012628496234373	
807.260000	0.012643277599933	
807.460000	0.012658664108438	
807.660000	0.012674724972621	
807.860000	0.012691539302327	
808.060000	0.012709198098871	
808.260000	0.012727806774892	
808.460000	0.012747488374469	
808.660000	0.012768387739894	
808.860000	0.012790676978739	
809.060000	0.012814562748961	
809.260000	0.012840296136922	
809.460000	0.012868186317355	
809.660000	0.012898619872282	
809.860000	0.012932088829386	
810.060000	0.012969232601125	
810.260000	0.013010902991030	
810.460000	0.013058269356061	
810.660000	0.013112997874307	
810.860000	0.013177577897202	
811.060000	0.013255968932410	
811.260000	0.013355040503448	
811.460000	0.013488361351808	
811.660000	0.013689282730294	
811.860000	0.014089990348329	
812.060000	0.017651503499266	
812.260000	0.028140441305663	
812.460000	0.072200687319361	
812.660000	0.087140111178982	
812.860000	0.085027199439072	
813.060000	0.075649215263136	
813.260000	0.063888224789728	
813.460000	0.055103460921779	
813.660000	0.049345923328711	
813.860000	0.044306980659100	
814.060000	0.038771534633723	
814.260000	0.031703367443775	
814.460000	0.023876620202258	
814.660000	0.018901445204191	
814.860000	0.015636218391127	
815.060000	0.013435601022505	
815.260000	0.012061091892524	
815.460000	0.011187317169643	
815.660000	0.010611371520647	
815.860000	0.010215978834529	
835.280000	0.009055321280446	
835.480000	0.009065799087764	
835.680000	0.009076134763714	
835.880000	0.009086327894817	
836.080000	0.009096378148181	
836.280000	0.009106285267483	
836.480000	0.009116049069190	
836.680000	0.009125669438949	
836.880000	0.009135146328158	
837.080000	0.009144479750728	
837.280000	0.009153669780001	
837.480000	0.009162716545828	
837.680000	0.009171620231754	
837.880000	0.009180381072413	
838.080000	0.009188999350958	
838.280000	0.009197475396700	
838.480000	0.009205809582792	
838.680000	0.009214002324069	
838.880000	0.009222054074943	
839.080000	0.009229965327445	
839.280000	0.009237736609305	
839.480000	0.009245368482167	
839.680000	0.009252861539865	
839.880000	0.009260216406786	
840.080000	0.009267433736292	
840.280000	0.009274514209225	
840.480000	0.009281458532482	
840.680000	0.009288267437651	
840.880000	0.009294941679691	
841.080000	0.009301482035691	
841.280000	0.009307889303691	
841.480000	0.009314164301523	
841.680000	0.009320307865732	
841.880000	0.009326320850544	
842.080000	0.009332204126856	
842.280000	0.009337958581301	
842.480000	0.009343585115346	
842.680000	0.009349084644406	
842.880000	0.009354458097052	
843.080000	0.009359706414190	
843.280000	0.009364830548328	
843.480000	0.009369831462864	
843.680000	0.009374710131384	
843.880000	0.009379467537028	
844.080000	0.009384104671872	
844.280000	0.009388622536330	
844.480000	0.009393022138600	
844.680000	0.009397304494137	
844.880000	0.009401470625150	
845.080000	0.009405521560105	
845.280000	0.009409458333298	
845.480000	0.009413281984420	
845.680000	0.009416993558134	
845.880000	0.009420594103712	
846.080000	0.009424084674681	
846.280000	0.009427466328467	
846.480000	0.009430740126091	
846.680000	0.009433907131870	
846.880000	0.009436968413139	
847.080000	0.009439925040005	
847.280000	0.009442778085096	
847.480000	0.009445528623354	
847.680000	0.009448177731833	
847.880000	0.009450726489515	
848.080000	0.009453175977152	
848.280000	0.009455527277113	
848.480000	0.009457781473263	
848.680000	0.009459939650836	
848.880000	0.009462002896366	
849.080000	0.009463972297585	
849.280000	0.009465848943371	
849.480000	0.009467633923708	
849.680000	0.009469328329648	
849.880000	0.009470933253298	
850.080000	0.009472449787836	
850.280000	0.009473879027520	
850.480000	0.009475222067731	
850.680000	0.009476480005029	
850.880000	0.009477653937217	
851.080000	0.009478744963432	
851.280000	0.009479754184255	
851.480000	0.009480682701828	
851.680000	0.009481531619994	
851.880000	0.009482302044467	
852.080000	0.009482995082993	
852.280000	0.009483611845560	
852.480000	0.009484153444608	
852.680000	0.009484620995270	
852.880000	0.009485015615626	
853.080000	0.009485338426991	
853.280000	0.009485590554203	
853.480000	0.009485773125958	
853.680000	0.009485887275163	
853.880000	0.009485934139300	
854.080000	0.009485914860834	
854.280000	0.009485830587637	
854.480000	0.009485682473450	
854.680000	0.009485471678363	
854.880000	0.009485199369340	
855.080000	0.009484866720764	
855.280000	0.009484474915030	
855.480000	0.009484025143163	
855.680000	0.009483518605490	
855.880000	0.009482956512341	
856.080000	0.009482340084803	
856.280000	0.009481670555514	
856.480000	0.009480949169507	
856.680000	0.009480177185115	
856.880000	0.009479355874914	
857.080000	0.009478486526747	
857.280000	0.009477570444789	
857.480000	0.009476608950702	
857.680000	0.009475603384842	
857.880000	0.009474555107557	
858.080000	0.009473465500565	
858.280000	0.009472335968412	
858.480000	0.009471167940040	
858.680000	0.009469962870451	
858.880000	0.009468722242469	
859.080000	0.009467447568648	
859.280000	0.009466140393276	
859.480000	0.009464802294546	
859.680000	0.009463434886857	
859.880000	0.009462039823279	
860.080000	0.009460618798205	
860.280000	0.009459173550174	
860.480000	0.009457705864912	
860.680000	0.009456217578593	
860.880000	0.009454710581334	
861.080000	0.009453186820968	
861.280000	0.009451648307094	
861.480000	0.009450097115438	
861.680000	0.009448535392567	
861.880000	0.009446965360966	
862.080000	0.009445389324542	
862.280000	0.009443809674563	
862.480000	0.009442228896102	
862.680000	0.009440649575022	
862.880000	0.009439074405559	
863.080000	0.009437506198570	
863.280000	0.009435947890511	
863.480000	0.009434402553228	
863.680000	0.009432873404639	
863.880000	0.009431363820416	
864.080000	0.009429877346787	
864.280000	0.009428417714557	
864.480000	0.009426988854529	
864.680000	0.009425594914460	
864.880000	0.009424240277750	
865.080000	0.009422929584097	
865.280000	0.009421667752330	
865.480000	0.009420460005723	
865.680000	0.009419311900129	
865.880000	0.009418229355278	
866.080000	0.009417218689708	
866.280000	0.009416286659814	
866.480000	0.009415440503634	
866.680000	0.009414687990035	
866.880000	0.009414037474146	
867.080000	0.009413497959983	
867.280000	0.009413079171404	
867.480000	0.009412791632767	
867.680000	0.009412646760891	
867.880000	0.009412656970255	
868.080000	0.009412835793800	
868.280000	0.009413198022126	
868.480000	0.009413759864556	
868.680000	0.009414539136274	
868.880000	0.009415555476715	
869.080000	0.009416830605664	
869.280000	0.009418388625055	
869.480000	0.009420256376575	
869.680000	0.009422463867817	
869.880000	0.009425044783258	
870.080000	0.009428037101023	
870.280000	0.009431483842665	
870.480000	0.009435433991704	
870.680000	0.009439943628358	
870.880000	0.009445077344148	
871.080000	0.009450910023051	
871.280000	0.009457529108716	
871.480000	0.009465037525284	
871.680000	0.009473557490607	
871.880000	0.009483235568810	
872.080000	0.009494249477079	
872.280000	0.009506817429220	
872.480000	0.009521211237879	
872.680000	0.009537775143108	
872.880000	0.009556953650686	
873.080000	0.009579334091593	
873.280000	0.009605714338232	
873.480000	0.009637215909290	
873.680000	0.009675484655901	
873.880000	0.009723075532546	
874.080000	0.009784270655462	
874.280000	0.009867092186137	
874.480000	0.009989512892037	
874.680000	0.010208574327241	
874.880000	0.011130149927408	
875.080000	0.017634349973576	
875.280000	0.039162109244634	
875.480000	0.063457202222631	
875.680000	0.064909498919753	
875.880000	0.059296844771564	
876.080000	0.050575704401294	
876.280000	0.042588518308145	
876.480000	0.037602730625650	
876.680000	0.033723008951802	
876.880000	0.029748203576374	
877.080000	0.024874720100159	
877.280000	0.018954643308074	
877.480000	0.014675308690262	
877.680000	0.011952771476851	
877.880000	0.010130930709518	
878.080000	0.008987334532908	
878.280000	0.008250988705178	
878.480000	0.007755653924016	
878.680000	0.007406506676204	
898.680000	0.005929098786384	
914.240000	0.006115385324738	
914.440000	0.006113775749369	
914.640000	0.006112082600813	
914.840000	0.006110306621118	
915.040000	0.006108448552116	
915.240000	0.006106509135317	
915.440000	0.006104489111827	
915.640000	0.006102389222256	
915.840000	0.006100210206632	
916.040000	0.006097952804318	
916.240000	0.006095617753945	
916.440000	0.006093205793325	
916.640000	0.006090717659391	
916.840000	0.006088154088121	
917.040000	0.006085515814475	
917.240000	0.006082803572330	
917.440000	0.006080018094414	
917.640000	0.006077160112254	
917.840000	0.006074230356106	
918.040000	0.006071229554907	
918.240000	0.006068158436213	
918.440000	0.006065017726149	
918.640000	0.006061808149352	
918.840000	0.006058530428927	
919.040000	0.006055185286388	
919.240000	0.006051773441613	
919.440000	0.006048295612797	
919.640000	0.006044752516396	
919.840000	0.006041144867089	
920.040000	0.006037473377726	
920.240000	0.006033738759279	
920.440000	0.006029941720805	
920.640000	0.006026082969390	
920.840000	0.006022163210114	
921.040000	0.006018183145994	
921.240000	0.006014143477955	
921.440000	0.006010044904771	
921.640000	0.006005888123031	
921.840000	0.006001673827088	
922.040000	0.005997402709019	
922.240000	0.005993075458582	
922.440000	0.005988692763167	
922.640000	0.005984255307757	
922.840000	0.005979763774883	
923.040000	0.005975218844578	
923.240000	0.005970621194335	
923.440000	0.005965971499062	
923.640000	0.005961270431038	
923.840000	0.005956518659869	
924.040000	0.005951716852445	
924.240000	0.005946865672890	
924.440000	0.005941965782527	
924.640000	0.005937017839827	
924.840000	0.005932022500362	
925.040000	0.005926980416769	
925.240000	0.005921892238698	
925.440000	0.005916758612771	
925.640000	0.005911580182536	
925.840000	0.005906357588422	
926.040000	0.005901091467697	
926.240000	0.005895782454421	
926.440000	0.005890431179403	
926.640000	0.005885038270155	
926.840000	0.005879604350850	
927.040000	0.005874130042279	
927.240000	0.005868615961804	
927.440000	0.005863062723315	
927.640000	0.005857470937191	
927.840000	0.005851841210253	
928.040000	0.005846174145722	
928.240000	0.005840470343178	
928.440000	0.005834730398519	
928.640000	0.005828954903918	
928.840000	0.005823144447782	
929.040000	0.005817299614713	
929.240000	0.005811420985468	
929.440000	0.005805509136919	
929.640000	0.005799564642015	
929.840000	0.005793588069743	
930.040000	0.005787579985095	
930.240000	0.005781540949023	
930.440000	0.005775471518412	
930.640000	0.005769372246040	
930.840000	0.005763243680545	
931.040000	0.005757086366390	
931.240000	0.005750900843833	
931.440000	0.005744687648896	
931.640000	0.005738447313329	
931.840000	0.005732180364585	
932.040000	0.005725887325791	
932.240000	0.005719568715717	
932.440000	0.005713225048750	
932.640000	0.005706856834873	
932.840000	0.005700464579631	
933.040000	0.005694048784117	
933.240000	0.005687609944943	
933.440000	0.005681148554221	
933.640000	0.005674665099541	
933.840000	0.005668160063956	
934.040000	0.005661633925957	
934.240000	0.005655087159463	
934.440000	0.005648520233800	
934.640000	0.005641933613691	
934.840000	0.005635327759238	
935.040000	0.005628703125914	
935.240000	0.005622060164550	
935.440000	0.005615399321325	
935.640000	0.005608721037759	
935.840000	0.005602025750704	
936.040000	0.005595313892340	
936.240000	0.005588585890168	
936.440000	0.005581842167008	
936.640000	0.005575083140997	
936.840000	0.005568309225587	
937.040000	0.005561520829542	
937.240000	0.005554718356946	
937.440000	0.005547902207201	
937.640000	0.005541072775029	
937.840000	0.005534230450481	
938.040000	0.005527375618939	
938.240000	0.005520508661128	
938.440000	0.005513629953119	
938.640000	0.005506739866340	
938.840000	0.005499838767589	
939.040000	0.005492927019042	
939.240000	0.005486004978266	
939.440000	0.005479072998237	
939.640000	0.005472131427349	
939.840000	0.005465180609431	
940.040000	0.005458220883767	
940.240000	0.005451252585111	
940.440000	0.005444276043707	
940.640000	0.005437291585305	
940.840000	0.005430299531186	
941.040000	0.005423300198182	
941.240000	0.005416293898698	
941.440000	0.005409280940735	
941.640000	0.005402261627912	
941.840000	0.005395236259497	
942.040000	0.005388205130426	
942.240000	0.005381168531331	
942.440000	0.005374126748570	
942.640000	0.005367080064253	
942.840000	0.005360028756267	
943.040000	0.005352973098311	
943.240000	0.005345913359924	
943.440000	0.005338849806512	
943.640000	0.005331782699383	
943.840000	0.005324712295777	
944.040000	0.005317638848899	
944.240000	0.005310562607949	
944.440000	0.005303483818159	
944.640000	0.005296402720823	
944.840000	0.005289319553334	
945.040000	0.005282234549218	
965.040000	0.004590840119894	
985.040000	0.003974073455337	
1005.040000	0.003437942212574	
1025.040000	0.002972705453846	
1045.040000	0.002568991999646	
1065.040000	0.002218847402909	
1085.040000	0.001915454071570	
1105.040000	0.001652892315102	
1125.040000	0.001425982064103	
1145.040000	0.001230172102689	
1165.040000	0.001061455014090	
1185.040000	0.000916302200071	
1205.040000	0.000791605214895	
1225.040000	0.000684628104246	
1245.040000	0.000592965866861	
1265.040000	0.000514508326889	
1285.040000	0.000447408156150	
1305.040000	0.000390052275255	
1325.040000	0.000341036270106	
1345.040000	0.000299141303743	
1365.040000	0.000263313193210	
1385.040000	0.000232643389754	
1405.040000	0.000206351669478	
1425.040000	0.000183770394858	
1445.040000	0.000164330244643	
1465.040000	0.000147547331995	
1485.040000	0.000133011641169	
1505.040000	0.000120376714717	
1525.040000	0.000109350519702	
1545.040000	0.000099687415495	
1565.040000	0.000091181139904	
1585.040000	0.000083658725929	
1605.040000	0.000076975259354	
1625.040000	0.000071009387722	
1645.040000	0.000065659493875	
1665.040000	0.000060840451772	
1685.040000	0.000056480888122	
1705.040000	0.000052520880102	
1725.040000	0.000048910026464	
1745.040000	0.000045605836460	
1765.040000	0.000042572387856	
1785.040000	0.000039779211707	
1805.040000	0.000037200367451	
1825.040000	0.000034813677167	
1845.040000	0.000032600092494	
1865.040000	0.000030543171859	
1885.040000	0.000028628649130	
1905.040000	0.000026844077953	
1925.040000	0.000025178538558	
1945.040000	0.000023622396078	
1965.040000	0.000022167101255	
1985.040000	0.000020805026006	
2005.040000	0.000019529327604	
2025.040000	0.000018333836336	
2045.040000	0.000017212962416	
2065.040000	0.000016161618665	
2085.040000	0.000015175156123	
2105.040000	0.000014249310235	
2125.040000	0.000013380155730	
2145.040000	0.000012564068598	
2165.040000	0.000011797693916	
2185.040000	0.000011077918467	
2205.040000	0.000010401847311	
2225.040000	0.000009766783610	
2245.040000	0.000009170211150	
2265.040000	0.000008609779101	
2285.040000	0.000008083288633	
2305.040000	0.000007588681093	
2325.040000	0.000007124027489	
2345.040000	0.000006687519081	
2365.040000	0.000006277458909	
2385.040000	0.000005892254123	
2405.040000	0.000005530409013	
2425.040000	0.000005190518627	
2445.040000	0.000004871262923	
2465.040000	0.000004571401374	
2485.040000	0.000004289767984	
