0.000000	0.000000000000	
20.000000	0.000000013744	
40.000000	0.000000029349	
60.000000	0.000000042935	
80.000000	0.000000054731	
100.000000	0.000000065137	
120.000000	-0.000000246075	
140.000000	-0.000000548876	
160.000000	-0.000000783390	
180.000000	-0.000000952234	
200.000000	-0.000001059265	
220.000000	-0.000001109283	
240.000000	-0.000001106865	
260.000000	-0.000001056057	
280.000000	-0.000000960361	
300.000000	-0.000000822793	
320.000000	-0.000000645955	
340.000000	-0.000000430165	
360.000000	-0.000000178259	
380.000000	0.000000106765	
400.000000	0.000000423032	
420.000000	0.000000769297	
440.000000	0.000001144736	
460.000000	0.000001548876	
480.000000	0.000001981616	
500.000000	0.000002443311	
520.000000	0.000002975429	
540.000000	0.000003607469	
554.860000	0.000004159363	
555.060000	0.000004167699	
555.260000	0.000004176098	
555.460000	0.000004184573	
555.660000	0.000004193138	
555.860000	0.000004201816	
556.060000	0.000004210654	
556.260000	0.000004219820	
556.460000	0.000004231527	
556.660000	0.000004256110	
556.860000	0.000005214411	
557.060000	0.000039258010	
557.260000	0.000151246309	
557.460000	0.000356533248	
557.660000	0.000645593228	
557.860000	0.000987052039	
558.060000	0.001341939980	
558.260000	0.001673263299	
558.460000	0.001948414501	
558.660000	0.002150415335	
558.860000	0.002288660750	
559.060000	0.002384842200	
559.260000	0.002456517518	
579.260000	0.002623633157	
588.040000	0.002511232536	
588.240000	0.002508730258	
588.440000	0.002506230531	
588.640000	0.002503733353	
588.840000	0.002501238720	
589.040000	0.002498746631	
589.240000	0.002496257084	
589.440000	0.002493770076	
589.640000	0.002491285604	
589.840000	0.002488803667	
590.040000	0.002486324263	
590.240000	0.002483847389	
590.440000	0.002481373043	
590.640000	0.002478901224	
590.840000	0.002476431928	
591.040000	0.002473965155	
591.240000	0.002471500902	
591.440000	0.002469039167	
591.640000	0.002466579948	
591.840000	0.002464123245	
592.040000	0.002461669054	
592.240000	0.002459217374	
592.440000	0.002456768205	
592.640000	0.002454321543	
592.840000	0.002451877389	
593.040000	0.002449435741	
593.240000	0.002446996597	
593.440000	0.002444559957	
593.640000	0.002442125821	
593.840000	0.002439694187	
594.040000	0.002437265056	
594.240000	0.002434838429	
594.440000	0.002432414305	
594.640000	0.002429992686	
594.840000	0.002427573575	
595.040000	0.002425156973	
595.240000	0.002422742886	
595.440000	0.002420331321	
595.640000	0.002417922285	
595.840000	0.002415515793	
596.040000	0.002413111867	
596.240000	0.002410710546	
596.440000	0.002408311924	
596.640000	0.002405916896	
596.840000	0.002403532288	
597.040000	0.002401359802	
597.240000	0.002421026797	
597.440000	0.002510190995	
597.640000	0.002689578187	
597.840000	0.002956979208	
598.040000	0.003286371901	
598.240000	0.003638310787	
598.440000	0.003975443554	
598.640000	0.004265389165	
598.840000	0.004487420502	
599.040000	0.004643099556	
599.240000	0.004750931416	
599.440000	0.004829642072	
599.640000	0.004890908825	
619.160000	0.004818604038	
619.360000	0.004813791174	
619.560000	0.004808983169	
619.760000	0.004804180023	
619.960000	0.004799381731	
620.160000	0.004794588290	
620.360000	0.004789799696	
620.560000	0.004785015947	
620.760000	0.004780237037	
620.960000	0.004775462963	
621.160000	0.004770693721	
621.360000	0.004765929307	
621.560000	0.004761169717	
621.760000	0.004756414946	
621.960000	0.004751664990	
622.160000	0.004746919845	
622.360000	0.004742179506	
622.560000	0.004737443970	
622.760000	0.004732713231	
622.960000	0.004727987286	
623.160000	0.004723266130	
623.360000	0.004718549759	
623.560000	0.004713838167	
623.760000	0.004709131352	
623.960000	0.004704429308	
624.160000	0.004699732031	
624.360000	0.004695039516	
624.560000	0.004690351760	
624.760000	0.004685668758	
624.960000	0.004680990506	
625.160000	0.004676316999	
625.360000	0.004671648233	
625.560000	0.004666984205	
625.760000	0.004662324909	
625.960000	0.004657670342	
626.160000	0.004653020500	
626.360000	0.004648375378	
626.560000	0.004643734974	
626.760000	0.004639099282	
626.960000	0.004634468299	
627.160000	0.004629842021	
627.360000	0.004625220445	
627.560000	0.004620603567	
627.760000	0.004615991384	
627.960000	0.004611383893	
628.160000	0.004606781090	
628.360000	0.004602182972	
628.560000	0.004597589537	
628.760000	0.004593000782	
628.960000	0.004588416705	
629.160000	0.004583837304	
629.360000	0.004579262578	
629.560000	0.004574692526	
629.760000	0.004570127147	
629.960000	0.004565566442	
630.160000	0.004561010412	
630.360000	0.004556459061	
630.560000	0.004551912393	
630.760000	0.004547370416	
630.960000	0.004542833142	
631.160000	0.004538300590	
631.360000	0.004533772794	
631.560000	0.004529249820	
631.760000	0.004524731934	
631.960000	0.004520222610	
632.160000	0.004515751281	
632.360000	0.004519824434	
632.560000	0.004578805947	
632.760000	0.004721190360	
632.960000	0.004954608646	
633.160000	0.005261750789	
633.360000	0.005605478688	
633.560000	0.005946566049	
633.760000	0.006251203373	
633.960000	0.006495026451	
634.160000	0.006671638507	
634.360000	0.006794282564	
634.560000	0.006881872991	
634.760000	0.006948427724	
634.960000	0.007001602973	
635.160000	0.007045370456	
650.340000	0.006851834810	
650.540000	0.006844987427	
650.740000	0.006838146750	
650.940000	0.006831312797	
651.140000	0.006824485587	
651.340000	0.006817665132	
651.540000	0.006810851445	
651.740000	0.006804044534	
651.940000	0.006797244407	
652.140000	0.006790451068	
652.340000	0.006783664522	
652.540000	0.006776884772	
652.740000	0.006770111818	
652.940000	0.006763345661	
653.140000	0.006756586301	
653.340000	0.006749833737	
653.540000	0.006743087965	
653.740000	0.006736348985	
653.940000	0.006729616793	
654.140000	0.006722891385	
654.340000	0.006716172757	
654.540000	0.006709460906	
654.740000	0.006702755827	
654.940000	0.006696057515	
655.140000	0.006689365966	
655.340000	0.006682681173	
655.540000	0.006676003132	
655.740000	0.006669331838	
655.940000	0.006662667284	
656.140000	0.006656009466	
656.340000	0.006649358377	
656.540000	0.006642714011	
656.740000	0.006636076363	
656.940000	0.006629445427	
657.140000	0.006622821197	
657.340000	0.006616203667	
657.540000	0.006609592830	
657.740000	0.006602988681	
657.940000	0.006596391215	
658.140000	0.006589800424	
658.340000	0.006583216303	
658.540000	0.006576638846	
658.740000	0.006570068046	
658.940000	0.006563503899	
659.140000	0.006556946398	
659.340000	0.006550395537	
659.540000	0.006543851311	
659.740000	0.006537313713	
659.940000	0.006530782738	
660.140000	0.006524258381	
660.340000	0.006517740636	
660.540000	0.006511229497	
660.740000	0.006504724959	
660.940000	0.006498227017	
661.140000	0.006491735666	
661.340000	0.006485250901	
661.540000	0.006478772717	
661.740000	0.006472301110	
661.940000	0.006465836075	
662.140000	0.006459377607	
662.340000	0.006452925705	
662.540000	0.006446480363	
662.740000	0.006440041579	
662.940000	0.006433609350	
663.140000	0.006427183676	
663.340000	0.006420764554	
663.540000	0.006414351985	
663.740000	0.006407945971	
663.940000	0.006401546514	
664.140000	0.006395153622	
664.340000	0.006388767304	
664.540000	0.006382387578	
664.740000	0.006376014470	
664.940000	0.006369648032	
665.140000	0.006363288390	
665.340000	0.006356936725	
665.540000	0.006350603092	
665.740000	0.006345605661	
665.940000	0.006374997024	
666.140000	0.006477562788	
666.340000	0.006669908884	
666.540000	0.006946077693	
666.740000	0.007275869616	
666.940000	0.007618178500	
667.140000	0.007936569373	
667.340000	0.008203008888	
667.540000	0.008403955622	
667.740000	0.008545521720	
667.940000	0.008645182951	
668.140000	0.008718975132	
668.340000	0.008776738592	
668.540000	0.008823607303	
668.740000	0.008862361095	
682.000000	0.008601608136	
682.200000	0.008593012672	
682.400000	0.008584425148	
682.600000	0.008575845646	
682.800000	0.008567274241	
683.000000	0.008558710993	
683.200000	0.008550155957	
683.400000	0.008541609179	
683.600000	0.008533070697	
683.800000	0.008524540545	
684.000000	0.008516018750	
684.200000	0.008507505336	
684.400000	0.008499000323	
684.600000	0.008490503726	
684.800000	0.008482015558	
685.000000	0.008473535830	
685.200000	0.008465064549	
685.400000	0.008456601722	
685.600000	0.008448147352	
685.800000	0.008439701443	
686.000000	0.008431263995	
686.200000	0.008422835008	
686.400000	0.008414414481	
686.600000	0.008406002413	
686.800000	0.008397598801	
687.000000	0.008389203641	
687.200000	0.008380816929	
687.400000	0.008372438662	
687.600000	0.008364068833	
687.800000	0.008355707438	
688.000000	0.008347354470	
688.200000	0.008339009925	
688.400000	0.008330673794	
688.600000	0.008322346073	
688.800000	0.008314026755	
689.000000	0.008305715832	
689.200000	0.008297413297	
689.400000	0.008289119144	
689.600000	0.008280833365	
689.800000	0.008272555953	
690.000000	0.008264286901	
690.200000	0.008256026201	
690.400000	0.008247773846	
690.600000	0.008239529828	
690.800000	0.008231294139	
691.000000	0.008223066773	
691.200000	0.008214847722	
691.400000	0.008206636978	
691.600000	0.008198434534	
691.800000	0.008190240382	
692.000000	0.008182054515	
692.200000	0.008173876925	
692.400000	0.008165707605	
692.600000	0.008157546548	
692.800000	0.008149393746	
693.000000	0.008141249192	
693.200000	0.008133112880	
693.400000	0.008124984801	
693.600000	0.008116864949	
693.800000	0.008108753317	
694.000000	0.008100649899	
694.200000	0.008092554687	
694.400000	0.008084467676	
694.600000	0.008076388858	
694.800000	0.008068318228	
695.000000	0.008060255780	
695.200000	0.008052201509	
695.400000	0.008044155408	
695.600000	0.008036117473	
695.800000	0.008028087699	
696.000000	0.008020066083	
696.200000	0.008012052620	
696.400000	0.008004047308	
696.600000	0.007996050145	
696.800000	0.007988061131	
697.000000	0.007980080266	
697.200000	0.007972107552	
697.400000	0.007964142997	
697.600000	0.007956186609	
697.800000	0.007948238405	
698.000000	0.007940298413	
698.200000	0.007932366682	
698.400000	0.007924443326	
698.600000	0.007916529100	
698.800000	0.007908631908	
699.000000	0.007901393786	
699.200000	0.007922840019	
699.400000	0.008013524431	
699.600000	0.008192107757	
699.800000	0.008456856885	
700.000000	0.008780306422	
700.200000	0.009120599219	
700.400000	0.009439983381	
700.600000	0.009709896943	
700.800000	0.009915974933	
701.000000	0.010062556302	
701.200000	0.010165972861	
701.400000	0.010242207120	
701.600000	0.010301546087	
701.800000	0.010349436430	
702.000000	0.010388822142	
702.200000	0.010421441789	
714.860000	0.010064187781	
715.060000	0.010054129822	
715.260000	0.010044080998	
715.460000	0.010034041426	
715.660000	0.010024011208	
715.860000	0.010013990430	
716.060000	0.010003979167	
716.260000	0.009993977483	
716.460000	0.009983985434	
716.660000	0.009974003066	
716.860000	0.009964030419	
717.060000	0.009954067527	
717.260000	0.009944114418	
717.460000	0.009934171115	
717.660000	0.009924237639	
717.860000	0.009914314004	
718.060000	0.009904400223	
718.260000	0.009894496306	
718.460000	0.009884602260	
718.660000	0.009874718090	
718.860000	0.009864843799	
719.060000	0.009854979390	
719.260000	0.009845124862	
719.460000	0.009835280214	
719.660000	0.009825445445	
719.860000	0.009815620551	
720.060000	0.009805805529	
720.260000	0.009796000373	
720.460000	0.009786205079	
720.660000	0.009776419641	
720.860000	0.009766644053	
721.060000	0.009756878307	
721.260000	0.009747122398	
721.460000	0.009737376317	
721.660000	0.009727640057	
721.860000	0.009717913610	
722.060000	0.009708196968	
722.260000	0.009698490124	
722.460000	0.009688793067	
722.660000	0.009679105791	
722.860000	0.009669428286	
723.060000	0.009659760544	
723.260000	0.009650102555	
723.460000	0.009640454312	
723.660000	0.009630815805	
723.860000	0.009621187025	
724.060000	0.009611567964	
724.260000	0.009601958612	
724.460000	0.009592358960	
724.660000	0.009582768999	
724.860000	0.009573188721	
725.060000	0.009563618117	
725.260000	0.009554057176	
725.460000	0.009544505891	
725.660000	0.009534964253	
725.860000	0.009525432252	
726.060000	0.009515909880	
726.260000	0.009506397129	
726.460000	0.009496893988	
726.660000	0.009487400450	
726.860000	0.009477916505	
727.060000	0.009468442146	
727.260000	0.009458977364	
727.460000	0.009449522150	
727.660000	0.009440076496	
727.860000	0.009430640394	
728.060000	0.009421213835	
728.260000	0.009411796813	
728.460000	0.009402389318	
728.660000	0.009392991343	
728.860000	0.009383602881	
729.060000	0.009374223924	
729.260000	0.009364854466	
729.460000	0.009355494499	
729.660000	0.009346144018	
729.860000	0.009336803015	
730.060000	0.009327471486	
730.260000	0.009318149425	
730.460000	0.009308836828	
730.660000	0.009299533690	
730.860000	0.009290240009	
731.060000	0.009280955784	
731.260000	0.009271681013	
731.460000	0.009262415700	
731.660000	0.009253159847	
731.860000	0.009243913464	
732.060000	0.009234676566	
732.260000	0.009225449175	
732.460000	0.009216231334	
732.660000	0.009207023124	
732.860000	0.009197824809	
733.060000	0.009188639898	
733.260000	0.009179517836	
733.460000	0.009182799890	
733.660000	0.009243326905	
733.860000	0.009385207404	
734.060000	0.009617197651	
734.260000	0.009921754466	
734.460000	0.010259370772	
734.660000	0.010588590624	
734.860000	0.010876991924	
735.060000	0.011105121874	
735.260000	0.011271147285	
735.460000	0.011388415562	
735.660000	0.011473547966	
735.860000	0.011538736130	
736.060000	0.011590768264	
736.260000	0.011633254993	
736.460000	0.011668273736	
736.660000	0.011697147098	
749.940000	0.011211842511	
750.140000	0.011200632251	
750.340000	0.011189432656	
750.540000	0.011178243793	
750.740000	0.011167065720	
750.940000	0.011155898489	
751.140000	0.011144742140	
751.340000	0.011133596709	
751.540000	0.011122462225	
751.740000	0.011111338715	
751.940000	0.011100226197	
752.140000	0.011089124688	
752.340000	0.011078034200	
752.540000	0.011066954744	
752.740000	0.011055886327	
752.940000	0.011044828955	
753.140000	0.011033782628	
753.340000	0.011022747351	
753.540000	0.011011723121	
753.740000	0.011000709937	
753.940000	0.010989707797	
754.140000	0.010978716696	
754.340000	0.010967736631	
754.540000	0.010956767595	
754.740000	0.010945809583	
754.940000	0.010934862588	
755.140000	0.010923926602	
755.340000	0.010913001618	
755.540000	0.010902087627	
755.740000	0.010891184622	
755.940000	0.010880292594	
756.140000	0.010869411533	
756.340000	0.010858541431	
756.540000	0.010847682278	
756.740000	0.010836834064	
756.940000	0.010825996780	
757.140000	0.010815170416	
757.340000	0.010804354962	
757.540000	0.010793550408	
757.740000	0.010782756743	
757.940000	0.010771973959	
758.140000	0.010761202044	
758.340000	0.010750440988	
758.540000	0.010739690781	
758.740000	0.010728951412	
758.940000	0.010718222872	
759.140000	0.010707505150	
759.340000	0.010696798235	
759.540000	0.010686102117	
759.740000	0.010675416786	
759.940000	0.010664742232	
760.140000	0.010654078444	
760.340000	0.010643425411	
760.540000	0.010632783123	
760.740000	0.010622151571	
760.940000	0.010611530744	
761.140000	0.010600920630	
761.340000	0.010590321222	
761.540000	0.010579732507	
761.740000	0.010569154476	
761.940000	0.010558587119	
762.140000	0.010548030425	
762.340000	0.010537484386	
762.540000	0.010526948989	
762.740000	0.010516424227	
762.940000	0.010505910088	
763.140000	0.010495406563	
763.340000	0.010484913642	
763.540000	0.010474431316	
763.740000	0.010463959574	
763.940000	0.010453498408	
764.140000	0.010443047807	
764.340000	0.010432607763	
764.540000	0.010422178266	
764.740000	0.010411759307	
764.940000	0.010401350877	
765.140000	0.010390952968	
765.340000	0.010380565570	
765.540000	0.010370188674	
765.740000	0.010359822274	
765.940000	0.010349466360	
766.140000	0.010339120925	
766.340000	0.010328785961	
766.540000	0.010318461461	
766.740000	0.010308147419	
766.940000	0.010297843827	
767.140000	0.010287550680	
767.340000	0.010277267974	
767.540000	0.010266995704	
767.740000	0.010256733866	
767.940000	0.010246482458	
768.140000	0.010236241481	
768.340000	0.010226010936	
768.540000	0.010215790828	
768.740000	0.010205581165	
768.940000	0.010195381964	
769.140000	0.010185193249	
769.340000	0.010175015066	
769.540000	0.010164847502	
769.740000	0.010154690828	
769.940000	0.010144548700	
770.140000	0.010134486815	
770.340000	0.010138916087	
770.540000	0.010201924323	
770.740000	0.010346266108	
770.940000	0.010581022523	
771.140000	0.010888236146	
771.340000	0.011227060611	
771.540000	0.011555002747	
771.740000	0.011840012270	
771.940000	0.012064220644	
772.140000	0.012227486200	
772.340000	0.012343603184	
772.540000	0.012428655639	
772.740000	0.012494226361	
772.940000	0.012546748936	
773.140000	0.012589675982	
773.340000	0.012625024306	
773.540000	0.012654099386	
773.740000	0.012677839037	
788.860000	0.011992247124	
789.060000	0.011980251591	
789.260000	0.011968267970	
789.460000	0.011956296269	
789.660000	0.011944336496	
789.860000	0.011932388654	
790.060000	0.011920452745	
790.260000	0.011908528771	
790.460000	0.011896616729	
790.660000	0.011884716617	
790.860000	0.011872828432	
791.060000	0.011860952169	
791.260000	0.011849087821	
791.460000	0.011837235384	
791.660000	0.011825394849	
791.860000	0.011813566209	
792.060000	0.011801749456	
792.260000	0.011789944582	
792.460000	0.011778151576	
792.660000	0.011766370430	
792.860000	0.011754601134	
793.060000	0.011742843678	
793.260000	0.011731098052	
793.460000	0.011719364246	
793.660000	0.011707642248	
793.860000	0.011695932049	
794.060000	0.011684233637	
794.260000	0.011672547001	
794.460000	0.011660872130	
794.660000	0.011649209014	
794.860000	0.011637557641	
795.060000	0.011625917999	
795.260000	0.011614290078	
795.460000	0.011602673865	
795.660000	0.011591069351	
795.860000	0.011579476522	
796.060000	0.011567895368	
796.260000	0.011556325877	
796.460000	0.011544768039	
796.660000	0.011533221840	
796.860000	0.011521687270	
797.060000	0.011510164317	
797.260000	0.011498652970	
797.460000	0.011487153217	
797.660000	0.011475665047	
797.860000	0.011464188448	
798.060000	0.011452723409	
798.260000	0.011441269918	
798.460000	0.011429827964	
798.660000	0.011418397535	
798.860000	0.011406978619	
799.060000	0.011395571206	
799.260000	0.011384175284	
799.460000	0.011372790842	
799.660000	0.011361417867	
799.860000	0.011350056349	
800.060000	0.011338706277	
800.260000	0.011327367639	
800.460000	0.011316040423	
800.660000	0.011304724619	
800.860000	0.011293420214	
801.060000	0.011282127199	
801.260000	0.011270845561	
801.460000	0.011259575290	
801.660000	0.011248316374	
801.860000	0.011237068801	
802.060000	0.011225832562	
802.260000	0.011214607645	
802.460000	0.011203394038	
802.660000	0.011192191732	
802.860000	0.011181000713	
803.060000	0.011169820973	
803.260000	0.011158652500	
803.460000	0.011147495282	
803.660000	0.011136349309	
803.860000	0.011125214571	
804.060000	0.011114091057	
804.260000	0.011102978755	
804.460000	0.011091877655	
804.660000	0.011080787746	
804.860000	0.011069709019	
805.060000	0.011058641462	
805.260000	0.011047585065	
805.460000	0.011036539818	
805.660000	0.011025505710	
805.860000	0.011014482731	
806.060000	0.011003470871	
806.260000	0.010992470120	
806.460000	0.010981480468	
806.660000	0.010970501905	
806.860000	0.010959534422	
807.060000	0.010948578009	
807.260000	0.010937632656	
807.460000	0.010926698354	
807.660000	0.010915775094	
807.860000	0.010904862868	
808.060000	0.010893961665	
808.260000	0.010883071479	
808.460000	0.010872192301	
808.660000	0.010861324124	
808.860000	0.010850466938	
809.060000	0.010839620739	
809.260000	0.010828785519	
809.460000	0.010817961273	
809.660000	0.010807147995	
809.860000	0.010796345682	
810.060000	0.010785554331	
810.260000	0.010774773940	
810.460000	0.010764004509	
810.660000	0.010753246042	
810.860000	0.010742498546	
811.060000	0.010731762032	
811.260000	0.010721036520	
811.460000	0.010710322043	
811.660000	0.010699618659	
811.860000	0.010688926496	
812.060000	0.010678246245	
812.260000	0.010667586472	
812.460000	0.010658207241	
812.660000	0.010682208376	
812.860000	0.010774777800	
813.060000	0.010954478604	
813.260000	0.011221923079	
813.460000	0.011548721195	
813.660000	0.011889247169	
813.860000	0.012203527375	
814.060000	0.012464929437	
814.260000	0.012663369822	
814.460000	0.012806159199	
814.660000	0.012909225573	
814.860000	0.012986889494	
815.060000	0.013048169670	
815.260000	0.013097899114	
815.460000	0.013138785094	
815.660000	0.013172493458	
815.860000	0.013200163284	
835.280000	0.012239331485	
835.480000	0.012227087175	
835.680000	0.012214855175	
835.880000	0.012202635473	
836.080000	0.012190428057	
836.280000	0.012178232916	
836.480000	0.012166050038	
836.680000	0.012153879413	
836.880000	0.012141721028	
837.080000	0.012129574871	
837.280000	0.012117440931	
837.480000	0.012105319195	
837.680000	0.012093209652	
837.880000	0.012081112289	
838.080000	0.012069027095	
838.280000	0.012056954057	
838.480000	0.012044893164	
838.680000	0.012032844403	
838.880000	0.012020807762	
839.080000	0.012008783229	
839.280000	0.011996770791	
839.480000	0.011984770437	
839.680000	0.011972782154	
839.880000	0.011960805930	
840.080000	0.011948841753	
840.280000	0.011936889611	
840.480000	0.011924949492	
840.680000	0.011913021382	
840.880000	0.011901105271	
841.080000	0.011889201146	
841.280000	0.011877308994	
841.480000	0.011865428804	
841.680000	0.011853560563	
841.880000	0.011841704260	
842.080000	0.011829859882	
842.280000	0.011818027416	
842.480000	0.011806206852	
842.680000	0.011794398176	
842.880000	0.011782601376	
843.080000	0.011770816441	
843.280000	0.011759043358	
843.480000	0.011747282116	
843.680000	0.011735532701	
843.880000	0.011723795103	
844.080000	0.011712069309	
844.280000	0.011700355306	
844.480000	0.011688653084	
844.680000	0.011676962629	
844.880000	0.011665283931	
845.080000	0.011653616976	
845.280000	0.011641961753	
845.480000	0.011630318250	
845.680000	0.011618686455	
845.880000	0.011607066356	
846.080000	0.011595457940	
846.280000	0.011583861197	
846.480000	0.011572276115	
846.680000	0.011560702680	
846.880000	0.011549140882	
847.080000	0.011537590708	
847.280000	0.011526052146	
847.480000	0.011514525186	
847.680000	0.011503009814	
847.880000	0.011491506020	
848.080000	0.011480013790	
848.280000	0.011468533114	
848.480000	0.011457063980	
848.680000	0.011445606375	
848.880000	0.011434160289	
849.080000	0.011422725709	
849.280000	0.011411302623	
849.480000	0.011399891020	
849.680000	0.011388490888	
849.880000	0.011377102216	
850.080000	0.011365724991	
850.280000	0.011354359202	
850.480000	0.011343004838	
850.680000	0.011331661886	
850.880000	0.011320330335	
851.080000	0.011309010174	
851.280000	0.011297701390	
851.480000	0.011286403973	
851.680000	0.011275117910	
851.880000	0.011263843190	
852.080000	0.011252579802	
852.280000	0.011241327733	
852.480000	0.011230086973	
852.680000	0.011218857510	
852.880000	0.011207639332	
853.080000	0.011196432428	
853.280000	0.011185236786	
853.480000	0.011174052395	
853.680000	0.011162879243	
853.880000	0.011151717320	
854.080000	0.011140566613	
854.280000	0.011129427111	
854.480000	0.011118298803	
854.680000	0.011107181677	
854.880000	0.011096075722	
855.080000	0.011084980927	
855.280000	0.011073897280	
855.480000	0.011062824770	
855.680000	0.011051763386	
855.880000	0.011040713116	
856.080000	0.011029673949	
856.280000	0.011018645873	
856.480000	0.011007628879	
856.680000	0.010996622953	
856.880000	0.010985628086	
857.080000	0.010974644265	
857.280000	0.010963671480	
857.480000	0.010952709720	
857.680000	0.010941758973	
857.880000	0.010930819228	
858.080000	0.010919890473	
858.280000	0.010908972699	
858.480000	0.010898065894	
858.680000	0.010887170046	
858.880000	0.010876285145	
859.080000	0.010865411179	
859.280000	0.010854548138	
859.480000	0.010843696010	
859.680000	0.010832854785	
859.880000	0.010822024451	
860.080000	0.010811204998	
860.280000	0.010800396414	
860.480000	0.010789598689	
860.680000	0.010778811811	
860.880000	0.010768035770	
861.080000	0.010757270555	
861.280000	0.010746516155	
861.480000	0.010735772559	
861.680000	0.010725039757	
861.880000	0.010714317737	
862.080000	0.010703606488	
862.280000	0.010692906000	
862.480000	0.010682216263	
862.680000	0.010671537265	
862.880000	0.010660868995	
863.080000	0.010650211444	
863.280000	0.010639564600	
863.480000	0.010628928452	
863.680000	0.010618302990	
863.880000	0.010607688204	
864.080000	0.010597084083	
864.280000	0.010586490616	
864.480000	0.010575907792	
864.680000	0.010565335602	
864.880000	0.010554774034	
865.080000	0.010544223079	
865.280000	0.010533682726	
865.480000	0.010523152964	
865.680000	0.010512633783	
865.880000	0.010502125173	
866.080000	0.010491627124	
866.280000	0.010481139624	
866.480000	0.010470662665	
866.680000	0.010460196235	
866.880000	0.010449740325	
867.080000	0.010439294925	
867.280000	0.010428860024	
867.480000	0.010418435613	
867.680000	0.010408021681	
867.880000	0.010397618219	
868.080000	0.010387225217	
868.280000	0.010376842665	
868.480000	0.010366470553	
868.680000	0.010356108872	
868.880000	0.010345757612	
869.080000	0.010335416763	
869.280000	0.010325086317	
869.480000	0.010314766264	
869.680000	0.010304456595	
869.880000	0.010294157301	
870.080000	0.010283868373	
870.280000	0.010273589801	
870.480000	0.010263321579	
870.680000	0.010253063697	
870.880000	0.010242816146	
871.080000	0.010232578920	
871.280000	0.010222352010	
871.480000	0.010212135409	
871.680000	0.010201929110	
871.880000	0.010191733107	
872.080000	0.010181547393	
872.280000	0.010171371964	
872.480000	0.010161206813	
872.680000	0.010151051938	
872.880000	0.010140907336	
873.080000	0.010130773005	
873.280000	0.010120648945	
873.480000	0.010110535161	
873.680000	0.010100431657	
873.880000	0.010090338444	
874.080000	0.010080255540	
874.280000	0.010070182973	
874.480000	0.010060120794	
874.680000	0.010050069097	
874.880000	0.010040028182	
875.080000	0.010030002089	
875.280000	0.010020109660	
875.480000	0.010028905093	
875.680000	0.010098533443	
875.880000	0.010249886769	
876.080000	0.010493160422	
876.280000	0.010809821095	
876.480000	0.011156038310	
876.680000	0.011486457150	
876.880000	0.011769285842	
877.080000	0.011989592011	
877.280000	0.012150682582	
877.480000	0.012267509581	
877.680000	0.012355353296	
877.880000	0.012424566772	
878.080000	0.012480824304	
878.280000	0.012527285191	
878.480000	0.012565861382	
878.680000	0.012597835462	
898.680000	0.011682761926	
914.240000	0.010807518361	
914.440000	0.010796707728	
914.640000	0.010785907941	
914.840000	0.010775118987	
915.040000	0.010764340857	
915.240000	0.010753573539	
915.440000	0.010742817021	
915.640000	0.010732071293	
915.840000	0.010721336343	
916.040000	0.010710612160	
916.240000	0.010699898734	
916.440000	0.010689196052	
916.640000	0.010678504105	
916.840000	0.010667822880	
917.040000	0.010657152367	
917.240000	0.010646492555	
917.440000	0.010635843432	
917.640000	0.010625204989	
917.840000	0.010614577212	
918.040000	0.010603960093	
918.240000	0.010593353619	
918.440000	0.010582757780	
918.640000	0.010572172564	
918.840000	0.010561597962	
919.040000	0.010551033961	
919.240000	0.010540480551	
919.440000	0.010529937721	
919.640000	0.010519405460	
919.840000	0.010508883757	
920.040000	0.010498372601	
920.240000	0.010487871982	
920.440000	0.010477381888	
920.640000	0.010466902309	
920.840000	0.010456433234	
921.040000	0.010445974653	
921.240000	0.010435526553	
921.440000	0.010425088925	
921.640000	0.010414661757	
921.840000	0.010404245040	
922.040000	0.010393838762	
922.240000	0.010383442912	
922.440000	0.010373057480	
922.640000	0.010362682455	
922.840000	0.010352317826	
923.040000	0.010341963583	
923.240000	0.010331619715	
923.440000	0.010321286211	
923.640000	0.010310963061	
923.840000	0.010300650253	
924.040000	0.010290347779	
924.240000	0.010280055626	
924.440000	0.010269773784	
924.640000	0.010259502242	
924.840000	0.010249240991	
925.040000	0.010238990019	
925.240000	0.010228749316	
925.440000	0.010218518872	
925.640000	0.010208298675	
925.840000	0.010198088716	
926.040000	0.010187888983	
926.240000	0.010177699467	
926.440000	0.010167520157	
926.640000	0.010157351042	
926.840000	0.010147192112	
927.040000	0.010137043357	
927.240000	0.010126904766	
927.440000	0.010116776328	
927.640000	0.010106658034	
927.840000	0.010096549873	
928.040000	0.010086451835	
928.240000	0.010076363908	
928.440000	0.010066286084	
928.640000	0.010056218351	
928.840000	0.010046160700	
929.040000	0.010036113119	
929.240000	0.010026075599	
929.440000	0.010016048130	
929.640000	0.010006030700	
929.840000	0.009996023300	
930.040000	0.009986025920	
930.240000	0.009976038550	
930.440000	0.009966061178	
930.640000	0.009956093796	
930.840000	0.009946136392	
931.040000	0.009936188957	
931.240000	0.009926251480	
931.440000	0.009916323952	
931.640000	0.009906406362	
931.840000	0.009896498699	
932.040000	0.009886600955	
932.240000	0.009876713118	
932.440000	0.009866835179	
932.640000	0.009856967128	
932.840000	0.009847108954	
933.040000	0.009837260648	
933.240000	0.009827422199	
933.440000	0.009817593598	
933.640000	0.009807774834	
933.840000	0.009797965897	
934.040000	0.009788166778	
934.240000	0.009778377466	
934.440000	0.009768597952	
934.640000	0.009758828225	
934.840000	0.009749068276	
935.040000	0.009739318094	
935.240000	0.009729577670	
935.440000	0.009719846994	
935.640000	0.009710126056	
935.840000	0.009700414846	
936.040000	0.009690713354	
936.240000	0.009681021570	
936.440000	0.009671339485	
936.640000	0.009661667088	
936.840000	0.009652004370	
937.040000	0.009642351321	
937.240000	0.009632707931	
937.440000	0.009623074191	
937.640000	0.009613450090	
937.840000	0.009603835619	
938.040000	0.009594230768	
938.240000	0.009584635527	
938.440000	0.009575049887	
938.640000	0.009565473838	
938.840000	0.009555907370	
939.040000	0.009546350474	
939.240000	0.009536803139	
939.440000	0.009527265357	
939.640000	0.009517737117	
939.840000	0.009508218409	
940.040000	0.009498709225	
940.240000	0.009489209555	
940.440000	0.009479719388	
940.640000	0.009470238716	
940.840000	0.009460767529	
941.040000	0.009451305816	
941.240000	0.009441853570	
941.440000	0.009432410779	
941.640000	0.009422977435	
941.840000	0.009413553527	
942.040000	0.009404139048	
942.240000	0.009394733986	
942.440000	0.009385338332	
942.640000	0.009375952078	
942.840000	0.009366575212	
943.040000	0.009357207727	
943.240000	0.009347849612	
943.440000	0.009338500859	
943.640000	0.009329161457	
943.840000	0.009319831397	
944.040000	0.009310510670	
944.240000	0.009301199266	
944.440000	0.009291897176	
944.640000	0.009282604391	
944.840000	0.009273320901	
945.040000	0.009264046697	
965.040000	0.008381957164	
985.040000	0.007583848600	
1005.040000	0.006861724132	
1025.040000	0.006208351124	
1045.040000	0.005617185014	
1065.040000	0.005082303868	
1085.040000	0.004598349310	
1105.040000	0.004160472985	
1125.040000	0.003764288075	
1145.040000	0.003405825382	
1165.040000	0.003081493586	
1185.040000	0.002788043282	
1205.040000	0.002522534422	
1225.040000	0.002282306872	
1245.040000	0.002064953752	
1265.040000	0.001868297330	
1285.040000	0.001690367197	
1305.040000	0.001529380533	
1325.040000	0.001383724240	
1345.040000	0.001251938785	
1365.040000	0.001132703578	
1385.040000	0.001024823744	
1405.040000	0.000927218152	
1425.040000	0.000838908588	
1445.040000	0.000759009959	
1465.040000	0.000686721423	
1485.040000	0.000621318374	
1505.040000	0.000562145183	
1525.040000	0.000508608635	
1545.040000	0.000460171983	
1565.040000	0.000416349577	
1585.040000	0.000376702001	
1605.040000	0.000340831670	
1625.040000	0.000308378850	
1645.040000	0.000279018057	
1665.040000	0.000252454791	
1685.040000	0.000228422595	
1705.040000	0.000206680379	
1725.040000	0.000187010010	
1745.040000	0.000169214126	
1765.040000	0.000153114154	
1785.040000	0.000138548530	
1805.040000	0.000125371072	
1825.040000	0.000113449521	
1845.040000	0.000102664213	
1865.040000	0.000092906880	
1885.040000	0.000084079568	
1905.040000	0.000076093649	
1925.040000	0.000068868941	
1945.040000	0.000062332897	
1965.040000	0.000056419882	
1985.040000	0.000051070513	
2005.040000	0.000046231065	
2025.040000	0.000041852931	
2045.040000	0.000037892136	
2065.040000	0.000034308895	
2085.040000	0.000031067212	
2105.040000	0.000028134525	
2125.040000	0.000025481372	
2145.040000	0.000023081100	
2165.040000	0.000020909596	
2185.040000	0.000018945046	
2205.040000	0.000017167714	
2225.040000	0.000015559748	
2245.040000	0.000014104994	
2265.040000	0.000012788842	
2285.040000	0.000011598071	
2305.040000	0.000010520725	
2325.040000	0.000009545984	
2345.040000	0.000008664062	
2365.040000	0.000007866107	
2385.040000	0.000007144108	
2405.040000	0.000006490821	
2425.040000	0.000005899691	
2445.040000	0.000005364791	
2465.040000	0.000004880756	
2485.040000	0.000004442735	
