0.000000	-0.004954713597	
20.000000	-0.004945789961	
40.000000	-0.004945916488	
60.000000	-0.004946231661	
80.000000	-0.004946416406	
100.000000	-0.004946506418	
120.000000	-0.005218647646	
140.000000	-0.005181092291	
160.000000	-0.005140061863	
180.000000	-0.005100277743	
200.000000	-0.005063115472	
220.000000	-0.005028918513	
240.000000	-0.004997391780	
260.000000	-0.004968159536	
280.000000	-0.004940893733	
300.000000	-0.004915328610	
320.000000	-0.004891248462	
340.000000	-0.004867468129	
360.000000	-0.004845751696	
380.000000	-0.004825379084	
400.000000	-0.004806006222	
420.000000	-0.004787445387	
440.000000	-0.004769567966	
460.000000	-0.004752265091	
480.000000	-0.004735427897	
500.000000	-0.004718930330	
520.000000	-0.004689771449	
540.000000	-0.004660374818	
554.860000	-0.004626560262	
555.060000	-0.004624995072	
555.260000	-0.004623113376	
555.460000	-0.004620748309	
555.660000	-0.004617568710	
555.860000	-0.004612773178	
556.060000	-0.004603477097	
556.260000	-0.004543116952	
556.460000	-0.004276775744	
556.660000	-0.003959946756	
556.860000	-0.002477527191	
557.060000	-0.001993143908	
557.260000	-0.002102099469	
557.460000	-0.002415962784	
557.660000	-0.002752510246	
557.860000	-0.002970767396	
558.060000	-0.003148982561	
558.260000	-0.003341871834	
558.460000	-0.003589243409	
558.660000	-0.003949957239	
558.860000	-0.004301401386	
559.060000	-0.004480349041	
559.260000	-0.004585211072	
579.260000	-0.004655028435	
588.040000	-0.004626490951	
588.240000	-0.004625846634	
588.440000	-0.004625200042	
588.640000	-0.004624550884	
588.840000	-0.004623898848	
589.040000	-0.004623243597	
589.240000	-0.004622584768	
589.440000	-0.004621921970	
589.640000	-0.004621254776	
589.840000	-0.004620582724	
590.040000	-0.004619905308	
590.240000	-0.004619221977	
590.440000	-0.004618532122	
590.640000	-0.004617835076	
590.840000	-0.004617130099	
591.040000	-0.004616416369	
591.240000	-0.004615692972	
591.440000	-0.004614958882	
591.640000	-0.004614212944	
591.840000	-0.004613453854	
592.040000	-0.004612680126	
592.240000	-0.004611890064	
592.440000	-0.004611081710	
592.640000	-0.004610252797	
592.840000	-0.004609400674	
593.040000	-0.004608522218	
593.240000	-0.004607613714	
593.440000	-0.004606670696	
593.640000	-0.004605687737	
593.840000	-0.004604658149	
594.040000	-0.004603573572	
594.240000	-0.004602423375	
594.440000	-0.004601193771	
594.640000	-0.004599866459	
594.840000	-0.004598416464	
595.040000	-0.004596808537	
595.240000	-0.004594990806	
595.440000	-0.004592882727	
595.640000	-0.004590349970	
595.840000	-0.004587144811	
596.040000	-0.004582734467	
596.240000	-0.004575614485	
596.440000	-0.004557320544	
596.640000	-0.004356121426	
596.840000	-0.004059082901	
597.040000	-0.002914669065	
597.240000	-0.001971839413	
597.440000	-0.001997462766	
597.640000	-0.002289896060	
597.840000	-0.002653831608	
598.040000	-0.002916509707	
598.240000	-0.003102579565	
598.440000	-0.003283187825	
598.640000	-0.003498482929	
598.840000	-0.003793778544	
599.040000	-0.004163183202	
599.240000	-0.004382145914	
599.440000	-0.004508195236	
599.640000	-0.004584420386	
619.160000	-0.004626513069	
619.360000	-0.004625724157	
619.560000	-0.004624936781	
619.760000	-0.004624150847	
619.960000	-0.004623366256	
620.160000	-0.004622582900	
620.360000	-0.004621800670	
620.560000	-0.004621019444	
620.760000	-0.004620239097	
620.960000	-0.004619459496	
621.160000	-0.004618680499	
621.360000	-0.004617901955	
621.560000	-0.004617123705	
621.760000	-0.004616345581	
621.960000	-0.004615567405	
622.160000	-0.004614788986	
622.360000	-0.004614010123	
622.560000	-0.004613230601	
622.760000	-0.004612450192	
622.960000	-0.004611668654	
623.160000	-0.004610885727	
623.360000	-0.004610101134	
623.560000	-0.004609314578	
623.760000	-0.004608525741	
623.960000	-0.004607734281	
624.160000	-0.004606939832	
624.360000	-0.004606141996	
624.560000	-0.004605340345	
624.760000	-0.004604534415	
624.960000	-0.004603723701	
625.160000	-0.004602907655	
625.360000	-0.004602085676	
625.560000	-0.004601257108	
625.760000	-0.004600421228	
625.960000	-0.004599577241	
626.160000	-0.004598724264	
626.360000	-0.004597861319	
626.560000	-0.004596987313	
626.760000	-0.004596101021	
626.960000	-0.004595201063	
627.160000	-0.004594285879	
627.360000	-0.004593353690	
627.560000	-0.004592402461	
627.760000	-0.004591429844	
627.960000	-0.004590433114	
628.160000	-0.004589409079	
628.360000	-0.004588353973	
628.560000	-0.004587263302	
628.760000	-0.004586131654	
628.960000	-0.004584952424	
629.160000	-0.004583717442	
629.360000	-0.004582416445	
629.560000	-0.004581036302	
629.760000	-0.004579559851	
629.960000	-0.004577964098	
630.160000	-0.004576217283	
630.360000	-0.004574273880	
630.560000	-0.004572065493	
630.760000	-0.004569482876	
630.960000	-0.004566336278	
631.160000	-0.004562253194	
631.360000	-0.004556340905	
631.560000	-0.004545397727	
631.760000	-0.004475743677	
631.960000	-0.004180441533	
632.160000	-0.003586526686	
632.360000	-0.002047379596	
632.560000	-0.001908143672	
632.760000	-0.002137452021	
632.960000	-0.002503691629	
633.160000	-0.002831981415	
633.360000	-0.003041027010	
633.560000	-0.003219298752	
633.760000	-0.003412332664	
633.960000	-0.003657190673	
634.160000	-0.003997127883	
634.360000	-0.004278155350	
634.560000	-0.004429933661	
634.760000	-0.004527991329	
634.960000	-0.004585590705	
635.160000	-0.004617983987	
650.340000	-0.004626522055	
650.540000	-0.004625621363	
650.740000	-0.004624722434	
650.940000	-0.004623825279	
651.140000	-0.004622929901	
651.340000	-0.004622036296	
651.540000	-0.004621144450	
651.740000	-0.004620254342	
651.940000	-0.004619365944	
652.140000	-0.004618479218	
652.340000	-0.004617594120	
652.540000	-0.004616710598	
652.740000	-0.004615828592	
652.940000	-0.004614948036	
653.140000	-0.004614068853	
653.340000	-0.004613190961	
653.540000	-0.004612314268	
653.740000	-0.004611438674	
653.940000	-0.004610564072	
654.140000	-0.004609690345	
654.340000	-0.004608817366	
654.540000	-0.004607945001	
654.740000	-0.004607073102	
654.940000	-0.004606201515	
655.140000	-0.004605330071	
655.340000	-0.004604458592	
655.540000	-0.004603586887	
655.740000	-0.004602714749	
655.940000	-0.004601841962	
656.140000	-0.004600968289	
656.340000	-0.004600093480	
656.540000	-0.004599217265	
656.740000	-0.004598339358	
656.940000	-0.004597459448	
657.140000	-0.004596577202	
657.340000	-0.004595692264	
657.540000	-0.004594804247	
657.740000	-0.004593912735	
657.940000	-0.004593017278	
658.140000	-0.004592117389	
658.340000	-0.004591212537	
658.540000	-0.004590302146	
658.740000	-0.004589385586	
658.940000	-0.004588462169	
659.140000	-0.004587531139	
659.340000	-0.004586591663	
659.540000	-0.004585642823	
659.740000	-0.004584683599	
659.940000	-0.004583712857	
660.140000	-0.004582729328	
660.340000	-0.004581731591	
660.540000	-0.004580718038	
660.740000	-0.004579686851	
660.940000	-0.004578635951	
661.140000	-0.004577562957	
661.340000	-0.004576465114	
661.540000	-0.004575339219	
661.740000	-0.004574181511	
661.940000	-0.004572987537	
662.140000	-0.004571751970	
662.340000	-0.004570468367	
662.540000	-0.004569128834	
662.740000	-0.004567723555	
662.940000	-0.004566240127	
663.140000	-0.004564662565	
663.340000	-0.004562969796	
663.540000	-0.004561133277	
663.740000	-0.004559113041	
663.940000	-0.004556850777	
664.140000	-0.004554256794	
664.340000	-0.004551183059	
664.540000	-0.004547359750	
664.740000	-0.004542214326	
664.940000	-0.004534156443	
665.140000	-0.004514457614	
665.340000	-0.004307453449	
665.540000	-0.003941314388	
665.740000	-0.002351977978	
665.940000	-0.001876992757	
666.140000	-0.001983719397	
666.340000	-0.002321765552	
666.540000	-0.002703569167	
666.740000	-0.002962295544	
666.940000	-0.003150142215	
667.140000	-0.003331761310	
667.340000	-0.003543571614	
667.540000	-0.003828752942	
667.740000	-0.004154163406	
667.940000	-0.004347671614	
668.140000	-0.004467292903	
668.340000	-0.004543587088	
668.540000	-0.004587950406	
668.740000	-0.004613642264	
682.000000	-0.004626517956	
682.200000	-0.004625555487	
682.400000	-0.004624593849	
682.600000	-0.004623633171	
682.800000	-0.004622673567	
683.000000	-0.004621715138	
683.200000	-0.004620757972	
683.400000	-0.004619802144	
683.600000	-0.004618847716	
683.800000	-0.004617894742	
684.000000	-0.004616943260	
684.200000	-0.004615993303	
684.400000	-0.004615044890	
684.600000	-0.004614098031	
684.800000	-0.004613152728	
685.000000	-0.004612208972	
685.200000	-0.004611266746	
685.400000	-0.004610326023	
685.600000	-0.004609386769	
685.800000	-0.004608448937	
686.000000	-0.004607512477	
686.200000	-0.004606577325	
686.400000	-0.004605643411	
686.600000	-0.004604710656	
686.800000	-0.004603778969	
687.000000	-0.004602848254	
687.200000	-0.004601918402	
687.400000	-0.004600989295	
687.600000	-0.004600060806	
687.800000	-0.004599132794	
688.000000	-0.004598205112	
688.200000	-0.004597277596	
688.400000	-0.004596350074	
688.600000	-0.004595422359	
688.800000	-0.004594494251	
689.000000	-0.004593565533	
689.200000	-0.004592635977	
689.400000	-0.004591705333	
689.600000	-0.004590773338	
689.800000	-0.004589839706	
690.000000	-0.004588904132	
690.200000	-0.004587966286	
690.400000	-0.004587025815	
690.600000	-0.004586082339	
690.800000	-0.004585135447	
691.000000	-0.004584184695	
691.200000	-0.004583229603	
691.400000	-0.004582269652	
691.600000	-0.004581304275	
691.800000	-0.004580332858	
692.000000	-0.004579354731	
692.200000	-0.004578369158	
692.400000	-0.004577375336	
692.600000	-0.004576372376	
692.800000	-0.004575359303	
693.000000	-0.004574335032	
693.200000	-0.004573298359	
693.400000	-0.004572247940	
693.600000	-0.004571182268	
693.800000	-0.004570099645	
694.000000	-0.004568998150	
694.200000	-0.004567875596	
694.400000	-0.004566729478	
694.600000	-0.004565556908	
694.800000	-0.004564354536	
695.000000	-0.004563118439	
695.200000	-0.004561843987	
695.400000	-0.004560525663	
695.600000	-0.004559156818	
695.800000	-0.004557729340	
696.000000	-0.004556233195	
696.200000	-0.004554655772	
696.400000	-0.004552980920	
696.600000	-0.004551187504	
696.800000	-0.004549247135	
697.000000	-0.004547120464	
697.200000	-0.004544750779	
697.400000	-0.004542052169	
697.600000	-0.004538885631	
697.800000	-0.004535004650	
698.000000	-0.004529907450	
698.200000	-0.004522301492	
698.400000	-0.004506500627	
698.600000	-0.004350886791	
698.800000	-0.004000401453	
699.000000	-0.002519199187	
699.200000	-0.001863521919	
699.400000	-0.001923701315	
699.600000	-0.002250263478	
699.800000	-0.002648403830	
700.000000	-0.002936920725	
700.200000	-0.003133951770	
700.400000	-0.003314773894	
700.600000	-0.003518033423	
700.800000	-0.003783508148	
701.000000	-0.004103486027	
701.200000	-0.004309776693	
701.400000	-0.004435684587	
701.600000	-0.004519174972	
701.800000	-0.004569095909	
702.000000	-0.004598712694	
702.200000	-0.004616587655	
714.860000	-0.004626535189	
715.060000	-0.004625545282	
715.260000	-0.004624555599	
715.460000	-0.004623566340	
715.660000	-0.004622577690	
715.860000	-0.004621589816	
716.060000	-0.004620602869	
716.260000	-0.004619616985	
716.460000	-0.004618632283	
716.660000	-0.004617648873	
716.860000	-0.004616666848	
717.060000	-0.004615686291	
717.260000	-0.004614707272	
717.460000	-0.004613729852	
717.660000	-0.004612754080	
717.860000	-0.004611779995	
718.060000	-0.004610807625	
718.260000	-0.004609836990	
718.460000	-0.004608868101	
718.660000	-0.004607900958	
718.860000	-0.004606935555	
719.060000	-0.004605971875	
719.260000	-0.004605009893	
719.460000	-0.004604049577	
719.660000	-0.004603090884	
719.860000	-0.004602133766	
720.060000	-0.004601178163	
720.260000	-0.004600224009	
720.460000	-0.004599271230	
720.660000	-0.004598319741	
720.860000	-0.004597369449	
721.060000	-0.004596420254	
721.260000	-0.004595472045	
721.460000	-0.004594524700	
721.660000	-0.004593578090	
721.860000	-0.004592632075	
722.060000	-0.004591686502	
722.260000	-0.004590741211	
722.460000	-0.004589796026	
722.660000	-0.004588850761	
722.860000	-0.004587905216	
723.060000	-0.004586959177	
723.260000	-0.004586012415	
723.460000	-0.004585064685	
723.660000	-0.004584115725	
723.860000	-0.004583165255	
724.060000	-0.004582212974	
724.260000	-0.004581258561	
724.460000	-0.004580301669	
724.660000	-0.004579341927	
724.860000	-0.004578378936	
725.060000	-0.004577412267	
725.260000	-0.004576441455	
725.460000	-0.004575466000	
725.660000	-0.004574485359	
725.860000	-0.004573498945	
726.060000	-0.004572506119	
726.260000	-0.004571506184	
726.460000	-0.004570498379	
726.660000	-0.004569481872	
726.860000	-0.004568455749	
727.060000	-0.004567419002	
727.260000	-0.004566370515	
727.460000	-0.004565309055	
727.660000	-0.004564233244	
727.860000	-0.004563141543	
728.060000	-0.004562032223	
728.260000	-0.004560903332	
728.460000	-0.004559752656	
728.660000	-0.004558577666	
728.860000	-0.004557375459	
729.060000	-0.004556142680	
729.260000	-0.004554875420	
729.460000	-0.004553569085	
729.660000	-0.004552218232	
729.860000	-0.004550816344	
730.060000	-0.004549355523	
730.260000	-0.004547826077	
730.460000	-0.004546215933	
730.660000	-0.004544509790	
730.860000	-0.004542687863	
731.060000	-0.004540723958	
731.260000	-0.004538582382	
731.460000	-0.004536212773	
731.660000	-0.004533540845	
731.860000	-0.004530450552	
732.060000	-0.004526745861	
732.260000	-0.004522055932	
732.460000	-0.004515539878	
732.660000	-0.004504489297	
732.860000	-0.004459954618	
733.060000	-0.004154889988	
733.260000	-0.003377685820	
733.460000	-0.001942232392	
733.660000	-0.001826710623	
733.860000	-0.002079756108	
734.060000	-0.002478909201	
734.260000	-0.002840063557	
734.460000	-0.003067578303	
734.660000	-0.003251648933	
734.860000	-0.003442293290	
735.060000	-0.003675437103	
735.260000	-0.003982409535	
735.460000	-0.004233925685	
735.660000	-0.004379961816	
735.860000	-0.004479846439	
736.060000	-0.004542205172	
736.260000	-0.004579864050	
736.460000	-0.004603008376	
736.660000	-0.004617608358	
749.940000	-0.004626517685	
750.140000	-0.004625525865	
750.340000	-0.004624534941	
750.540000	-0.004623545096	
750.740000	-0.004622556503	
750.940000	-0.004621569315	
751.140000	-0.004620583674	
751.340000	-0.004619599709	
751.540000	-0.004618617535	
751.740000	-0.004617637259	
751.940000	-0.004616658973	
752.140000	-0.004615682760	
752.340000	-0.004614708695	
752.540000	-0.004613736841	
752.740000	-0.004612767253	
752.940000	-0.004611799977	
753.140000	-0.004610835052	
753.340000	-0.004609872507	
753.540000	-0.004608912365	
753.740000	-0.004607954641	
753.940000	-0.004606999341	
754.140000	-0.004606046467	
754.340000	-0.004605096012	
754.540000	-0.004604147962	
754.740000	-0.004603202298	
754.940000	-0.004602258993	
755.140000	-0.004601318014	
755.340000	-0.004600379322	
755.540000	-0.004599442871	
755.740000	-0.004598508608	
755.940000	-0.004597576474	
756.140000	-0.004596646405	
756.340000	-0.004595718328	
756.540000	-0.004594792164	
756.740000	-0.004593867829	
756.940000	-0.004592945230	
757.140000	-0.004592024268	
757.340000	-0.004591104836	
757.540000	-0.004590186819	
757.740000	-0.004589270096	
757.940000	-0.004588354536	
758.140000	-0.004587440001	
758.340000	-0.004586526343	
758.540000	-0.004585613406	
758.740000	-0.004584701022	
758.940000	-0.004583789016	
759.140000	-0.004582877198	
759.340000	-0.004581965371	
759.540000	-0.004581053321	
759.740000	-0.004580140824	
759.940000	-0.004579227641	
760.140000	-0.004578313518	
760.340000	-0.004577398185	
760.540000	-0.004576481352	
760.740000	-0.004575562715	
760.940000	-0.004574641944	
761.140000	-0.004573718690	
761.340000	-0.004572792578	
761.540000	-0.004571863208	
761.740000	-0.004570930149	
761.940000	-0.004569992938	
762.140000	-0.004569051077	
762.340000	-0.004568104029	
762.540000	-0.004567151214	
762.740000	-0.004566192002	
762.940000	-0.004565225710	
763.140000	-0.004564251596	
763.340000	-0.004563268847	
763.540000	-0.004562276576	
763.740000	-0.004561273808	
763.940000	-0.004560259471	
764.140000	-0.004559232379	
764.340000	-0.004558191217	
764.540000	-0.004557134522	
764.740000	-0.004556060659	
764.940000	-0.004554967791	
765.140000	-0.004553853846	
765.340000	-0.004552716473	
765.540000	-0.004551552993	
765.740000	-0.004550360329	
765.940000	-0.004549134926	
766.140000	-0.004547872648	
766.340000	-0.004546568638	
766.540000	-0.004545217146	
766.740000	-0.004543811295	
766.940000	-0.004542342759	
767.140000	-0.004540801339	
767.340000	-0.004539174347	
767.540000	-0.004537445731	
767.740000	-0.004535594779	
767.940000	-0.004533594130	
768.140000	-0.004531406607	
768.340000	-0.004528979907	
768.540000	-0.004526237174	
768.740000	-0.004523058857	
768.940000	-0.004519244075	
769.140000	-0.004514415351	
769.340000	-0.004507724558	
769.540000	-0.004496480880	
769.740000	-0.004453300843	
769.940000	-0.004141684293	
770.140000	-0.003265355192	
770.340000	-0.001895928642	
770.540000	-0.001797370885	
770.740000	-0.002061158503	
770.940000	-0.002472987916	
771.140000	-0.002845439588	
771.340000	-0.003078976068	
771.540000	-0.003265555410	
771.740000	-0.003457675556	
771.940000	-0.003692105067	
772.140000	-0.003994237116	
772.340000	-0.004233048271	
772.540000	-0.004374341874	
772.740000	-0.004472956199	
772.940000	-0.004535378365	
773.140000	-0.004573842236	
773.340000	-0.004598095654	
773.540000	-0.004613877137	
773.740000	-0.004624521374	
788.860000	-0.004626467466	
789.060000	-0.004625516257	
789.260000	-0.004624567730	
789.460000	-0.004623621992	
789.660000	-0.004622679146	
789.860000	-0.004621739282	
790.060000	-0.004620802484	
790.260000	-0.004619868830	
790.460000	-0.004618938388	
790.660000	-0.004618011220	
790.860000	-0.004617087382	
791.060000	-0.004616166923	
791.260000	-0.004615249885	
791.460000	-0.004614336307	
791.660000	-0.004613426220	
791.860000	-0.004612519651	
792.060000	-0.004611616621	
792.260000	-0.004610717146	
792.460000	-0.004609821239	
792.660000	-0.004608928906	
792.860000	-0.004608040151	
793.060000	-0.004607154970	
793.260000	-0.004606273360	
793.460000	-0.004605395309	
793.660000	-0.004604520804	
793.860000	-0.004603649827	
794.060000	-0.004602782357	
794.260000	-0.004601918368	
794.460000	-0.004601057830	
794.660000	-0.004600200712	
794.860000	-0.004599346977	
795.060000	-0.004598496585	
795.260000	-0.004597649493	
795.460000	-0.004596805653	
795.660000	-0.004595965016	
795.860000	-0.004595127527	
796.060000	-0.004594293128	
796.260000	-0.004593461758	
796.460000	-0.004592633353	
796.660000	-0.004591807843	
796.860000	-0.004590985158	
797.060000	-0.004590165219	
797.260000	-0.004589347949	
797.460000	-0.004588533262	
797.660000	-0.004587721071	
797.860000	-0.004586911283	
798.060000	-0.004586103803	
798.260000	-0.004585298528	
798.460000	-0.004584495354	
798.660000	-0.004583694170	
798.860000	-0.004582894860	
799.060000	-0.004582097303	
799.260000	-0.004581301374	
799.460000	-0.004580506939	
799.660000	-0.004579713860	
799.860000	-0.004578921994	
800.060000	-0.004578131188	
800.260000	-0.004577341283	
800.460000	-0.004576552113	
800.660000	-0.004575763504	
800.860000	-0.004574975272	
801.060000	-0.004574187225	
801.260000	-0.004573399160	
801.460000	-0.004572610865	
801.660000	-0.004571822115	
801.860000	-0.004571032674	
802.060000	-0.004570242292	
802.260000	-0.004569450705	
802.460000	-0.004568657633	
802.660000	-0.004567862781	
802.860000	-0.004567065834	
803.060000	-0.004566266459	
803.260000	-0.004565464299	
803.460000	-0.004564658977	
803.660000	-0.004563850087	
803.860000	-0.004563037195	
804.060000	-0.004562219839	
804.260000	-0.004561397519	
804.460000	-0.004560569699	
804.660000	-0.004559735799	
804.860000	-0.004558895195	
805.060000	-0.004558047207	
805.260000	-0.004557191101	
805.460000	-0.004556326072	
805.660000	-0.004555451245	
805.860000	-0.004554565660	
806.060000	-0.004553668262	
806.260000	-0.004552757887	
806.460000	-0.004551833249	
806.660000	-0.004550892918	
806.860000	-0.004549935300	
807.060000	-0.004548958610	
807.260000	-0.004547960840	
807.460000	-0.004546939719	
807.660000	-0.004545892668	
807.860000	-0.004544816736	
808.060000	-0.004543708527	
808.260000	-0.004542564111	
808.460000	-0.004541378895	
808.660000	-0.004540147478	
808.860000	-0.004538863437	
809.060000	-0.004537519064	
809.260000	-0.004536104995	
809.460000	-0.004534609699	
809.660000	-0.004533018765	
809.860000	-0.004531313852	
810.060000	-0.004529471134	
810.260000	-0.004527458881	
810.460000	-0.004525233548	
810.660000	-0.004522733111	
810.860000	-0.004519864940	
811.060000	-0.004516481759	
811.260000	-0.004512328163	
811.460000	-0.004506899903	
811.660000	-0.004498958167	
811.860000	-0.004483595630	
812.060000	-0.004350922394	
812.260000	-0.003960701596	
812.460000	-0.002321659492	
812.660000	-0.001763081159	
812.860000	-0.001838585845	
813.060000	-0.002185110638	
813.260000	-0.002621244448	
813.460000	-0.002947047197	
813.660000	-0.003160289459	
813.860000	-0.003347050585	
814.060000	-0.003552775676	
814.260000	-0.003816377628	
814.460000	-0.004108966301	
814.660000	-0.004294984192	
814.860000	-0.004417055680	
815.060000	-0.004499288199	
815.260000	-0.004550552677	
815.460000	-0.004583031131	
815.660000	-0.004604329245	
815.860000	-0.004618846306	
835.280000	-0.004626510853	
835.480000	-0.004625694746	
835.680000	-0.004624883491	
835.880000	-0.004624077121	
836.080000	-0.004623275665	
836.280000	-0.004622479146	
836.480000	-0.004621687589	
836.680000	-0.004620901013	
836.880000	-0.004620119434	
837.080000	-0.004619342867	
837.280000	-0.004618571325	
837.480000	-0.004617804816	
837.680000	-0.004617043347	
837.880000	-0.004616286925	
838.080000	-0.004615535552	
838.280000	-0.004614789230	
838.480000	-0.004614047957	
838.680000	-0.004613311732	
838.880000	-0.004612580551	
839.080000	-0.004611854407	
839.280000	-0.004611133293	
839.480000	-0.004610417201	
839.680000	-0.004609706120	
839.880000	-0.004609000039	
840.080000	-0.004608298945	
840.280000	-0.004607602824	
840.480000	-0.004606911660	
840.680000	-0.004606225438	
840.880000	-0.004605544139	
841.080000	-0.004604867746	
841.280000	-0.004604196238	
841.480000	-0.004603529596	
841.680000	-0.004602867798	
841.880000	-0.004602210822	
842.080000	-0.004601558645	
842.280000	-0.004600911242	
842.480000	-0.004600268591	
842.680000	-0.004599630664	
842.880000	-0.004598997437	
843.080000	-0.004598368883	
843.280000	-0.004597744974	
843.480000	-0.004597125684	
843.680000	-0.004596510983	
843.880000	-0.004595900842	
844.080000	-0.004595295233	
844.280000	-0.004594694125	
844.480000	-0.004594097488	
844.680000	-0.004593505291	
844.880000	-0.004592917502	
845.080000	-0.004592334092	
845.280000	-0.004591755026	
845.480000	-0.004591180273	
845.680000	-0.004590609800	
845.880000	-0.004590043574	
846.080000	-0.004589481561	
846.280000	-0.004588923728	
846.480000	-0.004588370041	
846.680000	-0.004587820464	
846.880000	-0.004587274964	
847.080000	-0.004586733506	
847.280000	-0.004586196054	
847.480000	-0.004585662574	
847.680000	-0.004585133028	
847.880000	-0.004584607382	
848.080000	-0.004584085599	
848.280000	-0.004583567643	
848.480000	-0.004583053478	
848.680000	-0.004582543066	
848.880000	-0.004582036370	
849.080000	-0.004581533354	
849.280000	-0.004581033979	
849.480000	-0.004580538209	
849.680000	-0.004580046005	
849.880000	-0.004579557329	
850.080000	-0.004579072143	
850.280000	-0.004578590408	
850.480000	-0.004578112087	
850.680000	-0.004577637139	
850.880000	-0.004577165526	
851.080000	-0.004576697209	
851.280000	-0.004576232148	
851.480000	-0.004575770302	
851.680000	-0.004575311633	
851.880000	-0.004574856099	
852.080000	-0.004574403661	
852.280000	-0.004573954277	
852.480000	-0.004573507906	
852.680000	-0.004573064507	
852.880000	-0.004572624039	
853.080000	-0.004572186458	
853.280000	-0.004571751724	
853.480000	-0.004571319792	
853.680000	-0.004570890621	
853.880000	-0.004570464166	
854.080000	-0.004570040384	
854.280000	-0.004569619231	
854.480000	-0.004569200661	
854.680000	-0.004568784631	
854.880000	-0.004568371093	
855.080000	-0.004567960002	
855.280000	-0.004567551311	
855.480000	-0.004567144972	
855.680000	-0.004566740939	
855.880000	-0.004566339161	
856.080000	-0.004565939591	
856.280000	-0.004565542177	
856.480000	-0.004565146869	
856.680000	-0.004564753616	
856.880000	-0.004564362365	
857.080000	-0.004563973063	
857.280000	-0.004563585655	
857.480000	-0.004563200085	
857.680000	-0.004562816299	
857.880000	-0.004562434237	
858.080000	-0.004562053842	
858.280000	-0.004561675053	
858.480000	-0.004561297808	
858.680000	-0.004560922046	
858.880000	-0.004560547700	
859.080000	-0.004560174706	
859.280000	-0.004559802995	
859.480000	-0.004559432499	
859.680000	-0.004559063144	
859.880000	-0.004558694859	
860.080000	-0.004558327565	
860.280000	-0.004557961187	
860.480000	-0.004557595642	
860.680000	-0.004557230847	
860.880000	-0.004556866717	
861.080000	-0.004556503161	
861.280000	-0.004556140088	
861.480000	-0.004555777400	
861.680000	-0.004555414999	
861.880000	-0.004555052781	
862.080000	-0.004554690638	
862.280000	-0.004554328457	
862.480000	-0.004553966121	
862.680000	-0.004553603508	
862.880000	-0.004553240489	
863.080000	-0.004552876931	
863.280000	-0.004552512693	
863.480000	-0.004552147627	
863.680000	-0.004551781579	
863.880000	-0.004551414385	
864.080000	-0.004551045873	
864.280000	-0.004550675863	
864.480000	-0.004550304162	
864.680000	-0.004549930568	
864.880000	-0.004549554867	
865.080000	-0.004549176831	
865.280000	-0.004548796218	
865.480000	-0.004548412770	
865.680000	-0.004548026214	
865.880000	-0.004547636257	
866.080000	-0.004547242585	
866.280000	-0.004546844864	
866.480000	-0.004546442733	
866.680000	-0.004546035806	
866.880000	-0.004545623668	
867.080000	-0.004545205867	
867.280000	-0.004544781920	
867.480000	-0.004544351299	
867.680000	-0.004543913434	
867.880000	-0.004543467702	
868.080000	-0.004543013425	
868.280000	-0.004542549860	
868.480000	-0.004542076195	
868.680000	-0.004541591534	
868.880000	-0.004541094889	
869.080000	-0.004540585169	
869.280000	-0.004540061162	
869.480000	-0.004539521516	
869.680000	-0.004538964720	
869.880000	-0.004538389079	
870.080000	-0.004537792679	
870.280000	-0.004537173354	
870.480000	-0.004536528635	
870.680000	-0.004535855697	
870.880000	-0.004535151286	
871.080000	-0.004534411627	
871.280000	-0.004533632316	
871.480000	-0.004532808165	
871.680000	-0.004531933019	
871.880000	-0.004530999494	
872.080000	-0.004529998639	
872.280000	-0.004528919466	
872.480000	-0.004527748291	
872.680000	-0.004526467787	
872.880000	-0.004525055585	
873.080000	-0.004523482139	
873.280000	-0.004521707324	
873.480000	-0.004519674755	
873.680000	-0.004517301717	
873.880000	-0.004514459855	
874.080000	-0.004510934130	
874.280000	-0.004506321861	
874.480000	-0.004499721298	
874.680000	-0.004488271947	
874.880000	-0.004441608452	
875.080000	-0.004114926001	
875.280000	-0.003033578194	
875.480000	-0.001811132718	
875.680000	-0.001735025854	
875.880000	-0.002014380538	
876.080000	-0.002450880904	
876.280000	-0.002851203395	
876.480000	-0.003100788527	
876.680000	-0.003294966042	
876.880000	-0.003494322944	
877.080000	-0.003739552580	
877.280000	-0.004038280676	
877.480000	-0.004254366221	
877.680000	-0.004391833843	
877.880000	-0.004483797174	
878.080000	-0.004541440132	
878.280000	-0.004578460705	
878.480000	-0.004603271078	
878.680000	-0.004620672892	
898.680000	-0.004663855751	
914.240000	-0.004626453438	
914.440000	-0.004626194709	
914.640000	-0.004625940955	
914.840000	-0.004625692143	
915.040000	-0.004625448243	
915.240000	-0.004625209225	
915.440000	-0.004624975055	
915.640000	-0.004624745703	
915.840000	-0.004624521138	
916.040000	-0.004624301326	
916.240000	-0.004624086238	
916.440000	-0.004623875839	
916.640000	-0.004623670100	
916.840000	-0.004623468987	
917.040000	-0.004623272468	
917.240000	-0.004623080511	
917.440000	-0.004622893084	
917.640000	-0.004622710154	
917.840000	-0.004622531689	
918.040000	-0.004622357657	
918.240000	-0.004622188024	
918.440000	-0.004622022759	
918.640000	-0.004621861828	
918.840000	-0.004621705199	
919.040000	-0.004621552838	
919.240000	-0.004621404714	
919.440000	-0.004621260794	
919.640000	-0.004621121043	
919.840000	-0.004620985431	
920.040000	-0.004620853923	
920.240000	-0.004620726486	
920.440000	-0.004620603089	
920.640000	-0.004620483696	
920.840000	-0.004620368277	
921.040000	-0.004620256797	
921.240000	-0.004620149224	
921.440000	-0.004620045524	
921.640000	-0.004619945664	
921.840000	-0.004619849612	
922.040000	-0.004619757334	
922.240000	-0.004619668797	
922.440000	-0.004619583969	
922.640000	-0.004619502816	
922.840000	-0.004619425304	
923.040000	-0.004619351402	
923.240000	-0.004619281076	
923.440000	-0.004619214293	
923.640000	-0.004619151020	
923.840000	-0.004619091225	
924.040000	-0.004619034874	
924.240000	-0.004618981935	
924.440000	-0.004618932374	
924.640000	-0.004618886159	
924.840000	-0.004618843258	
925.040000	-0.004618803637	
925.240000	-0.004618767265	
925.440000	-0.004618734107	
925.640000	-0.004618704133	
925.840000	-0.004618677309	
926.040000	-0.004618653604	
926.240000	-0.004618632984	
926.440000	-0.004618615418	
926.640000	-0.004618600874	
926.840000	-0.004618589318	
927.040000	-0.004618580721	
927.240000	-0.004618575049	
927.440000	-0.004618572270	
927.640000	-0.004618572354	
927.840000	-0.004618575268	
928.040000	-0.004618580981	
928.240000	-0.004618589461	
928.440000	-0.004618600678	
928.640000	-0.004618614599	
928.840000	-0.004618631195	
929.040000	-0.004618650433	
929.240000	-0.004618672284	
929.440000	-0.004618696716	
929.640000	-0.004618723698	
929.840000	-0.004618753201	
930.040000	-0.004618785194	
930.240000	-0.004618819647	
930.440000	-0.004618856530	
930.640000	-0.004618895813	
930.840000	-0.004618937465	
931.040000	-0.004618981459	
931.240000	-0.004619027763	
931.440000	-0.004619076349	
931.640000	-0.004619127188	
931.840000	-0.004619180251	
932.040000	-0.004619235509	
932.240000	-0.004619292933	
932.440000	-0.004619352495	
932.640000	-0.004619414166	
932.840000	-0.004619477919	
933.040000	-0.004619543725	
933.240000	-0.004619611557	
933.440000	-0.004619681388	
933.640000	-0.004619753189	
933.840000	-0.004619826934	
934.040000	-0.004619902595	
934.240000	-0.004619980147	
934.440000	-0.004620059562	
934.640000	-0.004620140813	
934.840000	-0.004620223875	
935.040000	-0.004620308722	
935.240000	-0.004620395328	
935.440000	-0.004620483667	
935.640000	-0.004620573715	
935.840000	-0.004620665444	
936.040000	-0.004620758832	
936.240000	-0.004620853853	
936.440000	-0.004620950482	
936.640000	-0.004621048695	
936.840000	-0.004621148468	
937.040000	-0.004621249778	
937.240000	-0.004621352600	
937.440000	-0.004621456911	
937.640000	-0.004621562688	
937.840000	-0.004621669908	
938.040000	-0.004621778548	
938.240000	-0.004621888586	
938.440000	-0.004621999999	
938.640000	-0.004622112765	
938.840000	-0.004622226862	
939.040000	-0.004622342269	
939.240000	-0.004622458963	
939.440000	-0.004622576925	
939.640000	-0.004622696133	
939.840000	-0.004622816566	
940.040000	-0.004622938204	
940.240000	-0.004623061027	
940.440000	-0.004623185013	
940.640000	-0.004623310145	
940.840000	-0.004623436401	
941.040000	-0.004623563763	
941.240000	-0.004623692211	
941.440000	-0.004623821727	
941.640000	-0.004623952291	
941.840000	-0.004624083886	
942.040000	-0.004624216493	
942.240000	-0.004624350094	
942.440000	-0.004624484671	
942.640000	-0.004624620207	
942.840000	-0.004624756685	
943.040000	-0.004624894086	
943.240000	-0.004625032395	
943.440000	-0.004625171594	
943.640000	-0.004625311668	
943.840000	-0.004625452599	
944.040000	-0.004625594372	
944.240000	-0.004625736971	
944.440000	-0.004625880381	
944.640000	-0.004626024585	
944.840000	-0.004626169570	
945.040000	-0.004626315319	
965.040000	-0.004642960435	
985.040000	-0.004660464172	
1005.040000	-0.004677560024	
1025.040000	-0.004694174238	
1045.040000	-0.004710317837	
1065.040000	-0.004725982473	
1085.040000	-0.004741145007	
1105.040000	-0.004755775603	
1125.040000	-0.004769842694	
1145.040000	-0.004783315866	
1165.040000	-0.004796167842	
1185.040000	-0.004808375254	
1205.040000	-0.004819919879	
1225.040000	-0.004830789196	
1245.040000	-0.004840976768	
1265.040000	-0.004850482339	
1285.040000	-0.004859311740	
1305.040000	-0.004867476620	
1325.040000	-0.004874993998	
1345.040000	-0.004881885661	
1365.040000	-0.004888177463	
1385.040000	-0.004893898550	
1405.040000	-0.004899080563	
1425.040000	-0.004903756848	
1445.040000	-0.004907961726	
1465.040000	-0.004911729814	
1485.040000	-0.004915095455	
1505.040000	-0.004918092221	
1525.040000	-0.004920752533	
1545.040000	-0.004923107357	
1565.040000	-0.004925185991	
1585.040000	-0.004927015928	
1605.040000	-0.004928622773	
1625.040000	-0.004930030224	
1645.040000	-0.004931260084	
1665.040000	-0.004932332306	
1685.040000	-0.004933265065	
1705.040000	-0.004934074847	
1725.040000	-0.004934776542	
1745.040000	-0.004935383554	
1765.040000	-0.004935907900	
1785.040000	-0.004936360323	
1805.040000	-0.004936750395	
1825.040000	-0.004937086618	
1845.040000	-0.004937376518	
1865.040000	-0.004937626740	
1885.040000	-0.004937843133	
1905.040000	-0.004938030827	
1925.040000	-0.004938194308	
1945.040000	-0.004938337489	
1965.040000	-0.004938463765	
1985.040000	-0.004938576079	
2005.040000	-0.004938676965	
2025.040000	-0.004938768599	
2045.040000	-0.004938852843	
2065.040000	-0.004938931277	
2085.040000	-0.004939005240	
2105.040000	-0.004939075855	
2125.040000	-0.004939144059	
2145.040000	-0.004939210628	
2165.040000	-0.004939276197	
2185.040000	-0.004939341278	
2205.040000	-0.004939406280	
2225.040000	-0.004939471523	
2245.040000	-0.004939537249	
2265.040000	-0.004939603636	
2285.040000	-0.004939670808	
2305.040000	-0.004939738842	
2325.040000	-0.004939807777	
2345.040000	-0.004939877622	
2365.040000	-0.004939948357	
2385.040000	-0.004940019946	
2405.040000	-0.004940092333	
2425.040000	-0.004940165450	
2445.040000	-0.004940239221	
2465.040000	-0.004940313563	
2485.040000	-0.004940388385	
