0.000000	-0.000000000000	
20.000000	-0.000266231208	
40.000000	-0.000263960833	
60.000000	-0.000262304067	
80.000000	-0.000261355657	
100.000000	-0.000260862505	
120.000000	-0.000135838781	
140.000000	-0.000160847390	
160.000000	-0.000158203059	
180.000000	-0.000145263732	
200.000000	-0.000132906104	
220.000000	-0.000127495880	
240.000000	-0.000132755776	
260.000000	-0.000150873743	
280.000000	-0.000183105883	
300.000000	-0.000230142501	
320.000000	-0.000292349770	
340.000000	-0.000375187523	
360.000000	-0.000469906353	
380.000000	-0.000578399003	
400.000000	-0.000701752139	
420.000000	-0.000840695461	
440.000000	-0.000995946048	
460.000000	-0.001168427717	
480.000000	-0.001359486128	
500.000000	-0.001571224560	
520.000000	-0.002028643662	
540.000000	-0.002589475833	
554.860000	-0.003384280298	
555.060000	-0.003425191755	
555.260000	-0.003474830731	
555.460000	-0.003537923205	
555.660000	-0.003623979511	
555.860000	-0.003756467966	
556.060000	-0.004022611620	
556.260000	-0.006078246206	
556.460000	-0.032827261213	
556.660000	-0.171228233341	
556.860000	-0.983481633880	
557.060000	-0.558397277409	
557.260000	-0.412803102102	
557.460000	-0.335984005976	
557.660000	-0.315612745456	
557.860000	-0.330849934494	
558.060000	-0.327044346910	
558.260000	-0.298143719953	
558.460000	-0.215025918804	
558.660000	-0.054734380788	
558.860000	-0.003283466290	
559.060000	-0.000533924576	
559.260000	0.000066363995	
579.260000	-0.002452675882	
588.040000	-0.003263125367	
588.240000	-0.003281849866	
588.440000	-0.003300668394	
588.640000	-0.003319590290	
588.840000	-0.003338625581	
589.040000	-0.003357785057	
589.240000	-0.003377080366	
589.440000	-0.003396524106	
589.640000	-0.003416129949	
589.840000	-0.003435912769	
590.040000	-0.003455888804	
590.240000	-0.003476075834	
590.440000	-0.003496493395	
590.640000	-0.003517163027	
590.840000	-0.003538108571	
591.040000	-0.003559356524	
591.240000	-0.003580936454	
591.440000	-0.003602881508	
591.640000	-0.003625229028	
591.840000	-0.003648021301	
592.040000	-0.003671306476	
592.240000	-0.003695139719	
592.440000	-0.003719584640	
592.640000	-0.003744715119	
592.840000	-0.003770617629	
593.040000	-0.003797394259	
593.240000	-0.003825166679	
593.440000	-0.003854081430	
593.640000	-0.003884317106	
593.840000	-0.003916094273	
594.040000	-0.003949689489	
594.240000	-0.003985455587	
594.440000	-0.004023851881	
594.640000	-0.004065490639	
594.840000	-0.004111211457	
595.040000	-0.004162205992	
595.240000	-0.004220239693	
595.440000	-0.004288075880	
595.640000	-0.004370368644	
595.840000	-0.004475808779	
596.040000	-0.004623402204	
596.240000	-0.004868148355	
596.440000	-0.005535088695	
596.640000	-0.019935140943	
596.840000	-0.106192587835	
597.040000	-1.061413403681	
597.240000	-0.582198181281	
597.440000	-0.411932047326	
597.640000	-0.332794563234	
597.840000	-0.289606945241	
598.040000	-0.307852570661	
598.240000	-0.309980749710	
598.440000	-0.290783656901	
598.640000	-0.234427264019	
598.840000	-0.107991259177	
599.040000	-0.009357532567	
599.240000	-0.001496762941	
599.440000	-0.000287884237	
599.640000	0.000070587906	
619.160000	-0.003043191214	
619.360000	-0.003069434616	
619.560000	-0.003095637673	
619.760000	-0.003121804602	
619.960000	-0.003147939787	
620.160000	-0.003174047787	
620.360000	-0.003200133353	
620.560000	-0.003226201442	
620.760000	-0.003252257226	
620.960000	-0.003278306114	
621.160000	-0.003304353771	
621.360000	-0.003330406131	
621.560000	-0.003356469425	
621.760000	-0.003382550204	
621.960000	-0.003408655363	
622.160000	-0.003434792172	
622.360000	-0.003460968308	
622.560000	-0.003487191893	
622.760000	-0.003513471531	
622.960000	-0.003539816356	
623.160000	-0.003566236083	
623.360000	-0.003592741061	
623.560000	-0.003619342339	
623.760000	-0.003646051739	
623.960000	-0.003672881938	
624.160000	-0.003699846556	
624.360000	-0.003726960267	
624.560000	-0.003754238916	
624.760000	-0.003781699659	
624.960000	-0.003809361122	
625.160000	-0.003837243585	
625.360000	-0.003865369197	
625.560000	-0.003893762222	
625.760000	-0.003922449334	
625.960000	-0.003951459963	
626.160000	-0.003980826698	
626.360000	-0.004010585777	
626.560000	-0.004040777664	
626.760000	-0.004071447754	
626.960000	-0.004102647225	
627.160000	-0.004134434081	
627.360000	-0.004166874436	
627.560000	-0.004200044124	
627.760000	-0.004234030711	
627.960000	-0.004268936056	
628.160000	-0.004304879612	
628.360000	-0.004342002710	
628.560000	-0.004380474235	
628.760000	-0.004420498231	
628.960000	-0.004462324300	
629.160000	-0.004506262089	
629.360000	-0.004552701957	
629.560000	-0.004602145222	
629.760000	-0.004655249801	
629.960000	-0.004712901599	
630.160000	-0.004776331017	
630.360000	-0.004847313288	
630.560000	-0.004928535997	
630.760000	-0.005024331979	
630.960000	-0.005142313742	
631.160000	-0.005297648286	
631.360000	-0.005527428153	
631.560000	-0.005969040975	
631.760000	-0.009356828664	
631.960000	-0.055359380269	
632.160000	-0.515997898815	
632.360000	-0.669297353628	
632.560000	-0.434929966160	
632.760000	-0.341442265175	
632.960000	-0.284819207052	
633.160000	-0.288753317547	
633.360000	-0.298491871488	
633.560000	-0.288084088812	
633.760000	-0.250175270259	
633.960000	-0.160143822973	
634.160000	-0.032538439723	
634.360000	-0.003421959556	
634.560000	-0.000877117644	
634.760000	-0.000160878729	
634.960000	0.000064930362	
635.160000	0.000125195710	
650.340000	-0.002824810276	
650.540000	-0.002857490929	
650.740000	-0.002890094417	
650.940000	-0.002922623638	
651.140000	-0.002955081601	
651.340000	-0.002987471434	
651.540000	-0.003019796384	
651.740000	-0.003052059835	
651.940000	-0.003084265305	
652.140000	-0.003116416456	
652.340000	-0.003148517108	
652.540000	-0.003180571243	
652.740000	-0.003212583016	
652.940000	-0.003244556764	
653.140000	-0.003276497022	
653.340000	-0.003308408532	
653.540000	-0.003340296257	
653.740000	-0.003372165395	
653.940000	-0.003404021400	
654.140000	-0.003435869993	
654.340000	-0.003467717184	
654.540000	-0.003499569293	
654.740000	-0.003531432974	
654.940000	-0.003563315239	
655.140000	-0.003595223486	
655.340000	-0.003627165528	
655.540000	-0.003659149634	
655.740000	-0.003691184557	
655.940000	-0.003723279581	
656.140000	-0.003755444569	
656.340000	-0.003787690012	
656.540000	-0.003820027086	
656.740000	-0.003852467721	
656.940000	-0.003885024670	
657.140000	-0.003917711593	
657.340000	-0.003950543152	
657.540000	-0.003983535110	
657.740000	-0.004016704458	
657.940000	-0.004050069544	
658.140000	-0.004083650236	
658.340000	-0.004117468098	
658.540000	-0.004151546594	
658.740000	-0.004185911332	
658.940000	-0.004220590340	
659.140000	-0.004255614387	
659.340000	-0.004291017372	
659.540000	-0.004326836767	
659.740000	-0.004363114152	
659.940000	-0.004399895853	
660.140000	-0.004437233704	
660.340000	-0.004475185973	
660.540000	-0.004513818483	
660.740000	-0.004553205999	
660.940000	-0.004593433931	
661.140000	-0.004634600474	
661.340000	-0.004676819303	
661.540000	-0.004720223012	
661.740000	-0.004764967557	
661.940000	-0.004811238078	
662.140000	-0.004859256627	
662.340000	-0.004909292613	
662.540000	-0.004961677190	
662.740000	-0.005016823477	
662.940000	-0.005075255695	
663.140000	-0.005137652347	
663.340000	-0.005204912315	
663.540000	-0.005278260059	
663.740000	-0.005359421068	
663.940000	-0.005450931792	
664.140000	-0.005556728494	
664.340000	-0.005683378018	
664.540000	-0.005843011447	
664.740000	-0.006061825157	
664.940000	-0.006414427407	
665.140000	-0.007330281104	
665.340000	-0.026222634091	
665.540000	-0.174921000350	
665.740000	-0.873713237438	
665.940000	-0.487811134448	
666.140000	-0.359388792956	
666.340000	-0.296624890196	
666.540000	-0.269116334149	
666.740000	-0.287223866377	
666.940000	-0.285597518111	
667.140000	-0.261207667491	
667.340000	-0.199230474933	
667.540000	-0.082017905570	
667.740000	-0.008736325495	
667.940000	-0.001874703390	
668.140000	-0.000527799989	
668.340000	-0.000084610969	
668.540000	0.000056740165	
668.740000	0.000087712411	
682.000000	-0.002676231707	
682.200000	-0.002712766021	
682.400000	-0.002749223880	
682.600000	-0.002785607157	
682.800000	-0.002821917829	
683.000000	-0.002858157968	
683.200000	-0.002894329756	
683.400000	-0.002930435486	
683.600000	-0.002966477558	
683.800000	-0.003002458503	
684.000000	-0.003038380965	
684.200000	-0.003074247728	
684.400000	-0.003110061709	
684.600000	-0.003145825969	
684.800000	-0.003181543724	
685.000000	-0.003217218345	
685.200000	-0.003252853371	
685.400000	-0.003288452519	
685.600000	-0.003324019693	
685.800000	-0.003359558992	
686.000000	-0.003395074726	
686.200000	-0.003430571423	
686.400000	-0.003466053847	
686.600000	-0.003501527011	
686.800000	-0.003536996190	
687.000000	-0.003572466943	
687.200000	-0.003607945125	
687.400000	-0.003643436918	
687.600000	-0.003678948839	
687.800000	-0.003714487779	
688.000000	-0.003750061015	
688.200000	-0.003785676253	
688.400000	-0.003821341650	
688.600000	-0.003857065856	
688.800000	-0.003892858048	
689.000000	-0.003928727977	
689.200000	-0.003964686017	
689.400000	-0.004000743214	
689.600000	-0.004036911350	
689.800000	-0.004073203006	
690.000000	-0.004109631639	
690.200000	-0.004146211667	
690.400000	-0.004182958560	
690.600000	-0.004219888948	
690.800000	-0.004257020739	
691.000000	-0.004294373260	
691.200000	-0.004331967409	
691.400000	-0.004369825834	
691.600000	-0.004407973138	
691.800000	-0.004446436110	
692.000000	-0.004485244003	
692.200000	-0.004524428843	
692.400000	-0.004564025799	
692.600000	-0.004604073616	
692.800000	-0.004644615117	
693.000000	-0.004685697808	
693.200000	-0.004727374592	
693.400000	-0.004769704624	
693.600000	-0.004812754347	
693.800000	-0.004856598748	
694.000000	-0.004901322893	
694.200000	-0.004947023828	
694.400000	-0.004993812945	
694.600000	-0.005041818952	
694.800000	-0.005091191665	
695.000000	-0.005142106874	
695.200000	-0.005194772692	
695.400000	-0.005249437965	
695.600000	-0.005306403561	
695.800000	-0.005366037846	
696.000000	-0.005428798306	
696.200000	-0.005495262491	
696.400000	-0.005566173516	
696.600000	-0.005642509100	
696.800000	-0.005725590323	
697.000000	-0.005817260795	
697.200000	-0.005920198488	
697.400000	-0.006038497334	
697.600000	-0.006178853900	
697.800000	-0.006353304046	
698.000000	-0.006586769195	
698.200000	-0.006944972525	
698.400000	-0.007728674402	
698.600000	-0.020078656720	
698.800000	-0.134556378511	
699.000000	-0.954854489678	
699.200000	-0.498472975042	
699.400000	-0.357910038581	
699.600000	-0.294435567577	
699.800000	-0.258572957997	
700.000000	-0.277887975471	
700.200000	-0.278970133836	
700.400000	-0.257648081078	
700.600000	-0.202375413258	
700.800000	-0.095845531890	
701.000000	-0.012550407723	
701.200000	-0.002491712298	
701.400000	-0.000770479119	
701.600000	-0.000193341862	
701.800000	0.000000312023	
702.000000	0.000055303216	
702.200000	0.000051442470	
714.860000	-0.002623211836	
715.060000	-0.002661073931	
715.260000	-0.002698871841	
715.460000	-0.002736606582	
715.660000	-0.002774279264	
715.860000	-0.002811891084	
716.060000	-0.002849443333	
716.260000	-0.002886937403	
716.460000	-0.002924374783	
716.660000	-0.002961757065	
716.860000	-0.002999085952	
717.060000	-0.003036363251	
717.260000	-0.003073590893	
717.460000	-0.003110770918	
717.660000	-0.003147905502	
717.860000	-0.003184996943	
718.060000	-0.003222047680	
718.260000	-0.003259060291	
718.460000	-0.003296037503	
718.660000	-0.003332982200	
718.860000	-0.003369897426	
719.060000	-0.003406786399	
719.260000	-0.003443652515	
719.460000	-0.003480499361	
719.660000	-0.003517330722	
719.860000	-0.003554150591	
720.060000	-0.003590963185	
720.260000	-0.003627772956	
720.460000	-0.003664584600	
720.660000	-0.003701403078	
720.860000	-0.003738233629	
721.060000	-0.003775081787	
721.260000	-0.003811953399	
721.460000	-0.003848854649	
721.660000	-0.003885792076	
721.860000	-0.003922772603	
722.060000	-0.003959803557	
722.260000	-0.003996892708	
722.460000	-0.004034048288	
722.660000	-0.004071279040	
722.860000	-0.004108594246	
723.060000	-0.004146003777	
723.260000	-0.004183518136	
723.460000	-0.004221148513	
723.660000	-0.004258906841	
723.860000	-0.004296805866	
724.060000	-0.004334859211	
724.260000	-0.004373081466	
724.460000	-0.004411488273	
724.660000	-0.004450096429	
724.860000	-0.004488924004	
725.060000	-0.004527990467	
725.260000	-0.004567316838	
725.460000	-0.004606925848	
725.660000	-0.004646842139	
725.860000	-0.004687092477	
726.060000	-0.004727706008	
726.260000	-0.004768714543	
726.460000	-0.004810152898	
726.660000	-0.004852059283	
726.860000	-0.004894475760	
727.060000	-0.004937448780	
727.260000	-0.004981029816	
727.460000	-0.005025276114	
727.660000	-0.005070251595	
727.860000	-0.005116027929	
728.060000	-0.005162685850	
728.260000	-0.005210316743	
728.460000	-0.005259024605	
728.660000	-0.005308928473	
728.860000	-0.005360165464	
729.060000	-0.005412894617	
729.260000	-0.005467301810	
729.460000	-0.005523606121	
729.660000	-0.005582068189	
729.860000	-0.005643001348	
730.060000	-0.005706786745	
730.260000	-0.005773894226	
730.460000	-0.005844911881	
730.660000	-0.005920588867	
730.860000	-0.006001899355	
731.060000	-0.006090141352	
731.260000	-0.006187095831	
731.460000	-0.006295296101	
731.660000	-0.006418512955	
731.860000	-0.006562700711	
732.060000	-0.006738047863	
732.260000	-0.006964137938	
732.460000	-0.007286310820	
732.660000	-0.007855110201	
732.860000	-0.010435042231	
733.060000	-0.062297424651	
733.260000	-0.715421150160	
733.460000	-0.590852464504	
733.660000	-0.385713155581	
733.860000	-0.306863551099	
734.060000	-0.259756178541	
734.260000	-0.264822048331	
734.460000	-0.274600224899	
734.660000	-0.262238546004	
734.860000	-0.221905795878	
735.060000	-0.136604554198	
735.260000	-0.030587729158	
735.460000	-0.004359573534	
735.660000	-0.001341162525	
735.860000	-0.000411183554	
736.060000	-0.000089094088	
736.260000	0.000018933169	
736.460000	0.000041446984	
736.660000	0.000024337064	
749.940000	-0.002670122728	
750.140000	-0.002707010379	
750.340000	-0.002743840160	
750.540000	-0.002780612410	
750.740000	-0.002817327535	
750.940000	-0.002853986021	
751.140000	-0.002890588426	
751.340000	-0.002927135388	
751.540000	-0.002963627624	
751.740000	-0.003000065936	
751.940000	-0.003036451207	
752.140000	-0.003072784410	
752.340000	-0.003109066609	
752.540000	-0.003145298961	
752.740000	-0.003181482721	
752.940000	-0.003217619239	
753.140000	-0.003253709978	
753.340000	-0.003289756502	
753.540000	-0.003325760486	
753.740000	-0.003361723729	
753.940000	-0.003397648143	
754.140000	-0.003433535770	
754.340000	-0.003469388781	
754.540000	-0.003505209486	
754.740000	-0.003541000335	
754.940000	-0.003576763927	
755.140000	-0.003612503019	
755.340000	-0.003648220527	
755.540000	-0.003683919540	
755.740000	-0.003719603325	
755.940000	-0.003755275334	
756.140000	-0.003790939219	
756.340000	-0.003826598836	
756.540000	-0.003862258261	
756.740000	-0.003897921799	
756.940000	-0.003933593996	
757.140000	-0.003969279656	
757.340000	-0.004004983852	
757.540000	-0.004040711946	
757.740000	-0.004076469604	
757.940000	-0.004112262814	
758.140000	-0.004148097912	
758.340000	-0.004183981595	
758.540000	-0.004219920958	
758.740000	-0.004255923510	
758.940000	-0.004291997210	
759.140000	-0.004328150496	
759.340000	-0.004364392323	
759.540000	-0.004400732199	
759.740000	-0.004437180231	
759.940000	-0.004473747171	
760.140000	-0.004510444470	
760.340000	-0.004547284334	
760.540000	-0.004584279790	
760.740000	-0.004621444758	
760.940000	-0.004658794133	
761.140000	-0.004696343872	
761.340000	-0.004734111097	
761.540000	-0.004772114207	
761.740000	-0.004810373007	
761.940000	-0.004848908854	
762.140000	-0.004887744814	
762.340000	-0.004926905857	
762.540000	-0.004966419064	
762.740000	-0.005006313869	
762.940000	-0.005046622344	
763.140000	-0.005087379515	
763.340000	-0.005128623740	
763.540000	-0.005170397139	
763.740000	-0.005212746103	
763.940000	-0.005255721891	
764.140000	-0.005299381329	
764.340000	-0.005343787647	
764.540000	-0.005389011473	
764.740000	-0.005435132030	
764.940000	-0.005482238582	
765.140000	-0.005530432200	
765.340000	-0.005579827925	
765.540000	-0.005630557455	
765.740000	-0.005682772499	
765.940000	-0.005736649018	
766.140000	-0.005792392649	
766.340000	-0.005850245709	
766.540000	-0.005910496396	
766.740000	-0.005973491029	
766.940000	-0.006039650637	
767.140000	-0.006109493862	
767.340000	-0.006183669283	
767.540000	-0.006263002207	
767.740000	-0.006348564391	
767.940000	-0.006441781558	
768.140000	-0.006544606102	
768.340000	-0.006659808598	
768.540000	-0.006791501142	
768.740000	-0.006946153909	
768.940000	-0.007134788377	
769.140000	-0.007378463978	
769.340000	-0.007725526804	
769.540000	-0.008334158254	
769.740000	-0.010960208091	
769.940000	-0.066877722778	
770.140000	-0.817774702539	
770.340000	-0.564629563357	
770.540000	-0.370875023560	
770.740000	-0.296901368369	
770.940000	-0.252836416416	
771.140000	-0.258833262006	
771.340000	-0.268404652838	
771.540000	-0.254972690178	
771.740000	-0.212822395668	
771.940000	-0.126470929713	
772.140000	-0.027066164991	
772.340000	-0.004280284505	
772.540000	-0.001382955340	
772.740000	-0.000444936112	
772.940000	-0.000112067482	
773.140000	0.000004489131	
773.340000	0.000033952893	
773.540000	0.000022947976	
773.740000	-0.000008617781	
788.860000	-0.002800043721	
789.060000	-0.002833536323	
789.260000	-0.002866959295	
789.460000	-0.002900312371	
789.660000	-0.002933595328	
789.860000	-0.002966808000	
790.060000	-0.002999950271	
790.260000	-0.003033022077	
790.460000	-0.003066023408	
790.660000	-0.003098954314	
790.860000	-0.003131814895	
791.060000	-0.003164605316	
791.260000	-0.003197325800	
791.460000	-0.003229976629	
791.660000	-0.003262558149	
791.860000	-0.003295070771	
792.060000	-0.003327514970	
792.260000	-0.003359891290	
792.460000	-0.003392200343	
792.660000	-0.003424442812	
792.860000	-0.003456619453	
793.060000	-0.003488731095	
793.260000	-0.003520778646	
793.460000	-0.003552763090	
793.660000	-0.003584685492	
793.860000	-0.003616547002	
794.060000	-0.003648348853	
794.260000	-0.003680092368	
794.460000	-0.003711778958	
794.660000	-0.003743410129	
794.860000	-0.003774987485	
795.060000	-0.003806512725	
795.260000	-0.003837987655	
795.460000	-0.003869414186	
795.660000	-0.003900794339	
795.860000	-0.003932130250	
796.060000	-0.003963424174	
796.260000	-0.003994678488	
796.460000	-0.004025895698	
796.660000	-0.004057078444	
796.860000	-0.004088229504	
797.060000	-0.004119351804	
797.260000	-0.004150448418	
797.460000	-0.004181522581	
797.660000	-0.004212577695	
797.860000	-0.004243617334	
798.060000	-0.004274645257	
798.260000	-0.004305665415	
798.460000	-0.004336681960	
798.660000	-0.004367699260	
798.860000	-0.004398721907	
799.060000	-0.004429754730	
799.260000	-0.004460802811	
799.460000	-0.004491871499	
799.660000	-0.004522966423	
799.860000	-0.004554093517	
800.060000	-0.004585259032	
800.260000	-0.004616469559	
800.460000	-0.004647732055	
800.660000	-0.004679053863	
800.860000	-0.004710442742	
801.060000	-0.004741906896	
801.260000	-0.004773455007	
801.460000	-0.004805096272	
801.660000	-0.004836840438	
801.860000	-0.004868697851	
802.060000	-0.004900679499	
802.260000	-0.004932797070	
802.460000	-0.004965063006	
802.660000	-0.004997490570	
802.860000	-0.005030093921	
803.060000	-0.005062888189	
803.260000	-0.005095889570	
803.460000	-0.005129115425	
803.660000	-0.005162584397	
803.860000	-0.005196316530	
804.060000	-0.005230333424	
804.260000	-0.005264658390	
804.460000	-0.005299316638	
804.660000	-0.005334335489	
804.860000	-0.005369744614	
805.060000	-0.005405576310	
805.260000	-0.005441865819	
805.460000	-0.005478651697	
805.660000	-0.005515976235	
805.860000	-0.005553885960	
806.060000	-0.005592432215	
806.260000	-0.005631671841	
806.460000	-0.005671667990	
806.660000	-0.005712491081	
806.860000	-0.005754219957	
807.060000	-0.005796943267	
807.260000	-0.005840761151	
807.460000	-0.005885787290	
807.660000	-0.005932151443	
807.860000	-0.005980002589	
808.060000	-0.006029512876	
808.260000	-0.006080882629	
808.460000	-0.006134346771	
808.660000	-0.006190183169	
808.860000	-0.006248723634	
809.060000	-0.006310368640	
809.260000	-0.006375607397	
809.460000	-0.006445045738	
809.660000	-0.006519445803	
809.860000	-0.006599783989	
810.060000	-0.006687338217	
810.260000	-0.006783824198	
810.460000	-0.006891617686	
810.660000	-0.007014136773	
810.860000	-0.007156544944	
811.060000	-0.007327161046	
811.260000	-0.007540639496	
811.460000	-0.007826474858	
811.660000	-0.008258969596	
811.860000	-0.009143903587	
812.060000	-0.020297953977	
812.260000	-0.159378631403	
812.460000	-0.856636909818	
812.660000	-0.453143954910	
812.860000	-0.327233996810	
813.060000	-0.272699750401	
813.260000	-0.239933529842	
813.460000	-0.260341723589	
813.660000	-0.261128058787	
813.860000	-0.237163463407	
814.060000	-0.178327860626	
814.260000	-0.076367296272	
814.460000	-0.010849236213	
814.660000	-0.002630393042	
814.860000	-0.000879262996	
815.060000	-0.000267035160	
815.260000	-0.000046759055	
815.460000	0.000029698360	
815.660000	0.000044339565	
815.860000	0.000029033353	
835.280000	-0.002983711335	
835.480000	-0.003010390461	
835.680000	-0.003036961449	
835.880000	-0.003063423558	
836.080000	-0.003089776072	
836.280000	-0.003116018308	
836.480000	-0.003142149611	
836.680000	-0.003168169354	
836.880000	-0.003194076941	
837.080000	-0.003219871802	
837.280000	-0.003245553398	
837.480000	-0.003271121217	
837.680000	-0.003296574777	
837.880000	-0.003321913624	
838.080000	-0.003347137330	
838.280000	-0.003372245499	
838.480000	-0.003397237758	
838.680000	-0.003422113764	
838.880000	-0.003446873202	
839.080000	-0.003471515782	
839.280000	-0.003496041243	
839.480000	-0.003520449349	
839.680000	-0.003544739891	
839.880000	-0.003568912685	
840.080000	-0.003592967574	
840.280000	-0.003616904426	
840.480000	-0.003640723135	
840.680000	-0.003664423618	
840.880000	-0.003688005818	
841.080000	-0.003711469704	
841.280000	-0.003734815266	
841.480000	-0.003758042519	
841.680000	-0.003781151503	
841.880000	-0.003804142280	
842.080000	-0.003827014934	
842.280000	-0.003849769573	
842.480000	-0.003872406328	
842.680000	-0.003894925350	
842.880000	-0.003917326815	
843.080000	-0.003939610918	
843.280000	-0.003961777876	
843.480000	-0.003983827928	
843.680000	-0.004005761333	
843.880000	-0.004027578370	
844.080000	-0.004049279340	
844.280000	-0.004070864564	
844.480000	-0.004092334380	
844.680000	-0.004113689149	
844.880000	-0.004134929251	
845.080000	-0.004156055083	
845.280000	-0.004177067064	
845.480000	-0.004197965630	
845.680000	-0.004218751237	
845.880000	-0.004239424358	
846.080000	-0.004259985484	
846.280000	-0.004280435128	
846.480000	-0.004300773816	
846.680000	-0.004321002096	
846.880000	-0.004341120532	
847.080000	-0.004361129705	
847.280000	-0.004381030216	
847.480000	-0.004400822682	
847.680000	-0.004420507738	
847.880000	-0.004440086035	
848.080000	-0.004459558244	
848.280000	-0.004478925052	
848.480000	-0.004498187163	
848.680000	-0.004517345299	
848.880000	-0.004536400201	
849.080000	-0.004555352624	
849.280000	-0.004574203343	
849.480000	-0.004592953152	
849.680000	-0.004611602859	
849.880000	-0.004630153293	
850.080000	-0.004648605300	
850.280000	-0.004666959743	
850.480000	-0.004685217507	
850.680000	-0.004703379491	
850.880000	-0.004721446617	
851.080000	-0.004739419823	
851.280000	-0.004757300069	
851.480000	-0.004775088333	
851.680000	-0.004792785614	
851.880000	-0.004810392931	
852.080000	-0.004827911325	
852.280000	-0.004845341857	
852.480000	-0.004862685611	
852.680000	-0.004879943694	
852.880000	-0.004897117234	
853.080000	-0.004914207385	
853.280000	-0.004931215323	
853.480000	-0.004948142252	
853.680000	-0.004964989398	
853.880000	-0.004981758018	
854.080000	-0.004998449393	
854.280000	-0.005015064833	
854.480000	-0.005031605681	
854.680000	-0.005048073304	
854.880000	-0.005064469108	
855.080000	-0.005080794526	
855.280000	-0.005097051027	
855.480000	-0.005113240117	
855.680000	-0.005129363338	
855.880000	-0.005145422270	
856.080000	-0.005161418533	
856.280000	-0.005177353790	
856.480000	-0.005193229747	
856.680000	-0.005209048156	
856.880000	-0.005224810818	
857.080000	-0.005240519583	
857.280000	-0.005256176355	
857.480000	-0.005271783090	
857.680000	-0.005287341807	
857.880000	-0.005302854582	
858.080000	-0.005318323556	
858.280000	-0.005333750940	
858.480000	-0.005349139012	
858.680000	-0.005364490127	
858.880000	-0.005379806720	
859.080000	-0.005395091308	
859.280000	-0.005410346495	
859.480000	-0.005425574981	
859.680000	-0.005440779561	
859.880000	-0.005455963137	
860.080000	-0.005471128720	
860.280000	-0.005486279439	
860.480000	-0.005501418545	
860.680000	-0.005516549424	
860.880000	-0.005531675601	
861.080000	-0.005546800749	
861.280000	-0.005561928701	
861.480000	-0.005577063459	
861.680000	-0.005592209205	
861.880000	-0.005607370315	
862.080000	-0.005622551368	
862.280000	-0.005637757166	
862.480000	-0.005652992745	
862.680000	-0.005668263393	
862.880000	-0.005683574671	
863.080000	-0.005698932428	
863.280000	-0.005714342828	
863.480000	-0.005729812369	
863.680000	-0.005745347912	
863.880000	-0.005760956710	
864.080000	-0.005776646437	
864.280000	-0.005792425224	
864.480000	-0.005808301697	
864.680000	-0.005824285015	
864.880000	-0.005840384922	
865.080000	-0.005856611795	
865.280000	-0.005872976698	
865.480000	-0.005889491449	
865.680000	-0.005906168689	
865.880000	-0.005923021955	
866.080000	-0.005940065775	
866.280000	-0.005957315759	
866.480000	-0.005974788710	
866.680000	-0.005992502752	
866.880000	-0.006010477462	
867.080000	-0.006028734031	
867.280000	-0.006047295447	
867.480000	-0.006066186691	
867.680000	-0.006085434977	
867.880000	-0.006105070017	
868.080000	-0.006125124327	
868.280000	-0.006145633587	
868.480000	-0.006166637049	
868.680000	-0.006188178020	
868.880000	-0.006210304425	
869.080000	-0.006233069468	
869.280000	-0.006256532413	
869.480000	-0.006280759516	
869.680000	-0.006305825134	
869.880000	-0.006331813064	
870.080000	-0.006358818160	
870.280000	-0.006386948314	
870.480000	-0.006416326881	
870.680000	-0.006447095698	
870.880000	-0.006479418853	
871.080000	-0.006513487461	
871.280000	-0.006549525768	
871.480000	-0.006587799046	
871.680000	-0.006628623967	
871.880000	-0.006672382411	
872.080000	-0.006719540183	
872.280000	-0.006770672859	
872.480000	-0.006826502272	
872.680000	-0.006887949310	
872.880000	-0.006956212568	
873.080000	-0.007032889587	
873.280000	-0.007120171475	
873.480000	-0.007221171172	
873.680000	-0.007340512245	
873.880000	-0.007485471562	
874.080000	-0.007668442591	
874.280000	-0.007913095418	
874.480000	-0.008273762178	
874.680000	-0.008928785784	
874.880000	-0.011959325647	
875.080000	-0.077472273977	
875.280000	-0.980215323020	
875.480000	-0.522609079417	
875.680000	-0.345649402171	
875.880000	-0.279483165502	
876.080000	-0.240944073743	
876.280000	-0.247721357329	
876.480000	-0.257308731758	
876.680000	-0.241614037089	
876.880000	-0.194677905402	
877.080000	-0.103475435305	
877.280000	-0.018500880389	
877.480000	-0.003497555400	
877.680000	-0.001090612806	
877.880000	-0.000319308781	
878.080000	-0.000046498293	
878.280000	0.000054250720	
878.480000	0.000084161946	
878.680000	0.000080876584	
898.680000	-0.002179205062	
914.240000	-0.003209850767	
914.440000	-0.003217505271	
914.640000	-0.003225022426	
914.840000	-0.003232402751	
915.040000	-0.003239646781	
915.240000	-0.003246755062	
915.440000	-0.003253728156	
915.640000	-0.003260566635	
915.840000	-0.003267271086	
916.040000	-0.003273842109	
916.240000	-0.003280280316	
916.440000	-0.003286586331	
916.640000	-0.003292760790	
916.840000	-0.003298804342	
917.040000	-0.003304717647	
917.240000	-0.003310501377	
917.440000	-0.003316156214	
917.640000	-0.003321682852	
917.840000	-0.003327081998	
918.040000	-0.003332354365	
918.240000	-0.003337500682	
918.440000	-0.003342521683	
918.640000	-0.003347418117	
918.840000	-0.003352190740	
919.040000	-0.003356840317	
919.240000	-0.003361367626	
919.440000	-0.003365773450	
919.640000	-0.003370058584	
919.840000	-0.003374223831	
920.040000	-0.003378270003	
920.240000	-0.003382197919	
920.440000	-0.003386008408	
920.640000	-0.003389702306	
920.840000	-0.003393280456	
921.040000	-0.003396743711	
921.240000	-0.003400092929	
921.440000	-0.003403328976	
921.640000	-0.003406452724	
921.840000	-0.003409465053	
922.040000	-0.003412366849	
922.240000	-0.003415159003	
922.440000	-0.003417842414	
922.640000	-0.003420417986	
922.840000	-0.003422886626	
923.040000	-0.003425249251	
923.240000	-0.003427506779	
923.440000	-0.003429660134	
923.640000	-0.003431710246	
923.840000	-0.003433658047	
924.040000	-0.003435504475	
924.240000	-0.003437250471	
924.440000	-0.003438896980	
924.640000	-0.003440444950	
924.840000	-0.003441895332	
925.040000	-0.003443249082	
925.240000	-0.003444507155	
925.440000	-0.003445670512	
925.640000	-0.003446740115	
925.840000	-0.003447716926	
926.040000	-0.003448601912	
926.240000	-0.003449396040	
926.440000	-0.003450100279	
926.640000	-0.003450715597	
926.840000	-0.003451242966	
927.040000	-0.003451683357	
927.240000	-0.003452037740	
927.440000	-0.003452307089	
927.640000	-0.003452492373	
927.840000	-0.003452594566	
928.040000	-0.003452614637	
928.240000	-0.003452553558	
928.440000	-0.003452412297	
928.640000	-0.003452191822	
928.840000	-0.003451893102	
929.040000	-0.003451517100	
929.240000	-0.003451064780	
929.440000	-0.003450537105	
929.640000	-0.003449935034	
929.840000	-0.003449259524	
930.040000	-0.003448511529	
930.240000	-0.003447692002	
930.440000	-0.003446801891	
930.640000	-0.003445842143	
930.840000	-0.003444813699	
931.040000	-0.003443717499	
931.240000	-0.003442554479	
931.440000	-0.003441325569	
931.640000	-0.003440031698	
931.840000	-0.003438673788	
932.040000	-0.003437252760	
932.240000	-0.003435769526	
932.440000	-0.003434224997	
932.640000	-0.003432620079	
932.840000	-0.003430955670	
933.040000	-0.003429232667	
933.240000	-0.003427451959	
933.440000	-0.003425614429	
933.640000	-0.003423720958	
933.840000	-0.003421772418	
934.040000	-0.003419769675	
934.240000	-0.003417713593	
934.440000	-0.003415605026	
934.640000	-0.003413444823	
934.840000	-0.003411233828	
935.040000	-0.003408972877	
935.240000	-0.003406662800	
935.440000	-0.003404304421	
935.640000	-0.003401898557	
935.840000	-0.003399446019	
936.040000	-0.003396947609	
936.240000	-0.003394404124	
936.440000	-0.003391816353	
936.640000	-0.003389185080	
936.840000	-0.003386511079	
937.040000	-0.003383795119	
937.240000	-0.003381037960	
937.440000	-0.003378240356	
937.640000	-0.003375403054	
937.840000	-0.003372526791	
938.040000	-0.003369612300	
938.240000	-0.003366660303	
938.440000	-0.003363671518	
938.640000	-0.003360646653	
938.840000	-0.003357586408	
939.040000	-0.003354491478	
939.240000	-0.003351362547	
939.440000	-0.003348200295	
939.640000	-0.003345005390	
939.840000	-0.003341778497	
940.040000	-0.003338520269	
940.240000	-0.003335231353	
940.440000	-0.003331912390	
940.640000	-0.003328564010	
940.840000	-0.003325186837	
941.040000	-0.003321781487	
941.240000	-0.003318348569	
941.440000	-0.003314888684	
941.640000	-0.003311402423	
941.840000	-0.003307890372	
942.040000	-0.003304353109	
942.240000	-0.003300791203	
942.440000	-0.003297205217	
942.640000	-0.003293595705	
942.840000	-0.003289963213	
943.040000	-0.003286308282	
943.240000	-0.003282631442	
943.440000	-0.003278933219	
943.640000	-0.003275214129	
943.840000	-0.003271474681	
944.040000	-0.003267715378	
944.240000	-0.003263936714	
944.440000	-0.003260139177	
944.640000	-0.003256323246	
944.840000	-0.003252489395	
945.040000	-0.003248638089	
965.040000	-0.002829302711	
985.040000	-0.002432409937	
1005.040000	-0.002085106318	
1025.040000	-0.001782357921	
1045.040000	-0.001518116694	
1065.040000	-0.001287490944	
1085.040000	-0.001086415917	
1105.040000	-0.000911385278	
1125.040000	-0.000759309878	
1145.040000	-0.000627442334	
1165.040000	-0.000513329725	
1185.040000	-0.000414785880	
1205.040000	-0.000329862117	
1225.040000	-0.000256825909	
1245.040000	-0.000194141140	
1265.040000	-0.000140450198	
1285.040000	-0.000094557147	
1305.040000	-0.000055411761	
1325.040000	-0.000022094726	
1345.040000	0.000006196143	
1365.040000	0.000030158681	
1385.040000	0.000050398164	
1405.040000	0.000067438134	
1425.040000	0.000081730297	
1445.040000	0.000093663512	
1465.040000	0.000103571900	
1485.040000	0.000111742109	
1505.040000	0.000118419791	
1525.040000	0.000123815306	
1545.040000	0.000128108746	
1565.040000	0.000131454299	
1585.040000	0.000133984040	
1605.040000	0.000135811185	
1625.040000	0.000137032891	
1645.040000	0.000137732638	
1665.040000	0.000137982254	
1685.040000	0.000137843636	
1705.040000	0.000137370205	
1725.040000	0.000136608132	
1745.040000	0.000135597382	
1765.040000	0.000134372590	
1785.040000	0.000132963801	
1805.040000	0.000131397108	
1825.040000	0.000129695182	
1845.040000	0.000127877727	
1865.040000	0.000125961878	
1885.040000	0.000123962528	
1905.040000	0.000121892619	
1925.040000	0.000119763392	
1945.040000	0.000117584598	
1965.040000	0.000115364693	
1985.040000	0.000113110993	
2005.040000	0.000110829823	
2025.040000	0.000108526636	
2045.040000	0.000106206130	
2065.040000	0.000103872338	
2085.040000	0.000101528716	
2105.040000	0.000099178217	
2125.040000	0.000096823354	
2145.040000	0.000094466263	
2165.040000	0.000092108751	
2185.040000	0.000089752338	
2205.040000	0.000087398302	
2225.040000	0.000085047710	
2245.040000	0.000082701448	
2265.040000	0.000080360249	
2285.040000	0.000078024716	
2305.040000	0.000075695341	
2325.040000	0.000073372522	
2345.040000	0.000071056583	
2365.040000	0.000068747781	
2385.040000	0.000066446319	
2405.040000	0.000064152359	
2425.040000	0.000061866026	
2445.040000	0.000059587420	
2465.040000	0.000057316616	
2485.040000	0.000055053674	
