0.000000	0.000373730553	
20.000000	0.000229725146	
40.000000	0.000221796771	
60.000000	0.000221010681	
80.000000	0.000220561961	
100.000000	0.000220334610	
120.000000	0.000017626499	
140.000000	0.000022470213	
160.000000	0.000033043302	
180.000000	0.000048147714	
200.000000	0.000068426672	
220.000000	0.000094417510	
240.000000	0.000126838380	
260.000000	0.000166522792	
280.000000	0.000214378036	
300.000000	0.000271362730	
320.000000	0.000338480895	
340.000000	0.000420416051	
360.000000	0.000512738573	
380.000000	0.000616909344	
400.000000	0.000734833313	
420.000000	0.000868218989	
440.000000	0.001018797650	
460.000000	0.001188511067	
480.000000	0.001379716922	
500.000000	0.001595504869	
520.000000	0.002021072451	
540.000000	0.002597594352	
554.860000	0.003231333784	
555.060000	0.003246112135	
555.260000	0.003261821225	
555.460000	0.003278745202	
555.660000	0.003297352521	
555.860000	0.003318530801	
556.060000	0.003344485155	
556.260000	0.003390589847	
556.460000	0.003774161486	
556.660000	0.006263616291	
556.860000	0.503989475585	
557.060000	0.657074645990	
557.260000	0.759116114294	
557.460000	0.829207345781	
557.660000	0.858938092564	
557.860000	0.861521177864	
558.060000	0.865828200217	
558.260000	0.870332735229	
558.460000	0.872043242402	
558.660000	0.868295095272	
558.860000	0.858078836033	
559.060000	0.843064403756	
559.260000	0.824899875602	
579.260000	0.055949119044	
588.040000	0.020631960735	
588.240000	0.020218812495	
588.440000	0.019816741961	
588.640000	0.019425462227	
588.840000	0.019044694578	
589.040000	0.018674168280	
589.240000	0.018313620387	
589.440000	0.017962795546	
589.640000	0.017621445824	
589.840000	0.017289330535	
590.040000	0.016966216082	
590.240000	0.016651875810	
590.440000	0.016346089869	
590.640000	0.016048645091	
590.840000	0.015759334877	
591.040000	0.015477959107	
591.240000	0.015204324054	
591.440000	0.014938242330	
591.640000	0.014679532848	
591.840000	0.014428020806	
592.040000	0.014183537710	
592.240000	0.013945921427	
592.440000	0.013715016281	
592.640000	0.013490673215	
592.840000	0.013272750008	
593.040000	0.013061111591	
593.240000	0.012855630474	
593.440000	0.012656187323	
593.640000	0.012462671742	
593.840000	0.012274983334	
594.040000	0.012093033150	
594.240000	0.011916745694	
594.440000	0.011746061752	
594.640000	0.011580942469	
594.840000	0.011421375394	
595.040000	0.011267383764	
595.240000	0.011119041429	
595.440000	0.010976498244	
595.640000	0.010840026684	
595.840000	0.010710116820	
596.040000	0.010587702077	
596.240000	0.010474853599	
596.440000	0.010378608254	
596.640000	0.010444674321	
596.840000	0.011825073287	
597.040000	0.241590177380	
597.240000	0.638660816564	
597.440000	0.746945026624	
597.640000	0.821427857084	
597.840000	0.865745620410	
598.040000	0.869281200715	
598.240000	0.872685201645	
598.440000	0.876965697133	
598.640000	0.879569310315	
598.840000	0.877839305467	
599.040000	0.870195441983	
599.240000	0.857424547650	
599.440000	0.841279975701	
599.640000	0.822856703504	
619.160000	0.066314007205	
619.360000	0.064777804538	
619.560000	0.063281793240	
619.760000	0.061824893810	
619.960000	0.060406057422	
620.160000	0.059024265024	
620.360000	0.057678526461	
620.560000	0.056367879631	
620.760000	0.055091389662	
620.960000	0.053848148123	
621.160000	0.052637272249	
621.360000	0.051457904202	
621.560000	0.050309210346	
621.760000	0.049190380554	
621.960000	0.048100627527	
622.160000	0.047039186145	
622.360000	0.046005312836	
622.560000	0.044998284960	
622.760000	0.044017400223	
622.960000	0.043061976103	
623.160000	0.042131349301	
623.360000	0.041224875206	
623.560000	0.040341927386	
623.760000	0.039481897088	
623.960000	0.038644192765	
624.160000	0.037828239615	
624.360000	0.037033479145	
624.560000	0.036259368744	
624.760000	0.035505381283	
624.960000	0.034771004730	
625.160000	0.034055741779	
625.360000	0.033359109512	
625.560000	0.032680639065	
625.760000	0.032019875327	
625.960000	0.031376376657	
626.160000	0.030749714627	
626.360000	0.030139473791	
626.560000	0.029545251484	
626.760000	0.028966657651	
626.960000	0.028403314722	
627.160000	0.027854857520	
627.360000	0.027320933230	
627.560000	0.026801201427	
627.760000	0.026295334176	
627.960000	0.025803016229	
628.160000	0.025323945336	
628.360000	0.024857832710	
628.560000	0.024404403676	
628.760000	0.023963398592	
628.960000	0.023534574100	
629.160000	0.023117704862	
629.360000	0.022712585973	
629.560000	0.022319036338	
629.760000	0.021936903507	
629.960000	0.021566070743	
630.160000	0.021206467685	
630.360000	0.020858087057	
630.560000	0.020521012183	
630.760000	0.020195465353	
630.960000	0.019881900583	
631.160000	0.019581205201	
631.360000	0.019295231941	
631.560000	0.019028819179	
631.760000	0.018816758521	
631.960000	0.019292781379	
632.160000	0.031836125545	
632.360000	0.600303497143	
632.560000	0.720376658098	
632.760000	0.803679801511	
632.960000	0.860037865920	
633.160000	0.874184757014	
633.360000	0.876588508090	
633.560000	0.880498017493	
633.760000	0.883789190035	
633.960000	0.883907294972	
634.160000	0.878873443288	
634.360000	0.868426516841	
634.560000	0.854175291462	
634.760000	0.837287535427	
634.960000	0.818709241911	
635.160000	0.799309632268	
650.340000	0.114163281411	
650.540000	0.111451011617	
650.740000	0.108809737943	
650.940000	0.106237528965	
651.140000	0.103732508556	
651.340000	0.101292854266	
651.540000	0.098916795750	
651.740000	0.096602613233	
651.940000	0.094348636031	
652.140000	0.092153241107	
652.340000	0.090014851668	
652.540000	0.087931935816	
652.740000	0.085903005220	
652.940000	0.083926613847	
653.140000	0.082001356717	
653.340000	0.080125868702	
653.540000	0.078298823361	
653.740000	0.076518931808	
653.940000	0.074784941619	
654.140000	0.073095635768	
654.340000	0.071449831599	
654.540000	0.069846379829	
654.740000	0.068284163580	
654.940000	0.066762097444	
655.140000	0.065279126580	
655.340000	0.063834225832	
655.540000	0.062426398882	
655.740000	0.061054677428	
655.940000	0.059718120388	
656.140000	0.058415813133	
656.340000	0.057146866740	
656.540000	0.055910417277	
656.740000	0.054705625107	
656.940000	0.053531674220	
657.140000	0.052387771586	
657.340000	0.051273146534	
657.540000	0.050187050153	
657.740000	0.049128754715	
657.940000	0.048097553127	
658.140000	0.047092758396	
658.340000	0.046113703129	
658.540000	0.045159739051	
658.740000	0.044230236546	
658.940000	0.043324584229	
659.140000	0.042442188541	
659.340000	0.041582473372	
659.540000	0.040744879719	
659.740000	0.039928865366	
659.940000	0.039133904614	
660.140000	0.038359488040	
660.340000	0.037605122306	
660.540000	0.036870330019	
660.740000	0.036154649653	
660.940000	0.035457635537	
661.140000	0.034778857939	
661.340000	0.034117903249	
661.540000	0.033474374294	
661.740000	0.032847890824	
661.940000	0.032238090203	
662.140000	0.031644628393	
662.340000	0.031067181297	
662.540000	0.030505446618	
662.740000	0.029959146426	
662.940000	0.029428030720	
663.140000	0.028911882472	
663.340000	0.028410524887	
663.540000	0.027923832152	
663.740000	0.027451745878	
663.940000	0.026994301397	
664.140000	0.026551672192	
664.340000	0.026124250823	
664.540000	0.025712812220	
664.740000	0.025318897316	
664.940000	0.024945975444	
665.140000	0.024605698767	
665.340000	0.024520331717	
665.540000	0.026864897567	
665.740000	0.544968517657	
665.940000	0.681452800886	
666.140000	0.777363457906	
666.340000	0.842815723432	
666.540000	0.877379453228	
666.740000	0.879363000235	
666.940000	0.882613343137	
667.140000	0.886229761889	
667.340000	0.887816756796	
667.540000	0.885179837550	
667.740000	0.877217160556	
667.940000	0.864867295851	
668.140000	0.849539665439	
668.340000	0.832087890334	
668.540000	0.813408643583	
668.740000	0.794187583153	
682.000000	0.146500538211	
682.200000	0.142993606439	
682.400000	0.139578622935	
682.600000	0.136253074891	
682.800000	0.133014521129	
683.000000	0.129860590074	
683.200000	0.126788977781	
683.400000	0.123797446007	
683.600000	0.120883820332	
683.800000	0.118045988325	
684.000000	0.115281897761	
684.200000	0.112589554882	
684.400000	0.109967022711	
684.600000	0.107412419398	
684.800000	0.104923916629	
685.000000	0.102499738068	
685.200000	0.100138157844	
685.400000	0.097837499085	
685.600000	0.095596132491	
685.800000	0.093412474951	
686.000000	0.091284988193	
686.200000	0.089212177485	
686.400000	0.087192590366	
686.600000	0.085224815417	
686.800000	0.083307481069	
687.000000	0.081439254446	
687.200000	0.079618840246	
687.400000	0.077844979652	
687.600000	0.076116449278	
687.800000	0.074432060149	
688.000000	0.072790656712	
688.200000	0.071191115873	
688.400000	0.069632346074	
688.600000	0.068113286391	
688.800000	0.066632905662	
689.000000	0.065190201647	
689.200000	0.063784200215	
689.400000	0.062413954550	
689.600000	0.061078544394	
689.800000	0.059777075311	
690.000000	0.058508677976	
690.200000	0.057272507488	
690.400000	0.056067742711	
690.600000	0.054893585640	
690.800000	0.053749260786	
691.000000	0.052634014590	
691.200000	0.051547114861	
691.400000	0.050487850238	
691.600000	0.049455529675	
691.800000	0.048449481953	
692.000000	0.047469055223	
692.200000	0.046513616566	
692.400000	0.045582551590	
692.600000	0.044675264056	
692.800000	0.043791175532	
693.000000	0.042929725089	
693.200000	0.042090369031	
693.400000	0.041272580672	
693.600000	0.040475850157	
693.800000	0.039699684349	
694.000000	0.038943606775	
694.200000	0.038207157650	
694.400000	0.037489894003	
694.600000	0.036791389915	
694.800000	0.036111236897	
695.000000	0.035449044456	
695.200000	0.034804440890	
695.400000	0.034177074387	
695.600000	0.033566614529	
695.800000	0.032972754338	
696.000000	0.032395213079	
696.200000	0.031833740124	
696.400000	0.031288120377	
696.600000	0.030758182011	
696.800000	0.030243807818	
697.000000	0.029744952383	
697.200000	0.029261669193	
697.400000	0.028794155746	
697.600000	0.028342834049	
697.800000	0.027908508742	
698.000000	0.027492724099	
698.200000	0.027098774442	
698.400000	0.026736260643	
698.600000	0.026538471607	
698.800000	0.028175535386	
699.000000	0.514290773461	
699.200000	0.672176314335	
699.400000	0.771305304861	
699.600000	0.838961721825	
699.800000	0.879708979325	
700.000000	0.882507647015	
700.200000	0.885381257714	
700.400000	0.888855001895	
700.600000	0.890622439746	
700.800000	0.888534099317	
701.000000	0.881368836053	
701.200000	0.869786275701	
701.400000	0.855177270342	
701.600000	0.838344909476	
701.800000	0.820132826650	
702.000000	0.801244033608	
702.200000	0.782134456284	
714.860000	0.156313432619	
715.060000	0.152565283164	
715.260000	0.148915528194	
715.460000	0.145361474526	
715.660000	0.141900505417	
715.860000	0.138530078463	
716.060000	0.135247723534	
716.260000	0.132051040761	
716.460000	0.128937698561	
716.660000	0.125905431712	
716.860000	0.122952039470	
717.060000	0.120075383734	
717.260000	0.117273387256	
717.460000	0.114544031894	
717.660000	0.111885356918	
717.860000	0.109295457346	
718.060000	0.106772482346	
718.260000	0.104314633659	
718.460000	0.101920164080	
718.660000	0.099587375978	
718.860000	0.097314619853	
719.060000	0.095100292941	
719.260000	0.092942837853	
719.460000	0.090840741257	
719.660000	0.088792532595	
719.860000	0.086796782841	
720.060000	0.084852103294	
720.260000	0.082957144405	
720.460000	0.081110594643	
720.660000	0.079311179391	
720.860000	0.077557659876	
721.060000	0.075848832135	
721.260000	0.074183526007	
721.460000	0.072560604162	
721.660000	0.070978961151	
721.860000	0.069437522498	
722.060000	0.067935243807	
722.260000	0.066471109906	
722.460000	0.065044134015	
722.660000	0.063653356942	
722.860000	0.062297846300	
723.060000	0.060976695757	
723.260000	0.059689024304	
723.460000	0.058433975549	
723.660000	0.057210717040	
723.860000	0.056018439600	
724.060000	0.054856356697	
724.260000	0.053723703830	
724.460000	0.052619737936	
724.660000	0.051543736824	
724.860000	0.050494998627	
725.060000	0.049472841278	
725.260000	0.048476602007	
725.460000	0.047505636861	
725.660000	0.046559320241	
725.860000	0.045637044475	
726.060000	0.044738219397	
726.260000	0.043862271964	
726.460000	0.043008645892	
726.660000	0.042176801321	
726.860000	0.041366214503	
727.060000	0.040576377533	
727.260000	0.039806798100	
727.460000	0.039056999285	
727.660000	0.038326519394	
727.860000	0.037614911845	
728.060000	0.036921745107	
728.260000	0.036246602700	
728.460000	0.035589083277	
728.660000	0.034948800795	
728.860000	0.034325384799	
729.060000	0.033718480839	
729.260000	0.033127751072	
729.460000	0.032552875075	
729.660000	0.031993550949	
729.860000	0.031449496809	
730.060000	0.030920452767	
730.260000	0.030406183627	
730.460000	0.029906482545	
730.660000	0.029421176089	
730.860000	0.028950131357	
731.060000	0.028493266241	
731.260000	0.028050564667	
731.460000	0.027622100094	
731.660000	0.027208073512	
731.860000	0.026808878832	
732.060000	0.026425225092	
732.260000	0.026058393206	
732.460000	0.025710881144	
732.660000	0.025388642440	
732.860000	0.025121385605	
733.060000	0.025603649741	
733.260000	0.057620737881	
733.460000	0.627676550879	
733.660000	0.740585119034	
733.860000	0.818390043097	
734.060000	0.870907737832	
734.260000	0.884782476510	
734.460000	0.886786380647	
734.660000	0.890104360893	
734.860000	0.892591091183	
735.060000	0.892020256969	
735.260000	0.886791995388	
735.460000	0.876839133900	
735.660000	0.863504686308	
735.860000	0.847694274254	
736.060000	0.830170019894	
736.260000	0.811694745799	
736.460000	0.792802264082	
736.660000	0.773827850478	
749.940000	0.142617615891	
750.140000	0.139206207141	
750.340000	0.135884431836	
750.540000	0.132649833185	
750.740000	0.129500024440	
750.940000	0.126432686938	
751.140000	0.123445568181	
751.340000	0.120536479963	
751.540000	0.117703296540	
751.740000	0.114943952844	
751.940000	0.112256442743	
752.140000	0.109638817345	
752.340000	0.107089183349	
752.540000	0.104605701431	
752.740000	0.102186584681	
752.940000	0.099830097084	
753.140000	0.097534552033	
753.340000	0.095298310893	
753.540000	0.093119781601	
753.740000	0.090997417304	
753.940000	0.088929715042	
754.140000	0.086915214462	
754.340000	0.084952496571	
754.540000	0.083040182532	
754.740000	0.081176932483	
754.940000	0.079361444402	
755.140000	0.077592452999	
755.340000	0.075868728643	
755.540000	0.074189076322	
755.740000	0.072552334634	
755.940000	0.070957374806	
756.140000	0.069403099742	
756.340000	0.067888443108	
756.540000	0.066412368434	
756.740000	0.064973868250	
756.940000	0.063571963246	
757.140000	0.062205701459	
757.340000	0.060874157485	
757.540000	0.059576431715	
757.740000	0.058311649593	
757.940000	0.057078960902	
758.140000	0.055877539066	
758.340000	0.054706580481	
758.540000	0.053565303858	
758.740000	0.052452949598	
758.940000	0.051368779178	
759.140000	0.050312074563	
759.340000	0.049282137631	
759.540000	0.048278289623	
759.740000	0.047299870607	
759.940000	0.046346238965	
760.140000	0.045416770889	
760.340000	0.044510859905	
760.540000	0.043627916404	
760.740000	0.042767367199	
760.940000	0.041928655091	
761.140000	0.041111238456	
761.340000	0.040314590847	
761.540000	0.039538200611	
761.740000	0.038781570524	
761.940000	0.038044217447	
762.140000	0.037325671984	
762.340000	0.036625478178	
762.540000	0.035943193205	
762.740000	0.035278387100	
762.940000	0.034630642494	
763.140000	0.033999554375	
763.340000	0.033384729867	
763.540000	0.032785788036	
763.740000	0.032202359715	
763.940000	0.031634087365	
764.140000	0.031080624955	
764.340000	0.030541637885	
764.540000	0.030016802946	
764.740000	0.029505808321	
764.940000	0.029008353646	
765.140000	0.028524150122	
765.340000	0.028052920716	
765.540000	0.027594400436	
765.740000	0.027148336730	
765.940000	0.026714490018	
766.140000	0.026292634394	
766.340000	0.025882558555	
766.540000	0.025484067022	
766.740000	0.025096981731	
766.940000	0.024721144146	
767.140000	0.024356418070	
767.340000	0.024002693431	
767.540000	0.023659891477	
767.740000	0.023327972036	
767.940000	0.023006943924	
768.140000	0.022696880330	
768.340000	0.022397942426	
768.540000	0.022110417411	
768.740000	0.021834783676	
768.940000	0.021571832064	
769.140000	0.021322919270	
769.340000	0.021090600293	
769.540000	0.020880799525	
769.740000	0.020721852763	
769.940000	0.021334224476	
770.140000	0.075091907698	
770.340000	0.635361911327	
770.540000	0.746359618464	
770.740000	0.822610080656	
770.940000	0.873994069690	
771.140000	0.887544725490	
771.340000	0.889460853219	
771.540000	0.892603163844	
771.740000	0.894793596846	
771.940000	0.893871970922	
772.140000	0.888358148569	
772.340000	0.878311185514	
772.540000	0.865038851939	
772.740000	0.849358935776	
772.940000	0.831988428554	
773.140000	0.813656109944	
773.340000	0.794876458972	
773.540000	0.775977565161	
773.740000	0.757162282862	
788.860000	0.109380397695	
789.060000	0.106786050387	
789.260000	0.104259867986	
789.460000	0.101799983255	
789.660000	0.099404582607	
789.860000	0.097071904542	
790.060000	0.094800238122	
790.260000	0.092587921487	
790.460000	0.090433340415	
790.660000	0.088334926920	
790.860000	0.086291157893	
791.060000	0.084300553775	
791.260000	0.082361677275	
791.460000	0.080473132121	
791.660000	0.078633561851	
791.860000	0.076841648634	
792.060000	0.075096112131	
792.260000	0.073395708384	
792.460000	0.071739228744	
792.660000	0.070125498830	
792.860000	0.068553377509	
793.060000	0.067021755922	
793.260000	0.065529556532	
793.460000	0.064075732194	
793.660000	0.062659265265	
793.860000	0.061279166734	
794.060000	0.059934475380	
794.260000	0.058624256956	
794.460000	0.057347603392	
794.660000	0.056103632037	
794.860000	0.054891484905	
795.060000	0.053710327959	
795.260000	0.052559350411	
795.460000	0.051437764041	
795.660000	0.050344802543	
795.860000	0.049279720884	
796.060000	0.048241794690	
796.260000	0.047230319646	
796.460000	0.046244610915	
796.660000	0.045284002574	
796.860000	0.044347847073	
797.060000	0.043435514704	
797.260000	0.042546393087	
797.460000	0.041679886679	
797.660000	0.040835416287	
797.860000	0.040012418606	
798.060000	0.039210345768	
798.260000	0.038428664900	
798.460000	0.037666857705	
798.660000	0.036924420048	
798.860000	0.036200861559	
799.060000	0.035495705250	
799.260000	0.034808487137	
799.460000	0.034138755883	
799.660000	0.033486072445	
799.860000	0.032850009738	
800.060000	0.032230152304	
800.260000	0.031626095998	
800.460000	0.031037447677	
800.660000	0.030463824908	
800.860000	0.029904855677	
801.060000	0.029360178112	
801.260000	0.028829440219	
801.460000	0.028312299617	
801.660000	0.027808423295	
801.860000	0.027317487367	
802.060000	0.026839176841	
802.260000	0.026373185398	
802.460000	0.025919215174	
802.660000	0.025476976561	
802.860000	0.025046188002	
803.060000	0.024626575807	
803.260000	0.024217873974	
803.460000	0.023819824015	
803.660000	0.023432174799	
803.860000	0.023054682395	
804.060000	0.022687109928	
804.260000	0.022329227451	
804.460000	0.021980811817	
804.660000	0.021641646572	
804.860000	0.021311521846	
805.060000	0.020990234273	
805.260000	0.020677586914	
805.460000	0.020373389191	
805.660000	0.020077456853	
805.860000	0.019789611940	
806.060000	0.019509682784	
806.260000	0.019237504024	
806.460000	0.018972916647	
806.660000	0.018715768067	
806.860000	0.018465912232	
807.060000	0.018223209774	
807.260000	0.017987528219	
807.460000	0.017758742242	
807.660000	0.017536734009	
807.860000	0.017321393606	
808.060000	0.017112619577	
808.260000	0.016910319613	
808.460000	0.016714411412	
808.660000	0.016524823784	
808.860000	0.016341498057	
809.060000	0.016164389888	
809.260000	0.015993471636	
809.460000	0.015828735489	
809.660000	0.015670197672	
809.860000	0.015517904207	
810.060000	0.015371938995	
810.260000	0.015232435464	
810.460000	0.015099593939	
810.660000	0.014973708668	
810.860000	0.014855212107	
811.060000	0.014744752684	
811.260000	0.014643344569	
811.460000	0.014552697390	
811.660000	0.014476114960	
811.860000	0.014422244356	
812.060000	0.014489767085	
812.260000	0.016659207027	
812.460000	0.548237207884	
812.660000	0.684664873232	
812.860000	0.780923618182	
813.060000	0.846200415984	
813.260000	0.887108860128	
813.460000	0.890135033450	
813.660000	0.892609718449	
813.860000	0.895468580353	
814.060000	0.896435701710	
814.260000	0.893587998740	
814.460000	0.886021107975	
814.660000	0.874523509781	
814.860000	0.860228863416	
815.060000	0.843803445008	
815.260000	0.826013867476	
815.460000	0.807485396323	
815.660000	0.788634626589	
815.860000	0.769726215509	
835.280000	0.063215608283	
835.480000	0.061755585922	
835.680000	0.060333869694	
835.880000	0.058949418732	
836.080000	0.057601221964	
836.280000	0.056288297229	
836.480000	0.055009690404	
836.680000	0.053764474567	
836.880000	0.052551749185	
837.080000	0.051370639323	
837.280000	0.050220294883	
837.480000	0.049099889857	
837.680000	0.048008621616	
837.880000	0.046945710209	
838.080000	0.045910397691	
838.280000	0.044901947466	
838.480000	0.043919643657	
838.680000	0.042962790490	
838.880000	0.042030711697	
839.080000	0.041122749942	
839.280000	0.040238266261	
839.480000	0.039376639518	
839.680000	0.038537265881	
839.880000	0.037719558315	
840.080000	0.036922946084	
840.280000	0.036146874277	
840.480000	0.035390803342	
840.680000	0.034654208638	
840.880000	0.033936579996	
841.080000	0.033237421302	
841.280000	0.032556250083	
841.480000	0.031892597115	
841.680000	0.031246006032	
841.880000	0.030616032960	
842.080000	0.030002246151	
842.280000	0.029404225633	
842.480000	0.028821562871	
842.680000	0.028253860440	
842.880000	0.027700731700	
843.080000	0.027161800491	
843.280000	0.026636700831	
843.480000	0.026125076623	
843.680000	0.025626581376	
843.880000	0.025140877930	
844.080000	0.024667638188	
844.280000	0.024206542861	
844.480000	0.023757281216	
844.680000	0.023319550838	
844.880000	0.022893057388	
845.080000	0.022477514381	
845.280000	0.022072642961	
845.480000	0.021678171689	
845.680000	0.021293836334	
845.880000	0.020919379669	
846.080000	0.020554551278	
846.280000	0.020199107363	
846.480000	0.019852810563	
846.680000	0.019515429771	
846.880000	0.019186739962	
847.080000	0.018866522027	
847.280000	0.018554562604	
847.480000	0.018250653922	
847.680000	0.017954593649	
847.880000	0.017666184738	
848.080000	0.017385235285	
848.280000	0.017111558385	
848.480000	0.016844971999	
848.680000	0.016585298819	
848.880000	0.016332366137	
849.080000	0.016086005724	
849.280000	0.015846053704	
849.480000	0.015612350440	
849.680000	0.015384740415	
849.880000	0.015163072126	
850.080000	0.014947197970	
850.280000	0.014736974142	
850.480000	0.014532260535	
850.680000	0.014332920636	
850.880000	0.014138821434	
851.080000	0.013949833324	
851.280000	0.013765830019	
851.480000	0.013586688457	
851.680000	0.013412288721	
851.880000	0.013242513952	
852.080000	0.013077250269	
852.280000	0.012916386691	
852.480000	0.012759815060	
852.680000	0.012607429969	
852.880000	0.012459128686	
853.080000	0.012314811087	
853.280000	0.012174379587	
853.480000	0.012037739075	
853.680000	0.011904796849	
853.880000	0.011775462551	
854.080000	0.011649648113	
854.280000	0.011527267690	
854.480000	0.011408237611	
854.680000	0.011292476315	
854.880000	0.011179904305	
855.080000	0.011070444089	
855.280000	0.010964020133	
855.480000	0.010860558810	
855.680000	0.010759988352	
855.880000	0.010662238804	
856.080000	0.010567241975	
856.280000	0.010474931400	
856.480000	0.010385242293	
856.680000	0.010298111505	
856.880000	0.010213477486	
857.080000	0.010131280244	
857.280000	0.010051461308	
857.480000	0.009973963690	
857.680000	0.009898731850	
857.880000	0.009825711659	
858.080000	0.009754850371	
858.280000	0.009686096581	
858.480000	0.009619400202	
858.680000	0.009554712431	
858.880000	0.009491985716	
859.080000	0.009431173731	
859.280000	0.009372231349	
859.480000	0.009315114611	
859.680000	0.009259780701	
859.880000	0.009206187924	
860.080000	0.009154295676	
860.280000	0.009104064426	
860.480000	0.009055455691	
860.680000	0.009008432012	
860.880000	0.008962956936	
861.080000	0.008918994995	
861.280000	0.008876511688	
861.480000	0.008835473458	
861.680000	0.008795847680	
861.880000	0.008757602641	
862.080000	0.008720707525	
862.280000	0.008685132398	
862.480000	0.008650848192	
862.680000	0.008617826696	
862.880000	0.008586040541	
863.080000	0.008555463186	
863.280000	0.008526068913	
863.480000	0.008497832816	
863.680000	0.008470730788	
863.880000	0.008444739522	
864.080000	0.008419836499	
864.280000	0.008395999984	
864.480000	0.008373209026	
864.680000	0.008351443452	
864.880000	0.008330683868	
865.080000	0.008310911662	
865.280000	0.008292109004	
865.480000	0.008274258852	
865.680000	0.008257344958	
865.880000	0.008241351878	
866.080000	0.008226264984	
866.280000	0.008212070477	
866.480000	0.008198755404	
866.680000	0.008186307681	
866.880000	0.008174716114	
867.080000	0.008163970431	
867.280000	0.008154061311	
867.480000	0.008144980429	
867.680000	0.008136720496	
867.880000	0.008129275310	
868.080000	0.008122639823	
868.280000	0.008116810200	
868.480000	0.008111783907	
868.680000	0.008107559800	
868.880000	0.008104138232	
869.080000	0.008101521174	
869.280000	0.008099712364	
869.480000	0.008098717471	
869.680000	0.008098544291	
869.880000	0.008099202978	
870.080000	0.008100706317	
870.280000	0.008103070044	
870.480000	0.008106313229	
870.680000	0.008110458742	
870.880000	0.008115533803	
871.080000	0.008121570668	
871.280000	0.008128607452	
871.480000	0.008136689169	
871.680000	0.008145869024	
871.880000	0.008156210047	
872.080000	0.008167787208	
872.280000	0.008180690158	
872.480000	0.008195026883	
872.680000	0.008210928640	
872.880000	0.008228556799	
873.080000	0.008248112591	
873.280000	0.008269851432	
873.480000	0.008294104847	
873.680000	0.008321315691	
873.880000	0.008352098387	
874.080000	0.008387350940	
874.280000	0.008428489059	
874.480000	0.008478031698	
874.680000	0.008541625772	
874.880000	0.008646754652	
875.080000	0.009590354035	
875.280000	0.159392082694	
875.480000	0.646425774490	
875.680000	0.754862496533	
875.880000	0.828962156058	
876.080000	0.878740146630	
876.280000	0.892502858032	
876.480000	0.894217554794	
876.680000	0.896978672837	
876.880000	0.898512252756	
877.080000	0.896727053032	
877.280000	0.890367026794	
877.480000	0.879764919156	
877.680000	0.866072431055	
877.880000	0.850026506618	
878.080000	0.832428295640	
878.280000	0.813941775240	
878.480000	0.795014609690	
878.680000	0.775935096421	
898.680000	0.051815137190	
914.240000	0.010145229124	
914.440000	0.009990048623	
914.640000	0.009838957770	
914.840000	0.009691848202	
915.040000	0.009548614432	
915.240000	0.009409153773	
915.440000	0.009273366258	
915.640000	0.009141154567	
915.840000	0.009012423955	
916.040000	0.008887082181	
916.240000	0.008765039436	
916.440000	0.008646208284	
916.640000	0.008530503588	
916.840000	0.008417842456	
917.040000	0.008308144174	
917.240000	0.008201330150	
917.440000	0.008097323855	
917.640000	0.007996050769	
917.840000	0.007897438324	
918.040000	0.007801415853	
918.240000	0.007707914540	
918.440000	0.007616867368	
918.640000	0.007528209072	
918.840000	0.007441876093	
919.040000	0.007357806528	
919.240000	0.007275940093	
919.440000	0.007196218072	
919.640000	0.007118583283	
919.840000	0.007042980031	
920.040000	0.006969354070	
920.240000	0.006897652567	
920.440000	0.006827824064	
920.640000	0.006759818439	
920.840000	0.006693586874	
921.040000	0.006629081818	
921.240000	0.006566256955	
921.440000	0.006505067173	
921.640000	0.006445468529	
921.840000	0.006387418223	
922.040000	0.006330874562	
922.240000	0.006275796937	
922.440000	0.006222145793	
922.640000	0.006169882597	
922.840000	0.006118969821	
923.040000	0.006069370904	
923.240000	0.006021050239	
923.440000	0.005973973137	
923.640000	0.005928105814	
923.840000	0.005883415357	
924.040000	0.005839869711	
924.240000	0.005797437652	
924.440000	0.005756088763	
924.640000	0.005715793421	
924.840000	0.005676522770	
925.040000	0.005638248704	
925.240000	0.005600943845	
925.440000	0.005564581531	
925.640000	0.005529135791	
925.840000	0.005494581328	
926.040000	0.005460893506	
926.240000	0.005428048331	
926.440000	0.005396022431	
926.640000	0.005364793046	
926.840000	0.005334338011	
927.040000	0.005304635736	
927.240000	0.005275665199	
927.440000	0.005247405925	
927.640000	0.005219837976	
927.840000	0.005192941935	
928.040000	0.005166698897	
928.240000	0.005141090451	
928.440000	0.005116098668	
928.640000	0.005091706094	
928.840000	0.005067895733	
929.040000	0.005044651034	
929.240000	0.005021955888	
929.440000	0.004999794606	
929.640000	0.004978151919	
929.840000	0.004957012957	
930.040000	0.004936363249	
930.240000	0.004916188705	
930.440000	0.004896475611	
930.640000	0.004877210618	
930.840000	0.004858380731	
931.040000	0.004839973304	
931.240000	0.004821976030	
931.440000	0.004804376928	
931.640000	0.004787164343	
931.840000	0.004770326928	
932.040000	0.004753853647	
932.240000	0.004737733757	
932.440000	0.004721956807	
932.640000	0.004706512629	
932.840000	0.004691391331	
933.040000	0.004676583288	
933.240000	0.004662079139	
933.440000	0.004647869778	
933.640000	0.004633946345	
933.840000	0.004620300227	
934.040000	0.004606923044	
934.240000	0.004593806648	
934.440000	0.004580943115	
934.640000	0.004568324741	
934.840000	0.004555944033	
935.040000	0.004543793709	
935.240000	0.004531866687	
935.440000	0.004520156083	
935.640000	0.004508655207	
935.840000	0.004497357555	
936.040000	0.004486256806	
936.240000	0.004475346818	
936.440000	0.004464621620	
936.640000	0.004454075414	
936.840000	0.004443702562	
937.040000	0.004433497592	
937.240000	0.004423455182	
937.440000	0.004413570168	
937.640000	0.004403837531	
937.840000	0.004394252399	
938.040000	0.004384810037	
938.240000	0.004375505852	
938.440000	0.004366335381	
938.640000	0.004357294292	
938.840000	0.004348378381	
939.040000	0.004339583565	
939.240000	0.004330905885	
939.440000	0.004322341494	
939.640000	0.004313886664	
939.840000	0.004305537775	
940.040000	0.004297291315	
940.240000	0.004289143878	
940.440000	0.004281092161	
940.640000	0.004273132959	
940.840000	0.004265263167	
941.040000	0.004257479770	
941.240000	0.004249779849	
941.440000	0.004242160573	
941.640000	0.004234619198	
941.840000	0.004227153064	
942.040000	0.004219759594	
942.240000	0.004212436292	
942.440000	0.004205180740	
942.640000	0.004197990594	
942.840000	0.004190863586	
943.040000	0.004183797519	
943.240000	0.004176790266	
943.440000	0.004169839767	
943.640000	0.004162944030	
943.840000	0.004156101126	
944.040000	0.004149309189	
944.240000	0.004142566412	
944.440000	0.004135871050	
944.640000	0.004129221414	
944.840000	0.004122615869	
945.040000	0.004116052836	
965.040000	0.003545825506	
985.040000	0.003043302634	
1005.040000	0.002613864565	
1025.040000	0.002252980469	
1045.040000	0.001949319246	
1065.040000	0.001693132142	
1085.040000	0.001476619038	
1105.040000	0.001293422711	
1125.040000	0.001138270720	
1145.040000	0.001006750092	
1165.040000	0.000895151959	
1185.040000	0.000800356874	
1205.040000	0.000719740469	
1225.040000	0.000651094576	
1245.040000	0.000592562356	
1265.040000	0.000542582994	
1285.040000	0.000499844901	
1305.040000	0.000463245772	
1325.040000	0.000431858840	
1345.040000	0.000404904411	
1365.040000	0.000381725912	
1385.040000	0.000361769801	
1405.040000	0.000344568733	
1425.040000	0.000329727499	
1445.040000	0.000316911282	
1465.040000	0.000305835861	
1485.040000	0.000296259448	
1505.040000	0.000287975892	
1525.040000	0.000280809012	
1545.040000	0.000274607878	
1565.040000	0.000269242885	
1585.040000	0.000264602468	
1605.040000	0.000260590374	
1625.040000	0.000257123371	
1645.040000	0.000254129344	
1665.040000	0.000251545684	
1685.040000	0.000249317949	
1705.040000	0.000247398730	
1725.040000	0.000245746689	
1745.040000	0.000244325752	
1765.040000	0.000243104421	
1785.040000	0.000242055177	
1805.040000	0.000241153983	
1825.040000	0.000240379845	
1845.040000	0.000239714439	
1865.040000	0.000239141780	
1885.040000	0.000238647947	
1905.040000	0.000238220825	
1925.040000	0.000237849895	
1945.040000	0.000237526040	
1965.040000	0.000237241377	
1985.040000	0.000236989107	
2005.040000	0.000236763387	
2025.040000	0.000236559210	
2045.040000	0.000236372304	
2065.040000	0.000236199040	
2085.040000	0.000236036351	
2105.040000	0.000235881659	
2125.040000	0.000235732815	
2145.040000	0.000235588039	
2165.040000	0.000235445872	
2185.040000	0.000235305131	
2205.040000	0.000235164874	
2225.040000	0.000235024359	
2245.040000	0.000234883020	
2265.040000	0.000234740438	
2285.040000	0.000234596319	
2305.040000	0.000234450474	
2325.040000	0.000234302798	
2345.040000	0.000234153262	
2365.040000	0.000234001893	
2385.040000	0.000233848764	
2405.040000	0.000233693989	
2425.040000	0.000233537708	
2445.040000	0.000233380083	
2465.040000	0.000233221292	
2485.040000	0.000233061526	
