0.000000	0.000072686938	
20.000000	0.000141002320	
40.000000	0.000140742724	
60.000000	0.000140435948	
80.000000	0.000140255053	
100.000000	0.000140166797	
120.000000	0.000020496646	
140.000000	0.000026544913	
160.000000	0.000035651232	
180.000000	0.000047390025	
200.000000	0.000061719307	
220.000000	0.000078575718	
240.000000	0.000098024278	
260.000000	0.000120180227	
280.000000	0.000145173977	
300.000000	0.000173137022	
320.000000	0.000204199931	
340.000000	0.000240133477	
360.000000	0.000278235904	
380.000000	0.000319240362	
400.000000	0.000363601015	
420.000000	0.000411640108	
440.000000	0.000463656180	
460.000000	0.000519991731	
480.000000	0.000581097578	
500.000000	0.000647630483	
520.000000	0.000783531574	
540.000000	0.000948004522	
554.860000	0.001176763923	
555.060000	0.001188390827	
555.260000	0.001202488181	
555.460000	0.001220394257	
555.660000	0.001244802671	
555.860000	0.001282362499	
556.060000	0.001357802264	
556.260000	0.001942469933	
556.460000	0.009744796654	
556.660000	0.053115800573	
556.860000	0.484235041951	
557.060000	0.342924689059	
557.260000	0.240882468862	
557.460000	0.170773991276	
557.660000	0.140747464987	
557.860000	0.136554037762	
558.060000	0.127287868417	
558.260000	0.109356339569	
558.460000	0.073580594252	
558.660000	0.017411678108	
558.860000	0.001346345283	
559.060000	0.000497432039	
559.260000	0.000298782785	
579.260000	0.000932634939	
588.040000	0.001158768096	
588.240000	0.001164023900	
588.440000	0.001169307348	
588.640000	0.001174621067	
588.840000	0.001179967878	
589.040000	0.001185350821	
589.240000	0.001190773177	
589.440000	0.001196238495	
589.640000	0.001201750632	
589.840000	0.001207313783	
590.040000	0.001212932529	
590.240000	0.001218611888	
590.440000	0.001224357378	
590.640000	0.001230175080	
590.840000	0.001236071732	
591.040000	0.001242054818	
591.240000	0.001248132697	
591.440000	0.001254314739	
591.640000	0.001260611502	
591.840000	0.001267034944	
592.040000	0.001273598684	
592.240000	0.001280318328	
592.440000	0.001287211872	
592.640000	0.001294300221	
592.840000	0.001301607846	
593.040000	0.001309163640	
593.240000	0.001317002044	
593.440000	0.001325164540	
593.640000	0.001333701689	
593.840000	0.001342675941	
594.040000	0.001352165609	
594.240000	0.001362270610	
594.440000	0.001373121032	
594.640000	0.001384890298	
594.840000	0.001397816250	
595.040000	0.001412236505	
595.240000	0.001428651321	
595.440000	0.001447843846	
595.640000	0.001471133378	
595.840000	0.001500984193	
596.040000	0.001542787599	
596.240000	0.001612155473	
596.440000	0.001801517173	
596.640000	0.005960681080	
596.840000	0.032323190025	
597.040000	0.443948095522	
597.240000	0.361338614643	
597.440000	0.253054390210	
597.640000	0.178565882281	
597.840000	0.134125751248	
598.040000	0.129541660707	
598.240000	0.122533082172	
598.440000	0.108615865989	
598.640000	0.082270884005	
598.840000	0.035252534699	
599.040000	0.003211262508	
599.240000	0.000808528260	
599.440000	0.000425526286	
599.640000	0.000302922202	
619.160000	0.001108053172	
619.360000	0.001115345779	
619.560000	0.001122629547	
619.760000	0.001129905629	
619.960000	0.001137175221	
620.160000	0.001144439576	
620.360000	0.001151699997	
620.560000	0.001158957850	
620.760000	0.001166214559	
620.960000	0.001173471620	
621.160000	0.001180730600	
621.360000	0.001187993142	
621.560000	0.001195260976	
621.760000	0.001202535924	
621.960000	0.001209819902	
622.160000	0.001217114938	
622.360000	0.001224423173	
622.560000	0.001231746875	
622.760000	0.001239088450	
622.960000	0.001246450455	
623.160000	0.001253835612	
623.360000	0.001261246822	
623.560000	0.001268687187	
623.760000	0.001276160027	
623.960000	0.001283668905	
624.160000	0.001291217654	
624.360000	0.001298810404	
624.560000	0.001306451618	
624.760000	0.001314146131	
624.960000	0.001321899195	
625.160000	0.001329716532	
625.360000	0.001337604394	
625.560000	0.001345569633	
625.760000	0.001353619785	
625.960000	0.001361763167	
626.160000	0.001370008992	
626.360000	0.001378367509	
626.560000	0.001386850165	
626.760000	0.001395469806	
626.960000	0.001404240916	
627.160000	0.001413179918	
627.360000	0.001422305533	
627.560000	0.001431639239	
627.760000	0.001441205842	
627.960000	0.001451034202	
628.160000	0.001461158169	
628.360000	0.001471617799	
628.560000	0.001482460963	
628.760000	0.001493745508	
628.960000	0.001505542203	
629.160000	0.001517938856	
629.360000	0.001531046176	
629.560000	0.001545006358	
629.760000	0.001560006041	
629.960000	0.001576296578	
630.160000	0.001594227117	
630.360000	0.001614301503	
630.560000	0.001637282677	
630.760000	0.001664400933	
630.960000	0.001697818485	
631.160000	0.001741845081	
631.360000	0.001807027246	
631.560000	0.001932474888	
631.760000	0.002901964781	
631.960000	0.016572710942	
632.160000	0.175671906121	
632.360000	0.399695288625	
632.560000	0.279623058718	
632.760000	0.196318469803	
632.960000	0.139926507639	
633.160000	0.125253027136	
633.360000	0.120451700899	
633.560000	0.109782352625	
633.760000	0.089995180585	
633.960000	0.053957140925	
634.160000	0.010450452248	
634.360000	0.001408767751	
634.560000	0.000619902188	
634.760000	0.000387509368	
634.960000	0.000307302504	
635.160000	0.000280637504	
650.340000	0.001055355959	
650.540000	0.001064395929	
650.740000	0.001073417989	
650.940000	0.001082422886	
651.140000	0.001091411403	
651.340000	0.001100384357	
651.540000	0.001109342602	
651.740000	0.001118287032	
651.940000	0.001127218583	
652.140000	0.001136138229	
652.340000	0.001145046996	
652.540000	0.001153945953	
652.740000	0.001162836222	
652.940000	0.001171718977	
653.140000	0.001180595451	
653.340000	0.001189466935	
653.540000	0.001198334785	
653.740000	0.001207200426	
653.940000	0.001216065354	
654.140000	0.001224931144	
654.340000	0.001233799453	
654.540000	0.001242672028	
654.740000	0.001251550711	
654.940000	0.001260437447	
655.140000	0.001269334290	
655.340000	0.001278243414	
655.540000	0.001287167124	
655.740000	0.001296107862	
655.940000	0.001305068221	
656.140000	0.001314050959	
656.340000	0.001323059015	
656.540000	0.001332095521	
656.740000	0.001341163826	
656.940000	0.001350267509	
657.140000	0.001359410413	
657.340000	0.001368596660	
657.540000	0.001377830690	
657.740000	0.001387117289	
657.940000	0.001396461631	
658.140000	0.001405869321	
658.340000	0.001415346445	
658.540000	0.001424899630	
658.740000	0.001434536113	
658.940000	0.001444263818	
659.140000	0.001454091446	
659.340000	0.001464028589	
659.540000	0.001474085854	
659.740000	0.001484275013	
659.940000	0.001494609188	
660.140000	0.001505103066	
660.340000	0.001515773158	
660.540000	0.001526638124	
660.740000	0.001537719163	
660.940000	0.001549040498	
661.140000	0.001560629981	
661.340000	0.001572519864	
661.540000	0.001584747774	
661.740000	0.001597357971	
661.940000	0.001610403009	
662.140000	0.001623945928	
662.340000	0.001638063225	
662.540000	0.001652848943	
662.740000	0.001668420417	
662.940000	0.001684926561	
663.140000	0.001702560143	
663.340000	0.001721576586	
663.540000	0.001742323887	
663.740000	0.001765292532	
663.940000	0.001791203691	
664.140000	0.001821176821	
664.340000	0.001857080100	
664.540000	0.001902366069	
664.740000	0.001964494552	
664.940000	0.002064731043	
665.140000	0.002325769533	
665.340000	0.007829050164	
665.540000	0.054540042377	
665.740000	0.453447974003	
665.940000	0.318546967622	
666.140000	0.222636055625	
666.340000	0.157176578918	
666.540000	0.122436353314	
666.740000	0.119066974007	
666.940000	0.111265125354	
667.140000	0.096231870602	
667.340000	0.069141318000	
667.540000	0.026679420925	
667.740000	0.003045993229	
667.940000	0.000936818039	
668.140000	0.000512182368	
668.340000	0.000364311729	
668.540000	0.000311422250	
668.740000	0.000294676870	
682.000000	0.001019878347	
682.200000	0.001029964802	
682.400000	0.001040034414	
682.600000	0.001050087613	
682.800000	0.001060124862	
683.000000	0.001070146658	
683.200000	0.001080153530	
683.400000	0.001090146042	
683.600000	0.001100124793	
683.800000	0.001110090421	
684.000000	0.001120043600	
684.200000	0.001129985045	
684.400000	0.001139915511	
684.600000	0.001149835798	
684.800000	0.001159746751	
685.000000	0.001169649260	
685.200000	0.001179544268	
685.400000	0.001189432767	
685.600000	0.001199315804	
685.800000	0.001209194485	
686.000000	0.001219069976	
686.200000	0.001228943508	
686.400000	0.001238816377	
686.600000	0.001248689955	
686.800000	0.001258565686	
687.000000	0.001268445100	
687.200000	0.001278329808	
687.400000	0.001288221517	
687.600000	0.001298122032	
687.800000	0.001308033261	
688.000000	0.001317957226	
688.200000	0.001327896071	
688.400000	0.001337852068	
688.600000	0.001347827631	
688.800000	0.001357825323	
689.000000	0.001367847874	
689.200000	0.001377898189	
689.400000	0.001387979365	
689.600000	0.001398094709	
689.800000	0.001408247757	
690.000000	0.001418442293	
690.200000	0.001428682375	
690.400000	0.001438972361	
690.600000	0.001449316940	
690.800000	0.001459721163	
691.000000	0.001470190485	
691.200000	0.001480730811	
691.400000	0.001491348539	
691.600000	0.001502050627	
691.800000	0.001512844654	
692.000000	0.001523738899	
692.200000	0.001534742430	
692.400000	0.001545865209	
692.600000	0.001557118215	
692.800000	0.001568513587	
693.000000	0.001580064795	
693.200000	0.001591786844	
693.400000	0.001603696518	
693.600000	0.001615812671	
693.800000	0.001628156590	
694.000000	0.001640752425	
694.200000	0.001653627737	
694.400000	0.001666814162	
694.600000	0.001680348266	
694.800000	0.001694272616	
695.000000	0.001708637167	
695.200000	0.001723501072	
695.400000	0.001738935069	
695.600000	0.001755024700	
695.800000	0.001771874711	
696.000000	0.001789615211	
696.200000	0.001808410481	
696.400000	0.001828471931	
696.600000	0.001850077761	
696.800000	0.001873603943	
697.000000	0.001899575267	
697.200000	0.001928754212	
697.400000	0.001962306735	
697.600000	0.002002140677	
697.800000	0.002051686512	
698.000000	0.002118051540	
698.200000	0.002219996209	
698.400000	0.002443537993	
698.600000	0.006025927409	
698.800000	0.041453309637	
699.000000	0.462433483972	
699.200000	0.327823476527	
699.400000	0.228694400470	
699.600000	0.161034110770	
699.800000	0.120178007113	
700.000000	0.116246705190	
700.200000	0.109279879784	
700.400000	0.095429929820	
700.600000	0.070742737318	
700.800000	0.031459830338	
701.000000	0.004231750485	
701.200000	0.001132645909	
701.400000	0.000593719171	
701.600000	0.000404720779	
701.800000	0.000335312364	
702.000000	0.000310695577	
702.200000	0.000305770437	
714.860000	0.001008984960	
715.060000	0.001019437413	
715.260000	0.001029876683	
715.460000	0.001040302948	
715.660000	0.001050716417	
715.860000	0.001061117329	
716.060000	0.001071505954	
716.260000	0.001081882595	
716.460000	0.001092247587	
716.660000	0.001102601297	
716.860000	0.001112944127	
717.060000	0.001123276511	
717.260000	0.001133598924	
717.460000	0.001143911871	
717.660000	0.001154215899	
717.860000	0.001164511595	
718.060000	0.001174799584	
718.260000	0.001185080535	
718.460000	0.001195355162	
718.660000	0.001205624223	
718.860000	0.001215888525	
719.060000	0.001226148925	
719.260000	0.001236406334	
719.460000	0.001246661716	
719.660000	0.001256916095	
719.860000	0.001267170554	
720.060000	0.001277426241	
720.260000	0.001287684373	
720.460000	0.001297946236	
720.660000	0.001308213194	
720.860000	0.001318486689	
721.060000	0.001328768250	
721.260000	0.001339059494	
721.460000	0.001349362136	
721.660000	0.001359677993	
721.860000	0.001370008989	
722.060000	0.001380357169	
722.260000	0.001390724698	
722.460000	0.001401113879	
722.660000	0.001411527158	
722.860000	0.001421967136	
723.060000	0.001432436580	
723.260000	0.001442938441	
723.460000	0.001453475862	
723.660000	0.001464052202	
723.860000	0.001474671047	
724.060000	0.001485336236	
724.260000	0.001496051885	
724.460000	0.001506822405	
724.660000	0.001517652540	
724.860000	0.001528547395	
725.060000	0.001539512474	
725.260000	0.001550553722	
725.460000	0.001561677571	
725.660000	0.001572890998	
725.860000	0.001584201584	
726.060000	0.001595617586	
726.260000	0.001607148023	
726.460000	0.001618802767	
726.660000	0.001630592655	
726.860000	0.001642529624	
727.060000	0.001654626856	
727.260000	0.001666898965	
727.460000	0.001679362207	
727.660000	0.001692034739	
727.860000	0.001704936923	
728.060000	0.001718091701	
728.260000	0.001731525046	
728.460000	0.001745266523	
728.660000	0.001759349977	
728.860000	0.001773814401	
729.060000	0.001788705030	
729.260000	0.001804074740	
729.460000	0.001819985863	
729.660000	0.001836512564	
729.860000	0.001853744020	
730.060000	0.001871788720	
730.260000	0.001890780425	
730.460000	0.001910886583	
730.660000	0.001932320542	
730.860000	0.001955359777	
731.060000	0.001980374078	
731.260000	0.002007870935	
731.460000	0.002038572395	
731.660000	0.002073553520	
731.860000	0.002114512476	
732.060000	0.002164356236	
732.260000	0.002228675426	
732.460000	0.002320423708	
732.660000	0.002482670840	
732.860000	0.003223047551	
733.060000	0.018725763301	
733.260000	0.258407917459	
733.460000	0.372323001597	
733.660000	0.259414744299	
733.860000	0.181608947939	
734.060000	0.129065081637	
734.260000	0.114664827779	
734.460000	0.109943760843	
734.660000	0.099027132558	
734.860000	0.079228212716	
735.060000	0.045907034230	
735.260000	0.009907313688	
735.460000	0.001714011191	
735.660000	0.000777859837	
735.860000	0.000480634575	
736.060000	0.000370903987	
736.260000	0.000329056165	
736.460000	0.000315289139	
736.660000	0.000314948930	
749.940000	0.001024088766	
750.140000	0.001034288822	
750.340000	0.001044476934	
750.540000	0.001054653105	
750.740000	0.001064817363	
750.940000	0.001074969760	
751.140000	0.001085110374	
751.340000	0.001095239310	
751.540000	0.001105356695	
751.740000	0.001115462686	
751.940000	0.001125557465	
752.140000	0.001135641243	
752.340000	0.001145714257	
752.540000	0.001155776775	
752.740000	0.001165829093	
752.940000	0.001175871537	
753.140000	0.001185904467	
753.340000	0.001195928273	
753.540000	0.001205943379	
753.740000	0.001215950243	
753.940000	0.001225949360	
754.140000	0.001235941262	
754.340000	0.001245926519	
754.540000	0.001255905739	
754.740000	0.001265879576	
754.940000	0.001275848723	
755.140000	0.001285813922	
755.340000	0.001295775959	
755.540000	0.001305735671	
755.740000	0.001315693945	
755.940000	0.001325651725	
756.140000	0.001335610009	
756.340000	0.001345569855	
756.540000	0.001355532386	
756.740000	0.001365498786	
756.940000	0.001375470314	
757.140000	0.001385448300	
757.340000	0.001395434151	
757.540000	0.001405429356	
757.740000	0.001415435494	
757.940000	0.001425454233	
758.140000	0.001435487342	
758.340000	0.001445536694	
758.540000	0.001455604274	
758.740000	0.001465692185	
758.940000	0.001475802660	
759.140000	0.001485938068	
759.340000	0.001496100926	
759.540000	0.001506293907	
759.740000	0.001516519858	
759.940000	0.001526781806	
760.140000	0.001537082980	
760.340000	0.001547426823	
760.540000	0.001557817012	
760.740000	0.001568257480	
760.940000	0.001578752436	
761.140000	0.001589306392	
761.340000	0.001599924192	
761.540000	0.001610611044	
761.740000	0.001621372556	
761.940000	0.001632214777	
762.140000	0.001643144246	
762.340000	0.001654168040	
762.540000	0.001665293840	
762.740000	0.001676529996	
762.940000	0.001687885610	
763.140000	0.001699370624	
763.340000	0.001710995929	
763.540000	0.001722773489	
763.740000	0.001734716482	
763.940000	0.001746839473	
764.140000	0.001759158614	
764.340000	0.001771691877	
764.540000	0.001784459344	
764.740000	0.001797483545	
764.940000	0.001810789868	
765.140000	0.001824407066	
765.340000	0.001838367869	
765.540000	0.001852709756	
765.740000	0.001867475903	
765.940000	0.001882716398	
766.140000	0.001898489784	
766.340000	0.001914865059	
766.540000	0.001931924293	
766.740000	0.001949766126	
766.940000	0.001968510493	
767.140000	0.001988305160	
767.340000	0.002009334942	
767.540000	0.002031835060	
767.740000	0.002056111028	
767.940000	0.002082569352	
768.140000	0.002111766828	
768.340000	0.002144493802	
768.540000	0.002181923664	
768.740000	0.002225903358	
768.940000	0.002279580441	
769.140000	0.002348972678	
769.340000	0.002447906551	
769.540000	0.002621685157	
769.740000	0.003375981536	
769.940000	0.020137086797	
770.140000	0.305453161542	
770.340000	0.364637794570	
770.540000	0.253640275854	
770.740000	0.177389068614	
770.940000	0.125980519293	
771.140000	0.111891546514	
771.340000	0.107089841421	
771.540000	0.095898749737	
771.740000	0.075679758490	
771.940000	0.042360399698	
772.140000	0.008805238970	
772.340000	0.001694448345	
772.540000	0.000794539303	
772.740000	0.000494856623	
772.940000	0.000381843525	
773.140000	0.000337297020	
773.340000	0.000321258789	
773.540000	0.000318896061	
773.740000	0.000323692376	
788.860000	0.001060853602	
789.060000	0.001070142055	
789.260000	0.001079414173	
789.460000	0.001088669819	
789.660000	0.001097908874	
789.860000	0.001107131236	
790.060000	0.001116336819	
790.260000	0.001125525553	
790.460000	0.001134697386	
790.660000	0.001143852285	
790.860000	0.001152990231	
791.060000	0.001162111226	
791.260000	0.001171215290	
791.460000	0.001180302460	
791.660000	0.001189372792	
791.860000	0.001198426365	
792.060000	0.001207463272	
792.260000	0.001216483630	
792.460000	0.001225487575	
792.660000	0.001234475265	
792.860000	0.001243446878	
793.060000	0.001252402616	
793.260000	0.001261342700	
793.460000	0.001270267379	
793.660000	0.001279176920	
793.860000	0.001288071618	
794.060000	0.001296951792	
794.260000	0.001305817785	
794.460000	0.001314669969	
794.660000	0.001323508741	
794.860000	0.001332334526	
795.060000	0.001341147779	
795.260000	0.001349948983	
795.460000	0.001358738653	
795.660000	0.001367517336	
795.860000	0.001376285610	
796.060000	0.001385044089	
796.260000	0.001393793423	
796.460000	0.001402534296	
796.660000	0.001411267433	
796.860000	0.001419993598	
797.060000	0.001428713596	
797.260000	0.001437428276	
797.460000	0.001446138533	
797.660000	0.001454845310	
797.860000	0.001463549597	
798.060000	0.001472252440	
798.260000	0.001480954937	
798.460000	0.001489658246	
798.660000	0.001498363586	
798.860000	0.001507072239	
799.060000	0.001515785555	
799.260000	0.001524504956	
799.460000	0.001533231942	
799.660000	0.001541968091	
799.860000	0.001550715068	
800.060000	0.001559474630	
800.260000	0.001568248629	
800.460000	0.001577039023	
800.660000	0.001585847880	
800.860000	0.001594677384	
801.060000	0.001603529850	
801.260000	0.001612407726	
801.460000	0.001621313607	
801.660000	0.001630250247	
801.860000	0.001639220568	
802.060000	0.001648227677	
802.260000	0.001657274879	
802.460000	0.001666365694	
802.660000	0.001675503876	
802.860000	0.001684693435	
803.060000	0.001693938657	
803.260000	0.001703244131	
803.460000	0.001712614778	
803.660000	0.001722055884	
803.860000	0.001731573136	
804.060000	0.001741172660	
804.260000	0.001750861074	
804.460000	0.001760645533	
804.660000	0.001770533794	
804.860000	0.001780534286	
805.060000	0.001790656182	
805.260000	0.001800909496	
805.460000	0.001811305184	
805.660000	0.001821855269	
805.860000	0.001832572977	
806.060000	0.001843472907	
806.260000	0.001854571225	
806.460000	0.001865885893	
806.660000	0.001877436943	
806.860000	0.001889246810	
807.060000	0.001901340718	
807.260000	0.001913747168	
807.460000	0.001926498519	
807.660000	0.001939631711	
807.860000	0.001953189160	
808.060000	0.001967219888	
808.260000	0.001981780947	
808.460000	0.001996939250	
808.660000	0.002012773956	
808.860000	0.002029379601	
809.060000	0.002046870306	
809.260000	0.002065385497	
809.460000	0.002085097865	
809.660000	0.002106224699	
809.860000	0.002129044423	
810.060000	0.002153921520	
810.260000	0.002181345450	
810.460000	0.002211994150	
810.660000	0.002246843284	
810.860000	0.002287367240	
811.060000	0.002335942390	
811.260000	0.002396757126	
811.460000	0.002478247184	
811.660000	0.002601685679	
811.860000	0.002854795432	
812.060000	0.006096185791	
812.260000	0.049510682922	
812.460000	0.450468601381	
812.660000	0.315335039870	
812.860000	0.219076240909	
813.060000	0.153797274069	
813.260000	0.112805827758	
813.460000	0.108617622466	
813.660000	0.101506841457	
813.860000	0.087067881373	
814.060000	0.061819718159	
814.260000	0.024982206556	
814.460000	0.003729396268	
814.660000	0.001187825684	
814.860000	0.000638853147	
815.060000	0.000439179462	
815.260000	0.000361483446	
815.460000	0.000329917871	
815.660000	0.000318861014	
815.860000	0.000318070444	
835.280000	0.001111335805	
835.480000	0.001118763075	
835.680000	0.001126161828	
835.880000	0.001133531825	
836.080000	0.001140872833	
836.280000	0.001148184632	
836.480000	0.001155467007	
836.680000	0.001162719753	
836.880000	0.001169942676	
837.080000	0.001177135587	
837.280000	0.001184298308	
837.480000	0.001191430669	
837.680000	0.001198532508	
837.880000	0.001205603671	
838.080000	0.001212644014	
838.280000	0.001219653401	
838.480000	0.001226631703	
838.680000	0.001233578798	
838.880000	0.001240494577	
839.080000	0.001247378933	
839.280000	0.001254231771	
839.480000	0.001261053003	
839.680000	0.001267842546	
839.880000	0.001274600330	
840.080000	0.001281326287	
840.280000	0.001288020359	
840.480000	0.001294682497	
840.680000	0.001301312657	
840.880000	0.001307910802	
841.080000	0.001314476904	
841.280000	0.001321010940	
841.480000	0.001327512897	
841.680000	0.001333982765	
841.880000	0.001340420545	
842.080000	0.001346826240	
842.280000	0.001353199864	
842.480000	0.001359541435	
842.680000	0.001365850978	
842.880000	0.001372128525	
843.080000	0.001378374114	
843.280000	0.001384587789	
843.480000	0.001390769600	
843.680000	0.001396919605	
843.880000	0.001403037864	
844.080000	0.001409124448	
844.280000	0.001415179430	
844.480000	0.001421202890	
844.680000	0.001427194914	
844.880000	0.001433155594	
845.080000	0.001439085027	
845.280000	0.001444983316	
845.480000	0.001450850569	
845.680000	0.001456686901	
845.880000	0.001462492429	
846.080000	0.001468267280	
846.280000	0.001474011582	
846.480000	0.001479725472	
846.680000	0.001485409089	
846.880000	0.001491062580	
847.080000	0.001496686095	
847.280000	0.001502279791	
847.480000	0.001507843828	
847.680000	0.001513378374	
847.880000	0.001518883599	
848.080000	0.001524359681	
848.280000	0.001529806801	
848.480000	0.001535225146	
848.680000	0.001540614907	
848.880000	0.001545976282	
849.080000	0.001551309474	
849.280000	0.001556614688	
849.480000	0.001561892138	
849.680000	0.001567142042	
849.880000	0.001572364622	
850.080000	0.001577560106	
850.280000	0.001582728728	
850.480000	0.001587870727	
850.680000	0.001592986347	
850.880000	0.001598075838	
851.080000	0.001603139455	
851.280000	0.001608177459	
851.480000	0.001613190117	
851.680000	0.001618177702	
851.880000	0.001623140492	
852.080000	0.001628078773	
852.280000	0.001632992834	
852.480000	0.001637882974	
852.680000	0.001642749495	
852.880000	0.001647592710	
853.080000	0.001652412934	
853.280000	0.001657210493	
853.480000	0.001661985718	
853.680000	0.001666738948	
853.880000	0.001671470530	
854.080000	0.001676180819	
854.280000	0.001680870178	
854.480000	0.001685538977	
854.680000	0.001690187598	
854.880000	0.001694816430	
855.080000	0.001699425871	
855.280000	0.001704016331	
855.480000	0.001708588227	
855.680000	0.001713141990	
855.880000	0.001717678060	
856.080000	0.001722196888	
856.280000	0.001726698940	
856.480000	0.001731184691	
856.680000	0.001735654632	
856.880000	0.001740109265	
857.080000	0.001744549110	
857.280000	0.001748974698	
857.480000	0.001753386579	
857.680000	0.001757785319	
857.880000	0.001762171499	
858.080000	0.001766545721	
858.280000	0.001770908606	
858.480000	0.001775260794	
858.680000	0.001779602948	
858.880000	0.001783935752	
859.080000	0.001788259914	
859.280000	0.001792576168	
859.480000	0.001796885275	
859.680000	0.001801188022	
859.880000	0.001805485228	
860.080000	0.001809777741	
860.280000	0.001814066445	
860.480000	0.001818352258	
860.680000	0.001822636135	
860.880000	0.001826919073	
861.080000	0.001831202109	
861.280000	0.001835486327	
861.480000	0.001839772859	
861.680000	0.001844062887	
861.880000	0.001848357650	
862.080000	0.001852658444	
862.280000	0.001856966628	
862.480000	0.001861283628	
862.680000	0.001865610943	
862.880000	0.001869950147	
863.080000	0.001874302899	
863.280000	0.001878670945	
863.480000	0.001883056127	
863.680000	0.001887460392	
863.880000	0.001891885797	
864.080000	0.001896334517	
864.280000	0.001900808861	
864.480000	0.001905311276	
864.680000	0.001909844362	
864.880000	0.001914410885	
865.080000	0.001919013791	
865.280000	0.001923656221	
865.480000	0.001928341532	
865.680000	0.001933073313	
865.880000	0.001937855412	
866.080000	0.001942691954	
866.280000	0.001947587375	
866.480000	0.001952546451	
866.680000	0.001957574331	
866.880000	0.001962676579	
867.080000	0.001967859221	
867.280000	0.001973128790	
867.480000	0.001978492389	
867.680000	0.001983957756	
867.880000	0.001989533340	
868.080000	0.001995228388	
868.280000	0.002001053047	
868.480000	0.002007018483	
868.680000	0.002013137014	
868.880000	0.002019422275	
869.080000	0.002025889402	
869.280000	0.002032555259	
869.480000	0.002039438698	
869.680000	0.002046560881	
869.880000	0.002053945657	
870.080000	0.002061620024	
870.280000	0.002069614696	
870.480000	0.002077964791	
870.680000	0.002086710691	
870.880000	0.002095899122	
871.080000	0.002105584507	
871.280000	0.002115830716	
871.480000	0.002126713309	
871.680000	0.002138322503	
871.880000	0.002150767102	
872.080000	0.002164179846	
872.280000	0.002178724780	
872.480000	0.002194607670	
872.680000	0.002212091076	
872.880000	0.002231516810	
873.080000	0.002253340557	
873.280000	0.002278187482	
873.480000	0.002306946035	
873.680000	0.002340936272	
873.880000	0.002382236650	
874.080000	0.002434388876	
874.280000	0.002504161679	
874.480000	0.002607106366	
874.680000	0.002794349654	
874.880000	0.003666206768	
875.080000	0.023411410415	
875.280000	0.393995247377	
875.480000	0.353574086907	
875.680000	0.245137441496	
875.880000	0.171037282006	
876.080000	0.121239398199	
876.280000	0.106933832264	
876.480000	0.101985688049	
876.680000	0.090110532425	
876.880000	0.068567492992	
877.080000	0.034337984515	
877.280000	0.006123394406	
877.480000	0.001462032632	
877.680000	0.000711252726	
877.880000	0.000462176890	
878.080000	0.000367594213	
878.280000	0.000327893425	
878.480000	0.000311601040	
878.680000	0.000306690707	
898.680000	0.000884507025	
914.240000	0.001171625114	
914.440000	0.001173761572	
914.640000	0.001175859639	
914.840000	0.001177919453	
915.040000	0.001179941157	
915.240000	0.001181924900	
915.440000	0.001183870833	
915.640000	0.001185779112	
915.840000	0.001187649894	
916.040000	0.001189483344	
916.240000	0.001191279626	
916.440000	0.001193038912	
916.640000	0.001194761375	
916.840000	0.001196447191	
917.040000	0.001198096541	
917.240000	0.001199709609	
917.440000	0.001201286581	
917.640000	0.001202827648	
917.840000	0.001204333003	
918.040000	0.001205802843	
918.240000	0.001207237366	
918.440000	0.001208636776	
918.640000	0.001210001279	
918.840000	0.001211331082	
919.040000	0.001212626396	
919.240000	0.001213887436	
919.440000	0.001215114419	
919.640000	0.001216307563	
919.840000	0.001217467090	
920.040000	0.001218593225	
920.240000	0.001219686195	
920.440000	0.001220746229	
920.640000	0.001221773558	
920.840000	0.001222768416	
921.040000	0.001223731039	
921.240000	0.001224661666	
921.440000	0.001225560536	
921.640000	0.001226427892	
921.840000	0.001227263979	
922.040000	0.001228069041	
922.240000	0.001228843327	
922.440000	0.001229587087	
922.640000	0.001230300572	
922.840000	0.001230984035	
923.040000	0.001231637731	
923.240000	0.001232261915	
923.440000	0.001232856844	
923.640000	0.001233422779	
923.840000	0.001233959978	
924.040000	0.001234468703	
924.240000	0.001234949216	
924.440000	0.001235401782	
924.640000	0.001235826664	
924.840000	0.001236224128	
925.040000	0.001236594440	
925.240000	0.001236937868	
925.440000	0.001237254680	
925.640000	0.001237545144	
925.840000	0.001237809530	
926.040000	0.001238048107	
926.240000	0.001238261146	
926.440000	0.001238448918	
926.640000	0.001238611694	
926.840000	0.001238749744	
927.040000	0.001238863342	
927.240000	0.001238952758	
927.440000	0.001239018264	
927.640000	0.001239060134	
927.840000	0.001239078637	
928.040000	0.001239074047	
928.240000	0.001239046636	
928.440000	0.001238996673	
928.640000	0.001238924432	
928.840000	0.001238830182	
929.040000	0.001238714194	
929.240000	0.001238576739	
929.440000	0.001238418085	
929.640000	0.001238238502	
929.840000	0.001238038258	
930.040000	0.001237817620	
930.240000	0.001237576856	
930.440000	0.001237316232	
930.640000	0.001237036013	
930.840000	0.001236736464	
931.040000	0.001236417847	
931.240000	0.001236080426	
931.440000	0.001235724461	
931.640000	0.001235350213	
931.840000	0.001234957942	
932.040000	0.001234547904	
932.240000	0.001234120357	
932.440000	0.001233675556	
932.640000	0.001233213756	
932.840000	0.001232735208	
933.040000	0.001232240165	
933.240000	0.001231728876	
933.440000	0.001231201589	
933.640000	0.001230658552	
933.840000	0.001230100009	
934.040000	0.001229526204	
934.240000	0.001228937379	
934.440000	0.001228333775	
934.640000	0.001227715630	
934.840000	0.001227083181	
935.040000	0.001226436662	
935.240000	0.001225776308	
935.440000	0.001225102350	
935.640000	0.001224415017	
935.840000	0.001223714537	
936.040000	0.001223001136	
936.240000	0.001222275038	
936.440000	0.001221536464	
936.640000	0.001220785636	
936.840000	0.001220022769	
937.040000	0.001219248082	
937.240000	0.001218461786	
937.440000	0.001217664096	
937.640000	0.001216855219	
937.840000	0.001216035364	
938.040000	0.001215204737	
938.240000	0.001214363541	
938.440000	0.001213511977	
938.640000	0.001212650245	
938.840000	0.001211778543	
939.040000	0.001210897064	
939.240000	0.001210006001	
939.440000	0.001209105547	
939.640000	0.001208195888	
939.840000	0.001207277212	
940.040000	0.001206349702	
940.240000	0.001205413541	
940.440000	0.001204468908	
940.640000	0.001203515981	
940.840000	0.001202554936	
941.040000	0.001201585946	
941.240000	0.001200609182	
941.440000	0.001199624813	
941.640000	0.001198633006	
941.840000	0.001197633925	
942.040000	0.001196627734	
942.240000	0.001195614591	
942.440000	0.001194594656	
942.640000	0.001193568084	
942.840000	0.001192535030	
943.040000	0.001191495645	
943.240000	0.001190450078	
943.440000	0.001189398478	
943.640000	0.001188340990	
943.840000	0.001187277756	
944.040000	0.001186208919	
944.240000	0.001185134618	
944.440000	0.001184054989	
944.640000	0.001182970169	
944.840000	0.001181880289	
945.040000	0.001180785481	
965.040000	0.001061603042	
985.040000	0.000948594209	
1005.040000	0.000849390209	
1025.040000	0.000762558082	
1045.040000	0.000686384271	
1065.040000	0.000619488947	
1085.040000	0.000560733253	
1105.040000	0.000509142577	
1125.040000	0.000463865340	
1145.040000	0.000424150303	
1165.040000	0.000389331863	
1185.040000	0.000358821057	
1205.040000	0.000332096212	
1225.040000	0.000308695989	
1245.040000	0.000288213029	
1265.040000	0.000270288285	
1285.040000	0.000254605801	
1305.040000	0.000240887889	
1325.040000	0.000228890771	
1345.040000	0.000218400637	
1365.040000	0.000209230104	
1385.040000	0.000201215044	
1405.040000	0.000194211753	
1425.040000	0.000188094446	
1445.040000	0.000182753030	
1465.040000	0.000178091144	
1485.040000	0.000174024426	
1505.040000	0.000170478998	
1525.040000	0.000167390135	
1545.040000	0.000164701101	
1565.040000	0.000162362134	
1585.040000	0.000160329565	
1605.040000	0.000158565045	
1625.040000	0.000157034880	
1645.040000	0.000155709450	
1665.040000	0.000154562708	
1685.040000	0.000153571740	
1705.040000	0.000152716386	
1725.040000	0.000151978909	
1745.040000	0.000151343711	
1765.040000	0.000150797074	
1785.040000	0.000150326945	
1805.040000	0.000149922743	
1825.040000	0.000149575185	
1845.040000	0.000149276139	
1865.040000	0.000149018494	
1885.040000	0.000148796038	
1905.040000	0.000148603355	
1925.040000	0.000148435737	
1945.040000	0.000148289098	
1965.040000	0.000148159903	
1985.040000	0.000148045102	
2005.040000	0.000147942073	
2025.040000	0.000147848568	
2045.040000	0.000147762672	
2065.040000	0.000147682760	
2085.040000	0.000147607456	
2105.040000	0.000147535609	
2125.040000	0.000147466260	
2145.040000	0.000147398613	
2165.040000	0.000147332023	
2185.040000	0.000147265963	
2205.040000	0.000147200018	
2225.040000	0.000147133862	
2245.040000	0.000147067249	
2265.040000	0.000146999998	
2285.040000	0.000146931984	
2305.040000	0.000146863129	
2325.040000	0.000146793394	
2345.040000	0.000146722772	
2365.040000	0.000146651282	
2385.040000	0.000146578963	
2405.040000	0.000146505872	
2425.040000	0.000146432078	
2445.040000	0.000146357660	
2465.040000	0.000146282702	
2485.040000	0.000146207294	
