0.000000	0.641218282554	
20.000000	0.636591555725	
40.000000	0.636519150475	
60.000000	0.636672778086	
80.000000	0.636764961319	
100.000000	0.636801524589	
120.000000	0.761709895920	
140.000000	0.752454742014	
160.000000	0.735454901812	
180.000000	0.717776188514	
200.000000	0.700368562322	
220.000000	0.683681207516	
240.000000	0.667765785530	
260.000000	0.652572756924	
280.000000	0.638036206285	
300.000000	0.624092051823	
320.000000	0.610677835314	
340.000000	0.597153413406	
360.000000	0.584523381117	
380.000000	0.572426902649	
400.000000	0.560666024208	
420.000000	0.549133335938	
440.000000	0.537757484137	
460.000000	0.526480270592	
480.000000	0.515244127629	
500.000000	0.503981124974	
520.000000	0.484928490029	
540.000000	0.465257580156	
554.860000	0.445954147960	
555.060000	0.445422330908	
555.260000	0.444837643689	
555.460000	0.444180995810	
555.660000	0.443419807106	
555.860000	0.442489782689	
556.060000	0.441222408588	
556.260000	0.438301050233	
556.460000	0.414468863904	
556.660000	0.336110690597	
556.860000	0.002281587715	
557.060000	0.000000142059	
557.260000	0.000000231258	
557.460000	0.000001875401	
557.660000	0.000018625802	
557.860000	0.000078559408	
558.060000	0.000237854245	
558.260000	0.000730381936	
558.460000	0.002526339517	
558.660000	0.007762702831	
558.860000	0.012208179385	
559.060000	0.016538923439	
559.260000	0.022129803898	
579.260000	0.250976400763	
588.040000	0.244457072965	
588.240000	0.244313489128	
588.440000	0.244169583041	
588.640000	0.244025291790	
588.840000	0.243880548515	
589.040000	0.243735282036	
589.240000	0.243589416438	
589.440000	0.243442870584	
589.640000	0.243295557580	
589.840000	0.243147384150	
590.040000	0.242998249924	
590.240000	0.242848046623	
590.440000	0.242696657116	
590.640000	0.242543954328	
590.840000	0.242389799973	
591.040000	0.242234043070	
591.240000	0.242076518207	
591.440000	0.241917043483	
591.640000	0.241755418080	
591.840000	0.241591419345	
592.040000	0.241424799300	
592.240000	0.241255280401	
592.440000	0.241082550373	
592.640000	0.240906255840	
592.840000	0.240725994422	
593.040000	0.240541304798	
593.240000	0.240351654095	
593.440000	0.240156421670	
593.640000	0.239954877941	
593.840000	0.239746156354	
594.040000	0.239529215549	
594.240000	0.239302787268	
594.440000	0.239065302927	
594.640000	0.238814787221	
594.840000	0.238548698893	
595.040000	0.238263682950	
595.240000	0.237955166180	
595.440000	0.237616655822	
595.640000	0.237238423906	
595.840000	0.236804757956	
596.040000	0.236287224858	
596.240000	0.235623119694	
596.440000	0.234588289254	
596.640000	0.228417154922	
596.840000	0.198050113804	
597.040000	0.024200029947	
597.240000	0.000000071394	
597.440000	0.000000060386	
597.640000	0.000000412704	
597.840000	0.000004970714	
598.040000	0.000029281425	
598.240000	0.000095699984	
598.440000	0.000282066954	
598.640000	0.000895489795	
598.840000	0.002896641371	
599.040000	0.005807987528	
599.240000	0.008082045119	
599.440000	0.011040131416	
599.640000	0.014716811255	
619.160000	0.150726817862	
619.360000	0.150679023211	
619.560000	0.150631119878	
619.760000	0.150583125996	
619.960000	0.150535055979	
620.160000	0.150486920736	
620.360000	0.150438727864	
620.560000	0.150390481818	
620.760000	0.150342184052	
620.960000	0.150293833152	
621.160000	0.150245424937	
621.360000	0.150196952546	
621.560000	0.150148406510	
621.760000	0.150099774797	
621.960000	0.150051042849	
622.160000	0.150002193593	
622.360000	0.149953207438	
622.560000	0.149904062252	
622.760000	0.149854733324	
622.960000	0.149805193296	
623.160000	0.149755412086	
623.360000	0.149705356780	
623.560000	0.149654991503	
623.760000	0.149604277262	
623.960000	0.149553171763	
624.160000	0.149501629189	
624.360000	0.149449599947	
624.560000	0.149397030372	
624.760000	0.149343862382	
624.960000	0.149290033082	
625.160000	0.149235474303	
625.360000	0.149180112069	
625.560000	0.149123865977	
625.760000	0.149066648486	
625.960000	0.149008364072	
626.160000	0.148948908254	
626.360000	0.148888166448	
626.560000	0.148826012610	
626.760000	0.148762307639	
626.960000	0.148696897463	
627.160000	0.148629610755	
627.360000	0.148560256176	
627.560000	0.148488619022	
627.760000	0.148414457121	
627.960000	0.148337495759	
628.160000	0.148257421358	
628.360000	0.148173873495	
628.560000	0.148086434720	
628.760000	0.147994617397	
628.960000	0.147897846422	
629.160000	0.147795436178	
629.360000	0.147686559171	
629.560000	0.147570202450	
629.760000	0.147445105470	
629.960000	0.147309668829	
630.160000	0.147161815417	
630.360000	0.146998769843	
630.560000	0.146816688821	
630.760000	0.146609997810	
630.960000	0.146370086314	
631.160000	0.146082386178	
631.360000	0.145718362389	
631.560000	0.145203384858	
631.760000	0.143920426583	
631.960000	0.132988384733	
632.160000	0.077683809202	
632.360000	0.000000099173	
632.560000	0.000000021454	
632.760000	0.000000089256	
632.960000	0.000001086443	
633.160000	0.000010304510	
633.360000	0.000040579978	
633.560000	0.000121997526	
633.760000	0.000365289111	
633.960000	0.001155698591	
634.160000	0.002990902109	
634.360000	0.004553208144	
634.560000	0.006359272210	
634.760000	0.008681893676	
634.960000	0.011479720201	
635.160000	0.014687258209	
650.340000	0.108348617924	
650.540000	0.108363978979	
650.740000	0.108377874968	
650.940000	0.108390441738	
651.140000	0.108401802769	
651.340000	0.108412070155	
651.540000	0.108421345492	
651.740000	0.108429720698	
651.940000	0.108437278768	
652.140000	0.108444094457	
652.340000	0.108450234911	
652.540000	0.108455760241	
652.740000	0.108460724048	
652.940000	0.108465173898	
653.140000	0.108469151756	
653.340000	0.108472694383	
653.540000	0.108475833686	
653.740000	0.108478597045	
653.940000	0.108481007599	
654.140000	0.108483084504	
654.340000	0.108484843167	
654.540000	0.108486295441	
654.740000	0.108487449813	
654.940000	0.108488311550	
655.140000	0.108488882833	
655.340000	0.108489162866	
655.540000	0.108489147964	
655.740000	0.108488831615	
655.940000	0.108488204531	
656.140000	0.108487254673	
656.340000	0.108485967249	
656.540000	0.108484324705	
656.740000	0.108482306679	
656.940000	0.108479889946	
657.140000	0.108477048324	
657.340000	0.108473752567	
657.540000	0.108469970220	
657.740000	0.108465665450	
657.940000	0.108460798835	
658.140000	0.108455327123	
658.340000	0.108449202939	
658.540000	0.108442374444	
658.740000	0.108434784942	
658.940000	0.108426372415	
659.140000	0.108417068978	
659.340000	0.108406800252	
659.540000	0.108395484618	
659.740000	0.108383032350	
659.940000	0.108369344590	
660.140000	0.108354312133	
660.340000	0.108337813992	
660.540000	0.108319715672	
660.740000	0.108299867102	
660.940000	0.108278100136	
661.140000	0.108254225495	
661.340000	0.108228029023	
661.540000	0.108199267035	
661.740000	0.108167660487	
661.940000	0.108132887600	
662.140000	0.108094574395	
662.340000	0.108052282384	
662.540000	0.108005492313	
662.740000	0.107953582310	
662.940000	0.107895797898	
663.140000	0.107831209895	
663.340000	0.107758653671	
663.540000	0.107676638618	
663.740000	0.107583207947	
663.940000	0.107475710919	
664.140000	0.107350410000	
664.340000	0.107201748015	
664.540000	0.107020825996	
664.740000	0.106791698342	
664.940000	0.106479607385	
665.140000	0.105962205703	
665.340000	0.102671161510	
665.540000	0.083869696804	
665.740000	0.000134032543	
665.940000	0.000000014531	
666.140000	0.000000023136	
666.340000	0.000000225180	
666.540000	0.000003123515	
666.740000	0.000017954504	
666.940000	0.000059535139	
667.140000	0.000175481776	
667.340000	0.000533251149	
667.540000	0.001568072021	
667.740000	0.002953999325	
667.940000	0.004236892276	
668.140000	0.005918874537	
668.340000	0.008008609272	
668.540000	0.010461516425	
668.740000	0.013218316298	
682.000000	0.089861558665	
682.200000	0.089916499344	
682.400000	0.089968467433	
682.600000	0.090017718695	
682.800000	0.090064487386	
683.000000	0.090108987934	
683.200000	0.090151416488	
683.400000	0.090191952355	
683.600000	0.090230759321	
683.800000	0.090267986873	
684.000000	0.090303771321	
684.200000	0.090338236836	
684.400000	0.090371496401	
684.600000	0.090403652685	
684.800000	0.090434798850	
685.000000	0.090465019287	
685.200000	0.090494390291	
685.400000	0.090522980681	
685.600000	0.090550852369	
685.800000	0.090578060872	
686.000000	0.090604655788	
686.200000	0.090630681223	
686.400000	0.090656176182	
686.600000	0.090681174927	
686.800000	0.090705707290	
687.000000	0.090729798969	
687.200000	0.090753471783	
687.400000	0.090776743905	
687.600000	0.090799630070	
687.800000	0.090822141755	
688.000000	0.090844287339	
688.200000	0.090866072239	
688.400000	0.090887499029	
688.600000	0.090908567531	
688.800000	0.090929274898	
689.000000	0.090949615665	
689.200000	0.090969581796	
689.400000	0.090989162693	
689.600000	0.091008345208	
689.800000	0.091027113615	
690.000000	0.091045449578	
690.200000	0.091063332087	
690.400000	0.091080737377	
690.600000	0.091097638822	
690.800000	0.091114006803	
691.000000	0.091129808544	
691.200000	0.091145007925	
691.400000	0.091159565249	
691.600000	0.091173436976	
691.800000	0.091186575408	
692.000000	0.091198928325	
692.200000	0.091210438556	
692.400000	0.091221043482	
692.600000	0.091230674457	
692.800000	0.091239256128	
693.000000	0.091246705639	
693.200000	0.091252931699	
693.400000	0.091257833477	
693.600000	0.091261299289	
693.800000	0.091263205044	
694.000000	0.091263412365	
694.200000	0.091261766336	
694.400000	0.091258092747	
694.600000	0.091252194730	
694.800000	0.091243848596	
695.000000	0.091232798629	
695.200000	0.091218750527	
695.400000	0.091201363008	
695.600000	0.091180236953	
695.800000	0.091154901122	
696.000000	0.091124793048	
696.200000	0.091089232988	
696.400000	0.091047387560	
696.600000	0.090998217688	
696.800000	0.090940401683	
697.000000	0.090872217315	
697.200000	0.090791352603	
697.400000	0.090694584405	
697.600000	0.090577190582	
697.800000	0.090431761436	
698.000000	0.090245420186	
698.200000	0.089991589305	
698.400000	0.089590047316	
698.600000	0.087735320262	
698.800000	0.074691556517	
699.000000	0.000905643872	
699.200000	0.000000011641	
699.400000	0.000000012862	
699.600000	0.000000114213	
699.800000	0.000001783932	
700.000000	0.000012788475	
700.200000	0.000045781020	
700.400000	0.000136450531	
700.600000	0.000407190155	
700.800000	0.001194118652	
701.000000	0.002422971523	
701.200000	0.003546010032	
701.400000	0.005006480079	
701.600000	0.006840270979	
701.800000	0.009010574988	
702.000000	0.011466711203	
702.200000	0.014149622365	
714.860000	0.082690490315	
715.060000	0.082760172099	
715.260000	0.082826410028	
715.460000	0.082889493371	
715.660000	0.082949687737	
715.860000	0.083007236891	
716.060000	0.083062364442	
716.260000	0.083115275403	
716.460000	0.083166157636	
716.660000	0.083215183190	
716.860000	0.083262509533	
717.060000	0.083308280695	
717.260000	0.083352628317	
717.460000	0.083395672622	
717.660000	0.083437523310	
717.860000	0.083478280374	
718.060000	0.083518034860	
718.260000	0.083556869562	
718.460000	0.083594859657	
718.660000	0.083632073290	
718.860000	0.083668572114	
719.060000	0.083704411774	
719.260000	0.083739642363	
719.460000	0.083774308827	
719.660000	0.083808451342	
719.860000	0.083842105652	
720.060000	0.083875303382	
720.260000	0.083908072316	
720.460000	0.083940436653	
720.660000	0.083972417237	
720.860000	0.084004031762	
721.060000	0.084035294958	
721.260000	0.084066218756	
721.460000	0.084096812432	
721.660000	0.084127082735	
721.860000	0.084157034000	
722.060000	0.084186668240	
722.260000	0.084215985226	
722.460000	0.084244982551	
722.660000	0.084273655679	
722.860000	0.084301997984	
723.060000	0.084330000764	
723.260000	0.084357653256	
723.460000	0.084384942624	
723.660000	0.084411853938	
723.860000	0.084438370137	
724.060000	0.084464471981	
724.260000	0.084490137974	
724.460000	0.084515344283	
724.660000	0.084540064629	
724.860000	0.084564270162	
725.060000	0.084587929305	
725.260000	0.084611007588	
725.460000	0.084633467431	
725.660000	0.084655267916	
725.860000	0.084676364509	
726.060000	0.084696708741	
726.260000	0.084716247847	
726.460000	0.084734924341	
726.660000	0.084752675526	
726.860000	0.084769432935	
727.060000	0.084785121664	
727.260000	0.084799659615	
727.460000	0.084812956590	
727.660000	0.084824913246	
727.860000	0.084835419843	
728.060000	0.084844354771	
728.260000	0.084851582786	
728.460000	0.084856952888	
728.660000	0.084860295756	
728.860000	0.084861420621	
729.060000	0.084860111415	
729.260000	0.084856121992	
729.460000	0.084849170131	
729.660000	0.084838929923	
729.860000	0.084825021989	
730.060000	0.084807000718	
730.260000	0.084784337356	
730.460000	0.084756397167	
730.660000	0.084722407961	
730.860000	0.084681415608	
731.060000	0.084632219380	
731.260000	0.084573274667	
731.460000	0.084502540469	
731.660000	0.084417227714	
731.860000	0.084313355829	
732.060000	0.084184900565	
732.260000	0.084021943803	
732.460000	0.083805830103	
732.660000	0.083491368120	
732.860000	0.082822256970	
733.060000	0.076604078327	
733.260000	0.033348816044	
733.460000	0.000000023321	
733.660000	0.000000006474	
733.860000	0.000000032296	
734.060000	0.000000505334	
734.260000	0.000006127993	
734.460000	0.000027878202	
734.660000	0.000088052750	
734.860000	0.000260279717	
735.060000	0.000771708365	
735.260000	0.001873442335	
735.460000	0.002932776223	
735.660000	0.004198989460	
735.860000	0.005829871168	
736.060000	0.007800281632	
736.260000	0.010067111491	
736.460000	0.012576550975	
736.660000	0.015271259070	
749.940000	0.081294706012	
750.140000	0.081357591934	
750.340000	0.081417922666	
750.540000	0.081475913630	
750.740000	0.081531762798	
750.940000	0.081585652040	
751.140000	0.081637748369	
751.340000	0.081688205086	
751.540000	0.081737162854	
751.740000	0.081784750673	
751.940000	0.081831086792	
752.140000	0.081876279544	
752.340000	0.081920428119	
752.540000	0.081963623275	
752.740000	0.082005947993	
752.940000	0.082047478080	
753.140000	0.082088282720	
753.340000	0.082128424988	
753.540000	0.082167962314	
753.740000	0.082206946916	
753.940000	0.082245426189	
754.140000	0.082283443070	
754.340000	0.082321036367	
754.540000	0.082358241061	
754.740000	0.082395088584	
754.940000	0.082431607071	
755.140000	0.082467821587	
755.340000	0.082503754344	
755.540000	0.082539424882	
755.740000	0.082574850253	
755.940000	0.082610045168	
756.140000	0.082645022144	
756.340000	0.082679791630	
756.540000	0.082714362121	
756.740000	0.082748740261	
756.940000	0.082782930932	
757.140000	0.082816937334	
757.340000	0.082850761055	
757.540000	0.082884402132	
757.740000	0.082917859097	
757.940000	0.082951129022	
758.140000	0.082984207553	
758.340000	0.083017088932	
758.540000	0.083049766015	
758.740000	0.083082230281	
758.940000	0.083114471832	
759.140000	0.083146479387	
759.340000	0.083178240263	
759.540000	0.083209740355	
759.740000	0.083240964102	
759.940000	0.083271894445	
760.140000	0.083302512775	
760.340000	0.083332798874	
760.540000	0.083362730840	
760.740000	0.083392285004	
760.940000	0.083421435832	
761.140000	0.083450155816	
761.340000	0.083478415341	
761.540000	0.083506182545	
761.740000	0.083533423152	
761.940000	0.083560100286	
762.140000	0.083586174258	
762.340000	0.083611602324	
762.540000	0.083636338415	
762.740000	0.083660332819	
762.940000	0.083683531834	
763.140000	0.083705877356	
763.340000	0.083727306416	
763.540000	0.083747750648	
763.740000	0.083767135673	
763.940000	0.083785380385	
764.140000	0.083802396127	
764.340000	0.083818085726	
764.540000	0.083832342359	
764.740000	0.083845048227	
764.940000	0.083856072973	
765.140000	0.083865271797	
765.340000	0.083872483205	
765.540000	0.083877526276	
765.740000	0.083880197336	
765.940000	0.083880265875	
766.140000	0.083877469481	
766.340000	0.083871507487	
766.540000	0.083862032926	
766.740000	0.083848642192	
766.940000	0.083830861582	
767.140000	0.083808129482	
767.340000	0.083779772351	
767.540000	0.083744971671	
767.740000	0.083702717327	
767.940000	0.083651739980	
768.140000	0.083590409551	
768.340000	0.083516576477	
768.540000	0.083427310504	
768.740000	0.083318442056	
768.940000	0.083183684393	
769.140000	0.083012737403	
769.340000	0.082786357836	
769.540000	0.082458447744	
769.740000	0.081777398316	
769.940000	0.075405186537	
770.140000	0.026616282689	
770.340000	0.000000015774	
770.540000	0.000000005009	
770.740000	0.000000027141	
770.940000	0.000000467775	
771.140000	0.000006171933	
771.340000	0.000029392572	
771.540000	0.000094457457	
771.740000	0.000279907299	
771.940000	0.000819327326	
772.140000	0.001918688777	
772.340000	0.002973670441	
772.540000	0.004258231890	
772.740000	0.005906018004	
772.940000	0.007890829567	
773.140000	0.010169947619	
773.340000	0.012690352800	
773.540000	0.015395687612	
773.740000	0.018231602326	
788.860000	0.083463731370	
789.060000	0.083512363448	
789.260000	0.083559909314	
789.460000	0.083606469894	
789.660000	0.083652138075	
789.860000	0.083696999319	
790.060000	0.083741132238	
790.260000	0.083784609121	
790.460000	0.083827496418	
790.660000	0.083869855189	
790.860000	0.083911741517	
791.060000	0.083953206884	
791.260000	0.083994298526	
791.460000	0.084035059749	
791.660000	0.084075530228	
791.860000	0.084115746280	
792.060000	0.084155741109	
792.260000	0.084195545040	
792.460000	0.084235185728	
792.660000	0.084274688353	
792.860000	0.084314075798	
793.060000	0.084353368808	
793.260000	0.084392586146	
793.460000	0.084431744727	
793.660000	0.084470859740	
793.860000	0.084509944771	
794.060000	0.084549011903	
794.260000	0.084588071811	
794.460000	0.084627133854	
794.660000	0.084666206155	
794.860000	0.084705295670	
795.060000	0.084744408258	
795.260000	0.084783548740	
795.460000	0.084822720955	
795.660000	0.084861927809	
795.860000	0.084901171319	
796.060000	0.084940452652	
796.260000	0.084979772163	
796.460000	0.085019129426	
796.660000	0.085058523262	
796.860000	0.085097951762	
797.060000	0.085137412309	
797.260000	0.085176901597	
797.460000	0.085216415643	
797.660000	0.085255949801	
797.860000	0.085295498769	
798.060000	0.085335056598	
798.260000	0.085374616692	
798.460000	0.085414171810	
798.660000	0.085453714064	
798.860000	0.085493234915	
799.060000	0.085532725162	
799.260000	0.085572174937	
799.460000	0.085611573687	
799.660000	0.085650910160	
799.860000	0.085690172388	
800.060000	0.085729347658	
800.260000	0.085768422493	
800.460000	0.085807382620	
800.660000	0.085846212937	
800.860000	0.085884897474	
801.060000	0.085923419352	
801.260000	0.085961760740	
801.460000	0.085999902797	
801.660000	0.086037825620	
801.860000	0.086075508175	
802.060000	0.086112928233	
802.260000	0.086150062284	
802.460000	0.086186885456	
802.660000	0.086223371416	
802.860000	0.086259492266	
803.060000	0.086295218421	
803.260000	0.086330518481	
803.460000	0.086365359082	
803.660000	0.086399704735	
803.860000	0.086433517644	
804.060000	0.086466757499	
804.260000	0.086499381255	
804.460000	0.086531342868	
804.660000	0.086562593011	
804.860000	0.086593078750	
805.060000	0.086622743169	
805.260000	0.086651524958	
805.460000	0.086679357934	
805.660000	0.086706170493	
805.860000	0.086731884991	
806.060000	0.086756417016	
806.260000	0.086779674563	
806.460000	0.086801557061	
806.660000	0.086821954246	
806.860000	0.086840744838	
807.060000	0.086857794976	
807.260000	0.086872956364	
807.460000	0.086886064059	
807.660000	0.086896933811	
807.860000	0.086905358835	
808.060000	0.086911105877	
808.260000	0.086913910364	
808.460000	0.086913470370	
808.660000	0.086909439029	
808.860000	0.086901414881	
809.060000	0.086888929427	
809.260000	0.086871430837	
809.460000	0.086848262280	
809.660000	0.086818632521	
809.860000	0.086781575168	
810.060000	0.086735890699	
810.260000	0.086680061503	
810.460000	0.086612122775	
810.660000	0.086529457523	
810.860000	0.086428452598	
811.060000	0.086303878897	
811.260000	0.086147661568	
811.460000	0.085946076366	
811.660000	0.085671763501	
811.860000	0.085248110518	
812.060000	0.083652053259	
812.260000	0.070120777552	
812.460000	0.000102194839	
812.660000	0.000000004971	
812.860000	0.000000006170	
813.060000	0.000000063738	
813.260000	0.000001325700	
813.460000	0.000012528047	
813.660000	0.000050798448	
813.860000	0.000157425449	
814.060000	0.000466929209	
814.260000	0.001295503784	
814.460000	0.002454880538	
814.660000	0.003595697110	
814.860000	0.005083203188	
815.060000	0.006936686142	
815.260000	0.009120415885	
815.460000	0.011585444918	
815.660000	0.014275409625	
815.860000	0.017133364647	
835.280000	0.088973935492	
835.480000	0.089017969859	
835.680000	0.089062057451	
835.880000	0.089106222451	
836.080000	0.089150487255	
836.280000	0.089194872599	
836.480000	0.089239397678	
836.680000	0.089284080253	
836.880000	0.089328936753	
837.080000	0.089373982366	
837.280000	0.089419231126	
837.480000	0.089464695993	
837.680000	0.089510388924	
837.880000	0.089556320943	
838.080000	0.089602502201	
838.280000	0.089648942036	
838.480000	0.089695649028	
838.680000	0.089742631044	
838.880000	0.089789895291	
839.080000	0.089837448350	
839.280000	0.089885296225	
839.480000	0.089933444372	
839.680000	0.089981897738	
839.880000	0.090030660791	
840.080000	0.090079737548	
840.280000	0.090129131605	
840.480000	0.090178846161	
840.680000	0.090228884043	
840.880000	0.090279247723	
841.080000	0.090329939349	
841.280000	0.090380960751	
841.480000	0.090432313471	
841.680000	0.090483998772	
841.880000	0.090536017655	
842.080000	0.090588370876	
842.280000	0.090641058958	
842.480000	0.090694082203	
842.680000	0.090747440706	
842.880000	0.090801134363	
843.080000	0.090855162886	
843.280000	0.090909525807	
843.480000	0.090964222493	
843.680000	0.091019252152	
843.880000	0.091074613840	
844.080000	0.091130306469	
844.280000	0.091186328818	
844.480000	0.091242679533	
844.680000	0.091299357140	
844.880000	0.091356360046	
845.080000	0.091413686547	
845.280000	0.091471334832	
845.480000	0.091529302990	
845.680000	0.091587589012	
845.880000	0.091646190798	
846.080000	0.091705106157	
846.280000	0.091764332817	
846.480000	0.091823868421	
846.680000	0.091883710538	
846.880000	0.091943856661	
847.080000	0.092004304210	
847.280000	0.092065050540	
847.480000	0.092126092936	
847.680000	0.092187428622	
847.880000	0.092249054758	
848.080000	0.092310968446	
848.280000	0.092373166730	
848.480000	0.092435646598	
848.680000	0.092498404983	
848.880000	0.092561438766	
849.080000	0.092624744777	
849.280000	0.092688319793	
849.480000	0.092752160544	
849.680000	0.092816263710	
849.880000	0.092880625926	
850.080000	0.092945243776	
850.280000	0.093010113800	
850.480000	0.093075232492	
850.680000	0.093140596299	
850.880000	0.093206201623	
851.080000	0.093272044821	
851.280000	0.093338122202	
851.480000	0.093404430033	
851.680000	0.093470964533	
851.880000	0.093537721872	
852.080000	0.093604698178	
852.280000	0.093671889527	
852.480000	0.093739291949	
852.680000	0.093806901423	
852.880000	0.093874713879	
853.080000	0.093942725195	
853.280000	0.094010931196	
853.480000	0.094079327651	
853.680000	0.094147910276	
853.880000	0.094216674728	
854.080000	0.094285616605	
854.280000	0.094354731441	
854.480000	0.094424014709	
854.680000	0.094493461816	
854.880000	0.094563068098	
855.080000	0.094632828822	
855.280000	0.094702739178	
855.480000	0.094772794281	
855.680000	0.094842989164	
855.880000	0.094913318776	
856.080000	0.094983777977	
856.280000	0.095054361536	
856.480000	0.095125064124	
856.680000	0.095195880311	
856.880000	0.095266804563	
857.080000	0.095337831231	
857.280000	0.095408954551	
857.480000	0.095480168638	
857.680000	0.095551467476	
857.880000	0.095622844912	
858.080000	0.095694294653	
858.280000	0.095765810255	
858.480000	0.095837385113	
858.680000	0.095909012459	
858.880000	0.095980685346	
859.080000	0.096052396643	
859.280000	0.096124139021	
859.480000	0.096195904946	
859.680000	0.096267686664	
859.880000	0.096339476189	
860.080000	0.096411265292	
860.280000	0.096483045482	
860.480000	0.096554807996	
860.680000	0.096626543780	
860.880000	0.096698243469	
861.080000	0.096769897374	
861.280000	0.096841495455	
861.480000	0.096913027306	
861.680000	0.096984482126	
861.880000	0.097055848699	
862.080000	0.097127115362	
862.280000	0.097198269980	
862.480000	0.097269299912	
862.680000	0.097340191981	
862.880000	0.097410932432	
863.080000	0.097481506898	
863.280000	0.097551900351	
863.480000	0.097622097063	
863.680000	0.097692080549	
863.880000	0.097761833519	
864.080000	0.097831337809	
864.280000	0.097900574327	
864.480000	0.097969522972	
864.680000	0.098038162566	
864.880000	0.098106470761	
865.080000	0.098174423950	
865.280000	0.098241997164	
865.480000	0.098309163962	
865.680000	0.098375896303	
865.880000	0.098442164411	
866.080000	0.098507936624	
866.280000	0.098573179227	
866.480000	0.098637856264	
866.680000	0.098701929330	
866.880000	0.098765357342	
867.080000	0.098828096278	
867.280000	0.098890098885	
867.480000	0.098951314354	
867.680000	0.099011687953	
867.880000	0.099071160607	
868.080000	0.099129668425	
868.280000	0.099187142164	
868.480000	0.099243506613	
868.680000	0.099298679885	
868.880000	0.099352572613	
869.080000	0.099405087002	
869.280000	0.099456115752	
869.480000	0.099505540778	
869.680000	0.099553231732	
869.880000	0.099599044245	
870.080000	0.099642817854	
870.280000	0.099684373523	
870.480000	0.099723510677	
870.680000	0.099760003604	
870.880000	0.099793597084	
871.080000	0.099824001008	
871.280000	0.099850883708	
871.480000	0.099873863597	
871.680000	0.099892498571	
871.880000	0.099906272407	
872.080000	0.099914577049	
872.280000	0.099916689174	
872.480000	0.099911738631	
872.680000	0.099898665013	
872.880000	0.099876156489	
873.080000	0.099842561134	
873.280000	0.099795754017	
873.480000	0.099732929653	
873.680000	0.099650261041	
873.880000	0.099542301992	
874.080000	0.099400845114	
874.280000	0.099212458347	
874.480000	0.098952082612	
874.680000	0.098559684661	
874.880000	0.097697392875	
875.080000	0.089257802212	
875.280000	0.017652629069	
875.480000	0.000000009422	
875.680000	0.000000003565	
875.880000	0.000000021748	
876.080000	0.000000452228	
876.280000	0.000007329416	
876.480000	0.000039295519	
876.680000	0.000132486398	
876.880000	0.000399878806	
877.080000	0.001151353095	
877.280000	0.002454024108	
877.480000	0.003670235291	
877.680000	0.005210332617	
877.880000	0.007159803257	
878.080000	0.009485619447	
878.280000	0.012136835848	
878.480000	0.015052741853	
878.680000	0.018170984353	
898.680000	0.101648707810	
914.240000	0.106860595976	
914.440000	0.106951331453	
914.640000	0.107042662280	
914.840000	0.107134586296	
915.040000	0.107227101294	
915.240000	0.107320205034	
915.440000	0.107413895234	
915.640000	0.107508169580	
915.840000	0.107603025720	
916.040000	0.107698461269	
916.240000	0.107794473808	
916.440000	0.107891060887	
916.640000	0.107988220024	
916.840000	0.108085948706	
917.040000	0.108184244391	
917.240000	0.108283104508	
917.440000	0.108382526457	
917.640000	0.108482507611	
917.840000	0.108583045315	
918.040000	0.108684136890	
918.240000	0.108785779629	
918.440000	0.108887970799	
918.640000	0.108990707645	
918.840000	0.109093987387	
919.040000	0.109197807220	
919.240000	0.109302164316	
919.440000	0.109407055826	
919.640000	0.109512478878	
919.840000	0.109618430577	
920.040000	0.109724908006	
920.240000	0.109831908230	
920.440000	0.109939428291	
920.640000	0.110047465211	
920.840000	0.110156015992	
921.040000	0.110265077617	
921.240000	0.110374647049	
921.440000	0.110484721232	
921.640000	0.110595297094	
921.840000	0.110706371542	
922.040000	0.110817941465	
922.240000	0.110930003737	
922.440000	0.111042555213	
922.640000	0.111155592732	
922.840000	0.111269113117	
923.040000	0.111383113172	
923.240000	0.111497589689	
923.440000	0.111612539443	
923.640000	0.111727959194	
923.840000	0.111843845686	
924.040000	0.111960195651	
924.240000	0.112077005806	
924.440000	0.112194272854	
924.640000	0.112311993485	
924.840000	0.112430164376	
925.040000	0.112548782191	
925.240000	0.112667843583	
925.440000	0.112787345194	
925.640000	0.112907283652	
925.840000	0.113027655575	
926.040000	0.113148457572	
926.240000	0.113269686242	
926.440000	0.113391338171	
926.640000	0.113513409939	
926.840000	0.113635898116	
927.040000	0.113758799263	
927.240000	0.113882109936	
927.440000	0.114005826680	
927.640000	0.114129946033	
927.840000	0.114254464531	
928.040000	0.114379378698	
928.240000	0.114504685055	
928.440000	0.114630380120	
928.640000	0.114756460404	
928.840000	0.114882922412	
929.040000	0.115009762650	
929.240000	0.115136977618	
929.440000	0.115264563812	
929.640000	0.115392517729	
929.840000	0.115520835864	
930.040000	0.115649514707	
930.240000	0.115778550753	
930.440000	0.115907940493	
930.640000	0.116037680420	
930.840000	0.116167767027	
931.040000	0.116298196810	
931.240000	0.116428966265	
931.440000	0.116560071893	
931.640000	0.116691510197	
931.840000	0.116823277682	
932.040000	0.116955370859	
932.240000	0.117087786244	
932.440000	0.117220520358	
932.640000	0.117353569725	
932.840000	0.117486930880	
933.040000	0.117620600361	
933.240000	0.117754574714	
933.440000	0.117888850494	
933.640000	0.118023424264	
933.840000	0.118158292596	
934.040000	0.118293452070	
934.240000	0.118428899277	
934.440000	0.118564630818	
934.640000	0.118700643306	
934.840000	0.118836933363	
935.040000	0.118973497625	
935.240000	0.119110332739	
935.440000	0.119247435366	
935.640000	0.119384802179	
935.840000	0.119522429865	
936.040000	0.119660315127	
936.240000	0.119798454679	
936.440000	0.119936845253	
936.640000	0.120075483595	
936.840000	0.120214366468	
937.040000	0.120353490650	
937.240000	0.120492852938	
937.440000	0.120632450143	
937.640000	0.120772279095	
937.840000	0.120912336643	
938.040000	0.121052619653	
938.240000	0.121193125009	
938.440000	0.121333849616	
938.640000	0.121474790396	
938.840000	0.121615944292	
939.040000	0.121757308268	
939.240000	0.121898879305	
939.440000	0.122040654408	
939.640000	0.122182630601	
939.840000	0.122324804929	
940.040000	0.122467174461	
940.240000	0.122609736284	
940.440000	0.122752487510	
940.640000	0.122895425271	
940.840000	0.123038546723	
941.040000	0.123181849044	
941.240000	0.123325329435	
941.440000	0.123468985120	
941.640000	0.123612813347	
941.840000	0.123756811385	
942.040000	0.123900976531	
942.240000	0.124045306100	
942.440000	0.124189797437	
942.640000	0.124334447907	
942.840000	0.124479254901	
943.040000	0.124624215832	
943.240000	0.124769328142	
943.440000	0.124914589293	
943.640000	0.125059996774	
943.840000	0.125205548097	
944.040000	0.125351240802	
944.240000	0.125497072451	
944.440000	0.125643040632	
944.640000	0.125789142957	
944.840000	0.125935377064	
945.040000	0.126081740617	
965.040000	0.141073942312	
985.040000	0.156177512145	
1005.040000	0.171122787548	
1025.040000	0.185874970306	
1045.040000	0.200420983012	
1065.040000	0.214743875911	
1085.040000	0.228822880499	
1105.040000	0.242635316884	
1125.040000	0.256158116082	
1145.040000	0.269368928517	
1165.040000	0.282246989744	
1185.040000	0.294773632888	
1205.040000	0.306932810668	
1225.040000	0.318711435642	
1245.040000	0.330099575492	
1265.040000	0.341090532263	
1285.040000	0.351680810847	
1305.040000	0.361870009191	
1325.040000	0.371660623796	
1345.040000	0.381057791485	
1365.040000	0.390068982985	
1385.040000	0.398703665578	
1405.040000	0.406972951907	
1425.040000	0.414889250494	
1445.040000	0.422465931193	
1465.040000	0.429717015787	
1485.040000	0.436656900827	
1505.040000	0.443300116789	
1525.040000	0.449661124923	
1545.040000	0.455754151100	
1565.040000	0.461593054326	
1585.040000	0.467191226636	
1605.040000	0.472561520499	
1625.040000	0.477716199717	
1645.040000	0.482666909897	
1665.040000	0.487424664866	
1685.040000	0.491999845785	
1705.040000	0.496402210131	
1725.040000	0.500640908161	
1745.040000	0.504724504844	
1765.040000	0.508661005640	
1785.040000	0.512457884793	
1805.040000	0.516122115085	
1825.040000	0.519660198216	
1845.040000	0.523078195184	
1865.040000	0.526381756149	
1885.040000	0.529576149443	
1905.040000	0.532666289445	
1925.040000	0.535656763145	
1945.040000	0.538551855279	
1965.040000	0.541355571965	
1985.040000	0.544071662820	
2005.040000	0.546703641555	
2025.040000	0.549254805076	
2045.040000	0.551728251153	
2065.040000	0.554126894683	
2085.040000	0.556453482655	
2105.040000	0.558710607854	
2125.040000	0.560900721404	
2145.040000	0.563026144219	
2165.040000	0.565089077439	
2185.040000	0.567091611926	
2205.040000	0.569035736900	
2225.040000	0.570923347777	
2245.040000	0.572756253280	
2265.040000	0.574536181890	
2285.040000	0.576264787682	
2305.040000	0.577943655624	
2325.040000	0.579574306364	
2345.040000	0.581158200574	
2365.040000	0.582696742881	
2385.040000	0.584191285433	
2405.040000	0.585643131129	
2425.040000	0.587053536551	
2445.040000	0.588423714631	
2465.040000	0.589754837073	
2485.040000	0.591048036556	
