0.000000	0.000000000095	
20.000000	0.000000000096	
40.000000	0.000000000096	
60.000000	0.000000000096	
80.000000	0.000000000096	
100.000000	0.000000000096	
120.000000	0.000000000072	
140.000000	0.000000000075	
160.000000	0.000000000078	
180.000000	0.000000000081	
200.000000	0.000000000083	
220.000000	0.000000000085	
240.000000	0.000000000088	
260.000000	0.000000000089	
280.000000	0.000000000091	
300.000000	0.000000000093	
320.000000	0.000000000094	
340.000000	0.000000000096	
360.000000	0.000000000097	
380.000000	0.000000000098	
400.000000	0.000000000099	
420.000000	0.000000000100	
440.000000	0.000000000101	
460.000000	0.000000000102	
480.000000	0.000000000103	
500.000000	0.000000000103	
520.000000	0.000000000105	
540.000000	0.000000000107	
554.860000	0.000000000110	
555.060000	0.000000000110	
555.260000	0.000000000110	
555.460000	0.000000000111	
555.660000	0.000000000111	
555.860000	0.000000000111	
556.060000	0.000000000112	
556.260000	0.000000000117	
556.460000	0.000000000141	
556.660000	0.000000000169	
556.860000	0.000000000301	
557.060000	0.000000000344	
557.260000	0.000000000334	
557.460000	0.000000000305	
557.660000	0.000000000275	
557.860000	0.000000000254	
558.060000	0.000000000238	
558.260000	0.000000000220	
558.460000	0.000000000197	
558.660000	0.000000000164	
558.860000	0.000000000133	
559.060000	0.000000000117	
559.260000	0.000000000108	
579.260000	0.000000000128	
588.040000	0.000000000142	
588.240000	0.000000000143	
588.440000	0.000000000143	
588.640000	0.000000000143	
588.840000	0.000000000144	
589.040000	0.000000000144	
589.240000	0.000000000144	
589.440000	0.000000000145	
589.640000	0.000000000145	
589.840000	0.000000000145	
590.040000	0.000000000146	
590.240000	0.000000000146	
590.440000	0.000000000146	
590.640000	0.000000000146	
590.840000	0.000000000147	
591.040000	0.000000000147	
591.240000	0.000000000147	
591.440000	0.000000000148	
591.640000	0.000000000148	
591.840000	0.000000000148	
592.040000	0.000000000149	
592.240000	0.000000000149	
592.440000	0.000000000149	
592.640000	0.000000000150	
592.840000	0.000000000150	
593.040000	0.000000000150	
593.240000	0.000000000151	
593.440000	0.000000000151	
593.640000	0.000000000151	
593.840000	0.000000000152	
594.040000	0.000000000152	
594.240000	0.000000000152	
594.440000	0.000000000153	
594.640000	0.000000000153	
594.840000	0.000000000154	
595.040000	0.000000000154	
595.240000	0.000000000155	
595.440000	0.000000000155	
595.640000	0.000000000156	
595.840000	0.000000000156	
596.040000	0.000000000157	
596.240000	0.000000000158	
596.440000	0.000000000161	
596.640000	0.000000000186	
596.840000	0.000000000223	
597.040000	0.000000000367	
597.240000	0.000000000486	
597.440000	0.000000000483	
597.640000	0.000000000446	
597.840000	0.000000000400	
598.040000	0.000000000366	
598.240000	0.000000000341	
598.440000	0.000000000318	
598.640000	0.000000000290	
598.840000	0.000000000252	
599.040000	0.000000000205	
599.240000	0.000000000177	
599.440000	0.000000000161	
599.640000	0.000000000152	
619.160000	0.000000000211	
619.360000	0.000000000212	
619.560000	0.000000000213	
619.760000	0.000000000214	
619.960000	0.000000000215	
620.160000	0.000000000215	
620.360000	0.000000000216	
620.560000	0.000000000217	
620.760000	0.000000000218	
620.960000	0.000000000218	
621.160000	0.000000000219	
621.360000	0.000000000220	
621.560000	0.000000000221	
621.760000	0.000000000222	
621.960000	0.000000000222	
622.160000	0.000000000223	
622.360000	0.000000000224	
622.560000	0.000000000225	
622.760000	0.000000000226	
622.960000	0.000000000226	
623.160000	0.000000000227	
623.360000	0.000000000228	
623.560000	0.000000000229	
623.760000	0.000000000229	
623.960000	0.000000000230	
624.160000	0.000000000231	
624.360000	0.000000000232	
624.560000	0.000000000233	
624.760000	0.000000000233	
624.960000	0.000000000234	
625.160000	0.000000000235	
625.360000	0.000000000236	
625.560000	0.000000000237	
625.760000	0.000000000237	
625.960000	0.000000000238	
626.160000	0.000000000239	
626.360000	0.000000000240	
626.560000	0.000000000240	
626.760000	0.000000000241	
626.960000	0.000000000242	
627.160000	0.000000000243	
627.360000	0.000000000244	
627.560000	0.000000000244	
627.760000	0.000000000245	
627.960000	0.000000000246	
628.160000	0.000000000247	
628.360000	0.000000000248	
628.560000	0.000000000249	
628.760000	0.000000000249	
628.960000	0.000000000250	
629.160000	0.000000000251	
629.360000	0.000000000252	
629.560000	0.000000000253	
629.760000	0.000000000254	
629.960000	0.000000000255	
630.160000	0.000000000256	
630.360000	0.000000000257	
630.560000	0.000000000258	
630.760000	0.000000000259	
630.960000	0.000000000260	
631.160000	0.000000000262	
631.360000	0.000000000264	
631.560000	0.000000000266	
631.760000	0.000000000282	
631.960000	0.000000000344	
632.160000	0.000000000469	
632.360000	0.000000000793	
632.560000	0.000000000823	
632.760000	0.000000000776	
632.960000	0.000000000698	
633.160000	0.000000000628	
633.360000	0.000000000583	
633.560000	0.000000000544	
633.760000	0.000000000503	
633.960000	0.000000000450	
634.160000	0.000000000377	
634.360000	0.000000000317	
634.560000	0.000000000285	
634.760000	0.000000000265	
634.960000	0.000000000253	
635.160000	0.000000000247	
650.340000	0.000000000345	
650.540000	0.000000000346	
650.740000	0.000000000348	
650.940000	0.000000000349	
651.140000	0.000000000351	
651.340000	0.000000000352	
651.540000	0.000000000354	
651.740000	0.000000000356	
651.940000	0.000000000357	
652.140000	0.000000000359	
652.340000	0.000000000360	
652.540000	0.000000000362	
652.740000	0.000000000363	
652.940000	0.000000000365	
653.140000	0.000000000366	
653.340000	0.000000000368	
653.540000	0.000000000370	
653.740000	0.000000000371	
653.940000	0.000000000373	
654.140000	0.000000000374	
654.340000	0.000000000376	
654.540000	0.000000000377	
654.740000	0.000000000379	
654.940000	0.000000000380	
655.140000	0.000000000382	
655.340000	0.000000000384	
655.540000	0.000000000385	
655.740000	0.000000000387	
655.940000	0.000000000388	
656.140000	0.000000000390	
656.340000	0.000000000391	
656.540000	0.000000000393	
656.740000	0.000000000395	
656.940000	0.000000000396	
657.140000	0.000000000398	
657.340000	0.000000000399	
657.540000	0.000000000401	
657.740000	0.000000000402	
657.940000	0.000000000404	
658.140000	0.000000000405	
658.340000	0.000000000407	
658.540000	0.000000000409	
658.740000	0.000000000410	
658.940000	0.000000000412	
659.140000	0.000000000413	
659.340000	0.000000000415	
659.540000	0.000000000416	
659.740000	0.000000000418	
659.940000	0.000000000420	
660.140000	0.000000000421	
660.340000	0.000000000423	
660.540000	0.000000000424	
660.740000	0.000000000426	
660.940000	0.000000000428	
661.140000	0.000000000429	
661.340000	0.000000000431	
661.540000	0.000000000433	
661.740000	0.000000000434	
661.940000	0.000000000436	
662.140000	0.000000000438	
662.340000	0.000000000439	
662.540000	0.000000000441	
662.740000	0.000000000443	
662.940000	0.000000000445	
663.140000	0.000000000446	
663.340000	0.000000000448	
663.540000	0.000000000450	
663.740000	0.000000000452	
663.940000	0.000000000454	
664.140000	0.000000000456	
664.340000	0.000000000459	
664.540000	0.000000000461	
664.740000	0.000000000464	
664.940000	0.000000000469	
665.140000	0.000000000477	
665.340000	0.000000000554	
665.540000	0.000000000691	
665.740000	0.000000001279	
665.940000	0.000000001457	
666.140000	0.000000001420	
666.340000	0.000000001295	
666.540000	0.000000001152	
666.740000	0.000000001054	
666.940000	0.000000000982	
667.140000	0.000000000913	
667.340000	0.000000000833	
667.540000	0.000000000725	
667.740000	0.000000000602	
667.940000	0.000000000530	
668.140000	0.000000000485	
668.340000	0.000000000458	
668.540000	0.000000000442	
668.740000	0.000000000434	
682.000000	0.000000000581	
682.200000	0.000000000584	
682.400000	0.000000000587	
682.600000	0.000000000589	
682.800000	0.000000000592	
683.000000	0.000000000595	
683.200000	0.000000000598	
683.400000	0.000000000600	
683.600000	0.000000000603	
683.800000	0.000000000606	
684.000000	0.000000000609	
684.200000	0.000000000611	
684.400000	0.000000000614	
684.600000	0.000000000617	
684.800000	0.000000000620	
685.000000	0.000000000622	
685.200000	0.000000000625	
685.400000	0.000000000628	
685.600000	0.000000000631	
685.800000	0.000000000633	
686.000000	0.000000000636	
686.200000	0.000000000639	
686.400000	0.000000000642	
686.600000	0.000000000644	
686.800000	0.000000000647	
687.000000	0.000000000650	
687.200000	0.000000000653	
687.400000	0.000000000655	
687.600000	0.000000000658	
687.800000	0.000000000661	
688.000000	0.000000000664	
688.200000	0.000000000666	
688.400000	0.000000000669	
688.600000	0.000000000672	
688.800000	0.000000000674	
689.000000	0.000000000677	
689.200000	0.000000000680	
689.400000	0.000000000683	
689.600000	0.000000000685	
689.800000	0.000000000688	
690.000000	0.000000000691	
690.200000	0.000000000694	
690.400000	0.000000000696	
690.600000	0.000000000699	
690.800000	0.000000000702	
691.000000	0.000000000705	
691.200000	0.000000000707	
691.400000	0.000000000710	
691.600000	0.000000000713	
691.800000	0.000000000716	
692.000000	0.000000000718	
692.200000	0.000000000721	
692.400000	0.000000000724	
692.600000	0.000000000727	
692.800000	0.000000000730	
693.000000	0.000000000732	
693.200000	0.000000000735	
693.400000	0.000000000738	
693.600000	0.000000000741	
693.800000	0.000000000744	
694.000000	0.000000000746	
694.200000	0.000000000749	
694.400000	0.000000000752	
694.600000	0.000000000755	
694.800000	0.000000000758	
695.000000	0.000000000761	
695.200000	0.000000000764	
695.400000	0.000000000767	
695.600000	0.000000000770	
695.800000	0.000000000773	
696.000000	0.000000000776	
696.200000	0.000000000779	
696.400000	0.000000000782	
696.600000	0.000000000785	
696.800000	0.000000000789	
697.000000	0.000000000792	
697.200000	0.000000000796	
697.400000	0.000000000800	
697.600000	0.000000000804	
697.800000	0.000000000808	
698.000000	0.000000000814	
698.200000	0.000000000821	
698.400000	0.000000000833	
698.600000	0.000000000935	
698.800000	0.000000001162	
699.000000	0.000000002119	
699.200000	0.000000002547	
699.400000	0.000000002512	
699.600000	0.000000002301	
699.800000	0.000000002041	
700.000000	0.000000001850	
700.200000	0.000000001719	
700.400000	0.000000001598	
700.600000	0.000000001464	
700.800000	0.000000001288	
701.000000	0.000000001078	
701.200000	0.000000000942	
701.400000	0.000000000860	
701.600000	0.000000000807	
701.800000	0.000000000776	
702.000000	0.000000000759	
702.200000	0.000000000750	
714.860000	0.000000000975	
715.060000	0.000000000980	
715.260000	0.000000000984	
715.460000	0.000000000989	
715.660000	0.000000000993	
715.860000	0.000000000998	
716.060000	0.000000001002	
716.260000	0.000000001006	
716.460000	0.000000001011	
716.660000	0.000000001015	
716.860000	0.000000001020	
717.060000	0.000000001024	
717.260000	0.000000001029	
717.460000	0.000000001033	
717.660000	0.000000001037	
717.860000	0.000000001042	
718.060000	0.000000001046	
718.260000	0.000000001051	
718.460000	0.000000001055	
718.660000	0.000000001059	
718.860000	0.000000001064	
719.060000	0.000000001068	
719.260000	0.000000001073	
719.460000	0.000000001077	
719.660000	0.000000001081	
719.860000	0.000000001086	
720.060000	0.000000001090	
720.260000	0.000000001094	
720.460000	0.000000001099	
720.660000	0.000000001103	
720.860000	0.000000001108	
721.060000	0.000000001112	
721.260000	0.000000001116	
721.460000	0.000000001121	
721.660000	0.000000001125	
721.860000	0.000000001129	
722.060000	0.000000001134	
722.260000	0.000000001138	
722.460000	0.000000001142	
722.660000	0.000000001147	
722.860000	0.000000001151	
723.060000	0.000000001155	
723.260000	0.000000001160	
723.460000	0.000000001164	
723.660000	0.000000001169	
723.860000	0.000000001173	
724.060000	0.000000001177	
724.260000	0.000000001182	
724.460000	0.000000001186	
724.660000	0.000000001190	
724.860000	0.000000001195	
725.060000	0.000000001199	
725.260000	0.000000001203	
725.460000	0.000000001208	
725.660000	0.000000001212	
725.860000	0.000000001216	
726.060000	0.000000001221	
726.260000	0.000000001225	
726.460000	0.000000001229	
726.660000	0.000000001234	
726.860000	0.000000001238	
727.060000	0.000000001243	
727.260000	0.000000001247	
727.460000	0.000000001251	
727.660000	0.000000001256	
727.860000	0.000000001260	
728.060000	0.000000001265	
728.260000	0.000000001269	
728.460000	0.000000001274	
728.660000	0.000000001278	
728.860000	0.000000001283	
729.060000	0.000000001287	
729.260000	0.000000001292	
729.460000	0.000000001297	
729.660000	0.000000001301	
729.860000	0.000000001306	
730.060000	0.000000001311	
730.260000	0.000000001316	
730.460000	0.000000001321	
730.660000	0.000000001326	
730.860000	0.000000001331	
731.060000	0.000000001336	
731.260000	0.000000001342	
731.460000	0.000000001348	
731.660000	0.000000001354	
731.860000	0.000000001360	
732.060000	0.000000001367	
732.260000	0.000000001376	
732.460000	0.000000001386	
732.660000	0.000000001401	
732.860000	0.000000001453	
733.060000	0.000000001786	
733.260000	0.000000002634	
733.460000	0.000000004201	
733.660000	0.000000004333	
733.860000	0.000000004058	
734.060000	0.000000003619	
734.260000	0.000000003218	
734.460000	0.000000002962	
734.660000	0.000000002754	
734.860000	0.000000002540	
735.060000	0.000000002279	
735.260000	0.000000001938	
735.460000	0.000000001659	
735.660000	0.000000001498	
735.860000	0.000000001390	
736.060000	0.000000001323	
736.260000	0.000000001285	
736.460000	0.000000001263	
736.660000	0.000000001252	
749.940000	0.000000001600	
750.140000	0.000000001606	
750.340000	0.000000001613	
750.540000	0.000000001619	
750.740000	0.000000001626	
750.940000	0.000000001632	
751.140000	0.000000001639	
751.340000	0.000000001645	
751.540000	0.000000001652	
751.740000	0.000000001658	
751.940000	0.000000001665	
752.140000	0.000000001671	
752.340000	0.000000001678	
752.540000	0.000000001684	
752.740000	0.000000001691	
752.940000	0.000000001697	
753.140000	0.000000001704	
753.340000	0.000000001710	
753.540000	0.000000001717	
753.740000	0.000000001723	
753.940000	0.000000001730	
754.140000	0.000000001736	
754.340000	0.000000001743	
754.540000	0.000000001749	
754.740000	0.000000001755	
754.940000	0.000000001762	
755.140000	0.000000001768	
755.340000	0.000000001775	
755.540000	0.000000001781	
755.740000	0.000000001787	
755.940000	0.000000001794	
756.140000	0.000000001800	
756.340000	0.000000001806	
756.540000	0.000000001813	
756.740000	0.000000001819	
756.940000	0.000000001825	
757.140000	0.000000001832	
757.340000	0.000000001838	
757.540000	0.000000001844	
757.740000	0.000000001851	
757.940000	0.000000001857	
758.140000	0.000000001863	
758.340000	0.000000001869	
758.540000	0.000000001876	
758.740000	0.000000001882	
758.940000	0.000000001888	
759.140000	0.000000001894	
759.340000	0.000000001901	
759.540000	0.000000001907	
759.740000	0.000000001913	
759.940000	0.000000001919	
760.140000	0.000000001926	
760.340000	0.000000001932	
760.540000	0.000000001938	
760.740000	0.000000001944	
760.940000	0.000000001950	
761.140000	0.000000001957	
761.340000	0.000000001963	
761.540000	0.000000001969	
761.740000	0.000000001975	
761.940000	0.000000001981	
762.140000	0.000000001988	
762.340000	0.000000001994	
762.540000	0.000000002000	
762.740000	0.000000002006	
762.940000	0.000000002012	
763.140000	0.000000002019	
763.340000	0.000000002025	
763.540000	0.000000002031	
763.740000	0.000000002037	
763.940000	0.000000002044	
764.140000	0.000000002050	
764.340000	0.000000002056	
764.540000	0.000000002063	
764.740000	0.000000002069	
764.940000	0.000000002075	
765.140000	0.000000002082	
765.340000	0.000000002088	
765.540000	0.000000002095	
765.740000	0.000000002101	
765.940000	0.000000002108	
766.140000	0.000000002114	
766.340000	0.000000002121	
766.540000	0.000000002128	
766.740000	0.000000002135	
766.940000	0.000000002142	
767.140000	0.000000002149	
767.340000	0.000000002156	
767.540000	0.000000002163	
767.740000	0.000000002171	
767.940000	0.000000002179	
768.140000	0.000000002187	
768.340000	0.000000002196	
768.540000	0.000000002205	
768.740000	0.000000002215	
768.940000	0.000000002226	
769.140000	0.000000002238	
769.340000	0.000000002255	
769.540000	0.000000002279	
769.740000	0.000000002359	
769.940000	0.000000002909	
770.140000	0.000000004453	
770.340000	0.000000006869	
770.540000	0.000000007050	
770.740000	0.000000006584	
770.940000	0.000000005849	
771.140000	0.000000005178	
771.340000	0.000000004751	
771.540000	0.000000004408	
771.740000	0.000000004058	
771.940000	0.000000003634	
772.140000	0.000000003091	
772.340000	0.000000002663	
772.540000	0.000000002412	
772.740000	0.000000002238	
772.940000	0.000000002130	
773.140000	0.000000002066	
773.340000	0.000000002028	
773.540000	0.000000002005	
773.740000	0.000000001993	
788.860000	0.000000002543	
789.060000	0.000000002551	
789.260000	0.000000002560	
789.460000	0.000000002569	
789.660000	0.000000002578	
789.860000	0.000000002587	
790.060000	0.000000002596	
790.260000	0.000000002604	
790.460000	0.000000002613	
790.660000	0.000000002622	
790.860000	0.000000002631	
791.060000	0.000000002639	
791.260000	0.000000002648	
791.460000	0.000000002657	
791.660000	0.000000002665	
791.860000	0.000000002674	
792.060000	0.000000002683	
792.260000	0.000000002691	
792.460000	0.000000002700	
792.660000	0.000000002708	
792.860000	0.000000002717	
793.060000	0.000000002725	
793.260000	0.000000002734	
793.460000	0.000000002742	
793.660000	0.000000002751	
793.860000	0.000000002759	
794.060000	0.000000002768	
794.260000	0.000000002776	
794.460000	0.000000002785	
794.660000	0.000000002793	
794.860000	0.000000002801	
795.060000	0.000000002810	
795.260000	0.000000002818	
795.460000	0.000000002826	
795.660000	0.000000002834	
795.860000	0.000000002843	
796.060000	0.000000002851	
796.260000	0.000000002859	
796.460000	0.000000002867	
796.660000	0.000000002875	
796.860000	0.000000002884	
797.060000	0.000000002892	
797.260000	0.000000002900	
797.460000	0.000000002908	
797.660000	0.000000002916	
797.860000	0.000000002924	
798.060000	0.000000002932	
798.260000	0.000000002940	
798.460000	0.000000002948	
798.660000	0.000000002956	
798.860000	0.000000002964	
799.060000	0.000000002972	
799.260000	0.000000002980	
799.460000	0.000000002988	
799.660000	0.000000002996	
799.860000	0.000000003004	
800.060000	0.000000003012	
800.260000	0.000000003020	
800.460000	0.000000003027	
800.660000	0.000000003035	
800.860000	0.000000003043	
801.060000	0.000000003051	
801.260000	0.000000003059	
801.460000	0.000000003067	
801.660000	0.000000003074	
801.860000	0.000000003082	
802.060000	0.000000003090	
802.260000	0.000000003098	
802.460000	0.000000003105	
802.660000	0.000000003113	
802.860000	0.000000003121	
803.060000	0.000000003129	
803.260000	0.000000003136	
803.460000	0.000000003144	
803.660000	0.000000003152	
803.860000	0.000000003159	
804.060000	0.000000003167	
804.260000	0.000000003175	
804.460000	0.000000003182	
804.660000	0.000000003190	
804.860000	0.000000003198	
805.060000	0.000000003206	
805.260000	0.000000003213	
805.460000	0.000000003221	
805.660000	0.000000003229	
805.860000	0.000000003237	
806.060000	0.000000003244	
806.260000	0.000000003252	
806.460000	0.000000003260	
806.660000	0.000000003268	
806.860000	0.000000003276	
807.060000	0.000000003284	
807.260000	0.000000003292	
807.460000	0.000000003300	
807.660000	0.000000003308	
807.860000	0.000000003316	
808.060000	0.000000003324	
808.260000	0.000000003333	
808.460000	0.000000003341	
808.660000	0.000000003350	
808.860000	0.000000003358	
809.060000	0.000000003367	
809.260000	0.000000003376	
809.460000	0.000000003385	
809.660000	0.000000003395	
809.860000	0.000000003405	
810.060000	0.000000003415	
810.260000	0.000000003425	
810.460000	0.000000003436	
810.660000	0.000000003448	
810.860000	0.000000003461	
811.060000	0.000000003476	
811.260000	0.000000003492	
811.460000	0.000000003512	
811.660000	0.000000003538	
811.860000	0.000000003585	
812.060000	0.000000003952	
812.260000	0.000000005022	
812.460000	0.000000009508	
812.660000	0.000000011045	
812.860000	0.000000010839	
813.060000	0.000000009878	
813.260000	0.000000008660	
813.460000	0.000000007740	
813.660000	0.000000007129	
813.860000	0.000000006594	
814.060000	0.000000006011	
814.260000	0.000000005272	
814.460000	0.000000004456	
814.660000	0.000000003939	
814.860000	0.000000003602	
815.060000	0.000000003377	
815.260000	0.000000003239	
815.460000	0.000000003155	
815.660000	0.000000003103	
815.860000	0.000000003070	
835.280000	0.000000003913	
835.480000	0.000000003923	
835.680000	0.000000003933	
835.880000	0.000000003944	
836.080000	0.000000003954	
836.280000	0.000000003964	
836.480000	0.000000003975	
836.680000	0.000000003985	
836.880000	0.000000003995	
837.080000	0.000000004005	
837.280000	0.000000004015	
837.480000	0.000000004025	
837.680000	0.000000004035	
837.880000	0.000000004045	
838.080000	0.000000004055	
838.280000	0.000000004065	
838.480000	0.000000004075	
838.680000	0.000000004084	
838.880000	0.000000004094	
839.080000	0.000000004104	
839.280000	0.000000004114	
839.480000	0.000000004123	
839.680000	0.000000004133	
839.880000	0.000000004142	
840.080000	0.000000004152	
840.280000	0.000000004161	
840.480000	0.000000004171	
840.680000	0.000000004180	
840.880000	0.000000004190	
841.080000	0.000000004199	
841.280000	0.000000004208	
841.480000	0.000000004218	
841.680000	0.000000004227	
841.880000	0.000000004236	
842.080000	0.000000004245	
842.280000	0.000000004254	
842.480000	0.000000004263	
842.680000	0.000000004272	
842.880000	0.000000004281	
843.080000	0.000000004290	
843.280000	0.000000004299	
843.480000	0.000000004308	
843.680000	0.000000004317	
843.880000	0.000000004326	
844.080000	0.000000004335	
844.280000	0.000000004343	
844.480000	0.000000004352	
844.680000	0.000000004361	
844.880000	0.000000004369	
845.080000	0.000000004378	
845.280000	0.000000004387	
845.480000	0.000000004395	
845.680000	0.000000004404	
845.880000	0.000000004412	
846.080000	0.000000004420	
846.280000	0.000000004429	
846.480000	0.000000004437	
846.680000	0.000000004445	
846.880000	0.000000004454	
847.080000	0.000000004462	
847.280000	0.000000004470	
847.480000	0.000000004478	
847.680000	0.000000004486	
847.880000	0.000000004495	
848.080000	0.000000004503	
848.280000	0.000000004511	
848.480000	0.000000004519	
848.680000	0.000000004527	
848.880000	0.000000004534	
849.080000	0.000000004542	
849.280000	0.000000004550	
849.480000	0.000000004558	
849.680000	0.000000004566	
849.880000	0.000000004573	
850.080000	0.000000004581	
850.280000	0.000000004589	
850.480000	0.000000004597	
850.680000	0.000000004604	
850.880000	0.000000004612	
851.080000	0.000000004619	
851.280000	0.000000004627	
851.480000	0.000000004634	
851.680000	0.000000004642	
851.880000	0.000000004649	
852.080000	0.000000004656	
852.280000	0.000000004664	
852.480000	0.000000004671	
852.680000	0.000000004678	
852.880000	0.000000004686	
853.080000	0.000000004693	
853.280000	0.000000004700	
853.480000	0.000000004707	
853.680000	0.000000004714	
853.880000	0.000000004721	
854.080000	0.000000004728	
854.280000	0.000000004736	
854.480000	0.000000004743	
854.680000	0.000000004750	
854.880000	0.000000004756	
855.080000	0.000000004763	
855.280000	0.000000004770	
855.480000	0.000000004777	
855.680000	0.000000004784	
855.880000	0.000000004791	
856.080000	0.000000004797	
856.280000	0.000000004804	
856.480000	0.000000004811	
856.680000	0.000000004818	
856.880000	0.000000004824	
857.080000	0.000000004831	
857.280000	0.000000004838	
857.480000	0.000000004844	
857.680000	0.000000004851	
857.880000	0.000000004857	
858.080000	0.000000004864	
858.280000	0.000000004870	
858.480000	0.000000004877	
858.680000	0.000000004883	
858.880000	0.000000004889	
859.080000	0.000000004896	
859.280000	0.000000004902	
859.480000	0.000000004908	
859.680000	0.000000004915	
859.880000	0.000000004921	
860.080000	0.000000004927	
860.280000	0.000000004933	
860.480000	0.000000004940	
860.680000	0.000000004946	
860.880000	0.000000004952	
861.080000	0.000000004958	
861.280000	0.000000004964	
861.480000	0.000000004970	
861.680000	0.000000004976	
861.880000	0.000000004982	
862.080000	0.000000004989	
862.280000	0.000000004995	
862.480000	0.000000005001	
862.680000	0.000000005007	
862.880000	0.000000005012	
863.080000	0.000000005018	
863.280000	0.000000005024	
863.480000	0.000000005030	
863.680000	0.000000005036	
863.880000	0.000000005042	
864.080000	0.000000005048	
864.280000	0.000000005054	
864.480000	0.000000005060	
864.680000	0.000000005066	
864.880000	0.000000005071	
865.080000	0.000000005077	
865.280000	0.000000005083	
865.480000	0.000000005089	
865.680000	0.000000005095	
865.880000	0.000000005100	
866.080000	0.000000005106	
866.280000	0.000000005112	
866.480000	0.000000005118	
866.680000	0.000000005124	
866.880000	0.000000005129	
867.080000	0.000000005135	
867.280000	0.000000005141	
867.480000	0.000000005147	
867.680000	0.000000005153	
867.880000	0.000000005158	
868.080000	0.000000005164	
868.280000	0.000000005170	
868.480000	0.000000005176	
868.680000	0.000000005182	
868.880000	0.000000005188	
869.080000	0.000000005194	
869.280000	0.000000005200	
869.480000	0.000000005206	
869.680000	0.000000005212	
869.880000	0.000000005219	
870.080000	0.000000005225	
870.280000	0.000000005231	
870.480000	0.000000005238	
870.680000	0.000000005244	
870.880000	0.000000005251	
871.080000	0.000000005258	
871.280000	0.000000005265	
871.480000	0.000000005272	
871.680000	0.000000005279	
871.880000	0.000000005287	
872.080000	0.000000005294	
872.280000	0.000000005302	
872.480000	0.000000005311	
872.680000	0.000000005320	
872.880000	0.000000005329	
873.080000	0.000000005339	
873.280000	0.000000005350	
873.480000	0.000000005362	
873.680000	0.000000005376	
873.880000	0.000000005391	
874.080000	0.000000005409	
874.280000	0.000000005432	
874.480000	0.000000005463	
874.680000	0.000000005515	
874.880000	0.000000005714	
875.080000	0.000000007088	
875.280000	0.000000011632	
875.480000	0.000000016771	
875.680000	0.000000017086	
875.880000	0.000000015886	
876.080000	0.000000014007	
876.280000	0.000000012272	
876.480000	0.000000011172	
876.680000	0.000000010310	
876.880000	0.000000009434	
877.080000	0.000000008372	
877.280000	0.000000007093	
877.480000	0.000000006170	
877.680000	0.000000005585	
877.880000	0.000000005196	
878.080000	0.000000004955	
878.280000	0.000000004803	
878.480000	0.000000004704	
878.680000	0.000000004637	
898.680000	0.000000005333	
914.240000	0.000000005957	
914.440000	0.000000005962	
914.640000	0.000000005968	
914.840000	0.000000005974	
915.040000	0.000000005979	
915.240000	0.000000005985	
915.440000	0.000000005991	
915.640000	0.000000005996	
915.840000	0.000000006001	
916.040000	0.000000006007	
916.240000	0.000000006012	
916.440000	0.000000006017	
916.640000	0.000000006023	
916.840000	0.000000006028	
917.040000	0.000000006033	
917.240000	0.000000006038	
917.440000	0.000000006043	
917.640000	0.000000006048	
917.840000	0.000000006053	
918.040000	0.000000006058	
918.240000	0.000000006063	
918.440000	0.000000006067	
918.640000	0.000000006072	
918.840000	0.000000006077	
919.040000	0.000000006081	
919.240000	0.000000006086	
919.440000	0.000000006091	
919.640000	0.000000006095	
919.840000	0.000000006100	
920.040000	0.000000006104	
920.240000	0.000000006108	
920.440000	0.000000006113	
920.640000	0.000000006117	
920.840000	0.000000006121	
921.040000	0.000000006125	
921.240000	0.000000006129	
921.440000	0.000000006134	
921.640000	0.000000006138	
921.840000	0.000000006142	
922.040000	0.000000006146	
922.240000	0.000000006149	
922.440000	0.000000006153	
922.640000	0.000000006157	
922.840000	0.000000006161	
923.040000	0.000000006165	
923.240000	0.000000006168	
923.440000	0.000000006172	
923.640000	0.000000006176	
923.840000	0.000000006179	
924.040000	0.000000006183	
924.240000	0.000000006186	
924.440000	0.000000006190	
924.640000	0.000000006193	
924.840000	0.000000006197	
925.040000	0.000000006200	
925.240000	0.000000006203	
925.440000	0.000000006206	
925.640000	0.000000006210	
925.840000	0.000000006213	
926.040000	0.000000006216	
926.240000	0.000000006219	
926.440000	0.000000006222	
926.640000	0.000000006225	
926.840000	0.000000006228	
927.040000	0.000000006231	
927.240000	0.000000006234	
927.440000	0.000000006237	
927.640000	0.000000006240	
927.840000	0.000000006242	
928.040000	0.000000006245	
928.240000	0.000000006248	
928.440000	0.000000006251	
928.640000	0.000000006253	
928.840000	0.000000006256	
929.040000	0.000000006258	
929.240000	0.000000006261	
929.440000	0.000000006264	
929.640000	0.000000006266	
929.840000	0.000000006268	
930.040000	0.000000006271	
930.240000	0.000000006273	
930.440000	0.000000006276	
930.640000	0.000000006278	
930.840000	0.000000006280	
931.040000	0.000000006282	
931.240000	0.000000006285	
931.440000	0.000000006287	
931.640000	0.000000006289	
931.840000	0.000000006291	
932.040000	0.000000006293	
932.240000	0.000000006295	
932.440000	0.000000006297	
932.640000	0.000000006299	
932.840000	0.000000006301	
933.040000	0.000000006303	
933.240000	0.000000006305	
933.440000	0.000000006307	
933.640000	0.000000006309	
933.840000	0.000000006310	
934.040000	0.000000006312	
934.240000	0.000000006314	
934.440000	0.000000006316	
934.640000	0.000000006317	
934.840000	0.000000006319	
935.040000	0.000000006321	
935.240000	0.000000006322	
935.440000	0.000000006324	
935.640000	0.000000006325	
935.840000	0.000000006327	
936.040000	0.000000006328	
936.240000	0.000000006330	
936.440000	0.000000006331	
936.640000	0.000000006332	
936.840000	0.000000006334	
937.040000	0.000000006335	
937.240000	0.000000006336	
937.440000	0.000000006338	
937.640000	0.000000006339	
937.840000	0.000000006340	
938.040000	0.000000006341	
938.240000	0.000000006343	
938.440000	0.000000006344	
938.640000	0.000000006345	
938.840000	0.000000006346	
939.040000	0.000000006347	
939.240000	0.000000006348	
939.440000	0.000000006349	
939.640000	0.000000006350	
939.840000	0.000000006351	
940.040000	0.000000006352	
940.240000	0.000000006353	
940.440000	0.000000006354	
940.640000	0.000000006355	
940.840000	0.000000006356	
941.040000	0.000000006357	
941.240000	0.000000006357	
941.440000	0.000000006358	
941.640000	0.000000006359	
941.840000	0.000000006360	
942.040000	0.000000006360	
942.240000	0.000000006361	
942.440000	0.000000006362	
942.640000	0.000000006362	
942.840000	0.000000006363	
943.040000	0.000000006364	
943.240000	0.000000006364	
943.440000	0.000000006365	
943.640000	0.000000006365	
943.840000	0.000000006366	
944.040000	0.000000006366	
944.240000	0.000000006367	
944.440000	0.000000006367	
944.640000	0.000000006368	
944.840000	0.000000006368	
945.040000	0.000000006368	
965.040000	0.000000006321	
985.040000	0.000000006147	
1005.040000	0.000000005888	
1025.040000	0.000000005573	
1045.040000	0.000000005223	
1065.040000	0.000000004856	
1085.040000	0.000000004485	
1105.040000	0.000000004120	
1125.040000	0.000000003769	
1145.040000	0.000000003435	
1165.040000	0.000000003122	
1185.040000	0.000000002831	
1205.040000	0.000000002564	
1225.040000	0.000000002318	
1245.040000	0.000000002095	
1265.040000	0.000000001893	
1285.040000	0.000000001710	
1305.040000	0.000000001545	
1325.040000	0.000000001397	
1345.040000	0.000000001263	
1365.040000	0.000000001144	
1385.040000	0.000000001037	
1405.040000	0.000000000941	
1425.040000	0.000000000855	
1445.040000	0.000000000778	
1465.040000	0.000000000710	
1485.040000	0.000000000648	
1505.040000	0.000000000593	
1525.040000	0.000000000544	
1545.040000	0.000000000500	
1565.040000	0.000000000460	
1585.040000	0.000000000424	
1605.040000	0.000000000392	
1625.040000	0.000000000364	
1645.040000	0.000000000338	
1665.040000	0.000000000315	
1685.040000	0.000000000294	
1705.040000	0.000000000275	
1725.040000	0.000000000258	
1745.040000	0.000000000242	
1765.040000	0.000000000228	
1785.040000	0.000000000216	
1805.040000	0.000000000204	
1825.040000	0.000000000194	
1845.040000	0.000000000184	
1865.040000	0.000000000176	
1885.040000	0.000000000168	
1905.040000	0.000000000161	
1925.040000	0.000000000154	
1945.040000	0.000000000149	
1965.040000	0.000000000143	
1985.040000	0.000000000138	
2005.040000	0.000000000134	
2025.040000	0.000000000130	
2045.040000	0.000000000126	
2065.040000	0.000000000123	
2085.040000	0.000000000119	
2105.040000	0.000000000117	
2125.040000	0.000000000114	
2145.040000	0.000000000112	
2165.040000	0.000000000109	
2185.040000	0.000000000107	
2205.040000	0.000000000105	
2225.040000	0.000000000104	
2245.040000	0.000000000102	
2265.040000	0.000000000101	
2285.040000	0.000000000099	
2305.040000	0.000000000098	
2325.040000	0.000000000097	
2345.040000	0.000000000096	
2365.040000	0.000000000095	
2385.040000	0.000000000094	
2405.040000	0.000000000094	
2425.040000	0.000000000093	
2445.040000	0.000000000092	
2465.040000	0.000000000092	
2485.040000	0.000000000091	
