0.000000	0.0000	
20.000000	0.0000	
40.000000	0.0000	
60.000000	0.0000	
80.000000	0.0000	
100.000000	0.0000	
120.000000	0.0000	
140.000000	0.0000	
160.000000	1.0000	
180.000000	1.0000	
200.000000	1.0000	
220.000000	1.0000	
240.000000	1.0000	
260.000000	1.0000	
280.000000	1.0000	
300.000000	1.0000	
320.000000	0.0000	
340.000000	0.0000	
360.000000	0.0000	
380.000000	0.0000	
400.000000	0.0000	
420.000000	0.0000	
433.060000	0.0000	
433.260000	0.0000	
433.460000	0.0000	
433.660000	0.0000	
433.860000	0.0000	
434.060000	0.0000	
434.260000	0.0000	
434.460000	0.0000	
434.660000	0.0000	
434.860000	0.0000	
435.060000	0.0000	
435.260000	0.0000	
435.460000	0.0000	
435.660000	0.0000	
435.860000	0.0000	
436.060000	0.0000	
456.060000	0.0000	
466.540000	0.0000	
466.740000	0.0000	
466.940000	0.0000	
467.140000	0.0000	
467.340000	0.0000	
467.540000	0.0000	
467.740000	0.0000	
467.940000	0.0000	
468.140000	0.0000	
468.340000	0.0000	
468.540000	0.0000	
468.740000	0.0000	
468.940000	0.0000	
469.140000	0.0000	
469.340000	0.0000	
469.540000	0.0000	
469.740000	0.0000	
489.740000	0.0000	
492.640000	0.0000	
492.840000	0.0000	
493.040000	0.0000	
493.240000	0.0000	
493.440000	0.0000	
493.640000	0.0000	
493.840000	0.0000	
494.040000	0.0000	
494.240000	0.0000	
494.440000	0.0000	
494.640000	0.0000	
494.840000	0.0000	
495.040000	0.0000	
495.240000	0.0000	
495.440000	0.0000	
495.640000	0.0000	
495.840000	0.0000	
496.040000	0.0000	
496.240000	0.0000	
511.820000	0.0000	
512.020000	0.0000	
512.220000	0.0000	
512.420000	0.0000	
512.620000	0.0000	
512.820000	0.0000	
513.020000	0.0000	
513.220000	0.0000	
513.420000	0.0000	
513.620000	0.0000	
513.820000	0.0000	
514.020000	0.0000	
514.220000	0.0000	
514.420000	0.0000	
514.620000	0.0000	
514.820000	0.0000	
515.020000	0.0000	
515.220000	0.0000	
515.420000	0.0000	
515.620000	0.0000	
515.820000	0.0000	
516.020000	0.0000	
516.220000	0.0000	
516.420000	0.0000	
516.620000	0.0000	
516.820000	0.0000	
517.020000	0.0000	
517.220000	0.0000	
517.420000	0.0000	
517.620000	0.0000	
517.820000	0.0000	
518.020000	0.0000	
518.220000	0.0000	
518.420000	0.0000	
527.220000	0.0000	
527.420000	0.0000	
527.620000	0.0000	
527.820000	0.0000	
528.020000	0.0000	
528.220000	0.0000	
528.420000	0.0000	
528.620000	0.0000	
528.820000	0.0000	
529.020000	0.0000	
529.220000	0.0000	
529.420000	0.0000	
529.620000	0.0000	
529.820000	0.0000	
530.020000	0.0000	
530.220000	0.0000	
530.420000	0.0000	
530.620000	0.0000	
530.820000	0.0000	
531.020000	0.0000	
531.220000	0.0000	
531.420000	0.0000	
531.620000	0.0000	
531.820000	0.0000	
532.020000	0.0000	
532.220000	0.0000	
532.420000	0.0000	
532.620000	0.0000	
532.820000	0.0000	
533.020000	0.0000	
533.220000	0.0000	
533.420000	0.0000	
533.620000	0.0000	
533.820000	0.0000	
534.020000	0.0000	
534.220000	0.0000	
534.420000	0.0000	
534.620000	0.0000	
534.820000	0.0000	
535.020000	0.0000	
535.220000	0.0000	
535.420000	0.0000	
535.620000	0.0000	
535.820000	0.0000	
536.020000	0.0000	
536.220000	0.0000	
536.420000	0.0000	
536.620000	0.0000	
536.820000	0.0000	
537.020000	0.0000	
537.220000	0.0000	
537.420000	0.0000	
537.620000	0.0000	
537.820000	0.0000	
538.020000	0.0000	
538.220000	0.0000	
538.420000	0.0000	
538.620000	0.0000	
538.820000	0.0000	
539.020000	0.0000	
539.220000	0.0000	
539.420000	0.0000	
539.620000	0.0000	
539.820000	0.0000	
540.020000	0.0000	
540.220000	0.0000	
540.420000	0.0000	
540.620000	0.0000	
540.820000	0.0000	
541.020000	0.0000	
541.220000	0.0000	
541.420000	0.0000	
541.620000	0.0000	
541.820000	0.0000	
542.020000	0.0000	
542.220000	0.0000	
542.420000	0.0000	
542.620000	0.0000	
542.820000	0.0000	
543.020000	0.0000	
543.220000	0.0000	
543.420000	0.0000	
543.620000	0.0000	
543.820000	0.0000	
544.020000	0.0000	
544.220000	0.0000	
544.420000	0.0000	
544.620000	0.0000	
544.820000	0.0000	
545.020000	0.0000	
545.220000	0.0000	
545.420000	0.0000	
545.620000	0.0000	
545.820000	0.0000	
546.020000	0.0000	
546.220000	0.0000	
546.420000	0.0000	
546.620000	0.0000	
546.820000	0.0000	
547.020000	0.0000	
547.220000	0.0000	
547.420000	0.0000	
547.620000	0.0000	
547.820000	0.0000	
548.020000	0.0000	
548.220000	0.0000	
548.420000	0.0000	
548.620000	0.0000	
548.820000	0.0000	
549.020000	0.0000	
549.220000	0.0000	
549.420000	0.0000	
549.620000	0.0000	
549.820000	0.0000	
550.020000	0.0000	
550.220000	0.0000	
550.420000	0.0000	
550.620000	0.0000	
550.820000	0.0000	
551.020000	0.0000	
551.220000	0.0000	
551.420000	0.0000	
551.620000	0.0000	
551.820000	0.0000	
552.020000	0.0000	
552.220000	0.0000	
552.420000	0.0000	
552.620000	0.0000	
552.820000	0.0000	
553.020000	0.0000	
553.220000	0.0000	
553.420000	0.0000	
553.620000	0.0000	
553.820000	0.0000	
554.020000	0.0000	
554.220000	0.0000	
554.420000	0.0000	
554.620000	0.0000	
554.820000	0.0000	
555.020000	0.0000	
555.220000	0.0000	
555.420000	0.0000	
555.620000	0.0000	
555.820000	0.0000	
556.020000	0.0000	
556.220000	0.0000	
556.420000	0.0000	
556.620000	0.0000	
556.820000	0.0000	
557.020000	0.0000	
557.220000	0.0000	
557.420000	0.0000	
557.620000	0.0000	
557.820000	0.0000	
558.020000	0.0000	
558.220000	0.0000	
558.420000	0.0000	
558.620000	0.0000	
558.820000	0.0000	
559.020000	0.0000	
559.220000	0.0000	
559.420000	0.0000	
559.620000	0.0000	
559.820000	0.0000	
560.020000	0.0000	
560.220000	0.0000	
560.420000	0.0000	
560.620000	0.0000	
560.820000	0.0000	
561.020000	0.0000	
561.220000	0.0000	
561.420000	0.0000	
561.620000	0.0000	
561.820000	0.0000	
562.020000	0.0000	
562.220000	0.0000	
562.420000	0.0000	
562.620000	0.0000	
562.820000	0.0000	
563.020000	0.0000	
563.220000	0.0000	
563.420000	0.0000	
563.620000	0.0000	
563.820000	0.0000	
564.020000	0.0000	
564.220000	0.0000	
564.420000	0.0000	
564.620000	0.0000	
564.820000	0.0000	
565.020000	0.0000	
565.220000	0.0000	
565.420000	0.0000	
565.620000	0.0000	
565.820000	0.0000	
566.020000	0.0000	
566.220000	0.0000	
566.420000	0.0000	
566.620000	0.0000	
566.820000	0.0000	
567.020000	0.0000	
567.220000	0.0000	
567.420000	0.0000	
567.620000	0.0000	
567.820000	0.0000	
568.020000	0.0000	
568.220000	0.0000	
568.420000	0.0000	
568.620000	0.0000	
568.820000	0.0000	
569.020000	0.0000	
569.220000	0.0000	
569.420000	0.0000	
569.620000	0.0000	
569.820000	0.0000	
570.020000	0.0000	
570.220000	0.0000	
570.420000	0.0000	
570.620000	0.0000	
570.820000	0.0000	
571.020000	0.0000	
571.220000	0.0000	
571.420000	0.0000	
571.620000	0.0000	
571.820000	0.0000	
572.020000	0.0000	
572.220000	0.0000	
572.420000	0.0000	
572.620000	0.0000	
572.820000	0.0000	
573.020000	0.0000	
573.220000	0.0000	
573.420000	0.0000	
573.620000	0.0000	
573.820000	0.0000	
574.020000	0.0000	
574.220000	0.0000	
574.420000	0.0000	
574.620000	0.0000	
574.820000	0.0000	
575.020000	0.0000	
575.220000	0.0000	
575.420000	0.0000	
575.620000	0.0000	
575.820000	0.0000	
576.020000	0.0000	
576.220000	0.0000	
576.420000	0.0000	
576.620000	0.0000	
576.820000	0.0000	
577.020000	0.0000	
577.220000	0.0000	
577.420000	0.0000	
577.620000	0.0000	
577.820000	0.0000	
578.020000	0.0000	
578.220000	0.0000	
578.420000	0.0000	
578.620000	0.0000	
578.820000	0.0000	
579.020000	0.0000	
579.220000	0.0000	
579.420000	0.0000	
579.620000	0.0000	
579.820000	0.0000	
580.020000	0.0000	
580.220000	0.0000	
580.420000	0.0000	
580.620000	0.0000	
580.820000	0.0000	
581.020000	0.0000	
581.220000	0.0000	
581.420000	0.0000	
581.620000	0.0000	
581.820000	0.0000	
582.020000	0.0000	
582.220000	0.0000	
582.420000	0.0000	
582.620000	0.0000	
582.820000	0.0000	
583.020000	0.0000	
583.220000	0.0000	
583.420000	0.0000	
583.620000	0.0000	
583.820000	0.0000	
584.020000	0.0000	
584.220000	0.0000	
584.420000	0.0000	
584.620000	0.0000	
584.820000	0.0000	
585.020000	0.0000	
585.220000	0.0000	
585.420000	0.0000	
585.620000	0.0000	
585.820000	0.0000	
586.020000	0.0000	
586.220000	0.0000	
586.420000	0.0000	
586.620000	0.0000	
586.820000	0.0000	
587.020000	0.0000	
587.220000	0.0000	
587.420000	0.0000	
587.620000	0.0000	
587.820000	0.0000	
588.020000	0.0000	
588.220000	0.0000	
588.420000	0.0000	
588.620000	0.0000	
588.820000	0.0000	
589.020000	0.0000	
589.220000	0.0000	
589.420000	0.0000	
589.620000	0.0000	
589.820000	0.0000	
590.020000	0.0000	
590.220000	0.0000	
590.420000	0.0000	
590.620000	0.0000	
590.820000	0.0000	
591.020000	0.0000	
591.220000	0.0000	
591.420000	0.0000	
591.620000	0.0000	
591.820000	0.0000	
592.020000	0.0000	
592.220000	0.0000	
592.420000	0.0000	
592.620000	0.0000	
592.820000	0.0000	
593.020000	0.0000	
593.220000	0.0000	
593.420000	0.0000	
593.620000	0.0000	
593.820000	0.0000	
594.020000	0.0000	
594.220000	0.0000	
594.420000	0.0000	
594.620000	0.0000	
594.820000	0.0000	
595.020000	0.0000	
595.220000	0.0000	
595.420000	0.0000	
595.620000	0.0000	
595.820000	0.0000	
596.020000	0.0000	
596.220000	0.0000	
596.420000	0.0000	
596.620000	0.0000	
596.820000	0.0000	
597.020000	0.0000	
597.220000	0.0000	
597.420000	0.0000	
597.620000	0.0000	
597.820000	0.0000	
598.020000	0.0000	
598.220000	0.0000	
598.420000	0.0000	
598.620000	0.0000	
598.820000	0.0000	
599.020000	0.0000	
599.220000	0.0000	
599.420000	0.0000	
599.620000	0.0000	
599.820000	0.0000	
600.020000	0.0000	
600.220000	0.0000	
600.420000	0.0000	
600.620000	0.0000	
600.820000	0.0000	
601.020000	0.0000	
601.220000	0.0000	
601.420000	0.0000	
601.620000	0.0000	
601.820000	0.0000	
602.020000	0.0000	
602.220000	0.0000	
602.420000	0.0000	
602.620000	0.0000	
602.820000	0.0000	
603.020000	0.0000	
603.220000	0.0000	
603.420000	0.0000	
603.620000	0.0000	
603.820000	0.0000	
604.020000	0.0000	
604.220000	0.0000	
604.420000	0.0000	
604.620000	0.0000	
604.820000	0.0000	
605.020000	0.0000	
605.220000	0.0000	
605.420000	0.0000	
605.620000	0.0000	
605.820000	0.0000	
606.020000	0.0000	
606.220000	0.0000	
606.420000	0.0000	
606.620000	0.0000	
606.820000	0.0000	
607.020000	0.0000	
607.220000	0.0000	
607.420000	0.0000	
607.620000	0.0000	
607.820000	0.0000	
608.020000	0.0000	
608.220000	0.0000	
608.420000	0.0000	
608.620000	0.0000	
608.820000	0.0000	
609.020000	0.0000	
609.220000	0.0000	
609.420000	0.0000	
609.620000	0.0000	
609.820000	0.0000	
610.020000	0.0000	
610.220000	0.0000	
610.420000	0.0000	
610.620000	0.0000	
610.820000	0.0000	
611.020000	0.0000	
611.220000	0.0000	
611.420000	0.0000	
611.620000	0.0000	
611.820000	0.0000	
612.020000	0.0000	
612.220000	0.0000	
612.420000	0.0000	
612.620000	0.0000	
612.820000	0.0000	
613.020000	0.0000	
613.220000	0.0000	
613.420000	0.0000	
613.620000	0.0000	
613.820000	0.0000	
614.020000	0.0000	
614.220000	0.0000	
614.420000	0.0000	
614.620000	0.0000	
614.820000	0.0000	
615.020000	0.0000	
615.220000	0.0000	
615.420000	0.0000	
615.620000	0.0000	
615.820000	0.0000	
616.020000	0.0000	
616.220000	0.0000	
616.420000	0.0000	
616.620000	0.0000	
616.820000	0.0000	
617.020000	0.0000	
617.220000	0.0000	
617.420000	0.0000	
617.620000	0.0000	
617.820000	0.0000	
618.020000	0.0000	
618.220000	0.0000	
618.420000	0.0000	
618.620000	0.0000	
618.820000	0.0000	
619.020000	0.0000	
619.220000	0.0000	
619.420000	0.0000	
619.620000	0.0000	
619.820000	0.0000	
620.020000	0.0000	
620.220000	0.0000	
620.420000	0.0000	
620.620000	0.0000	
620.820000	0.0000	
621.020000	0.0000	
621.220000	0.0000	
621.420000	0.0000	
621.620000	0.0000	
621.820000	0.0000	
622.020000	0.0000	
622.220000	0.0000	
622.420000	0.0000	
622.620000	0.0000	
622.820000	0.0000	
623.020000	0.0000	
623.220000	0.0000	
623.420000	0.0000	
623.620000	0.0000	
623.820000	0.0000	
624.020000	0.0000	
624.220000	0.0000	
624.420000	0.0000	
624.620000	0.0000	
624.820000	0.0000	
625.020000	0.0000	
625.220000	0.0000	
625.420000	0.0000	
625.620000	0.0000	
625.820000	0.0000	
626.020000	0.0000	
626.220000	0.0000	
626.420000	0.0000	
626.620000	0.0000	
626.820000	0.0000	
627.020000	0.0000	
627.220000	0.0000	
627.420000	0.0000	
627.620000	0.0000	
627.820000	0.0000	
628.020000	0.0000	
628.220000	0.0000	
628.420000	0.0000	
628.620000	0.0000	
628.820000	0.0000	
629.020000	0.0000	
629.220000	0.0000	
629.420000	0.0000	
629.620000	0.0000	
629.820000	0.0000	
630.020000	0.0000	
630.220000	0.0000	
630.420000	0.0000	
630.620000	0.0000	
630.820000	0.0000	
631.020000	0.0000	
631.220000	0.0000	
631.420000	0.0000	
631.620000	0.0000	
631.820000	0.0000	
632.020000	0.0000	
632.220000	0.0000	
632.420000	0.0000	
632.620000	0.0000	
632.820000	0.0000	
633.020000	0.0000	
633.220000	0.0000	
633.420000	0.0000	
633.620000	0.0000	
633.820000	0.0000	
634.020000	0.0000	
634.220000	0.0000	
634.420000	0.0000	
634.620000	0.0000	
634.820000	0.0000	
635.020000	0.0000	
635.220000	0.0000	
635.420000	0.0000	
635.620000	0.0000	
635.820000	0.0000	
636.020000	0.0000	
636.220000	0.0000	
636.420000	0.0000	
636.620000	0.0000	
636.820000	0.0000	
637.020000	0.0000	
637.220000	0.0000	
637.420000	0.0000	
637.620000	0.0000	
637.820000	0.0000	
638.020000	0.0000	
638.220000	0.0000	
638.420000	0.0000	
638.620000	0.0000	
638.820000	0.0000	
639.020000	0.0000	
639.220000	0.0000	
639.420000	0.0000	
639.620000	0.0000	
639.820000	0.0000	
640.020000	0.0000	
640.220000	0.0000	
640.420000	0.0000	
640.620000	0.0000	
640.820000	0.0000	
641.020000	0.0000	
641.220000	0.0000	
641.420000	0.0000	
641.620000	0.0000	
641.820000	0.0000	
642.020000	0.0000	
642.220000	0.0000	
642.420000	0.0000	
642.620000	0.0000	
642.820000	0.0000	
643.020000	0.0000	
643.220000	0.0000	
643.420000	0.0000	
643.620000	0.0000	
643.820000	0.0000	
644.020000	0.0000	
644.220000	0.0000	
644.420000	0.0000	
644.620000	0.0000	
644.820000	0.0000	
645.020000	0.0000	
645.220000	0.0000	
645.420000	0.0000	
645.620000	0.0000	
645.820000	0.0000	
646.020000	0.0000	
646.220000	0.0000	
646.420000	0.0000	
646.620000	0.0000	
646.820000	0.0000	
647.020000	0.0000	
647.220000	0.0000	
647.420000	0.0000	
647.620000	0.0000	
647.820000	0.0000	
648.020000	0.0000	
648.220000	0.0000	
648.420000	0.0000	
648.620000	0.0000	
648.820000	0.0000	
649.020000	0.0000	
649.220000	0.0000	
649.420000	0.0000	
649.620000	0.0000	
649.820000	0.0000	
650.020000	0.0000	
650.220000	0.0000	
650.420000	0.0000	
650.620000	0.0000	
650.820000	0.0000	
651.020000	0.0000	
651.220000	0.0000	
651.420000	0.0000	
651.620000	0.0000	
651.820000	0.0000	
652.020000	0.0000	
652.220000	0.0000	
652.420000	0.0000	
652.620000	0.0000	
652.820000	0.0000	
653.020000	0.0000	
653.220000	0.0000	
653.420000	0.0000	
653.620000	0.0000	
653.820000	0.0000	
654.020000	0.0000	
654.220000	0.0000	
654.420000	0.0000	
654.620000	0.0000	
654.820000	0.0000	
655.020000	0.0000	
655.220000	0.0000	
655.420000	0.0000	
655.620000	0.0000	
655.820000	0.0000	
656.020000	0.0000	
656.220000	0.0000	
656.420000	0.0000	
656.620000	0.0000	
656.820000	0.0000	
657.020000	0.0000	
657.220000	0.0000	
657.420000	0.0000	
657.620000	0.0000	
657.820000	0.0000	
658.020000	0.0000	
658.220000	0.0000	
658.420000	0.0000	
658.620000	0.0000	
658.820000	0.0000	
659.020000	0.0000	
659.220000	0.0000	
659.420000	0.0000	
659.620000	0.0000	
659.820000	0.0000	
660.020000	0.0000	
660.220000	0.0000	
660.420000	0.0000	
660.620000	0.0000	
660.820000	0.0000	
661.020000	0.0000	
661.220000	0.0000	
661.420000	0.0000	
661.620000	0.0000	
661.820000	0.0000	
662.020000	0.0000	
662.220000	0.0000	
662.420000	0.0000	
662.620000	0.0000	
662.820000	0.0000	
663.020000	0.0000	
663.220000	0.0000	
663.420000	0.0000	
663.620000	0.0000	
663.820000	0.0000	
664.020000	0.0000	
664.220000	0.0000	
664.420000	0.0000	
664.620000	0.0000	
664.820000	0.0000	
665.020000	0.0000	
665.220000	0.0000	
665.420000	0.0000	
665.620000	0.0000	
665.820000	0.0000	
666.020000	0.0000	
666.220000	0.0000	
666.420000	0.0000	
666.620000	0.0000	
666.820000	0.0000	
667.020000	0.0000	
667.220000	0.0000	
667.420000	0.0000	
667.620000	0.0000	
667.820000	0.0000	
668.020000	0.0000	
668.220000	0.0000	
668.420000	0.0000	
668.620000	0.0000	
668.820000	0.0000	
669.020000	0.0000	
669.220000	0.0000	
669.420000	0.0000	
669.620000	0.0000	
669.820000	0.0000	
670.020000	0.0000	
670.220000	0.0000	
670.420000	0.0000	
670.620000	0.0000	
670.820000	0.0000	
671.020000	0.0000	
671.220000	0.0000	
671.420000	0.0000	
671.620000	0.0000	
671.820000	0.0000	
672.020000	0.0000	
672.220000	0.0000	
672.420000	0.0000	
672.620000	0.0000	
672.820000	0.0000	
673.020000	0.0000	
673.220000	0.0000	
673.420000	0.0000	
673.620000	0.0000	
673.820000	0.0000	
674.020000	0.0000	
674.220000	0.0000	
674.420000	0.0000	
674.620000	0.0000	
674.820000	0.0000	
675.020000	0.0000	
675.220000	0.0000	
675.420000	0.0000	
675.620000	0.0000	
675.820000	0.0000	
676.020000	0.0000	
676.220000	0.0000	
676.420000	0.0000	
676.620000	0.0000	
676.820000	0.0000	
677.020000	0.0000	
677.220000	0.0000	
677.420000	0.0000	
677.620000	0.0000	
677.820000	0.0000	
678.020000	0.0000	
678.220000	0.0000	
678.420000	0.0000	
678.620000	0.0000	
678.820000	0.0000	
679.020000	0.0000	
679.220000	0.0000	
679.420000	0.0000	
679.620000	0.0000	
679.820000	0.0000	
680.020000	0.0000	
680.220000	0.0000	
680.420000	0.0000	
680.620000	0.0000	
680.820000	0.0000	
681.020000	0.0000	
681.220000	0.0000	
681.420000	0.0000	
681.620000	0.0000	
681.820000	0.0000	
682.020000	0.0000	
682.220000	0.0000	
682.420000	0.0000	
682.620000	0.0000	
682.820000	0.0000	
683.020000	0.0000	
683.220000	0.0000	
683.420000	0.0000	
683.620000	0.0000	
683.820000	0.0000	
684.020000	0.0000	
684.220000	0.0000	
684.420000	0.0000	
684.620000	0.0000	
684.820000	0.0000	
685.020000	0.0000	
685.220000	0.0000	
685.420000	0.0000	
685.620000	0.0000	
685.820000	0.0000	
686.020000	0.0000	
686.220000	0.0000	
686.420000	0.0000	
686.620000	0.0000	
686.820000	0.0000	
687.020000	0.0000	
687.220000	0.0000	
687.420000	0.0000	
687.620000	0.0000	
687.820000	0.0000	
688.020000	0.0000	
688.220000	0.0000	
688.420000	0.0000	
688.620000	0.0000	
688.820000	0.0000	
689.020000	0.0000	
689.220000	0.0000	
689.420000	0.0000	
689.620000	0.0000	
689.820000	0.0000	
690.020000	0.0000	
690.220000	0.0000	
690.420000	0.0000	
690.620000	0.0000	
690.820000	0.0000	
691.020000	0.0000	
691.220000	0.0000	
691.420000	0.0000	
691.620000	0.0000	
691.820000	0.0000	
692.020000	0.0000	
692.220000	0.0000	
692.420000	0.0000	
692.620000	0.0000	
692.820000	0.0000	
693.020000	0.0000	
693.220000	0.0000	
693.420000	0.0000	
693.620000	0.0000	
693.820000	0.0000	
694.020000	0.0000	
694.220000	0.0000	
694.420000	0.0000	
694.620000	0.0000	
694.820000	0.0000	
695.020000	0.0000	
695.220000	0.0000	
695.420000	0.0000	
695.620000	0.0000	
695.820000	0.0000	
696.020000	0.0000	
696.220000	0.0000	
696.420000	0.0000	
696.620000	0.0000	
696.820000	0.0000	
697.020000	0.0000	
697.220000	0.0000	
697.420000	0.0000	
697.620000	0.0000	
697.820000	0.0000	
698.020000	0.0000	
698.220000	0.0000	
698.420000	0.0000	
698.620000	0.0000	
698.820000	0.0000	
699.020000	0.0000	
699.220000	0.0000	
699.420000	0.0000	
699.620000	0.0000	
699.820000	0.0000	
700.020000	0.0000	
700.220000	0.0000	
700.420000	0.0000	
700.620000	0.0000	
700.820000	0.0000	
701.020000	0.0000	
701.220000	0.0000	
701.420000	0.0000	
701.620000	0.0000	
701.820000	0.0000	
702.020000	0.0000	
702.220000	0.0000	
702.420000	0.0000	
702.620000	0.0000	
702.820000	0.0000	
703.020000	0.0000	
703.220000	0.0000	
703.420000	0.0000	
703.620000	0.0000	
703.820000	0.0000	
704.020000	0.0000	
704.220000	0.0000	
704.420000	0.0000	
704.620000	0.0000	
704.820000	0.0000	
705.020000	0.0000	
705.220000	0.0000	
705.420000	0.0000	
705.620000	0.0000	
705.820000	0.0000	
706.020000	0.0000	
706.220000	0.0000	
706.420000	0.0000	
706.620000	0.0000	
706.820000	0.0000	
707.020000	0.0000	
707.220000	0.0000	
707.420000	0.0000	
707.620000	0.0000	
707.820000	0.0000	
708.020000	0.0000	
708.220000	0.0000	
708.420000	0.0000	
708.620000	0.0000	
708.820000	0.0000	
709.020000	0.0000	
709.220000	0.0000	
709.420000	0.0000	
709.620000	0.0000	
709.820000	0.0000	
710.020000	0.0000	
710.220000	0.0000	
710.420000	0.0000	
710.620000	0.0000	
710.820000	0.0000	
711.020000	0.0000	
711.220000	0.0000	
711.420000	0.0000	
711.620000	0.0000	
711.820000	0.0000	
712.020000	0.0000	
712.220000	0.0000	
712.420000	0.0000	
712.620000	0.0000	
712.820000	0.0000	
713.020000	0.0000	
713.220000	0.0000	
713.420000	0.0000	
713.620000	0.0000	
713.820000	0.0000	
714.020000	0.0000	
714.220000	0.0000	
714.420000	0.0000	
714.620000	0.0000	
714.820000	0.0000	
715.020000	0.0000	
715.220000	0.0000	
715.420000	0.0000	
715.620000	0.0000	
715.820000	0.0000	
716.020000	0.0000	
716.220000	0.0000	
716.420000	0.0000	
716.620000	0.0000	
716.820000	0.0000	
717.020000	0.0000	
717.220000	0.0000	
717.420000	0.0000	
717.620000	0.0000	
717.820000	0.0000	
718.020000	0.0000	
718.220000	0.0000	
718.420000	0.0000	
718.620000	0.0000	
718.820000	0.0000	
719.020000	0.0000	
719.220000	0.0000	
719.420000	0.0000	
719.620000	0.0000	
719.820000	0.0000	
720.020000	0.0000	
720.220000	0.0000	
720.420000	0.0000	
720.620000	0.0000	
720.820000	0.0000	
721.020000	0.0000	
721.220000	0.0000	
721.420000	0.0000	
721.620000	0.0000	
721.820000	0.0000	
722.020000	0.0000	
722.220000	0.0000	
722.420000	0.0000	
722.620000	0.0000	
722.820000	0.0000	
723.020000	0.0000	
723.220000	0.0000	
723.420000	0.0000	
723.620000	0.0000	
723.820000	0.0000	
724.020000	0.0000	
724.220000	0.0000	
724.420000	0.0000	
724.620000	0.0000	
724.820000	0.0000	
725.020000	0.0000	
725.220000	0.0000	
725.420000	0.0000	
725.620000	0.0000	
725.820000	0.0000	
726.020000	0.0000	
726.220000	0.0000	
726.420000	0.0000	
726.620000	0.0000	
726.820000	0.0000	
727.020000	0.0000	
727.220000	0.0000	
727.420000	0.0000	
727.620000	0.0000	
727.820000	0.0000	
728.020000	0.0000	
728.220000	0.0000	
728.420000	0.0000	
728.620000	0.0000	
728.820000	0.0000	
729.020000	0.0000	
729.220000	0.0000	
729.420000	0.0000	
729.620000	0.0000	
729.820000	0.0000	
730.020000	0.0000	
730.220000	0.0000	
730.420000	0.0000	
730.620000	0.0000	
730.820000	0.0000	
731.020000	0.0000	
731.220000	0.0000	
731.420000	0.0000	
731.620000	0.0000	
731.820000	0.0000	
732.020000	0.0000	
732.220000	0.0000	
732.420000	0.0000	
732.620000	0.0000	
732.820000	0.0000	
733.020000	0.0000	
733.220000	0.0000	
733.420000	0.0000	
733.620000	0.0000	
733.820000	0.0000	
734.020000	0.0000	
734.220000	0.0000	
734.420000	0.0000	
734.620000	0.0000	
734.820000	0.0000	
735.020000	0.0000	
735.220000	0.0000	
735.420000	0.0000	
735.620000	0.0000	
735.820000	0.0000	
736.020000	0.0000	
736.220000	0.0000	
736.420000	0.0000	
736.620000	0.0000	
736.820000	0.0000	
737.020000	0.0000	
737.220000	0.0000	
737.420000	0.0000	
737.620000	0.0000	
737.820000	0.0000	
738.020000	0.0000	
738.220000	0.0000	
738.420000	0.0000	
738.620000	0.0000	
738.820000	0.0000	
739.020000	0.0000	
739.220000	0.0000	
739.420000	0.0000	
739.620000	0.0000	
739.820000	0.0000	
740.020000	0.0000	
740.220000	0.0000	
740.420000	0.0000	
740.620000	0.0000	
740.820000	0.0000	
741.020000	0.0000	
741.220000	0.0000	
741.420000	0.0000	
741.620000	0.0000	
741.820000	0.0000	
742.020000	0.0000	
742.220000	0.0000	
742.420000	0.0000	
742.620000	0.0000	
742.820000	0.0000	
743.020000	0.0000	
743.220000	0.0000	
743.420000	0.0000	
743.620000	0.0000	
743.820000	0.0000	
744.020000	0.0000	
744.220000	0.0000	
744.420000	0.0000	
744.620000	0.0000	
744.820000	0.0000	
745.020000	0.0000	
745.220000	0.0000	
745.420000	0.0000	
745.620000	0.0000	
745.820000	0.0000	
746.020000	0.0000	
746.220000	0.0000	
746.420000	0.0000	
746.620000	0.0000	
746.820000	0.0000	
747.020000	0.0000	
747.220000	0.0000	
747.420000	0.0000	
747.620000	0.0000	
747.820000	0.0000	
748.020000	0.0000	
748.220000	0.0000	
748.420000	0.0000	
748.620000	0.0000	
748.820000	0.0000	
749.020000	0.0000	
749.220000	0.0000	
749.420000	0.0000	
749.620000	0.0000	
749.820000	0.0000	
750.020000	0.0000	
750.220000	0.0000	
750.420000	0.0000	
750.620000	0.0000	
750.820000	0.0000	
751.020000	0.0000	
751.220000	0.0000	
751.420000	0.0000	
751.620000	0.0000	
751.820000	0.0000	
752.020000	0.0000	
752.220000	0.0000	
752.420000	0.0000	
752.620000	0.0000	
752.820000	0.0000	
753.020000	0.0000	
753.220000	0.0000	
753.420000	0.0000	
753.620000	0.0000	
753.820000	0.0000	
754.020000	0.0000	
754.220000	0.0000	
754.420000	0.0000	
754.620000	0.0000	
754.820000	0.0000	
755.020000	0.0000	
755.220000	0.0000	
755.420000	0.0000	
755.620000	0.0000	
755.820000	0.0000	
756.020000	0.0000	
756.220000	0.0000	
756.420000	0.0000	
756.620000	0.0000	
756.820000	0.0000	
757.020000	0.0000	
757.220000	0.0000	
757.420000	0.0000	
757.620000	0.0000	
757.820000	0.0000	
758.020000	0.0000	
758.220000	0.0000	
758.420000	0.0000	
758.620000	0.0000	
758.820000	0.0000	
759.020000	0.0000	
759.220000	0.0000	
759.420000	0.0000	
759.620000	0.0000	
759.820000	0.0000	
760.020000	0.0000	
760.220000	0.0000	
760.420000	0.0000	
760.620000	0.0000	
760.820000	0.0000	
761.020000	0.0000	
761.220000	0.0000	
761.420000	0.0000	
761.620000	0.0000	
761.820000	0.0000	
762.020000	0.0000	
762.220000	0.0000	
762.420000	0.0000	
762.620000	0.0000	
762.820000	0.0000	
763.020000	0.0000	
763.220000	0.0000	
763.420000	0.0000	
763.620000	0.0000	
763.820000	0.0000	
764.020000	0.0000	
764.220000	0.0000	
764.420000	0.0000	
764.620000	0.0000	
764.820000	0.0000	
765.020000	0.0000	
765.220000	0.0000	
765.420000	0.0000	
765.620000	0.0000	
765.820000	0.0000	
766.020000	0.0000	
766.220000	0.0000	
766.420000	0.0000	
766.620000	0.0000	
766.820000	0.0000	
767.020000	0.0000	
767.220000	0.0000	
767.420000	0.0000	
767.620000	0.0000	
767.820000	0.0000	
768.020000	0.0000	
768.220000	0.0000	
768.420000	0.0000	
768.620000	0.0000	
768.820000	0.0000	
769.020000	0.0000	
769.220000	0.0000	
769.420000	0.0000	
769.620000	0.0000	
769.820000	0.0000	
770.020000	0.0000	
770.220000	0.0000	
770.420000	0.0000	
770.620000	0.0000	
770.820000	0.0000	
771.020000	0.0000	
771.220000	0.0000	
771.420000	0.0000	
771.620000	0.0000	
771.820000	0.0000	
772.020000	0.0000	
772.220000	0.0000	
772.420000	0.0000	
772.620000	0.0000	
772.820000	0.0000	
773.020000	0.0000	
773.220000	0.0000	
773.420000	0.0000	
773.620000	0.0000	
773.820000	0.0000	
774.020000	0.0000	
774.220000	0.0000	
774.420000	0.0000	
774.620000	0.0000	
774.820000	0.0000	
775.020000	0.0000	
775.220000	0.0000	
775.420000	0.0000	
775.620000	0.0000	
775.820000	0.0000	
776.020000	0.0000	
776.220000	0.0000	
776.420000	0.0000	
776.620000	0.0000	
776.820000	0.0000	
777.020000	0.0000	
777.220000	0.0000	
777.420000	0.0000	
777.620000	0.0000	
777.820000	0.0000	
778.020000	0.0000	
778.220000	0.0000	
778.420000	0.0000	
778.620000	0.0000	
778.820000	0.0000	
779.020000	0.0000	
779.220000	0.0000	
779.420000	0.0000	
779.620000	0.0000	
779.820000	0.0000	
780.020000	0.0000	
780.220000	0.0000	
780.420000	0.0000	
780.620000	0.0000	
780.820000	0.0000	
781.020000	0.0000	
781.220000	0.0000	
781.420000	0.0000	
781.620000	0.0000	
781.820000	0.0000	
782.020000	0.0000	
782.220000	0.0000	
782.420000	0.0000	
782.620000	0.0000	
782.820000	0.0000	
783.020000	0.0000	
783.220000	0.0000	
783.420000	0.0000	
783.620000	0.0000	
783.820000	0.0000	
784.020000	0.0000	
784.220000	0.0000	
784.420000	0.0000	
784.620000	0.0000	
784.820000	0.0000	
785.020000	0.0000	
785.220000	0.0000	
785.420000	0.0000	
785.620000	0.0000	
785.820000	0.0000	
786.020000	0.0000	
786.220000	0.0000	
786.420000	0.0000	
786.620000	0.0000	
786.820000	0.0000	
787.020000	0.0000	
787.220000	0.0000	
787.420000	0.0000	
787.620000	0.0000	
787.820000	0.0000	
788.020000	0.0000	
788.220000	0.0000	
788.420000	0.0000	
788.620000	0.0000	
788.820000	0.0000	
789.020000	0.0000	
789.220000	0.0000	
789.420000	0.0000	
789.620000	0.0000	
789.820000	0.0000	
790.020000	0.0000	
790.220000	0.0000	
790.420000	0.0000	
790.620000	0.0000	
790.820000	0.0000	
791.020000	0.0000	
791.220000	0.0000	
791.420000	0.0000	
791.620000	0.0000	
791.820000	0.0000	
792.020000	0.0000	
792.220000	0.0000	
792.420000	0.0000	
792.620000	0.0000	
792.820000	0.0000	
793.020000	0.0000	
793.220000	0.0000	
793.420000	0.0000	
793.620000	0.0000	
793.820000	0.0000	
794.020000	0.0000	
794.220000	0.0000	
794.420000	0.0000	
794.620000	0.0000	
794.820000	0.0000	
795.020000	0.0000	
795.220000	0.0000	
795.420000	0.0000	
795.620000	0.0000	
795.820000	0.0000	
796.020000	0.0000	
796.220000	0.0000	
796.420000	0.0000	
796.620000	0.0000	
796.820000	0.0000	
797.020000	0.0000	
797.220000	0.0000	
797.420000	0.0000	
797.620000	0.0000	
797.820000	0.0000	
798.020000	0.0000	
798.220000	0.0000	
798.420000	0.0000	
798.620000	0.0000	
798.820000	0.0000	
799.020000	0.0000	
799.220000	0.0000	
799.420000	0.0000	
799.620000	0.0000	
799.820000	0.0000	
800.020000	0.0000	
800.220000	0.0000	
800.420000	0.0000	
800.620000	0.0000	
800.820000	0.0000	
801.020000	0.0000	
801.220000	0.0000	
801.420000	0.0000	
801.620000	0.0000	
801.820000	0.0000	
802.020000	0.0000	
802.220000	0.0000	
802.420000	0.0000	
802.620000	0.0000	
802.820000	0.0000	
803.020000	0.0000	
803.220000	0.0000	
803.420000	0.0000	
803.620000	0.0000	
803.820000	0.0000	
804.020000	0.0000	
804.220000	0.0000	
804.420000	0.0000	
804.620000	0.0000	
804.820000	0.0000	
805.020000	0.0000	
805.220000	0.0000	
805.420000	0.0000	
805.620000	0.0000	
805.820000	0.0000	
806.020000	0.0000	
806.220000	0.0000	
806.420000	0.0000	
806.620000	0.0000	
806.820000	0.0000	
807.020000	0.0000	
807.220000	0.0000	
807.420000	0.0000	
807.620000	0.0000	
807.820000	0.0000	
808.020000	0.0000	
808.220000	0.0000	
808.420000	0.0000	
808.620000	0.0000	
808.820000	0.0000	
809.020000	0.0000	
809.220000	0.0000	
809.420000	0.0000	
809.620000	0.0000	
809.820000	0.0000	
810.020000	0.0000	
810.220000	0.0000	
810.420000	0.0000	
810.620000	0.0000	
810.820000	0.0000	
811.020000	0.0000	
811.220000	0.0000	
811.420000	0.0000	
811.620000	0.0000	
811.820000	0.0000	
812.020000	0.0000	
812.220000	0.0000	
812.420000	0.0000	
812.620000	0.0000	
812.820000	0.0000	
813.020000	0.0000	
813.220000	0.0000	
813.420000	0.0000	
813.620000	0.0000	
813.820000	0.0000	
814.020000	0.0000	
814.220000	0.0000	
814.420000	0.0000	
814.620000	0.0000	
814.820000	0.0000	
815.020000	0.0000	
815.220000	0.0000	
815.420000	0.0000	
815.620000	0.0000	
815.820000	0.0000	
816.020000	0.0000	
816.220000	0.0000	
816.420000	0.0000	
816.620000	0.0000	
816.820000	0.0000	
817.020000	0.0000	
817.220000	0.0000	
817.420000	0.0000	
817.620000	0.0000	
817.820000	0.0000	
818.020000	0.0000	
818.220000	0.0000	
818.420000	0.0000	
818.620000	0.0000	
818.820000	0.0000	
819.020000	0.0000	
819.220000	0.0000	
819.420000	0.0000	
819.620000	0.0000	
819.820000	0.0000	
820.020000	0.0000	
820.220000	0.0000	
820.420000	0.0000	
820.620000	0.0000	
820.820000	0.0000	
821.020000	0.0000	
821.220000	0.0000	
821.420000	0.0000	
821.620000	0.0000	
821.820000	0.0000	
822.020000	0.0000	
822.220000	0.0000	
822.420000	0.0000	
822.620000	0.0000	
822.820000	0.0000	
823.020000	0.0000	
823.220000	0.0000	
823.420000	0.0000	
823.620000	0.0000	
823.820000	0.0000	
824.020000	0.0000	
824.220000	0.0000	
824.420000	0.0000	
824.620000	0.0000	
824.820000	0.0000	
825.020000	0.0000	
825.220000	0.0000	
825.420000	0.0000	
825.620000	0.0000	
825.820000	0.0000	
826.020000	0.0000	
826.220000	0.0000	
826.420000	0.0000	
826.620000	0.0000	
826.820000	0.0000	
827.020000	0.0000	
827.220000	0.0000	
827.420000	0.0000	
827.620000	0.0000	
827.820000	0.0000	
828.020000	0.0000	
828.220000	0.0000	
828.420000	0.0000	
828.620000	0.0000	
828.820000	0.0000	
829.020000	0.0000	
829.220000	0.0000	
829.420000	0.0000	
829.620000	0.0000	
829.820000	0.0000	
830.020000	0.0000	
830.220000	0.0000	
830.420000	0.0000	
830.620000	0.0000	
830.820000	0.0000	
831.020000	0.0000	
831.220000	0.0000	
831.420000	0.0000	
831.620000	0.0000	
831.820000	0.0000	
832.020000	0.0000	
832.220000	0.0000	
832.420000	0.0000	
832.620000	0.0000	
832.820000	0.0000	
833.020000	0.0000	
833.220000	0.0000	
833.420000	0.0000	
833.620000	0.0000	
833.820000	0.0000	
834.020000	0.0000	
834.220000	0.0000	
834.420000	0.0000	
834.620000	0.0000	
834.820000	0.0000	
835.020000	0.0000	
835.220000	0.0000	
835.420000	0.0000	
835.620000	0.0000	
835.820000	0.0000	
836.020000	0.0000	
836.220000	0.0000	
836.420000	0.0000	
836.620000	0.0000	
836.820000	0.0000	
837.020000	0.0000	
837.220000	0.0000	
837.420000	0.0000	
837.620000	0.0000	
837.820000	0.0000	
838.020000	0.0000	
838.220000	0.0000	
838.420000	0.0000	
838.620000	0.0000	
838.820000	0.0000	
839.020000	0.0000	
839.220000	0.0000	
839.420000	0.0000	
839.620000	0.0000	
839.820000	0.0000	
840.020000	0.0000	
840.220000	0.0000	
840.420000	0.0000	
840.620000	0.0000	
840.820000	0.0000	
841.020000	0.0000	
841.220000	0.0000	
841.420000	0.0000	
841.620000	0.0000	
841.820000	0.0000	
842.020000	0.0000	
842.220000	0.0000	
842.420000	0.0000	
842.620000	0.0000	
842.820000	0.0000	
843.020000	0.0000	
843.220000	0.0000	
843.420000	0.0000	
843.620000	0.0000	
843.820000	0.0000	
844.020000	0.0000	
844.220000	0.0000	
844.420000	0.0000	
844.620000	0.0000	
844.820000	0.0000	
845.020000	0.0000	
845.220000	0.0000	
845.420000	0.0000	
845.620000	0.0000	
845.820000	0.0000	
846.020000	0.0000	
846.220000	0.0000	
846.420000	0.0000	
846.620000	0.0000	
846.820000	0.0000	
847.020000	0.0000	
847.220000	0.0000	
847.420000	0.0000	
847.620000	0.0000	
847.820000	0.0000	
848.020000	0.0000	
848.220000	0.0000	
848.420000	0.0000	
848.620000	0.0000	
848.820000	0.0000	
849.020000	0.0000	
849.220000	0.0000	
849.420000	0.0000	
849.620000	0.0000	
849.820000	0.0000	
850.020000	0.0000	
850.220000	0.0000	
850.420000	0.0000	
850.620000	0.0000	
850.820000	0.0000	
851.020000	0.0000	
851.220000	0.0000	
851.420000	0.0000	
851.620000	0.0000	
851.820000	0.0000	
852.020000	0.0000	
852.220000	0.0000	
852.420000	0.0000	
852.620000	0.0000	
852.820000	0.0000	
853.020000	0.0000	
853.220000	0.0000	
853.420000	0.0000	
853.620000	0.0000	
853.820000	0.0000	
854.020000	0.0000	
854.220000	0.0000	
854.420000	0.0000	
854.620000	0.0000	
854.820000	0.0000	
855.020000	0.0000	
855.220000	0.0000	
855.420000	0.0000	
855.620000	0.0000	
855.820000	0.0000	
856.020000	0.0000	
856.220000	0.0000	
856.420000	0.0000	
856.620000	0.0000	
856.820000	0.0000	
857.020000	0.0000	
857.220000	0.0000	
857.420000	0.0000	
857.620000	0.0000	
857.820000	0.0000	
858.020000	0.0000	
858.220000	0.0000	
858.420000	0.0000	
858.620000	0.0000	
858.820000	0.0000	
859.020000	0.0000	
859.220000	0.0000	
859.420000	0.0000	
859.620000	0.0000	
859.820000	0.0000	
860.020000	0.0000	
860.220000	0.0000	
860.420000	0.0000	
860.620000	0.0000	
860.820000	0.0000	
861.020000	0.0000	
861.220000	0.0000	
861.420000	0.0000	
861.620000	0.0000	
861.820000	0.0000	
862.020000	0.0000	
862.220000	0.0000	
862.420000	0.0000	
862.620000	0.0000	
862.820000	0.0000	
863.020000	0.0000	
863.220000	0.0000	
863.420000	0.0000	
863.620000	0.0000	
863.820000	0.0000	
864.020000	0.0000	
864.220000	0.0000	
864.420000	0.0000	
864.620000	0.0000	
864.820000	0.0000	
865.020000	0.0000	
865.220000	0.0000	
865.420000	0.0000	
865.620000	0.0000	
865.820000	0.0000	
866.020000	0.0000	
866.220000	0.0000	
866.420000	0.0000	
866.620000	0.0000	
866.820000	0.0000	
867.020000	0.0000	
867.220000	0.0000	
867.420000	0.0000	
867.620000	0.0000	
867.820000	0.0000	
868.020000	0.0000	
868.220000	0.0000	
868.420000	0.0000	
868.620000	0.0000	
868.820000	0.0000	
869.020000	0.0000	
869.220000	0.0000	
869.420000	0.0000	
869.620000	0.0000	
869.820000	0.0000	
870.020000	0.0000	
870.220000	0.0000	
870.420000	0.0000	
870.620000	0.0000	
870.820000	0.0000	
871.020000	0.0000	
871.220000	0.0000	
871.420000	0.0000	
871.620000	0.0000	
871.820000	0.0000	
872.020000	0.0000	
872.220000	0.0000	
872.420000	0.0000	
872.620000	0.0000	
872.820000	0.0000	
873.020000	0.0000	
873.220000	0.0000	
873.420000	0.0000	
873.620000	0.0000	
873.820000	0.0000	
874.020000	0.0000	
874.220000	0.0000	
874.420000	0.0000	
874.620000	0.0000	
874.820000	0.0000	
875.020000	0.0000	
875.220000	0.0000	
875.420000	0.0000	
875.620000	0.0000	
875.820000	0.0000	
876.020000	0.0000	
876.220000	0.0000	
876.420000	0.0000	
876.620000	0.0000	
876.820000	0.0000	
877.020000	0.0000	
877.220000	0.0000	
877.420000	0.0000	
877.620000	0.0000	
877.820000	0.0000	
878.020000	0.0000	
878.220000	0.0000	
878.420000	0.0000	
878.620000	0.0000	
878.820000	0.0000	
879.020000	0.0000	
879.220000	0.0000	
879.420000	0.0000	
879.620000	0.0000	
879.820000	0.0000	
880.020000	0.0000	
880.220000	0.0000	
880.420000	0.0000	
880.620000	0.0000	
880.820000	0.0000	
881.020000	0.0000	
881.220000	0.0000	
881.420000	0.0000	
881.620000	0.0000	
881.820000	0.0000	
882.020000	0.0000	
882.220000	0.0000	
882.420000	0.0000	
882.620000	0.0000	
882.820000	0.0000	
883.020000	0.0000	
883.220000	0.0000	
883.420000	0.0000	
883.620000	0.0000	
883.820000	0.0000	
884.020000	0.0000	
884.220000	0.0000	
884.420000	0.0000	
884.620000	0.0000	
884.820000	0.0000	
885.020000	0.0000	
885.220000	0.0000	
885.420000	0.0000	
885.620000	0.0000	
885.820000	0.0000	
886.020000	0.0000	
886.220000	0.0000	
886.420000	0.0000	
886.620000	0.0000	
886.820000	0.0000	
887.020000	0.0000	
887.220000	0.0000	
887.420000	0.0000	
887.620000	0.0000	
887.820000	0.0000	
888.020000	0.0000	
888.220000	0.0000	
888.420000	0.0000	
888.620000	0.0000	
888.820000	0.0000	
889.020000	0.0000	
889.220000	0.0000	
889.420000	0.0000	
889.620000	0.0000	
889.820000	0.0000	
890.020000	0.0000	
890.220000	0.0000	
890.420000	0.0000	
890.620000	0.0000	
890.820000	0.0000	
891.020000	0.0000	
891.220000	0.0000	
891.420000	0.0000	
891.620000	0.0000	
891.820000	0.0000	
892.020000	0.0000	
892.220000	0.0000	
892.420000	0.0000	
892.620000	0.0000	
892.820000	0.0000	
893.020000	0.0000	
893.220000	0.0000	
893.420000	0.0000	
893.620000	0.0000	
893.820000	0.0000	
894.020000	0.0000	
894.220000	0.0000	
894.420000	0.0000	
894.620000	0.0000	
894.820000	0.0000	
895.020000	0.0000	
895.220000	0.0000	
895.420000	0.0000	
895.620000	0.0000	
895.820000	0.0000	
896.020000	0.0000	
896.220000	0.0000	
896.420000	0.0000	
896.620000	0.0000	
896.820000	0.0000	
897.020000	0.0000	
897.220000	0.0000	
897.420000	0.0000	
897.620000	0.0000	
897.820000	0.0000	
898.020000	0.0000	
898.220000	0.0000	
898.420000	0.0000	
898.620000	0.0000	
898.820000	0.0000	
899.020000	0.0000	
899.220000	0.0000	
899.420000	0.0000	
899.620000	0.0000	
899.820000	0.0000	
900.020000	0.0000	
900.220000	0.0000	
900.420000	0.0000	
900.620000	0.0000	
900.820000	0.0000	
901.020000	0.0000	
901.220000	0.0000	
901.420000	0.0000	
901.620000	0.0000	
901.820000	0.0000	
902.020000	0.0000	
902.220000	0.0000	
902.420000	0.0000	
902.620000	0.0000	
902.820000	0.0000	
903.020000	0.0000	
903.220000	0.0000	
903.420000	0.0000	
903.620000	0.0000	
903.820000	0.0000	
904.020000	0.0000	
904.220000	0.0000	
904.420000	0.0000	
904.620000	0.0000	
904.820000	0.0000	
905.020000	0.0000	
905.220000	0.0000	
905.420000	0.0000	
905.620000	0.0000	
905.820000	0.0000	
906.020000	0.0000	
906.220000	0.0000	
906.420000	0.0000	
906.620000	0.0000	
906.820000	0.0000	
907.020000	0.0000	
907.220000	0.0000	
907.420000	0.0000	
907.620000	0.0000	
907.820000	0.0000	
908.020000	0.0000	
908.220000	0.0000	
908.420000	0.0000	
908.620000	0.0000	
908.820000	0.0000	
909.020000	0.0000	
909.220000	0.0000	
909.420000	0.0000	
909.620000	0.0000	
909.820000	0.0000	
910.020000	0.0000	
910.220000	0.0000	
910.420000	0.0000	
910.620000	0.0000	
910.820000	0.0000	
911.020000	0.0000	
911.220000	0.0000	
911.420000	0.0000	
911.620000	0.0000	
911.820000	0.0000	
912.020000	0.0000	
912.220000	0.0000	
912.420000	0.0000	
912.620000	0.0000	
912.820000	0.0000	
913.020000	0.0000	
913.220000	0.0000	
913.420000	0.0000	
913.620000	0.0000	
913.820000	0.0000	
914.020000	0.0000	
914.220000	0.0000	
914.420000	0.0000	
914.620000	0.0000	
914.820000	0.0000	
915.020000	0.0000	
915.220000	0.0000	
915.420000	0.0000	
915.620000	0.0000	
915.820000	0.0000	
916.020000	0.0000	
916.220000	0.0000	
916.420000	0.0000	
916.620000	0.0000	
916.820000	0.0000	
917.020000	0.0000	
917.220000	0.0000	
917.420000	0.0000	
917.620000	0.0000	
917.820000	0.0000	
918.020000	0.0000	
918.220000	0.0000	
918.420000	0.0000	
918.620000	0.0000	
918.820000	0.0000	
919.020000	0.0000	
919.220000	0.0000	
919.420000	0.0000	
919.620000	0.0000	
919.820000	0.0000	
920.020000	0.0000	
920.220000	0.0000	
920.420000	0.0000	
920.620000	0.0000	
920.820000	0.0000	
921.020000	0.0000	
921.220000	0.0000	
921.420000	0.0000	
921.620000	0.0000	
921.820000	0.0000	
922.020000	0.0000	
922.220000	0.0000	
922.420000	0.0000	
922.620000	0.0000	
922.820000	0.0000	
923.020000	0.0000	
923.220000	0.0000	
923.420000	0.0000	
923.620000	0.0000	
923.820000	0.0000	
924.020000	0.0000	
924.220000	0.0000	
924.420000	0.0000	
924.620000	0.0000	
924.820000	0.0000	
925.020000	0.0000	
925.220000	0.0000	
925.420000	0.0000	
925.620000	0.0000	
925.820000	0.0000	
926.020000	0.0000	
926.220000	0.0000	
926.420000	0.0000	
926.620000	0.0000	
926.820000	0.0000	
927.020000	0.0000	
927.220000	0.0000	
927.420000	0.0000	
927.620000	0.0000	
927.820000	0.0000	
928.020000	0.0000	
928.220000	0.0000	
928.420000	0.0000	
928.620000	0.0000	
928.820000	0.0000	
929.020000	0.0000	
929.220000	0.0000	
929.420000	0.0000	
929.620000	0.0000	
929.820000	0.0000	
930.020000	0.0000	
930.220000	0.0000	
930.420000	0.0000	
930.620000	0.0000	
930.820000	0.0000	
931.020000	0.0000	
931.220000	0.0000	
931.420000	0.0000	
931.620000	0.0000	
931.820000	0.0000	
932.020000	0.0000	
932.220000	0.0000	
932.420000	0.0000	
932.620000	0.0000	
932.820000	0.0000	
933.020000	0.0000	
933.220000	0.0000	
933.420000	0.0000	
933.620000	0.0000	
933.820000	0.0000	
934.020000	0.0000	
934.220000	0.0000	
934.420000	0.0000	
934.620000	0.0000	
934.820000	0.0000	
935.020000	0.0000	
935.220000	0.0000	
935.420000	0.0000	
935.620000	0.0000	
935.820000	0.0000	
936.020000	0.0000	
936.220000	0.0000	
936.420000	0.0000	
936.620000	0.0000	
936.820000	0.0000	
937.020000	0.0000	
937.220000	0.0000	
937.420000	0.0000	
937.620000	0.0000	
937.820000	0.0000	
938.020000	0.0000	
938.220000	0.0000	
938.420000	0.0000	
938.620000	0.0000	
938.820000	0.0000	
939.020000	0.0000	
939.220000	0.0000	
939.420000	0.0000	
939.620000	0.0000	
939.820000	0.0000	
940.020000	0.0000	
940.220000	0.0000	
940.420000	0.0000	
940.620000	0.0000	
940.820000	0.0000	
941.020000	0.0000	
941.220000	0.0000	
941.420000	0.0000	
941.620000	0.0000	
941.820000	0.0000	
942.020000	0.0000	
942.220000	0.0000	
942.420000	0.0000	
942.620000	0.0000	
942.820000	0.0000	
943.020000	0.0000	
943.220000	0.0000	
943.420000	0.0000	
943.620000	0.0000	
943.820000	0.0000	
944.020000	0.0000	
944.220000	0.0000	
944.420000	0.0000	
944.620000	0.0000	
944.820000	0.0000	
945.020000	0.0000	
945.220000	0.0000	
945.420000	0.0000	
945.620000	0.0000	
945.820000	0.0000	
946.020000	0.0000	
946.220000	0.0000	
946.420000	0.0000	
946.620000	0.0000	
946.820000	0.0000	
947.020000	0.0000	
947.220000	0.0000	
947.420000	0.0000	
947.620000	0.0000	
947.820000	0.0000	
948.020000	0.0000	
948.220000	0.0000	
948.420000	0.0000	
948.620000	0.0000	
948.820000	0.0000	
949.020000	0.0000	
949.220000	0.0000	
949.420000	0.0000	
949.620000	0.0000	
949.820000	0.0000	
950.020000	0.0000	
950.220000	0.0000	
950.420000	0.0000	
950.620000	0.0000	
950.820000	0.0000	
951.020000	0.0000	
951.220000	0.0000	
951.420000	0.0000	
951.620000	0.0000	
951.820000	0.0000	
952.020000	0.0000	
952.220000	0.0000	
952.420000	0.0000	
952.620000	0.0000	
952.820000	0.0000	
953.020000	0.0000	
953.220000	0.0000	
953.420000	0.0000	
953.620000	0.0000	
953.820000	0.0000	
954.020000	0.0000	
954.220000	0.0000	
954.420000	0.0000	
954.620000	0.0000	
954.820000	0.0000	
955.020000	0.0000	
955.220000	0.0000	
955.420000	0.0000	
955.620000	0.0000	
955.820000	0.0000	
956.020000	0.0000	
956.220000	0.0000	
956.420000	0.0000	
956.620000	0.0000	
956.820000	0.0000	
957.020000	0.0000	
957.220000	0.0000	
957.420000	0.0000	
957.620000	0.0000	
957.820000	0.0000	
958.020000	0.0000	
958.220000	0.0000	
958.420000	0.0000	
958.620000	0.0000	
958.820000	0.0000	
959.020000	0.0000	
959.220000	0.0000	
959.420000	0.0000	
959.620000	0.0000	
959.820000	0.0000	
960.020000	0.0000	
960.220000	0.0000	
960.420000	0.0000	
960.620000	0.0000	
960.820000	0.0000	
961.020000	0.0000	
961.220000	0.0000	
961.420000	0.0000	
961.620000	0.0000	
961.820000	0.0000	
962.020000	0.0000	
962.220000	0.0000	
962.420000	0.0000	
962.620000	0.0000	
962.820000	0.0000	
963.020000	0.0000	
963.220000	0.0000	
963.420000	0.0000	
963.620000	0.0000	
963.820000	0.0000	
964.020000	0.0000	
964.220000	0.0000	
964.420000	0.0000	
964.620000	0.0000	
964.820000	0.0000	
965.020000	0.0000	
965.220000	0.0000	
965.420000	0.0000	
965.620000	0.0000	
965.820000	0.0000	
966.020000	0.0000	
966.220000	0.0000	
966.420000	0.0000	
966.620000	0.0000	
966.820000	0.0000	
967.020000	0.0000	
967.220000	0.0000	
967.420000	0.0000	
967.620000	0.0000	
967.820000	0.0000	
968.020000	0.0000	
968.220000	0.0000	
968.420000	0.0000	
968.620000	0.0000	
968.820000	0.0000	
969.020000	0.0000	
969.220000	0.0000	
969.420000	0.0000	
969.620000	0.0000	
969.820000	0.0000	
970.020000	0.0000	
970.220000	0.0000	
970.420000	0.0000	
970.620000	0.0000	
970.820000	0.0000	
971.020000	0.0000	
971.220000	0.0000	
971.420000	0.0000	
971.620000	0.0000	
971.820000	0.0000	
972.020000	0.0000	
972.220000	0.0000	
972.420000	0.0000	
972.620000	0.0000	
972.820000	0.0000	
973.020000	0.0000	
973.220000	0.0000	
973.420000	0.0000	
973.620000	0.0000	
973.820000	0.0000	
974.020000	0.0000	
974.220000	0.0000	
974.420000	0.0000	
974.620000	0.0000	
974.820000	0.0000	
975.020000	0.0000	
975.220000	0.0000	
975.420000	0.0000	
975.620000	0.0000	
975.820000	0.0000	
976.020000	0.0000	
976.220000	0.0000	
976.420000	0.0000	
976.620000	0.0000	
976.820000	0.0000	
977.020000	0.0000	
977.220000	0.0000	
977.420000	0.0000	
977.620000	0.0000	
977.820000	0.0000	
978.020000	0.0000	
978.220000	0.0000	
978.420000	0.0000	
978.620000	0.0000	
978.820000	0.0000	
979.020000	0.0000	
979.220000	0.0000	
979.420000	0.0000	
979.620000	0.0000	
979.820000	0.0000	
980.020000	0.0000	
980.220000	0.0000	
980.420000	0.0000	
980.620000	0.0000	
980.820000	0.0000	
981.020000	0.0000	
981.220000	0.0000	
981.420000	0.0000	
981.620000	0.0000	
981.820000	0.0000	
982.020000	0.0000	
982.220000	0.0000	
982.420000	0.0000	
982.620000	0.0000	
982.820000	0.0000	
983.020000	0.0000	
983.220000	0.0000	
983.420000	0.0000	
983.620000	0.0000	
983.820000	0.0000	
984.020000	0.0000	
984.220000	0.0000	
984.420000	0.0000	
984.620000	0.0000	
984.820000	0.0000	
985.020000	0.0000	
985.220000	0.0000	
985.420000	0.0000	
985.620000	0.0000	
985.820000	0.0000	
986.020000	0.0000	
986.220000	0.0000	
986.420000	0.0000	
986.620000	0.0000	
986.820000	0.0000	
987.020000	0.0000	
987.220000	0.0000	
987.420000	0.0000	
987.620000	0.0000	
987.820000	0.0000	
988.020000	0.0000	
988.220000	0.0000	
988.420000	0.0000	
988.620000	0.0000	
988.820000	0.0000	
989.020000	0.0000	
989.220000	0.0000	
989.420000	0.0000	
989.620000	0.0000	
989.820000	0.0000	
990.020000	0.0000	
990.220000	0.0000	
990.420000	0.0000	
990.620000	0.0000	
990.820000	0.0000	
991.020000	0.0000	
991.220000	0.0000	
991.420000	0.0000	
991.620000	0.0000	
991.820000	0.0000	
992.020000	0.0000	
992.220000	0.0000	
992.420000	0.0000	
992.620000	0.0000	
992.820000	0.0000	
993.020000	0.0000	
993.220000	0.0000	
993.420000	0.0000	
993.620000	0.0000	
993.820000	0.0000	
994.020000	0.0000	
994.220000	0.0000	
994.420000	0.0000	
994.620000	0.0000	
994.820000	0.0000	
995.020000	0.0000	
995.220000	0.0000	
995.420000	0.0000	
995.620000	0.0000	
995.820000	0.0000	
996.020000	0.0000	
996.220000	0.0000	
996.420000	0.0000	
996.620000	0.0000	
996.820000	0.0000	
997.020000	0.0000	
997.220000	0.0000	
997.420000	0.0000	
997.620000	0.0000	
997.820000	0.0000	
998.020000	0.0000	
998.220000	0.0000	
998.420000	0.0000	
998.620000	0.0000	
998.820000	0.0000	
999.020000	0.0000	
999.220000	0.0000	
999.420000	0.0000	
999.620000	0.0000	
999.820000	0.0000	
1000.020000	0.0000	
1000.220000	0.0000	
1000.420000	0.0000	
1000.620000	0.0000	
1000.820000	0.0000	
1001.020000	0.0000	
1001.220000	0.0000	
1001.420000	0.0000	
1001.620000	0.0000	
1001.820000	0.0000	
1002.020000	0.0000	
1002.220000	0.0000	
1002.420000	0.0000	
1002.620000	0.0000	
1002.820000	0.0000	
1003.020000	0.0000	
1003.220000	0.0000	
1003.420000	0.0000	
1003.620000	0.0000	
1003.820000	0.0000	
1004.020000	0.0000	
1004.220000	0.0000	
1004.420000	0.0000	
1004.620000	0.0000	
1004.820000	0.0000	
1005.020000	0.0000	
1005.220000	0.0000	
1005.420000	0.0000	
1005.620000	0.0000	
1005.820000	0.0000	
1006.020000	0.0000	
1006.220000	0.0000	
1006.420000	0.0000	
1006.620000	0.0000	
1006.820000	0.0000	
1007.020000	0.0000	
1007.220000	0.0000	
1007.420000	0.0000	
1007.620000	0.0000	
1007.820000	0.0000	
1008.020000	0.0000	
1008.220000	0.0000	
1008.420000	0.0000	
1008.620000	0.0000	
1008.820000	0.0000	
1009.020000	0.0000	
1009.220000	0.0000	
1009.420000	0.0000	
1009.620000	0.0000	
1009.820000	0.0000	
1010.020000	0.0000	
1010.220000	0.0000	
1010.420000	0.0000	
1010.620000	0.0000	
1010.820000	0.0000	
1011.020000	0.0000	
1011.220000	0.0000	
1011.420000	0.0000	
1011.620000	0.0000	
1011.820000	0.0000	
1012.020000	0.0000	
1012.220000	0.0000	
1012.420000	0.0000	
1012.620000	0.0000	
1012.820000	0.0000	
1013.020000	0.0000	
1013.220000	0.0000	
1013.420000	0.0000	
1013.620000	0.0000	
1013.820000	0.0000	
1014.020000	0.0000	
1014.220000	0.0000	
1014.420000	0.0000	
1014.620000	0.0000	
1014.820000	0.0000	
1015.020000	0.0000	
1015.220000	0.0000	
1015.420000	0.0000	
1015.620000	0.0000	
1015.820000	0.0000	
1016.020000	0.0000	
1016.220000	0.0000	
1016.420000	0.0000	
1016.620000	0.0000	
1016.820000	0.0000	
1017.020000	0.0000	
1017.220000	0.0000	
1017.420000	0.0000	
1017.620000	0.0000	
1017.820000	0.0000	
1018.020000	0.0000	
1018.220000	0.0000	
1018.420000	0.0000	
1018.620000	0.0000	
1018.820000	0.0000	
1019.020000	0.0000	
1019.220000	0.0000	
1019.420000	0.0000	
1019.620000	0.0000	
1019.820000	0.0000	
1020.020000	0.0000	
1020.220000	0.0000	
1020.420000	0.0000	
1020.620000	0.0000	
1020.820000	0.0000	
1021.020000	0.0000	
1021.220000	0.0000	
1021.420000	0.0000	
1021.620000	0.0000	
1021.820000	0.0000	
1022.020000	0.0000	
1022.220000	0.0000	
1022.420000	0.0000	
1022.620000	0.0000	
1022.820000	0.0000	
1023.020000	0.0000	
1023.220000	0.0000	
1023.420000	0.0000	
1023.620000	0.0000	
1023.820000	0.0000	
1024.020000	0.0000	
1024.220000	0.0000	
1024.420000	0.0000	
1024.620000	0.0000	
1024.820000	0.0000	
1025.020000	0.0000	
1025.220000	0.0000	
1025.420000	0.0000	
1025.620000	0.0000	
1025.820000	0.0000	
1026.020000	0.0000	
1026.220000	0.0000	
1026.420000	0.0000	
1026.620000	0.0000	
1026.820000	0.0000	
1027.020000	0.0000	
1027.220000	0.0000	
1027.420000	0.0000	
1027.620000	0.0000	
1027.820000	0.0000	
1028.020000	0.0000	
1028.220000	0.0000	
1028.420000	0.0000	
1028.620000	0.0000	
1028.820000	0.0000	
1029.020000	0.0000	
1029.220000	0.0000	
1029.420000	0.0000	
1029.620000	0.0000	
1029.820000	0.0000	
1030.020000	0.0000	
1030.220000	0.0000	
1030.420000	0.0000	
1030.620000	0.0000	
1030.820000	0.0000	
1031.020000	0.0000	
1031.220000	0.0000	
1031.420000	0.0000	
1031.620000	0.0000	
1031.820000	0.0000	
1032.020000	0.0000	
1032.220000	0.0000	
1032.420000	0.0000	
1032.620000	0.0000	
1032.820000	0.0000	
1033.020000	0.0000	
1033.220000	0.0000	
1033.420000	0.0000	
1033.620000	0.0000	
1033.820000	0.0000	
1034.020000	0.0000	
1034.220000	0.0000	
1034.420000	0.0000	
1034.620000	0.0000	
1034.820000	0.0000	
1035.020000	0.0000	
1035.220000	0.0000	
1035.420000	0.0000	
1035.620000	0.0000	
1035.820000	0.0000	
1036.020000	0.0000	
1036.220000	0.0000	
1036.420000	0.0000	
1036.620000	0.0000	
1036.820000	0.0000	
1037.020000	0.0000	
1037.220000	0.0000	
1037.420000	0.0000	
1037.620000	0.0000	
1037.820000	0.0000	
1038.020000	0.0000	
1038.220000	0.0000	
1038.420000	0.0000	
1038.620000	0.0000	
1038.820000	0.0000	
1039.020000	0.0000	
1039.220000	0.0000	
1039.420000	0.0000	
1039.620000	0.0000	
1039.820000	0.0000	
1040.020000	0.0000	
1040.220000	0.0000	
1040.420000	0.0000	
1040.620000	0.0000	
1040.820000	0.0000	
1041.020000	0.0000	
1041.220000	0.0000	
1041.420000	0.0000	
1041.620000	0.0000	
1041.820000	0.0000	
1042.020000	0.0000	
1042.220000	0.0000	
1042.420000	0.0000	
1042.620000	0.0000	
1042.820000	0.0000	
1043.020000	0.0000	
1043.220000	0.0000	
1043.420000	0.0000	
1043.620000	0.0000	
1043.820000	0.0000	
1044.020000	0.0000	
1044.220000	0.0000	
1044.420000	0.0000	
1044.620000	0.0000	
1044.820000	0.0000	
1045.020000	0.0000	
1045.220000	0.0000	
1045.420000	0.0000	
1045.620000	0.0000	
1045.820000	0.0000	
1046.020000	0.0000	
1046.220000	0.0000	
1046.420000	0.0000	
1046.620000	0.0000	
1046.820000	0.0000	
1047.020000	0.0000	
1047.220000	0.0000	
1047.420000	0.0000	
1047.620000	0.0000	
1047.820000	0.0000	
1048.020000	0.0000	
1048.220000	0.0000	
1048.420000	0.0000	
1048.620000	0.0000	
1048.820000	0.0000	
1049.020000	0.0000	
1049.220000	0.0000	
1049.420000	0.0000	
1049.620000	0.0000	
1049.820000	0.0000	
1050.020000	0.0000	
1050.220000	0.0000	
1050.420000	0.0000	
1050.620000	0.0000	
1050.820000	0.0000	
1051.020000	0.0000	
1051.220000	0.0000	
1051.420000	0.0000	
1051.620000	0.0000	
1051.820000	0.0000	
1052.020000	0.0000	
1052.220000	0.0000	
1052.420000	0.0000	
1052.620000	0.0000	
1052.820000	0.0000	
1053.020000	0.0000	
1053.220000	0.0000	
1053.420000	0.0000	
1053.620000	0.0000	
1053.820000	0.0000	
1054.020000	0.0000	
1054.220000	0.0000	
1054.420000	0.0000	
1054.620000	0.0000	
1054.820000	0.0000	
1055.020000	0.0000	
1055.220000	0.0000	
1055.420000	0.0000	
1055.620000	0.0000	
1055.820000	0.0000	
1056.020000	0.0000	
1056.220000	0.0000	
1056.420000	0.0000	
1056.620000	0.0000	
1056.820000	0.0000	
1057.020000	0.0000	
1057.220000	0.0000	
1057.420000	0.0000	
1057.620000	0.0000	
1057.820000	0.0000	
1058.020000	0.0000	
1058.220000	0.0000	
1058.420000	0.0000	
1058.620000	0.0000	
1058.820000	0.0000	
1059.020000	0.0000	
1059.220000	0.0000	
1059.420000	0.0000	
1059.620000	0.0000	
1059.820000	0.0000	
1060.020000	0.0000	
1060.220000	0.0000	
1060.420000	0.0000	
1060.620000	0.0000	
1060.820000	0.0000	
1061.020000	0.0000	
1061.220000	0.0000	
1061.420000	0.0000	
1061.620000	0.0000	
1061.820000	0.0000	
1062.020000	0.0000	
1062.220000	0.0000	
1062.420000	0.0000	
1062.620000	0.0000	
1062.820000	0.0000	
1063.020000	0.0000	
1063.220000	0.0000	
1063.420000	0.0000	
1063.620000	0.0000	
1063.820000	0.0000	
1064.020000	0.0000	
1064.220000	0.0000	
1064.420000	0.0000	
1064.620000	0.0000	
1064.820000	0.0000	
1065.020000	0.0000	
1065.220000	0.0000	
1065.420000	0.0000	
1065.620000	0.0000	
1065.820000	0.0000	
1066.020000	0.0000	
1066.220000	0.0000	
1066.420000	0.0000	
1066.620000	0.0000	
1066.820000	0.0000	
1067.020000	0.0000	
1067.220000	0.0000	
1067.420000	0.0000	
1067.620000	0.0000	
1067.820000	0.0000	
1068.020000	0.0000	
1068.220000	0.0000	
1068.420000	0.0000	
1068.620000	0.0000	
1068.820000	0.0000	
1069.020000	0.0000	
1069.220000	0.0000	
1069.420000	0.0000	
1069.620000	0.0000	
1069.820000	0.0000	
1070.020000	0.0000	
1070.220000	0.0000	
1070.420000	0.0000	
1070.620000	0.0000	
1070.820000	0.0000	
1071.020000	0.0000	
1071.220000	0.0000	
1071.420000	0.0000	
1071.620000	0.0000	
1071.820000	0.0000	
1072.020000	0.0000	
1072.220000	0.0000	
1072.420000	0.0000	
1072.620000	0.0000	
1072.820000	0.0000	
1073.020000	0.0000	
1073.220000	0.0000	
1073.420000	0.0000	
1073.620000	0.0000	
1073.820000	0.0000	
1074.020000	0.0000	
1074.220000	0.0000	
1074.420000	0.0000	
1074.620000	0.0000	
1074.820000	0.0000	
1075.020000	0.0000	
1075.220000	0.0000	
1075.420000	0.0000	
1075.620000	0.0000	
1075.820000	0.0000	
1076.020000	0.0000	
1076.220000	0.0000	
1076.420000	0.0000	
1076.620000	0.0000	
1076.820000	0.0000	
1077.020000	0.0000	
1077.220000	0.0000	
1077.420000	0.0000	
1077.620000	0.0000	
1077.820000	0.0000	
1078.020000	0.0000	
1078.220000	0.0000	
1078.420000	0.0000	
1078.620000	0.0000	
1078.820000	0.0000	
1079.020000	0.0000	
1079.220000	0.0000	
1079.420000	0.0000	
1079.620000	0.0000	
1079.820000	0.0000	
1080.020000	0.0000	
1080.220000	0.0000	
1080.420000	0.0000	
1080.620000	0.0000	
1080.820000	0.0000	
1081.020000	0.0000	
1081.220000	0.0000	
1081.420000	0.0000	
1081.620000	0.0000	
1081.820000	0.0000	
1082.020000	0.0000	
1082.220000	0.0000	
1082.420000	0.0000	
1082.620000	0.0000	
1082.820000	0.0000	
1083.020000	0.0000	
1083.220000	0.0000	
1083.420000	0.0000	
1083.620000	0.0000	
1083.820000	0.0000	
1084.020000	0.0000	
1084.220000	0.0000	
1084.420000	0.0000	
1084.620000	0.0000	
1084.820000	0.0000	
1085.020000	0.0000	
1085.220000	0.0000	
1085.420000	0.0000	
1085.620000	0.0000	
1085.820000	0.0000	
1086.020000	0.0000	
1086.220000	0.0000	
1086.420000	0.0000	
1086.620000	0.0000	
1086.820000	0.0000	
1087.020000	0.0000	
1087.220000	0.0000	
1087.420000	0.0000	
1087.620000	0.0000	
1087.820000	0.0000	
1088.020000	0.0000	
1088.220000	0.0000	
1088.420000	0.0000	
1088.620000	0.0000	
1088.820000	0.0000	
1089.020000	0.0000	
1089.220000	0.0000	
1089.420000	0.0000	
1089.620000	0.0000	
1089.820000	0.0000	
1090.020000	0.0000	
1090.220000	0.0000	
1090.420000	0.0000	
1090.620000	0.0000	
1090.820000	0.0000	
1091.020000	0.0000	
1091.220000	0.0000	
1091.420000	0.0000	
1091.620000	0.0000	
1091.820000	0.0000	
1092.020000	0.0000	
1092.220000	0.0000	
1092.420000	0.0000	
1092.620000	0.0000	
1092.820000	0.0000	
1093.020000	0.0000	
1093.220000	0.0000	
1093.420000	0.0000	
1093.620000	0.0000	
1093.820000	0.0000	
1094.020000	0.0000	
1094.220000	0.0000	
1094.420000	0.0000	
1094.620000	0.0000	
1094.820000	0.0000	
1095.020000	0.0000	
1095.220000	0.0000	
1095.420000	0.0000	
1095.620000	0.0000	
1095.820000	0.0000	
1096.020000	0.0000	
1096.220000	0.0000	
1096.420000	0.0000	
1096.620000	0.0000	
1096.820000	0.0000	
1097.020000	0.0000	
1097.220000	0.0000	
1097.420000	0.0000	
1097.620000	0.0000	
1097.820000	0.0000	
1098.020000	0.0000	
1098.220000	0.0000	
1098.420000	0.0000	
1098.620000	0.0000	
1098.820000	0.0000	
1099.020000	0.0000	
1099.220000	0.0000	
1099.420000	0.0000	
1099.620000	0.0000	
1099.820000	0.0000	
1100.020000	0.0000	
1100.220000	0.0000	
1100.420000	0.0000	
1100.620000	0.0000	
1100.820000	0.0000	
1101.020000	0.0000	
1101.220000	0.0000	
1101.420000	0.0000	
1101.620000	0.0000	
1101.820000	0.0000	
1102.020000	0.0000	
1102.220000	0.0000	
1102.420000	0.0000	
1102.620000	0.0000	
1102.820000	0.0000	
1103.020000	0.0000	
1103.220000	0.0000	
1103.420000	0.0000	
1103.620000	0.0000	
1103.820000	0.0000	
1104.020000	0.0000	
1104.220000	0.0000	
1104.420000	0.0000	
1104.620000	0.0000	
1104.820000	0.0000	
1105.020000	0.0000	
1105.220000	0.0000	
1105.420000	0.0000	
1105.620000	0.0000	
1105.820000	0.0000	
1106.020000	0.0000	
1106.220000	0.0000	
1106.420000	0.0000	
1106.620000	0.0000	
1106.820000	0.0000	
1107.020000	0.0000	
1107.220000	0.0000	
1107.420000	0.0000	
1107.620000	0.0000	
1107.820000	0.0000	
1108.020000	0.0000	
1108.220000	0.0000	
1108.420000	0.0000	
1108.620000	0.0000	
1108.820000	0.0000	
1109.020000	0.0000	
1109.220000	0.0000	
1109.420000	0.0000	
1109.620000	0.0000	
1109.820000	0.0000	
1110.020000	0.0000	
1110.220000	0.0000	
1110.420000	0.0000	
1110.620000	0.0000	
1110.820000	0.0000	
1111.020000	0.0000	
1111.220000	0.0000	
1111.420000	0.0000	
1111.620000	0.0000	
1111.820000	0.0000	
1112.020000	0.0000	
1112.220000	0.0000	
1112.420000	0.0000	
1112.620000	0.0000	
1112.820000	0.0000	
1113.020000	0.0000	
1113.220000	0.0000	
1113.420000	0.0000	
1113.620000	0.0000	
1113.820000	0.0000	
1114.020000	0.0000	
1114.220000	0.0000	
1114.420000	0.0000	
1114.620000	0.0000	
1114.820000	0.0000	
1115.020000	0.0000	
1115.220000	0.0000	
1115.420000	0.0000	
1115.620000	0.0000	
1115.820000	0.0000	
1116.020000	0.0000	
1116.220000	0.0000	
1116.420000	0.0000	
1116.620000	0.0000	
1116.820000	0.0000	
1117.020000	0.0000	
1117.220000	0.0000	
1117.420000	0.0000	
1117.620000	0.0000	
1117.820000	0.0000	
1118.020000	0.0000	
1118.220000	0.0000	
1118.420000	0.0000	
1118.620000	0.0000	
1118.820000	0.0000	
1119.020000	0.0000	
1119.220000	0.0000	
1119.420000	0.0000	
1119.620000	0.0000	
1119.820000	0.0000	
1120.020000	0.0000	
1120.220000	0.0000	
1120.420000	0.0000	
1120.620000	0.0000	
1120.820000	0.0000	
1121.020000	0.0000	
1121.220000	0.0000	
1121.420000	0.0000	
1121.620000	0.0000	
1121.820000	0.0000	
1122.020000	0.0000	
1122.220000	0.0000	
1122.420000	0.0000	
1122.620000	0.0000	
1122.820000	0.0000	
1123.020000	0.0000	
1123.220000	0.0000	
1123.420000	0.0000	
1123.620000	0.0000	
1123.820000	0.0000	
1124.020000	0.0000	
1124.220000	0.0000	
1124.420000	0.0000	
1124.620000	0.0000	
1124.820000	0.0000	
1125.020000	0.0000	
1125.220000	0.0000	
1125.420000	0.0000	
1125.620000	0.0000	
1125.820000	0.0000	
1126.020000	0.0000	
1126.220000	0.0000	
1126.420000	0.0000	
1126.620000	0.0000	
1126.820000	0.0000	
1127.020000	0.0000	
1127.220000	0.0000	
1127.420000	0.0000	
1127.620000	0.0000	
1127.820000	0.0000	
1128.020000	0.0000	
1128.220000	0.0000	
1128.420000	0.0000	
1128.620000	0.0000	
1128.820000	0.0000	
1129.020000	0.0000	
1129.220000	0.0000	
1129.420000	0.0000	
1129.620000	0.0000	
1129.820000	0.0000	
1130.020000	0.0000	
1130.220000	0.0000	
1130.420000	0.0000	
1130.620000	0.0000	
1130.820000	0.0000	
1131.020000	0.0000	
1131.220000	0.0000	
1131.420000	0.0000	
1131.620000	0.0000	
1131.820000	0.0000	
1132.020000	0.0000	
1132.220000	0.0000	
1132.420000	0.0000	
1132.620000	0.0000	
1132.820000	0.0000	
1133.020000	0.0000	
1133.220000	0.0000	
1133.420000	0.0000	
1133.620000	0.0000	
1133.820000	0.0000	
1134.020000	0.0000	
1134.220000	0.0000	
1134.420000	0.0000	
1134.620000	0.0000	
1134.820000	0.0000	
1135.020000	0.0000	
1135.220000	0.0000	
1135.420000	0.0000	
1135.620000	0.0000	
1135.820000	0.0000	
1136.020000	0.0000	
1136.220000	0.0000	
1136.420000	0.0000	
1136.620000	0.0000	
1136.820000	0.0000	
1137.020000	0.0000	
1137.220000	0.0000	
1137.420000	0.0000	
1137.620000	0.0000	
1137.820000	0.0000	
1138.020000	0.0000	
1138.220000	0.0000	
1138.420000	0.0000	
1138.620000	0.0000	
1138.820000	0.0000	
1139.020000	0.0000	
1139.220000	0.0000	
1139.420000	0.0000	
1139.620000	0.0000	
1139.820000	0.0000	
1140.020000	0.0000	
1140.220000	0.0000	
1140.420000	0.0000	
1140.620000	0.0000	
1140.820000	0.0000	
1141.020000	0.0000	
1141.220000	0.0000	
1141.420000	0.0000	
1141.620000	0.0000	
1141.820000	0.0000	
1142.020000	0.0000	
1142.220000	0.0000	
1142.420000	0.0000	
1142.620000	0.0000	
1142.820000	0.0000	
1143.020000	0.0000	
1143.220000	0.0000	
1143.420000	0.0000	
1143.620000	0.0000	
1143.820000	0.0000	
1144.020000	0.0000	
1144.220000	0.0000	
1144.420000	0.0000	
1144.620000	0.0000	
1144.820000	0.0000	
1145.020000	0.0000	
1145.220000	0.0000	
1145.420000	0.0000	
1145.620000	0.0000	
1145.820000	0.0000	
1146.020000	0.0000	
1146.220000	0.0000	
1146.420000	0.0000	
1146.620000	0.0000	
1146.820000	0.0000	
1147.020000	0.0000	
1147.220000	0.0000	
1147.420000	0.0000	
1147.620000	0.0000	
1147.820000	0.0000	
1148.020000	0.0000	
1148.220000	0.0000	
1148.420000	0.0000	
1148.620000	0.0000	
1148.820000	0.0000	
1149.020000	0.0000	
1149.220000	0.0000	
1149.420000	0.0000	
1149.620000	0.0000	
1149.820000	0.0000	
1150.020000	0.0000	
1150.220000	0.0000	
1150.420000	0.0000	
1150.620000	0.0000	
1150.820000	0.0000	
1151.020000	0.0000	
1151.220000	0.0000	
1151.420000	0.0000	
1151.620000	0.0000	
1151.820000	0.0000	
1152.020000	0.0000	
1152.220000	0.0000	
1152.420000	0.0000	
1152.620000	0.0000	
1152.820000	0.0000	
1156.900000	0.0000	
1157.100000	0.0000	
1157.300000	0.0000	
1157.500000	0.0000	
1157.700000	0.0000	
1157.900000	0.0000	
1158.100000	0.0000	
1158.300000	0.0000	
1158.500000	0.0000	
1158.700000	0.0000	
1158.900000	0.0000	
1159.100000	0.0000	
1159.300000	0.0000	
1159.500000	0.0000	
1159.700000	0.0000	
1159.900000	0.0000	
1160.100000	0.0000	
1160.300000	0.0000	
1160.500000	0.0000	
1160.700000	0.0000	
1160.900000	0.0000	
1161.100000	0.0000	
1161.300000	0.0000	
1161.500000	0.0000	
1161.700000	0.0000	
1161.900000	0.0000	
1162.100000	0.0000	
1162.300000	0.0000	
1162.500000	0.0000	
1162.700000	0.0000	
1162.900000	0.0000	
1163.100000	0.0000	
1163.300000	0.0000	
1163.500000	0.0000	
1163.700000	0.0000	
1163.900000	0.0000	
1164.100000	0.0000	
1164.300000	0.0000	
1164.500000	0.0000	
1164.700000	0.0000	
1164.900000	0.0000	
1165.100000	0.0000	
1165.300000	0.0000	
1165.500000	0.0000	
1165.700000	0.0000	
1165.900000	0.0000	
1166.100000	0.0000	
1166.300000	0.0000	
1166.500000	0.0000	
1166.700000	0.0000	
1166.900000	0.0000	
1167.100000	0.0000	
1167.300000	0.0000	
1167.500000	0.0000	
1167.700000	0.0000	
1167.900000	0.0000	
1168.100000	0.0000	
1168.300000	0.0000	
1168.500000	0.0000	
1168.700000	0.0000	
1168.900000	0.0000	
1169.100000	0.0000	
1169.300000	0.0000	
1169.500000	0.0000	
1169.700000	0.0000	
1169.900000	0.0000	
1170.100000	0.0000	
1170.300000	0.0000	
1170.500000	0.0000	
1170.700000	0.0000	
1170.900000	0.0000	
1171.100000	0.0000	
1171.300000	0.0000	
1171.500000	0.0000	
1171.700000	0.0000	
1171.900000	0.0000	
1172.100000	0.0000	
1172.300000	0.0000	
1172.500000	0.0000	
1172.700000	0.0000	
1172.900000	0.0000	
1173.100000	0.0000	
1173.300000	0.0000	
1173.500000	0.0000	
1173.700000	0.0000	
1173.900000	0.0000	
1174.100000	0.0000	
1174.300000	0.0000	
1174.500000	0.0000	
1174.700000	0.0000	
1174.900000	0.0000	
1175.100000	0.0000	
1175.300000	0.0000	
1175.500000	0.0000	
1175.700000	0.0000	
1175.900000	0.0000	
1176.100000	0.0000	
1176.300000	0.0000	
1176.500000	0.0000	
1176.700000	0.0000	
1176.900000	0.0000	
1177.100000	0.0000	
1177.300000	0.0000	
1177.500000	0.0000	
1177.700000	0.0000	
1177.900000	0.0000	
1178.100000	0.0000	
1178.300000	0.0000	
1178.500000	0.0000	
1178.700000	0.0000	
1178.900000	0.0000	
1179.100000	0.0000	
1179.300000	0.0000	
1179.500000	0.0000	
1179.700000	0.0000	
1179.900000	0.0000	
1180.100000	0.0000	
1180.300000	0.0000	
1180.500000	0.0000	
1191.600000	0.0000	
1191.800000	0.0000	
1192.000000	0.0000	
1192.200000	0.0000	
1192.400000	0.0000	
1192.600000	0.0000	
1192.800000	0.0000	
1193.000000	0.0000	
1193.200000	0.0000	
1193.400000	0.0000	
1193.600000	0.0000	
1193.800000	0.0000	
1194.000000	0.0000	
1194.200000	0.0000	
1194.400000	0.0000	
1194.600000	0.0000	
1194.800000	0.0000	
1195.000000	0.0000	
1195.200000	0.0000	
1195.400000	0.0000	
1195.600000	0.0000	
1195.800000	0.0000	
1196.000000	0.0000	
1196.200000	0.0000	
1196.400000	0.0000	
1196.600000	0.0000	
1196.800000	0.0000	
1197.000000	0.0000	
1197.200000	0.0000	
1197.400000	0.0000	
1197.600000	0.0000	
1197.800000	0.0000	
1198.000000	0.0000	
1198.200000	0.0000	
1198.400000	0.0000	
1198.600000	0.0000	
1198.800000	0.0000	
1199.000000	0.0000	
1199.200000	0.0000	
1199.400000	0.0000	
1199.600000	0.0000	
1199.800000	0.0000	
1200.000000	0.0000	
1200.200000	0.0000	
1200.400000	0.0000	
1200.600000	0.0000	
1200.800000	0.0000	
1201.000000	0.0000	
1201.200000	0.0000	
1201.400000	0.0000	
1201.600000	0.0000	
1201.800000	0.0000	
1202.000000	0.0000	
1202.200000	0.0000	
1202.400000	0.0000	
1202.600000	0.0000	
1202.800000	0.0000	
1203.000000	0.0000	
1203.200000	0.0000	
1203.400000	0.0000	
1203.600000	0.0000	
1203.800000	0.0000	
1204.000000	0.0000	
1204.200000	0.0000	
1204.400000	0.0000	
1204.600000	0.0000	
1204.800000	0.0000	
1205.000000	0.0000	
1205.200000	0.0000	
1205.400000	0.0000	
1205.600000	0.0000	
1205.800000	0.0000	
1206.000000	0.0000	
1206.200000	0.0000	
1206.400000	0.0000	
1206.600000	0.0000	
1206.800000	0.0000	
1207.000000	0.0000	
1207.200000	0.0000	
1207.400000	0.0000	
1207.600000	0.0000	
1207.800000	0.0000	
1208.000000	0.0000	
1208.200000	0.0000	
1208.400000	0.0000	
1208.600000	0.0000	
1208.800000	0.0000	
1209.000000	0.0000	
1209.200000	0.0000	
1209.400000	0.0000	
1209.600000	0.0000	
1209.800000	0.0000	
1210.000000	0.0000	
1210.200000	0.0000	
1210.400000	0.0000	
1210.600000	0.0000	
1210.800000	0.0000	
1211.000000	0.0000	
1211.200000	0.0000	
1211.400000	0.0000	
1211.600000	0.0000	
1211.800000	0.0000	
1212.000000	0.0000	
1212.200000	0.0000	
1212.400000	0.0000	
1212.600000	0.0000	
1212.800000	0.0000	
1213.000000	0.0000	
1213.200000	0.0000	
1213.400000	0.0000	
1213.600000	0.0000	
1231.680000	0.0000	
1231.880000	0.0000	
1232.080000	0.0000	
1232.280000	0.0000	
1232.480000	0.0000	
1232.680000	0.0000	
1232.880000	0.0000	
1233.080000	0.0000	
1233.280000	0.0000	
1233.480000	0.0000	
1233.680000	0.0000	
1233.880000	0.0000	
1234.080000	0.0000	
1234.280000	0.0000	
1234.480000	0.0000	
1234.680000	0.0000	
1234.880000	0.0000	
1235.080000	0.0000	
1235.280000	0.0000	
1235.480000	0.0000	
1235.680000	0.0000	
1235.880000	0.0000	
1236.080000	0.0000	
1236.280000	0.0000	
1236.480000	0.0000	
1236.680000	0.0000	
1236.880000	0.0000	
1237.080000	0.0000	
1237.280000	0.0000	
1237.480000	0.0000	
1237.680000	0.0000	
1237.880000	0.0000	
1238.080000	0.0000	
1238.280000	0.0000	
1238.480000	0.0000	
1238.680000	0.0000	
1238.880000	0.0000	
1239.080000	0.0000	
1239.280000	0.0000	
1239.480000	0.0000	
1239.680000	0.0000	
1239.880000	0.0000	
1240.080000	0.0000	
1240.280000	0.0000	
1240.480000	0.0000	
1240.680000	0.0000	
1240.880000	0.0000	
1241.080000	0.0000	
1241.280000	0.0000	
1241.480000	0.0000	
1241.680000	0.0000	
1241.880000	0.0000	
1242.080000	0.0000	
1242.280000	0.0000	
1242.480000	0.0000	
1242.680000	0.0000	
1242.880000	0.0000	
1243.080000	0.0000	
1243.280000	0.0000	
1243.480000	0.0000	
1243.680000	0.0000	
1243.880000	0.0000	
1244.080000	0.0000	
1244.280000	0.0000	
1244.480000	0.0000	
1244.680000	0.0000	
1244.880000	0.0000	
1245.080000	0.0000	
1245.280000	0.0000	
1245.480000	0.0000	
1245.680000	0.0000	
1245.880000	0.0000	
1246.080000	0.0000	
1246.280000	0.0000	
1246.480000	0.0000	
1246.680000	0.0000	
1246.880000	0.0000	
1247.080000	0.0000	
1247.280000	0.0000	
1247.480000	0.0000	
1247.680000	0.0000	
1247.880000	0.0000	
1248.080000	0.0000	
1248.280000	0.0000	
1248.480000	0.0000	
1248.680000	0.0000	
1248.880000	0.0000	
1249.080000	0.0000	
1249.280000	0.0000	
1249.480000	0.0000	
1249.680000	0.0000	
1249.880000	0.0000	
1250.080000	0.0000	
1250.280000	0.0000	
1250.480000	0.0000	
1250.680000	0.0000	
1250.880000	0.0000	
1251.080000	0.0000	
1251.280000	0.0000	
1251.480000	0.0000	
1251.680000	0.0000	
1251.880000	0.0000	
1252.080000	0.0000	
1252.280000	0.0000	
1252.480000	0.0000	
1252.680000	0.0000	
1252.880000	0.0000	
1253.080000	0.0000	
1253.280000	0.0000	
1253.480000	0.0000	
1253.680000	0.0000	
1253.880000	0.0000	
1254.080000	0.0000	
1274.080000	0.0000	
1283.020000	0.0000	
1283.220000	0.0000	
1283.420000	0.0000	
1283.620000	0.0000	
1283.820000	0.0000	
1284.020000	0.0000	
1284.220000	0.0000	
1284.420000	0.0000	
1284.620000	0.0000	
1284.820000	0.0000	
1285.020000	0.0000	
1285.220000	0.0000	
1285.420000	0.0000	
1285.620000	0.0000	
1285.820000	0.0000	
1286.020000	0.0000	
1286.220000	0.0000	
1286.420000	0.0000	
1286.620000	0.0000	
1286.820000	0.0000	
1287.020000	0.0000	
1287.220000	0.0000	
1287.420000	0.0000	
1287.620000	0.0000	
1287.820000	0.0000	
1288.020000	0.0000	
1288.220000	0.0000	
1288.420000	0.0000	
1288.620000	0.0000	
1288.820000	0.0000	
1289.020000	0.0000	
1289.220000	0.0000	
1289.420000	0.0000	
1289.620000	0.0000	
1289.820000	0.0000	
1290.020000	0.0000	
1290.220000	0.0000	
1290.420000	0.0000	
1290.620000	0.0000	
1290.820000	0.0000	
1291.020000	0.0000	
1291.220000	0.0000	
1291.420000	0.0000	
1291.620000	0.0000	
1291.820000	0.0000	
1292.020000	0.0000	
1292.220000	0.0000	
1292.420000	0.0000	
1292.620000	0.0000	
1292.820000	0.0000	
1293.020000	0.0000	
1293.220000	0.0000	
1293.420000	0.0000	
1293.620000	0.0000	
1293.820000	0.0000	
1294.020000	0.0000	
1294.220000	0.0000	
1294.420000	0.0000	
1294.620000	0.0000	
1294.820000	0.0000	
1295.020000	0.0000	
1295.220000	0.0000	
1295.420000	0.0000	
1295.620000	0.0000	
1295.820000	0.0000	
1296.020000	0.0000	
1296.220000	0.0000	
1296.420000	0.0000	
1296.620000	0.0000	
1296.820000	0.0000	
1297.020000	0.0000	
1297.220000	0.0000	
1297.420000	0.0000	
1297.620000	0.0000	
1297.820000	0.0000	
1298.020000	0.0000	
1298.220000	0.0000	
1298.420000	0.0000	
1298.620000	0.0000	
1298.820000	0.0000	
1299.020000	0.0000	
1299.220000	0.0000	
1299.420000	0.0000	
1299.620000	0.0000	
1299.820000	0.0000	
1300.020000	0.0000	
1300.220000	0.0000	
1300.420000	0.0000	
1300.620000	0.0000	
1300.820000	0.0000	
1301.020000	0.0000	
1301.220000	0.0000	
1301.420000	0.0000	
1301.620000	0.0000	
1301.820000	0.0000	
1302.020000	0.0000	
1302.220000	0.0000	
1302.420000	0.0000	
1302.620000	0.0000	
1302.820000	0.0000	
1303.020000	0.0000	
1303.220000	0.0000	
1303.420000	0.0000	
1303.620000	0.0000	
1303.820000	0.0000	
1304.020000	0.0000	
1304.220000	0.0000	
1304.420000	0.0000	
1304.620000	0.0000	
1304.820000	0.0000	
1305.020000	0.0000	
1305.220000	0.0000	
1305.420000	0.0000	
1305.620000	0.0000	
1305.820000	0.0000	
1306.020000	0.0000	
1306.220000	0.0000	
1306.420000	0.0000	
1306.620000	0.0000	
1306.820000	0.0000	
1307.020000	0.0000	
1307.220000	0.0000	
1307.420000	0.0000	
1307.620000	0.0000	
1307.820000	0.0000	
1308.020000	0.0000	
1308.220000	0.0000	
1308.420000	0.0000	
1308.620000	0.0000	
1308.820000	0.0000	
1309.020000	0.0000	
1309.220000	0.0000	
1309.420000	0.0000	
1309.620000	0.0000	
1309.820000	0.0000	
1310.020000	0.0000	
1330.020000	0.0000	
1350.020000	0.0000	
1370.020000	0.0000	
1390.020000	0.0000	
1410.020000	0.0000	
1430.020000	0.0000	
1450.020000	0.0000	
1470.020000	0.0000	
1490.020000	0.0000	
1510.020000	0.0000	
1530.020000	0.0000	
1550.020000	0.0000	
1570.020000	0.0000	
1590.020000	0.0000	
1610.020000	0.0000	
1630.020000	0.0000	
1650.020000	0.0000	
1670.020000	0.0000	
1690.020000	0.0000	
1710.020000	0.0000	
1730.020000	0.0000	
1750.020000	0.0000	
1770.020000	0.0000	
1790.020000	0.0000	
1810.020000	0.0000	
1830.020000	0.0000	
1850.020000	0.0000	
1870.020000	0.0000	
1890.020000	0.0000	
1910.020000	0.0000	
1930.020000	0.0000	
1950.020000	0.0000	
1970.020000	0.0000	
1990.020000	0.0000	
2010.020000	0.0000	
2030.020000	0.0000	
2050.020000	0.0000	
2070.020000	0.0000	
2090.020000	0.0000	
2110.020000	0.0000	
2130.020000	0.0000	
2150.020000	0.0000	
2170.020000	0.0000	
2190.020000	0.0000	
2210.020000	0.0000	
2230.020000	0.0000	
2250.020000	0.0000	
2270.020000	0.0000	
2290.020000	0.0000	
2310.020000	0.0000	
2330.020000	0.0000	
2350.020000	0.0000	
2370.020000	0.0000	
2390.020000	0.0000	
2410.020000	0.0000	
2430.020000	0.0000	
2450.020000	0.0000	
2470.020000	0.0000	
2490.020000	0.0000	
