0.000000	0.000000000000	
20.000000	0.000000000001	
40.000000	0.000000000002	
60.000000	0.000000000003	
80.000000	0.000000000004	
100.000000	0.000000000005	
120.000000	0.000000000000	
140.000000	0.000000000000	
160.000000	0.000000000000	
180.000000	0.000000000000	
200.000000	0.000000000000	
220.000000	0.000000000000	
240.000000	0.000000000000	
260.000000	0.000000000000	
280.000000	0.000000000000	
300.000000	0.000000000000	
320.000000	0.000000000000	
340.000000	0.000000000000	
360.000000	0.000000000000	
380.000000	0.000000000000	
400.000000	0.000000000024	
420.000000	0.000000000051	
440.000000	0.000000000080	
460.000000	0.000000000111	
480.000000	0.000000000144	
500.000000	0.000000000180	
520.000000	0.000000000219	
540.000000	0.000000000264	
560.000000	0.000000000314	
580.000000	0.000000000368	
600.000000	0.000000000427	
608.400000	0.000000000453	
608.600000	0.000000000453	
608.800000	0.000000000454	
609.000000	0.000000000454	
609.200000	0.000000000455	
609.400000	0.000000000456	
609.600000	0.000000000456	
609.800000	0.000000000457	
610.000000	0.000000000458	
610.200000	0.000000000458	
610.400000	0.000000000459	
610.600000	0.000000000459	
610.800000	0.000000000460	
611.000000	0.000000000461	
611.200000	0.000000000461	
611.400000	0.000000000462	
611.600000	0.000000000462	
611.800000	0.000000000463	
612.000000	0.000000000464	
612.200000	0.000000000464	
612.400000	0.000000000465	
612.600000	0.000000000466	
612.800000	0.000000000466	
613.000000	0.000000000467	
613.200000	0.000000000467	
613.400000	0.000000000468	
613.600000	0.000000000469	
613.800000	0.000000000469	
614.000000	0.000000000470	
614.200000	0.000000000471	
614.400000	0.000000000471	
614.600000	0.000000000472	
614.800000	0.000000000473	
615.000000	0.000000000473	
615.200000	0.000000000474	
615.400000	0.000000000474	
615.600000	0.000000000475	
615.800000	0.000000000476	
616.000000	0.000000000476	
616.200000	0.000000000477	
616.400000	0.000000000478	
616.600000	0.000000000478	
616.800000	0.000000000479	
617.000000	0.000000000479	
617.200000	0.000000000480	
617.400000	0.000000000481	
617.600000	0.000000000481	
617.800000	0.000000000482	
618.000000	0.000000000483	
618.200000	0.000000000483	
618.400000	0.000000000484	
618.600000	0.000000000485	
618.800000	0.000000000485	
619.000000	0.000000000486	
619.200000	0.000000000486	
619.400000	0.000000000487	
619.600000	0.000000000488	
619.800000	0.000000000488	
620.000000	0.000000000489	
620.200000	0.000000000490	
620.400000	0.000000000490	
620.600000	0.000000000491	
620.800000	0.000000000492	
621.000000	0.000000000492	
621.200000	0.000000000493	
621.400000	0.000000000493	
621.600000	0.000000000494	
621.800000	0.000000000495	
622.000000	0.000000000495	
622.200000	0.000000000496	
622.400000	0.000000000497	
622.600000	0.000000000497	
622.800000	0.000000000498	
623.000000	0.000000000499	
623.200000	0.000000000499	
623.400000	0.000000000500	
623.600000	0.000000000501	
623.800000	0.000000000501	
624.000000	0.000000000502	
624.200000	0.000000000502	
624.400000	0.000000000503	
624.600000	0.000000000504	
624.800000	0.000000000504	
625.000000	0.000000000505	
625.200000	0.000000000506	
625.400000	0.000000000506	
625.600000	0.000000000507	
625.800000	0.000000000508	
626.000000	0.000000000508	
626.200000	0.000000000509	
626.400000	0.000000000510	
626.600000	0.000000000510	
626.800000	0.000000000511	
627.000000	0.000000000512	
627.200000	0.000000000512	
627.400000	0.000000000513	
627.600000	0.000000000514	
627.800000	0.000000000514	
628.000000	0.000000000515	
628.200000	0.000000000515	
628.400000	0.000000000516	
628.600000	0.000000000517	
628.800000	0.000000000517	
629.000000	0.000000000518	
629.200000	0.000000000519	
629.400000	0.000000000519	
629.600000	0.000000000520	
629.800000	0.000000000521	
630.000000	0.000000000521	
630.200000	0.000000000522	
630.400000	0.000000000523	
630.600000	0.000000000523	
630.800000	0.000000000524	
631.000000	0.000000000525	
631.200000	0.000000000525	
631.400000	0.000000000526	
631.600000	0.000000000527	
631.800000	0.000000000527	
632.000000	0.000000000528	
632.200000	0.000000000529	
632.400000	0.000000000529	
632.600000	0.000000000530	
632.800000	0.000000000531	
633.000000	0.000000000531	
633.200000	0.000000000532	
633.400000	0.000000000533	
633.600000	0.000000000533	
633.800000	0.000000000534	
634.000000	0.000000000535	
634.200000	0.000000000535	
634.400000	0.000000000536	
634.600000	0.000000000537	
634.800000	0.000000000537	
635.000000	0.000000000538	
635.200000	0.000000000539	
635.400000	0.000000000539	
635.600000	0.000000000540	
635.800000	0.000000000541	
636.000000	0.000000000541	
636.200000	0.000000000542	
636.400000	0.000000000543	
636.600000	0.000000000543	
636.800000	0.000000000544	
637.000000	0.000000000545	
637.200000	0.000000000545	
637.400000	0.000000000546	
637.600000	0.000000000547	
637.800000	0.000000000547	
638.000000	0.000000000548	
638.200000	0.000000000549	
638.400000	0.000000000549	
638.600000	0.000000000550	
638.800000	0.000000000551	
639.000000	0.000000000552	
639.200000	0.000000000552	
639.400000	0.000000000553	
639.600000	0.000000000554	
639.800000	0.000000000554	
640.000000	0.000000000555	
640.200000	0.000000000556	
640.400000	0.000000000556	
640.600000	0.000000000557	
640.800000	0.000000000558	
641.000000	0.000000000558	
641.200000	0.000000000559	
641.400000	0.000000000560	
641.600000	0.000000000560	
641.800000	0.000000000561	
642.000000	0.000000000562	
642.200000	0.000000000563	
642.400000	0.000000000563	
642.600000	0.000000000564	
642.800000	0.000000000565	
643.000000	0.000000000565	
643.200000	0.000000000566	
643.400000	0.000000000567	
643.600000	0.000000000567	
643.800000	0.000000000568	
644.000000	0.000000000569	
644.200000	0.000000000570	
644.400000	0.000000000570	
644.600000	0.000000000571	
644.800000	0.000000000572	
645.000000	0.000000000572	
645.200000	0.000000000573	
645.400000	0.000000000574	
645.600000	0.000000000575	
645.800000	0.000000000575	
646.000000	0.000000000576	
646.200000	0.000000000577	
646.400000	0.000000000578	
646.600000	0.000000000578	
646.800000	0.000000000579	
647.000000	0.000000000580	
647.200000	0.000000000581	
647.400000	0.000000000581	
647.600000	0.000000000582	
647.800000	0.000000000583	
648.000000	0.000000000586	
648.200000	0.000000001088	
648.400000	0.000000005903	
648.600000	0.000000016905	
648.800000	0.000000034495	
649.000000	0.000000057123	
649.200000	0.000000081901	
649.400000	0.000000106008	
649.600000	0.000000127166	
649.800000	0.000000143800	
650.000000	0.000000155709	
650.200000	0.000000164078	
650.400000	0.000000170277	
650.600000	0.000000175191	
650.800000	0.000000179253	
670.800000	0.000000190922	
678.540000	0.000000184718	
678.740000	0.000000184560	
678.940000	0.000000184401	
679.140000	0.000000184242	
679.340000	0.000000184084	
679.540000	0.000000183926	
679.740000	0.000000183767	
679.940000	0.000000183609	
680.140000	0.000000183451	
680.340000	0.000000183293	
680.540000	0.000000183135	
680.740000	0.000000182977	
680.940000	0.000000182819	
681.140000	0.000000182661	
681.340000	0.000000182503	
681.540000	0.000000182346	
681.740000	0.000000182188	
681.940000	0.000000182031	
682.140000	0.000000181874	
682.340000	0.000000181716	
682.540000	0.000000181559	
682.740000	0.000000181402	
682.940000	0.000000181245	
683.140000	0.000000181088	
683.340000	0.000000180931	
683.540000	0.000000180775	
683.740000	0.000000180618	
683.940000	0.000000180461	
684.140000	0.000000180305	
684.340000	0.000000180148	
684.540000	0.000000179992	
684.740000	0.000000179836	
684.940000	0.000000179680	
685.140000	0.000000179524	
685.340000	0.000000179368	
685.540000	0.000000179212	
685.740000	0.000000179056	
685.940000	0.000000178900	
686.140000	0.000000178744	
686.340000	0.000000178589	
686.540000	0.000000178433	
686.740000	0.000000178278	
686.940000	0.000000178123	
687.140000	0.000000177967	
687.340000	0.000000177812	
687.540000	0.000000177657	
687.740000	0.000000177502	
687.940000	0.000000177348	
688.140000	0.000000177193	
688.340000	0.000000177038	
688.540000	0.000000176883	
688.740000	0.000000176729	
688.940000	0.000000176574	
689.140000	0.000000176420	
689.340000	0.000000176266	
689.540000	0.000000176112	
689.740000	0.000000175958	
689.940000	0.000000175804	
690.140000	0.000000175650	
690.340000	0.000000175496	
690.540000	0.000000175342	
690.740000	0.000000175189	
690.940000	0.000000175035	
691.140000	0.000000174882	
691.340000	0.000000174728	
691.540000	0.000000174575	
691.740000	0.000000174422	
691.940000	0.000000174269	
692.140000	0.000000174116	
692.340000	0.000000173963	
692.540000	0.000000173810	
692.740000	0.000000173657	
692.940000	0.000000173505	
693.140000	0.000000173352	
693.340000	0.000000173200	
693.540000	0.000000173047	
693.740000	0.000000172895	
693.940000	0.000000172743	
694.140000	0.000000172591	
694.340000	0.000000172439	
694.540000	0.000000172287	
694.740000	0.000000172135	
694.940000	0.000000171983	
695.140000	0.000000171832	
695.340000	0.000000171680	
695.540000	0.000000171529	
695.740000	0.000000171378	
695.940000	0.000000171226	
696.140000	0.000000171075	
696.340000	0.000000170924	
696.540000	0.000000170773	
696.740000	0.000000170622	
696.940000	0.000000170471	
697.140000	0.000000170321	
697.340000	0.000000170170	
697.540000	0.000000170020	
697.740000	0.000000169869	
697.940000	0.000000169719	
698.140000	0.000000169569	
698.340000	0.000000169418	
698.540000	0.000000169268	
698.740000	0.000000169118	
698.940000	0.000000168969	
699.140000	0.000000168819	
699.340000	0.000000168669	
699.540000	0.000000168520	
699.740000	0.000000168370	
699.940000	0.000000168221	
700.140000	0.000000168072	
700.340000	0.000000167922	
700.540000	0.000000167773	
700.740000	0.000000167624	
700.940000	0.000000167475	
701.140000	0.000000167327	
701.340000	0.000000167178	
701.540000	0.000000167029	
701.740000	0.000000166881	
701.940000	0.000000166732	
702.140000	0.000000166584	
702.340000	0.000000166436	
702.540000	0.000000166288	
702.740000	0.000000166139	
702.940000	0.000000165992	
703.140000	0.000000165844	
703.340000	0.000000165696	
703.540000	0.000000165548	
703.740000	0.000000165401	
703.940000	0.000000165253	
704.140000	0.000000165106	
704.340000	0.000000164959	
704.540000	0.000000164811	
704.740000	0.000000164664	
704.940000	0.000000164517	
705.140000	0.000000164370	
705.340000	0.000000164224	
705.540000	0.000000164077	
705.740000	0.000000163930	
705.940000	0.000000163784	
706.140000	0.000000163637	
706.340000	0.000000163491	
706.540000	0.000000163345	
706.740000	0.000000163199	
706.940000	0.000000163053	
707.140000	0.000000162907	
707.340000	0.000000162761	
707.540000	0.000000162615	
707.740000	0.000000162470	
707.940000	0.000000162324	
708.140000	0.000000162179	
708.340000	0.000000162033	
708.540000	0.000000161888	
708.740000	0.000000161743	
708.940000	0.000000161598	
709.140000	0.000000161453	
709.340000	0.000000161308	
709.540000	0.000000161163	
709.740000	0.000000161019	
709.940000	0.000000160874	
710.140000	0.000000160730	
710.340000	0.000000160585	
710.540000	0.000000160441	
710.740000	0.000000160297	
710.940000	0.000000160153	
711.140000	0.000000160009	
711.340000	0.000000159865	
711.540000	0.000000159721	
711.740000	0.000000159578	
711.940000	0.000000159434	
712.140000	0.000000159291	
712.340000	0.000000159147	
712.540000	0.000000159004	
712.740000	0.000000158861	
712.940000	0.000000158718	
713.140000	0.000000158575	
713.340000	0.000000158432	
713.540000	0.000000158289	
713.740000	0.000000158147	
713.940000	0.000000158004	
714.140000	0.000000157862	
714.340000	0.000000157719	
714.540000	0.000000157577	
714.740000	0.000000157435	
714.940000	0.000000157293	
715.140000	0.000000157151	
715.340000	0.000000157009	
715.540000	0.000000156867	
715.740000	0.000000156725	
715.940000	0.000000156584	
716.140000	0.000000156442	
716.340000	0.000000156301	
716.540000	0.000000156160	
716.740000	0.000000156019	
716.940000	0.000000155878	
717.140000	0.000000155737	
717.340000	0.000000155596	
717.540000	0.000000155455	
717.740000	0.000000155314	
717.940000	0.000000155174	
718.140000	0.000000155033	
718.340000	0.000000154893	
718.540000	0.000000154753	
718.740000	0.000000154612	
718.940000	0.000000154472	
719.140000	0.000000154332	
719.340000	0.000000154193	
719.540000	0.000000154053	
719.740000	0.000000153913	
719.940000	0.000000153774	
720.140000	0.000000153634	
720.340000	0.000000153495	
720.540000	0.000000153355	
720.740000	0.000000153216	
720.940000	0.000000153077	
721.140000	0.000000152938	
721.340000	0.000000152799	
721.540000	0.000000152661	
721.740000	0.000000152522	
721.940000	0.000000152383	
722.140000	0.000000152245	
722.340000	0.000000152107	
722.540000	0.000000151968	
722.740000	0.000000151830	
722.940000	0.000000151692	
723.140000	0.000000151554	
723.340000	0.000000151416	
723.540000	0.000000151278	
723.740000	0.000000151141	
723.940000	0.000000151003	
724.140000	0.000000150866	
724.340000	0.000000150728	
724.540000	0.000000150591	
724.740000	0.000000150454	
724.940000	0.000000150317	
725.140000	0.000000150180	
725.340000	0.000000150043	
725.540000	0.000000149906	
725.740000	0.000000149770	
725.940000	0.000000149633	
726.140000	0.000000149497	
726.340000	0.000000149360	
726.540000	0.000000149224	
726.740000	0.000000149088	
726.940000	0.000000148952	
727.140000	0.000000148816	
727.340000	0.000000148680	
727.540000	0.000000148545	
727.740000	0.000000148409	
727.940000	0.000000148273	
728.140000	0.000000148138	
728.340000	0.000000148003	
728.540000	0.000000147867	
728.740000	0.000000147732	
728.940000	0.000000147597	
729.140000	0.000000147462	
729.340000	0.000000147327	
729.540000	0.000000147193	
729.740000	0.000000147058	
729.940000	0.000000146924	
730.140000	0.000000146789	
730.340000	0.000000146655	
730.540000	0.000000146521	
730.740000	0.000000146386	
730.940000	0.000000146252	
731.140000	0.000000146119	
731.340000	0.000000145985	
731.540000	0.000000145851	
731.740000	0.000000145717	
731.940000	0.000000145584	
732.140000	0.000000145450	
732.340000	0.000000145317	
732.540000	0.000000145184	
732.740000	0.000000145051	
732.940000	0.000000144918	
733.140000	0.000000144785	
733.340000	0.000000144652	
733.540000	0.000000144519	
733.740000	0.000000144387	
733.940000	0.000000144254	
734.140000	0.000000144122	
734.340000	0.000000143990	
734.540000	0.000000143857	
734.740000	0.000000143725	
734.940000	0.000000143593	
735.140000	0.000000143461	
735.340000	0.000000143330	
735.540000	0.000000143198	
735.740000	0.000000143066	
735.940000	0.000000142935	
736.140000	0.000000142803	
736.340000	0.000000142672	
736.540000	0.000000142541	
736.740000	0.000000142410	
736.940000	0.000000142279	
737.140000	0.000000142148	
737.340000	0.000000142017	
737.540000	0.000000141887	
737.740000	0.000000141756	
737.940000	0.000000141625	
738.140000	0.000000141495	
738.340000	0.000000141365	
738.540000	0.000000141235	
738.740000	0.000000141105	
738.940000	0.000000140975	
739.140000	0.000000140845	
739.340000	0.000000140715	
739.540000	0.000000140585	
739.740000	0.000000140456	
739.940000	0.000000140326	
740.140000	0.000000140197	
740.340000	0.000000140068	
740.540000	0.000000139938	
740.740000	0.000000139809	
740.940000	0.000000139680	
741.140000	0.000000139551	
741.340000	0.000000139423	
741.540000	0.000000139294	
741.740000	0.000000139165	
741.940000	0.000000139037	
742.140000	0.000000138909	
742.340000	0.000000138780	
742.540000	0.000000138652	
742.740000	0.000000138524	
742.940000	0.000000138396	
743.140000	0.000000138268	
743.340000	0.000000138141	
743.540000	0.000000138013	
743.740000	0.000000137885	
743.940000	0.000000137758	
744.140000	0.000000137631	
744.340000	0.000000137503	
744.540000	0.000000137376	
744.740000	0.000000137249	
744.940000	0.000000137122	
745.140000	0.000000136995	
745.340000	0.000000136869	
745.540000	0.000000136742	
745.740000	0.000000136615	
745.940000	0.000000136489	
746.140000	0.000000136363	
746.340000	0.000000136236	
746.540000	0.000000136110	
746.740000	0.000000135984	
746.940000	0.000000135858	
747.140000	0.000000135732	
747.340000	0.000000135607	
747.540000	0.000000135481	
747.740000	0.000000135355	
747.940000	0.000000135230	
748.140000	0.000000135105	
748.340000	0.000000134979	
748.540000	0.000000134854	
748.740000	0.000000134729	
748.940000	0.000000134604	
749.140000	0.000000134479	
749.340000	0.000000134355	
749.540000	0.000000134230	
749.740000	0.000000134105	
749.940000	0.000000133981	
750.140000	0.000000133857	
750.340000	0.000000133732	
750.540000	0.000000133608	
750.740000	0.000000133484	
750.940000	0.000000133360	
751.140000	0.000000133237	
751.340000	0.000000133113	
751.540000	0.000000132989	
751.740000	0.000000132866	
751.940000	0.000000132742	
752.140000	0.000000132619	
752.340000	0.000000132496	
752.540000	0.000000132372	
752.740000	0.000000132249	
752.940000	0.000000132126	
753.140000	0.000000132004	
753.340000	0.000000131881	
753.540000	0.000000131758	
753.740000	0.000000131636	
753.940000	0.000000131513	
754.140000	0.000000131391	
754.340000	0.000000131269	
754.540000	0.000000131147	
754.740000	0.000000131024	
754.940000	0.000000130903	
755.140000	0.000000130781	
755.340000	0.000000130659	
755.540000	0.000000130537	
755.740000	0.000000130416	
755.940000	0.000000130294	
756.140000	0.000000130173	
756.340000	0.000000130052	
756.540000	0.000000129931	
756.740000	0.000000129810	
756.940000	0.000000129689	
757.140000	0.000000129568	
757.340000	0.000000129447	
757.540000	0.000000129326	
757.740000	0.000000129206	
757.940000	0.000000129085	
758.140000	0.000000128965	
758.340000	0.000000128845	
758.540000	0.000000128725	
758.740000	0.000000128605	
758.940000	0.000000128485	
759.140000	0.000000128365	
759.340000	0.000000128245	
759.540000	0.000000128125	
759.740000	0.000000128006	
759.940000	0.000000127886	
760.140000	0.000000127767	
760.340000	0.000000127648	
760.540000	0.000000127529	
760.740000	0.000000127409	
760.940000	0.000000127291	
761.140000	0.000000127172	
761.340000	0.000000127053	
761.540000	0.000000126934	
761.740000	0.000000126816	
761.940000	0.000000126697	
762.140000	0.000000126579	
762.340000	0.000000126461	
762.540000	0.000000126342	
762.740000	0.000000126224	
762.940000	0.000000126106	
763.140000	0.000000125988	
763.340000	0.000000125871	
763.540000	0.000000125753	
763.740000	0.000000125635	
763.940000	0.000000125518	
764.140000	0.000000125400	
764.340000	0.000000125283	
764.540000	0.000000125166	
764.740000	0.000000125049	
764.940000	0.000000124932	
765.140000	0.000000124815	
765.340000	0.000000124698	
765.540000	0.000000124581	
765.740000	0.000000124465	
765.940000	0.000000124348	
766.140000	0.000000124232	
766.340000	0.000000124116	
766.540000	0.000000123999	
766.740000	0.000000123883	
766.940000	0.000000123767	
767.140000	0.000000123651	
767.340000	0.000000123536	
767.540000	0.000000123420	
767.740000	0.000000123304	
767.940000	0.000000123189	
768.140000	0.000000123073	
768.340000	0.000000122958	
768.540000	0.000000122843	
768.740000	0.000000122728	
768.940000	0.000000122612	
769.140000	0.000000122498	
769.340000	0.000000122383	
769.540000	0.000000122268	
769.740000	0.000000122153	
769.940000	0.000000122039	
770.140000	0.000000121924	
770.340000	0.000000121810	
770.540000	0.000000121696	
770.740000	0.000000121581	
770.940000	0.000000121467	
771.140000	0.000000121353	
771.340000	0.000000121240	
771.540000	0.000000121126	
771.740000	0.000000121012	
771.940000	0.000000120898	
772.140000	0.000000120785	
772.340000	0.000000120672	
772.540000	0.000000120558	
772.740000	0.000000120445	
772.940000	0.000000120332	
773.140000	0.000000120219	
773.340000	0.000000120106	
773.540000	0.000000119993	
773.740000	0.000000119881	
773.940000	0.000000119768	
774.140000	0.000000119655	
774.340000	0.000000119543	
774.540000	0.000000119431	
774.740000	0.000000119318	
774.940000	0.000000119206	
775.140000	0.000000119094	
775.340000	0.000000118982	
775.540000	0.000000118870	
775.740000	0.000000118759	
775.940000	0.000000118647	
776.140000	0.000000118535	
776.340000	0.000000118424	
776.540000	0.000000118312	
776.740000	0.000000118201	
776.940000	0.000000118090	
777.140000	0.000000117979	
777.340000	0.000000117868	
777.540000	0.000000117757	
777.740000	0.000000117646	
777.940000	0.000000117535	
778.140000	0.000000117425	
778.340000	0.000000117314	
778.540000	0.000000117204	
778.740000	0.000000117094	
778.940000	0.000000116983	
779.140000	0.000000116873	
779.340000	0.000000116763	
779.540000	0.000000116653	
779.740000	0.000000116543	
779.940000	0.000000116434	
780.140000	0.000000116324	
780.340000	0.000000116214	
780.540000	0.000000116105	
780.740000	0.000000115995	
780.940000	0.000000115886	
781.140000	0.000000115777	
781.340000	0.000000115668	
781.540000	0.000000115559	
781.740000	0.000000115450	
781.940000	0.000000115341	
782.140000	0.000000115232	
782.340000	0.000000115124	
782.540000	0.000000115015	
782.740000	0.000000114907	
782.940000	0.000000114798	
783.140000	0.000000114690	
783.340000	0.000000114582	
783.540000	0.000000114474	
783.740000	0.000000114366	
783.940000	0.000000114258	
784.140000	0.000000114150	
784.340000	0.000000114043	
784.540000	0.000000113935	
784.740000	0.000000113828	
784.940000	0.000000113720	
785.140000	0.000000113613	
785.340000	0.000000113506	
785.540000	0.000000113399	
785.740000	0.000000113291	
785.940000	0.000000113185	
786.140000	0.000000113078	
786.340000	0.000000112971	
786.540000	0.000000112864	
786.740000	0.000000112758	
786.940000	0.000000112651	
787.140000	0.000000112545	
787.340000	0.000000112439	
787.540000	0.000000112332	
787.740000	0.000000112226	
787.940000	0.000000112120	
788.140000	0.000000112014	
788.340000	0.000000111908	
788.540000	0.000000111803	
788.740000	0.000000111697	
788.940000	0.000000111592	
789.140000	0.000000111486	
789.340000	0.000000111381	
789.540000	0.000000111275	
789.740000	0.000000111170	
789.940000	0.000000111065	
790.140000	0.000000110960	
790.340000	0.000000110855	
790.540000	0.000000110750	
790.740000	0.000000110646	
790.940000	0.000000110541	
791.140000	0.000000110437	
791.340000	0.000000110332	
791.540000	0.000000110228	
791.740000	0.000000110124	
791.940000	0.000000110019	
792.140000	0.000000109915	
792.340000	0.000000109811	
792.540000	0.000000109707	
792.740000	0.000000109604	
792.940000	0.000000109500	
793.140000	0.000000109396	
793.340000	0.000000109293	
793.540000	0.000000109189	
793.740000	0.000000109086	
793.940000	0.000000108983	
794.140000	0.000000108880	
794.340000	0.000000108776	
794.540000	0.000000108673	
794.740000	0.000000108571	
794.940000	0.000000108468	
795.140000	0.000000108365	
795.340000	0.000000108262	
795.540000	0.000000108160	
795.740000	0.000000108057	
795.940000	0.000000107955	
796.140000	0.000000107853	
796.340000	0.000000107751	
796.540000	0.000000107649	
796.740000	0.000000107547	
796.940000	0.000000107445	
797.140000	0.000000107343	
797.340000	0.000000107241	
797.540000	0.000000107140	
797.740000	0.000000107038	
797.940000	0.000000106937	
798.140000	0.000000106835	
798.340000	0.000000106734	
798.540000	0.000000106633	
798.740000	0.000000106532	
798.940000	0.000000106431	
799.140000	0.000000106330	
799.340000	0.000000106229	
799.540000	0.000000106128	
799.740000	0.000000106028	
799.940000	0.000000105927	
800.140000	0.000000105827	
800.340000	0.000000105726	
800.540000	0.000000105626	
800.740000	0.000000105526	
800.940000	0.000000105426	
801.140000	0.000000105326	
801.340000	0.000000105226	
801.540000	0.000000105126	
801.740000	0.000000105026	
801.940000	0.000000104927	
802.140000	0.000000104827	
802.340000	0.000000104727	
802.540000	0.000000104628	
802.740000	0.000000104529	
802.940000	0.000000104430	
803.140000	0.000000104330	
803.340000	0.000000104231	
803.540000	0.000000104132	
803.740000	0.000000104034	
803.940000	0.000000103935	
804.140000	0.000000103836	
804.340000	0.000000103738	
804.540000	0.000000103639	
804.740000	0.000000103541	
804.940000	0.000000103442	
805.140000	0.000000103344	
805.340000	0.000000103246	
805.540000	0.000000103148	
805.740000	0.000000103050	
805.940000	0.000000102952	
806.140000	0.000000102854	
806.340000	0.000000102756	
806.540000	0.000000102659	
806.740000	0.000000102561	
806.940000	0.000000102464	
807.140000	0.000000102366	
807.340000	0.000000102269	
807.540000	0.000000102172	
807.740000	0.000000102075	
807.940000	0.000000101978	
808.140000	0.000000101881	
808.340000	0.000000101784	
808.540000	0.000000101687	
808.740000	0.000000101591	
808.940000	0.000000101494	
809.140000	0.000000101397	
809.340000	0.000000101301	
809.540000	0.000000101205	
809.740000	0.000000101108	
809.940000	0.000000101012	
810.140000	0.000000100916	
810.340000	0.000000100820	
810.540000	0.000000100724	
810.740000	0.000000100629	
810.940000	0.000000100533	
811.140000	0.000000100437	
811.340000	0.000000100342	
811.540000	0.000000100246	
811.740000	0.000000100151	
811.940000	0.000000100056	
812.140000	0.000000099960	
812.340000	0.000000099865	
812.540000	0.000000099770	
812.740000	0.000000099675	
812.940000	0.000000099580	
813.140000	0.000000099486	
813.340000	0.000000099391	
813.540000	0.000000099296	
813.740000	0.000000099202	
813.940000	0.000000099107	
814.140000	0.000000099013	
814.340000	0.000000098919	
814.540000	0.000000098825	
814.740000	0.000000098730	
814.940000	0.000000098636	
815.140000	0.000000098543	
815.340000	0.000000098449	
815.540000	0.000000098355	
815.740000	0.000000098261	
815.940000	0.000000098168	
816.140000	0.000000098074	
816.340000	0.000000097981	
816.540000	0.000000097887	
816.740000	0.000000097794	
816.940000	0.000000097701	
817.140000	0.000000097608	
817.340000	0.000000097515	
817.540000	0.000000097422	
817.740000	0.000000097329	
817.940000	0.000000097236	
818.140000	0.000000097144	
818.340000	0.000000097051	
818.540000	0.000000096959	
818.740000	0.000000096866	
818.940000	0.000000096774	
819.140000	0.000000096682	
819.340000	0.000000096590	
819.540000	0.000000096498	
819.740000	0.000000096406	
819.940000	0.000000096314	
820.140000	0.000000096222	
820.340000	0.000000096130	
820.540000	0.000000096038	
820.740000	0.000000095947	
820.940000	0.000000095855	
821.140000	0.000000095764	
821.340000	0.000000095673	
821.540000	0.000000095581	
821.740000	0.000000095490	
821.940000	0.000000095399	
822.140000	0.000000095308	
822.340000	0.000000095217	
822.540000	0.000000095126	
822.740000	0.000000095036	
822.940000	0.000000094945	
823.140000	0.000000094854	
823.340000	0.000000094764	
823.540000	0.000000094674	
823.740000	0.000000094583	
823.940000	0.000000094493	
824.140000	0.000000094403	
824.340000	0.000000094313	
824.540000	0.000000094223	
824.740000	0.000000094133	
824.940000	0.000000094043	
825.140000	0.000000093953	
825.340000	0.000000093864	
825.540000	0.000000093774	
825.740000	0.000000093684	
825.940000	0.000000093595	
826.140000	0.000000093506	
826.340000	0.000000093416	
826.540000	0.000000093327	
826.740000	0.000000093238	
826.940000	0.000000093149	
827.140000	0.000000093060	
827.340000	0.000000092971	
827.540000	0.000000092882	
827.740000	0.000000092794	
827.940000	0.000000092705	
828.140000	0.000000092617	
828.340000	0.000000092528	
828.540000	0.000000092440	
828.740000	0.000000092351	
828.940000	0.000000092263	
829.140000	0.000000092175	
829.340000	0.000000092087	
829.540000	0.000000091999	
829.740000	0.000000091911	
829.940000	0.000000091823	
830.140000	0.000000091736	
850.140000	0.000000083358	
870.140000	0.000000075722	
890.140000	0.000000068770	
910.140000	0.000000062443	
930.140000	0.000000056689	
950.140000	0.000000051458	
970.140000	0.000000046704	
990.140000	0.000000042385	
1010.140000	0.000000038462	
1030.140000	0.000000034899	
1050.140000	0.000000031664	
1070.140000	0.000000028726	
1090.140000	0.000000026059	
1110.140000	0.000000023638	
1130.140000	0.000000021441	
1150.140000	0.000000019446	
1170.140000	0.000000017636	
1190.140000	0.000000015994	
1210.140000	0.000000014504	
1230.140000	0.000000013152	
1250.140000	0.000000011925	
1270.140000	0.000000010812	
1290.140000	0.000000009803	
1310.140000	0.000000008887	
1330.140000	0.000000008057	
1350.140000	0.000000007303	
1370.140000	0.000000006620	
1390.140000	0.000000006001	
1410.140000	0.000000005440	
1430.140000	0.000000004930	
1450.140000	0.000000004469	
1470.140000	0.000000004050	
1490.140000	0.000000003671	
1510.140000	0.000000003327	
1530.140000	0.000000003016	
1550.140000	0.000000002733	
1570.140000	0.000000002478	
1590.140000	0.000000002246	
1610.140000	0.000000002036	
1630.140000	0.000000001845	
1650.140000	0.000000001673	
1670.140000	0.000000001517	
1690.140000	0.000000001375	
1710.140000	0.000000001247	
1730.140000	0.000000001131	
1750.140000	0.000000001026	
1770.140000	0.000000000931	
1790.140000	0.000000000845	
1810.140000	0.000000000767	
1830.140000	0.000000000696	
1850.140000	0.000000000632	
1870.140000	0.000000000575	
1890.140000	0.000000000522	
1910.140000	0.000000000475	
1930.140000	0.000000000432	
1950.140000	0.000000000393	
1970.140000	0.000000000358	
1990.140000	0.000000000326	
2010.140000	0.000000000297	
2030.140000	0.000000000271	
2050.140000	0.000000000248	
2070.140000	0.000000000226	
2090.140000	0.000000000207	
2110.140000	0.000000000189	
2130.140000	0.000000000174	
2150.140000	0.000000000159	
2170.140000	0.000000000146	
2190.140000	0.000000000135	
2210.140000	0.000000000124	
2230.140000	0.000000000114	
2250.140000	0.000000000106	
2270.140000	0.000000000098	
2290.140000	0.000000000091	
2310.140000	0.000000000084	
2330.140000	0.000000000078	
2350.140000	0.000000000073	
2370.140000	0.000000000068	
2390.140000	0.000000000064	
2410.140000	0.000000000060	
2430.140000	0.000000000056	
2450.140000	0.000000000053	
2470.140000	0.000000000050	
2490.140000	0.000000000047	
