0.000000	136.500000000000	
20.000000	136.499934188926	
40.000000	136.499813059189	
60.000000	136.499685628570	
80.000000	136.499558039262	
100.000000	136.499430234879	
120.000000	136.380517376237	
140.000000	136.166430085568	
160.000000	135.903083903911	
180.000000	135.610865798998	
200.000000	135.303495940667	
220.000000	134.986579621261	
240.000000	134.662824872954	
260.000000	134.333853909173	
280.000000	134.000818820102	
300.000000	133.664625416759	
320.000000	133.326024293324	
340.000000	132.988282689959	
360.000000	132.651135689262	
380.000000	132.313997392257	
400.000000	131.976852850279	
420.000000	131.639889538180	
440.000000	131.303349575376	
460.000000	130.967473921464	
480.000000	130.632482651555	
500.000000	130.298568640623	
520.000000	129.985286092815	
540.000000	129.699360756890	
560.000000	129.439341346914	
580.000000	129.203441121938	
600.000000	128.989830220056	
608.400000	128.906326658307	
608.600000	128.904381442663	
608.800000	128.902438199072	
609.000000	128.900496925733	
609.200000	128.898557620845	
609.400000	128.896620282604	
609.600000	128.894684909208	
609.800000	128.892751498851	
610.000000	128.890820049728	
610.200000	128.888890560030	
610.400000	128.886963027949	
610.600000	128.885037451676	
610.800000	128.883113829400	
611.000000	128.881192159308	
611.200000	128.879272439586	
611.400000	128.877354668418	
611.600000	128.875438843990	
611.800000	128.873524964480	
612.000000	128.871613028071	
612.200000	128.869703032940	
612.400000	128.867794977264	
612.600000	128.865888859218	
612.800000	128.863984676976	
613.000000	128.862082428707	
613.200000	128.860182112583	
613.400000	128.858283726770	
613.600000	128.856387269433	
613.800000	128.854492738737	
614.000000	128.852600132841	
614.200000	128.850709449906	
614.400000	128.848820688087	
614.600000	128.846933845538	
614.800000	128.845048920412	
615.000000	128.843165910859	
615.200000	128.841284815023	
615.400000	128.839405631050	
615.600000	128.837528357081	
615.800000	128.835652991255	
616.000000	128.833779531707	
616.200000	128.831907976569	
616.400000	128.830038323971	
616.600000	128.828170572040	
616.800000	128.826304718898	
617.000000	128.824440762666	
617.200000	128.822578701460	
617.400000	128.820718533392	
617.600000	128.818860256572	
617.800000	128.817003869105	
618.000000	128.815149369093	
618.200000	128.813296754632	
618.400000	128.811446023817	
618.600000	128.809597174736	
618.800000	128.807750205475	
619.000000	128.805905114114	
619.200000	128.804061898729	
619.400000	128.802220557390	
619.600000	128.800381088163	
619.800000	128.798543489111	
620.000000	128.796707758288	
620.200000	128.794873893746	
620.400000	128.793041893530	
620.600000	128.791211755678	
620.800000	128.789383478225	
621.000000	128.787557059199	
621.200000	128.785732496621	
621.400000	128.783909788505	
621.600000	128.782088932862	
621.800000	128.780269927692	
622.000000	128.778452770990	
622.200000	128.776637460744	
622.400000	128.774823994935	
622.600000	128.773012371535	
622.800000	128.771202588509	
623.000000	128.769394643814	
623.200000	128.767588535398	
623.400000	128.765784261201	
623.600000	128.763981819154	
623.800000	128.762181207179	
624.000000	128.760382423188	
624.200000	128.758585465083	
624.400000	128.756790330758	
624.600000	128.754997018093	
624.800000	128.753205524961	
625.000000	128.751415849222	
625.200000	128.749627988724	
625.400000	128.747841941305	
625.600000	128.746057704789	
625.800000	128.744275276988	
626.000000	128.742494655702	
626.200000	128.740715838716	
626.400000	128.738938823801	
626.600000	128.737163608715	
626.800000	128.735390191200	
627.000000	128.733618568983	
627.200000	128.731848739774	
627.400000	128.730080701267	
627.600000	128.728314451140	
627.800000	128.726549987052	
628.000000	128.724787306643	
628.200000	128.723026407535	
628.400000	128.721267287330	
628.600000	128.719509943609	
628.800000	128.717754373932	
629.000000	128.716000575837	
629.200000	128.714248546839	
629.400000	128.712498284429	
629.600000	128.710749786073	
629.800000	128.709003049212	
630.000000	128.707258071259	
630.200000	128.705514849599	
630.400000	128.703773381591	
630.600000	128.702033664561	
630.800000	128.700295695804	
631.000000	128.698559472583	
631.200000	128.696824992126	
631.400000	128.695092251626	
631.600000	128.693361248240	
631.800000	128.691631979085	
632.000000	128.689904441237	
632.200000	128.688178631732	
632.400000	128.686454547560	
632.600000	128.684732185667	
632.800000	128.683011542947	
633.000000	128.681292616249	
633.200000	128.679575402364	
633.400000	128.677859898030	
633.600000	128.676146099929	
633.800000	128.674434004677	
634.000000	128.672723608831	
634.200000	128.671014908878	
634.400000	128.669307901236	
634.600000	128.667602582247	
634.800000	128.665898948176	
635.000000	128.664196995205	
635.200000	128.662496719431	
635.400000	128.660798116858	
635.600000	128.659101183391	
635.800000	128.657405914837	
636.000000	128.655712306892	
636.200000	128.654020355139	
636.400000	128.652330055038	
636.600000	128.650641401921	
636.800000	128.648954390985	
637.000000	128.647269017280	
637.200000	128.645585275700	
637.400000	128.643903160977	
637.600000	128.642222667668	
637.800000	128.640543790138	
638.000000	128.638866522556	
638.200000	128.637190858874	
638.400000	128.635516792815	
638.600000	128.633844317854	
638.800000	128.632173427202	
639.000000	128.630504113783	
639.200000	128.628836370212	
639.400000	128.627170188772	
639.600000	128.625505561385	
639.800000	128.623842479582	
640.000000	128.622180934471	
640.200000	128.620520916695	
640.400000	128.618862416394	
640.600000	128.617205423158	
640.800000	128.615549925971	
641.000000	128.613895913153	
641.200000	128.612243372294	
641.400000	128.610592290176	
641.600000	128.608942652684	
641.800000	128.607294444710	
642.000000	128.605647650034	
642.200000	128.604002251195	
642.400000	128.602358229334	
642.600000	128.600715564019	
642.800000	128.599074233031	
643.000000	128.597434212117	
643.200000	128.595795474697	
643.400000	128.594157991508	
643.600000	128.592521730188	
643.800000	128.590886654750	
644.000000	128.589252724957	
644.200000	128.587619895540	
644.400000	128.585988115212	
644.600000	128.584357325426	
644.800000	128.582727458782	
645.000000	128.581098436929	
645.200000	128.579470167799	
645.400000	128.577842541832	
645.600000	128.576215426749	
645.800000	128.574588660078	
646.000000	128.572962038126	
646.200000	128.571335299038	
646.400000	128.569708095455	
646.600000	128.568079947478	
646.800000	128.566450154685	
647.000000	128.564817610789	
647.200000	128.563180335327	
647.400000	128.561533824068	
647.600000	128.559854535597	
647.800000	128.557888360273	
648.000000	128.555369326670	
648.200000	128.550905115784	
648.400000	128.544837784952	
648.600000	128.538641900312	
648.800000	128.532870302700	
649.000000	128.527605764572	
649.200000	128.522688585285	
649.400000	128.517997726492	
649.600000	128.513541929461	
649.800000	128.509383694371	
650.000000	128.505636359547	
650.200000	128.502361686145	
650.400000	128.499391856989	
650.600000	128.496610610713	
650.800000	128.493945426243	
670.800000	128.296909812036	
678.540000	128.238327214010	
678.740000	128.236886978101	
678.940000	128.235449990039	
679.140000	128.234016221128	
679.340000	128.232585643089	
679.540000	128.231158228055	
679.740000	128.229733948565	
679.940000	128.228312777556	
680.140000	128.226894688361	
680.340000	128.225479654700	
680.540000	128.224067650676	
680.740000	128.222658650769	
680.940000	128.221252629833	
681.140000	128.219849563086	
681.340000	128.218449426108	
681.540000	128.217052194837	
681.740000	128.215657845559	
681.940000	128.214266354909	
682.140000	128.212877699859	
682.340000	128.211491857722	
682.540000	128.210108806138	
682.740000	128.208728523077	
682.940000	128.207350986826	
683.140000	128.205976175994	
683.340000	128.204604069500	
683.540000	128.203234646570	
683.740000	128.201867886737	
683.940000	128.200503769828	
684.140000	128.199142275970	
684.340000	128.197783385576	
684.540000	128.196427079348	
684.740000	128.195073338270	
684.940000	128.193722143602	
685.140000	128.192373476879	
685.340000	128.191027319907	
685.540000	128.189683654757	
685.740000	128.188342463761	
685.940000	128.187003729511	
686.140000	128.185667434854	
686.340000	128.184333562885	
686.540000	128.183002096949	
686.740000	128.181673020633	
686.940000	128.180346317764	
687.140000	128.179021972406	
687.340000	128.177699968857	
687.540000	128.176380291641	
687.740000	128.175062925513	
687.940000	128.173747855448	
688.140000	128.172435066640	
688.340000	128.171124544502	
688.540000	128.169816274658	
688.740000	128.168510242944	
688.940000	128.167206435401	
689.140000	128.165904838276	
689.340000	128.164605438015	
689.540000	128.163308221265	
689.740000	128.162013174865	
689.940000	128.160720285848	
690.140000	128.159429541437	
690.340000	128.158140929041	
690.540000	128.156854436251	
690.740000	128.155570050844	
690.940000	128.154287760772	
691.140000	128.153007554163	
691.340000	128.151729419321	
691.540000	128.150453344718	
691.740000	128.149179318997	
691.940000	128.147907330964	
692.140000	128.146637369592	
692.340000	128.145369424012	
692.540000	128.144103483516	
692.740000	128.142839537552	
692.940000	128.141577575720	
693.140000	128.140317587776	
693.340000	128.139059563622	
693.540000	128.137803493309	
693.740000	128.136549367034	
693.940000	128.135297175137	
694.140000	128.134046908098	
694.340000	128.132798556537	
694.540000	128.131552111213	
694.740000	128.130307563016	
694.940000	128.129064902974	
695.140000	128.127824122241	
695.340000	128.126585212106	
695.540000	128.125348163982	
695.740000	128.124112969407	
695.940000	128.122879620047	
696.140000	128.121648107685	
696.340000	128.120418424229	
696.540000	128.119190561703	
696.740000	128.117964512247	
696.940000	128.116740268120	
697.140000	128.115517821691	
697.340000	128.114297165444	
697.540000	128.113078291970	
697.740000	128.111861193974	
697.940000	128.110645864262	
698.140000	128.109432295752	
698.340000	128.108220481462	
698.540000	128.107010414515	
698.740000	128.105802088135	
698.940000	128.104595495647	
699.140000	128.103390630473	
699.340000	128.102187486134	
699.540000	128.100986056246	
699.740000	128.099786334520	
699.940000	128.098588314761	
700.140000	128.097391990865	
700.340000	128.096197356820	
700.540000	128.095004406704	
700.740000	128.093813134681	
700.940000	128.092623535005	
701.140000	128.091435602016	
701.340000	128.090249330136	
701.540000	128.089064713876	
701.740000	128.087881747824	
701.940000	128.086700426655	
702.140000	128.085520745121	
702.340000	128.084342698056	
702.540000	128.083166280370	
702.740000	128.081991487053	
702.940000	128.080818313170	
703.140000	128.079646753864	
703.340000	128.078476804349	
703.540000	128.077308459917	
703.740000	128.076141715929	
703.940000	128.074976567821	
704.140000	128.073813011098	
704.340000	128.072651041337	
704.540000	128.071490654183	
704.740000	128.070331845351	
704.940000	128.069174610622	
705.140000	128.068018945846	
705.340000	128.066864846937	
705.540000	128.065712309877	
705.740000	128.064561330711	
705.940000	128.063411905548	
706.140000	128.062264030562	
706.340000	128.061117701988	
706.540000	128.059972916124	
706.740000	128.058829669327	
706.940000	128.057687958017	
707.140000	128.056547778675	
707.340000	128.055409127837	
707.540000	128.054272002101	
707.740000	128.053136398124	
707.940000	128.052002312618	
708.140000	128.050869742353	
708.340000	128.049738684155	
708.540000	128.048609134907	
708.740000	128.047481091547	
708.940000	128.046354551067	
709.140000	128.045229510513	
709.340000	128.044105966987	
709.540000	128.042983917642	
709.740000	128.041863359685	
709.940000	128.040744290374	
710.140000	128.039626707022	
710.340000	128.038510606989	
710.540000	128.037395987689	
710.740000	128.036282846586	
710.940000	128.035171181194	
711.140000	128.034060989076	
711.340000	128.032952267845	
711.540000	128.031845015163	
711.740000	128.030739228739	
711.940000	128.029634906333	
712.140000	128.028532045748	
712.340000	128.027430644839	
712.540000	128.026330701505	
712.740000	128.025232213692	
712.940000	128.024135179394	
713.140000	128.023039596648	
713.340000	128.021945463537	
713.540000	128.020852778190	
713.740000	128.019761538781	
713.940000	128.018671743526	
714.140000	128.017583390687	
714.340000	128.016496478569	
714.540000	128.015411005520	
714.740000	128.014326969930	
714.940000	128.013244370233	
715.140000	128.012163204903	
715.340000	128.011083472458	
715.540000	128.010005171455	
715.740000	128.008928300493	
715.940000	128.007852858212	
716.140000	128.006778843291	
716.340000	128.005706254450	
716.540000	128.004635090446	
716.740000	128.003565350076	
716.940000	128.002497032177	
717.140000	128.001430135621	
717.340000	128.000364659320	
717.540000	127.999300602222	
717.740000	127.998237963311	
717.940000	127.997176741607	
718.140000	127.996116936168	
718.340000	127.995058546084	
718.540000	127.994001570481	
718.740000	127.992946008519	
718.940000	127.991891859391	
719.140000	127.990839122324	
719.340000	127.989787796574	
719.540000	127.988737881434	
719.740000	127.987689376223	
719.940000	127.986642280294	
720.140000	127.985596593027	
720.340000	127.984552313834	
720.540000	127.983509442152	
720.740000	127.982467977449	
720.940000	127.981427919218	
721.140000	127.980389266979	
721.340000	127.979352020277	
721.540000	127.978316178682	
721.740000	127.977281741788	
721.940000	127.976248709212	
722.140000	127.975217080593	
722.340000	127.974186855591	
722.540000	127.973158033888	
722.740000	127.972130615185	
722.940000	127.971104599200	
723.140000	127.970079985671	
723.340000	127.969056774352	
723.540000	127.968034965014	
723.740000	127.967014557440	
723.940000	127.965995551431	
724.140000	127.964977946797	
724.340000	127.963961743362	
724.540000	127.962946940963	
724.740000	127.961933539442	
724.940000	127.960921538654	
725.140000	127.959910938460	
725.340000	127.958901738728	
725.540000	127.957893939332	
725.740000	127.956887540151	
725.940000	127.955882541067	
726.140000	127.954878941966	
726.340000	127.953876742732	
726.540000	127.952875943253	
726.740000	127.951876543415	
726.940000	127.950878543103	
727.140000	127.949881942198	
727.340000	127.948886740578	
727.540000	127.947892938117	
727.740000	127.946900534682	
727.940000	127.945909530134	
728.140000	127.944919924326	
728.340000	127.943931717103	
728.540000	127.942944908298	
728.740000	127.941959497737	
728.940000	127.940975485231	
729.140000	127.939992870581	
729.340000	127.939011653573	
729.540000	127.938031833982	
729.740000	127.937053411564	
729.940000	127.936076386062	
730.140000	127.935100757202	
730.340000	127.934126524692	
730.540000	127.933153688224	
730.740000	127.932182247470	
730.940000	127.931212202083	
731.140000	127.930243551697	
731.340000	127.929276295925	
731.540000	127.928310434359	
731.740000	127.927345966570	
731.940000	127.926382892109	
732.140000	127.925421210502	
732.340000	127.924460921253	
732.540000	127.923502023845	
732.740000	127.922544517735	
732.940000	127.921588402359	
733.140000	127.920633677128	
733.340000	127.919680341430	
733.540000	127.918728394626	
733.740000	127.917777836057	
733.940000	127.916828665037	
734.140000	127.915880880855	
734.340000	127.914934482777	
734.540000	127.913989470045	
734.740000	127.913045841876	
734.940000	127.912103597460	
735.140000	127.911162735968	
735.340000	127.910223256541	
735.540000	127.909285158302	
735.740000	127.908348440344	
735.940000	127.907413101742	
736.140000	127.906479141544	
736.340000	127.905546558776	
736.540000	127.904615352441	
736.740000	127.903685521520	
736.940000	127.902757064970	
737.140000	127.901829981728	
737.340000	127.900904270710	
737.540000	127.899979930808	
737.740000	127.899056960895	
737.940000	127.898135359824	
738.140000	127.897215126427	
738.340000	127.896296259518	
738.540000	127.895378757889	
738.740000	127.894462620317	
738.940000	127.893547845558	
739.140000	127.892634432351	
739.340000	127.891722379419	
739.540000	127.890811685467	
739.740000	127.889902349184	
739.940000	127.888994369243	
740.140000	127.888087744302	
740.340000	127.887182473005	
740.540000	127.886278553980	
740.740000	127.885375985843	
740.940000	127.884474767196	
741.140000	127.883574896628	
741.340000	127.882676372715	
741.540000	127.881779194023	
741.740000	127.880883359106	
741.940000	127.879988866507	
742.140000	127.879095714759	
742.340000	127.878203902384	
742.540000	127.877313427897	
742.740000	127.876424289801	
742.940000	127.875536486594	
743.140000	127.874650016763	
743.340000	127.873764878789	
743.540000	127.872881071147	
743.740000	127.871998592303	
743.940000	127.871117440718	
744.140000	127.870237614847	
744.340000	127.869359113141	
744.540000	127.868481934044	
744.740000	127.867606075996	
744.940000	127.866731537433	
745.140000	127.865858316788	
745.340000	127.864986412489	
745.540000	127.864115822963	
745.740000	127.863246546632	
745.940000	127.862378581916	
746.140000	127.861511927235	
746.340000	127.860646581004	
746.540000	127.859782541640	
746.740000	127.858919807557	
746.940000	127.858058377168	
747.140000	127.857198248886	
747.340000	127.856339421123	
747.540000	127.855481892292	
747.740000	127.854625660805	
747.940000	127.853770725077	
748.140000	127.852917083520	
748.340000	127.852064734550	
748.540000	127.851213676584	
748.740000	127.850363908038	
748.940000	127.849515427331	
749.140000	127.848668232885	
749.340000	127.847822323122	
749.540000	127.846977696468	
749.740000	127.846134351350	
749.940000	127.845292286197	
750.140000	127.844451499442	
750.340000	127.843611989521	
750.540000	127.842773754872	
750.740000	127.841936793937	
750.940000	127.841101105159	
751.140000	127.840266686987	
751.340000	127.839433537872	
751.540000	127.838601656269	
751.740000	127.837771040637	
751.940000	127.836941689439	
752.140000	127.836113601140	
752.340000	127.835286774211	
752.540000	127.834461207125	
752.740000	127.833636898363	
752.940000	127.832813846405	
753.140000	127.831992049740	
753.340000	127.831171506857	
753.540000	127.830352216252	
753.740000	127.829534176427	
753.940000	127.828717385883	
754.140000	127.827901843132	
754.340000	127.827087546686	
754.540000	127.826274495062	
754.740000	127.825462686785	
754.940000	127.824652120381	
755.140000	127.823842794382	
755.340000	127.823034707325	
755.540000	127.822227857751	
755.740000	127.821422244206	
755.940000	127.820617865242	
756.140000	127.819814719413	
756.340000	127.819012805281	
756.540000	127.818212121410	
756.740000	127.817412666371	
756.940000	127.816614438738	
757.140000	127.815817437091	
757.340000	127.815021660013	
757.540000	127.814227106094	
757.740000	127.813433773927	
757.940000	127.812641662112	
758.140000	127.811850769251	
758.340000	127.811061093952	
758.540000	127.810272634828	
758.740000	127.809485390495	
758.940000	127.808699359577	
759.140000	127.807914540699	
759.340000	127.807130932493	
759.540000	127.806348533594	
759.740000	127.805567342643	
759.940000	127.804787358285	
760.140000	127.804008579169	
760.340000	127.803231003949	
760.540000	127.802454631283	
760.740000	127.801679459834	
760.940000	127.800905488270	
761.140000	127.800132715261	
761.340000	127.799361139485	
761.540000	127.798590759620	
761.740000	127.797821574352	
761.940000	127.797053582369	
762.140000	127.796286782365	
762.340000	127.795521173036	
762.540000	127.794756753084	
762.740000	127.793993521214	
762.940000	127.793231476135	
763.140000	127.792470616562	
763.340000	127.791710941212	
763.540000	127.790952448805	
763.740000	127.790195138069	
763.940000	127.789439007732	
764.140000	127.788684056527	
764.340000	127.787930283191	
764.540000	127.787177686466	
764.740000	127.786426265095	
764.940000	127.785676017828	
765.140000	127.784926943416	
765.340000	127.784179040615	
765.540000	127.783432308185	
765.740000	127.782686744887	
765.940000	127.781942349489	
766.140000	127.781199120761	
766.340000	127.780457057476	
766.540000	127.779716158410	
766.740000	127.778976422345	
766.940000	127.778237848063	
767.140000	127.777500434352	
767.340000	127.776764180002	
767.540000	127.776029083807	
767.740000	127.775295144564	
767.940000	127.774562361072	
768.140000	127.773830732134	
768.340000	127.773100256557	
768.540000	127.772370933151	
768.740000	127.771642760727	
768.940000	127.770915738102	
769.140000	127.770189864094	
769.340000	127.769465137524	
769.540000	127.768741557217	
769.740000	127.768019122001	
769.940000	127.767297830704	
770.140000	127.766577682162	
770.340000	127.765858675209	
770.540000	127.765140808684	
770.740000	127.764424081429	
770.940000	127.763708492288	
771.140000	127.762994040108	
771.340000	127.762280723738	
771.540000	127.761568542031	
771.740000	127.760857493843	
771.940000	127.760147578029	
772.140000	127.759438793450	
772.340000	127.758731138970	
772.540000	127.758024613453	
772.740000	127.757319215766	
772.940000	127.756614944780	
773.140000	127.755911799367	
773.340000	127.755209778403	
773.540000	127.754508880764	
773.740000	127.753809105330	
773.940000	127.753110450983	
774.140000	127.752412916609	
774.340000	127.751716501092	
774.540000	127.751021203323	
774.740000	127.750327022193	
774.940000	127.749633956594	
775.140000	127.748942005423	
775.340000	127.748251167578	
775.540000	127.747561441958	
775.740000	127.746872827465	
775.940000	127.746185323004	
776.140000	127.745498927482	
776.340000	127.744813639806	
776.540000	127.744129458887	
776.740000	127.743446383638	
776.940000	127.742764412973	
777.140000	127.742083545810	
777.340000	127.741403781065	
777.540000	127.740725117661	
777.740000	127.740047554520	
777.940000	127.739371090566	
778.140000	127.738695724725	
778.340000	127.738021455926	
778.540000	127.737348283099	
778.740000	127.736676205175	
778.940000	127.736005221090	
779.140000	127.735335329778	
779.340000	127.734666530178	
779.540000	127.733998821228	
779.740000	127.733332201869	
779.940000	127.732666671046	
780.140000	127.732002227701	
780.340000	127.731338870783	
780.540000	127.730676599238	
780.740000	127.730015412017	
780.940000	127.729355308071	
781.140000	127.728696286354	
781.340000	127.728038345821	
781.540000	127.727381485428	
781.740000	127.726725704134	
781.940000	127.726071000898	
782.140000	127.725417374682	
782.340000	127.724764824450	
782.540000	127.724113349166	
782.740000	127.723462947796	
782.940000	127.722813619308	
783.140000	127.722165362672	
783.340000	127.721518176860	
783.540000	127.720872060842	
783.740000	127.720227013595	
783.940000	127.719583034093	
784.140000	127.718940121314	
784.340000	127.718298274236	
784.540000	127.717657491840	
784.740000	127.717017773106	
784.940000	127.716379117020	
785.140000	127.715741522564	
785.340000	127.715104988725	
785.540000	127.714469514491	
785.740000	127.713835098851	
785.940000	127.713201740794	
786.140000	127.712569439313	
786.340000	127.711938193402	
786.540000	127.711308002053	
786.740000	127.710678864265	
786.940000	127.710050779033	
787.140000	127.709423745358	
787.340000	127.708797762238	
787.540000	127.708172828675	
787.740000	127.707548943673	
787.940000	127.706926106235	
788.140000	127.706304315368	
788.340000	127.705683570077	
788.540000	127.705063869371	
788.740000	127.704445212259	
788.940000	127.703827597753	
789.140000	127.703211024865	
789.340000	127.702595492607	
789.540000	127.701980999994	
789.740000	127.701367546043	
789.940000	127.700755129771	
790.140000	127.700143750196	
790.340000	127.699533406338	
790.540000	127.698924097218	
790.740000	127.698315821858	
790.940000	127.697708579282	
791.140000	127.697102368514	
791.340000	127.696497188581	
791.540000	127.695893038509	
791.740000	127.695289917327	
791.940000	127.694687824066	
792.140000	127.694086757754	
792.340000	127.693486717425	
792.540000	127.692887702112	
792.740000	127.692289710850	
792.940000	127.691692742673	
793.140000	127.691096796618	
793.340000	127.690501871724	
793.540000	127.689907967030	
793.740000	127.689315081576	
793.940000	127.688723214403	
794.140000	127.688132364554	
794.340000	127.687542531073	
794.540000	127.686953713005	
794.740000	127.686365909396	
794.940000	127.685779119292	
795.140000	127.685193341743	
795.340000	127.684608575797	
795.540000	127.684024820506	
795.740000	127.683442074920	
795.940000	127.682860338093	
796.140000	127.682279609079	
796.340000	127.681699886933	
796.540000	127.681121170710	
796.740000	127.680543459468	
796.940000	127.679966752266	
797.140000	127.679391048162	
797.340000	127.678816346217	
797.540000	127.678242645493	
797.740000	127.677669945052	
797.940000	127.677098243959	
798.140000	127.676527541277	
798.340000	127.675957836073	
798.540000	127.675389127413	
798.740000	127.674821414366	
798.940000	127.674254696000	
799.140000	127.673688971387	
799.340000	127.673124239596	
799.540000	127.672560499700	
799.740000	127.671997750772	
799.940000	127.671435991886	
800.140000	127.670875222118	
800.340000	127.670315440545	
800.540000	127.669756646242	
800.740000	127.669198838290	
800.940000	127.668642015766	
801.140000	127.668086177752	
801.340000	127.667531323329	
801.540000	127.666977451579	
801.740000	127.666424561587	
801.940000	127.665872652435	
802.140000	127.665321723211	
802.340000	127.664771773000	
802.540000	127.664222800889	
802.740000	127.663674805968	
802.940000	127.663127787325	
803.140000	127.662581744051	
803.340000	127.662036675238	
803.540000	127.661492579978	
803.740000	127.660949457364	
803.940000	127.660407306491	
804.140000	127.659866126454	
804.340000	127.659325916349	
804.540000	127.658786675274	
804.740000	127.658248402327	
804.940000	127.657711096606	
805.140000	127.657174757213	
805.340000	127.656639383249	
805.540000	127.656104973815	
805.740000	127.655571528015	
805.940000	127.655039044952	
806.140000	127.654507523732	
806.340000	127.653976963460	
806.540000	127.653447363244	
806.740000	127.652918722191	
806.940000	127.652391039410	
807.140000	127.651864314011	
807.340000	127.651338545103	
807.540000	127.650813731799	
807.740000	127.650289873212	
807.940000	127.649766968454	
808.140000	127.649245016640	
808.340000	127.648724016885	
808.540000	127.648203968306	
808.740000	127.647684870019	
808.940000	127.647166721143	
809.140000	127.646649520796	
809.340000	127.646133268099	
809.540000	127.645617962172	
809.740000	127.645103602136	
809.940000	127.644590187115	
810.140000	127.644077716232	
810.340000	127.643566188611	
810.540000	127.643055603377	
810.740000	127.642545959658	
810.940000	127.642037256579	
811.140000	127.641529493269	
811.340000	127.641022668856	
811.540000	127.640516782472	
811.740000	127.640011833245	
811.940000	127.639507820308	
812.140000	127.639004742794	
812.340000	127.638502599835	
812.540000	127.638001390565	
812.740000	127.637501114121	
812.940000	127.637001769637	
813.140000	127.636503356251	
813.340000	127.636005873100	
813.540000	127.635509319323	
813.740000	127.635013694060	
813.940000	127.634518996450	
814.140000	127.634025225635	
814.340000	127.633532380758	
814.540000	127.633040460960	
814.740000	127.632549465387	
814.940000	127.632059393181	
815.140000	127.631570243490	
815.340000	127.631082015459	
815.540000	127.630594708236	
815.740000	127.630108320969	
815.940000	127.629622852806	
816.140000	127.629138302898	
816.340000	127.628654670394	
816.540000	127.628171954448	
816.740000	127.627690154210	
816.940000	127.627209268835	
817.140000	127.626729297476	
817.340000	127.626250239288	
817.540000	127.625772093427	
817.740000	127.625294859049	
817.940000	127.624818535312	
818.140000	127.624343121374	
818.340000	127.623868616394	
818.540000	127.623395019532	
818.740000	127.622922329949	
818.940000	127.622450546806	
819.140000	127.621979669266	
819.340000	127.621509696492	
819.540000	127.621040627647	
819.740000	127.620572461898	
819.940000	127.620105198409	
820.140000	127.619638836347	
820.340000	127.619173374879	
820.540000	127.618708813174	
820.740000	127.618245150401	
820.940000	127.617782385728	
821.140000	127.617320518328	
821.340000	127.616859547371	
821.540000	127.616399472029	
821.740000	127.615940291476	
821.940000	127.615482004885	
822.140000	127.615024611432	
822.340000	127.614568110291	
822.540000	127.614112500638	
822.740000	127.613657781652	
822.940000	127.613203952509	
823.140000	127.612751012389	
823.340000	127.612298960470	
823.540000	127.611847795934	
823.740000	127.611397517961	
823.940000	127.610948125733	
824.140000	127.610499618433	
824.340000	127.610051995243	
824.540000	127.609605255350	
824.740000	127.609159397937	
824.940000	127.608714422190	
825.140000	127.608270327296	
825.340000	127.607827112442	
825.540000	127.607384776817	
825.740000	127.606943319610	
825.940000	127.606502740010	
826.140000	127.606063037207	
826.340000	127.605624210394	
826.540000	127.605186258762	
826.740000	127.604749181504	
826.940000	127.604312977814	
827.140000	127.603877646886	
827.340000	127.603443187915	
827.540000	127.603009600098	
827.740000	127.602576882631	
827.940000	127.602145034712	
828.140000	127.601714055539	
828.340000	127.601283944311	
828.540000	127.600854700228	
828.740000	127.600426322491	
828.940000	127.599998810300	
829.140000	127.599572162859	
829.340000	127.599146379369	
829.540000	127.598721459036	
829.740000	127.598297401062	
829.940000	127.597874204654	
830.140000	127.597451869017	
850.140000	127.559432134751	
870.140000	127.529261233602	
890.140000	127.506249578825	
910.140000	127.489768923037	
930.140000	127.479247211959	
950.140000	127.474164027443	
970.140000	127.474046370763	
990.140000	127.478464688818	
1010.140000	127.487029116734	
1030.140000	127.499385936360	
1050.140000	127.515214259885	
1070.140000	127.534222945457	
1090.140000	127.556147738663	
1110.140000	127.580748653006	
1130.140000	127.607807614254	
1150.140000	127.637126279000	
1170.140000	127.668524061050	
1190.140000	127.701836358672	
1210.140000	127.736912961387	
1230.140000	127.773616616935	
1250.140000	127.811821744495	
1270.140000	127.851413280055	
1290.140000	127.892285640452	
1310.140000	127.934341793776	
1330.140000	127.977492424992	
1350.140000	128.021655186826	
1370.140000	128.066754027031	
1390.140000	128.112718584235	
1410.140000	128.159483645430	
1430.140000	128.206988658945	
1450.140000	128.255177297437	
1470.140000	128.303997065950	
1490.140000	128.353398950593	
1510.140000	128.403337103793	
1530.140000	128.453768562420	
1550.140000	128.504652995432	
1570.140000	128.555952477948	
1590.140000	128.607631288975	
1610.140000	128.659655730217	
1630.140000	128.711993963697	
1650.140000	128.764615866114	
1670.140000	128.817492898060	
1690.140000	128.870597986465	
1710.140000	128.923905418771	
1730.140000	128.977390747524	
1750.140000	129.031030704219	
1770.140000	129.084803121381	
1790.140000	129.138686861940	
1810.140000	129.192661755129	
1830.140000	129.246708538173	
1850.140000	129.300808803152	
1870.140000	129.354944948488	
1890.140000	129.409100134547	
1910.140000	129.463258242954	
1930.140000	129.517403839216	
1950.140000	129.571522138318	
1970.140000	129.625598972995	
1990.140000	129.679620764421	
2010.140000	129.733574495048	
2030.140000	129.787447683422	
2050.140000	129.841228360760	
2070.140000	129.894905049123	
2090.140000	129.948466741052	
2110.140000	130.001902880505	
2130.140000	130.055203345004	
2150.140000	130.108358428854	
2170.140000	130.161358827364	
2190.140000	130.214195621970	
2210.140000	130.266860266173	
2230.140000	130.319344572247	
2250.140000	130.371640698626	
2270.140000	130.423741137938	
2290.140000	130.475638705609	
2310.140000	130.527326529020	
2330.140000	130.578798037150	
2350.140000	130.630046950680	
2370.140000	130.681067272522	
2390.140000	130.731853278747	
2410.140000	130.782399509871	
2430.140000	130.832700762490	
2450.140000	130.882752081229	
2470.140000	130.932548750992	
2490.140000	130.982086289490	
