0.000000	-74.948881518753	
20.000000	-74.948824959722	
40.000000	-74.948720700580	
60.000000	-74.948611004956	
80.000000	-74.948501173434	
100.000000	-74.948391158826	
120.000000	-74.846316631865	
140.000000	-74.663159801561	
160.000000	-74.439182030577	
180.000000	-74.192357361130	
200.000000	-73.934644949205	
220.000000	-73.670939207793	
240.000000	-73.403606222870	
260.000000	-73.134055171887	
280.000000	-72.863272169621	
300.000000	-72.592015576406	
320.000000	-72.320896781508	
340.000000	-72.052496655194	
360.000000	-71.786552065424	
380.000000	-71.522552894800	
400.000000	-71.260446295916	
420.000000	-71.000336692707	
440.000000	-70.742367354393	
460.000000	-70.486676786915	
480.000000	-70.233384131935	
500.000000	-69.982585191614	
520.000000	-69.748728754117	
540.000000	-69.536487885288	
560.000000	-69.344435671667	
580.000000	-69.170962060475	
600.000000	-69.014483464154	
608.400000	-68.953464612019	
608.600000	-68.952044166272	
608.800000	-68.950625205190	
609.000000	-68.949207727301	
609.200000	-68.947791731132	
609.400000	-68.946377215209	
609.600000	-68.944964178061	
609.800000	-68.943552618212	
610.000000	-68.942142534189	
610.200000	-68.940733924518	
610.400000	-68.939326787722	
610.600000	-68.937921122327	
610.800000	-68.936516926856	
611.000000	-68.935114199833	
611.200000	-68.933712939780	
611.400000	-68.932313145218	
611.600000	-68.930914814670	
611.800000	-68.929517946654	
612.000000	-68.928122539692	
612.200000	-68.926728592302	
612.400000	-68.925336103001	
612.600000	-68.923945070308	
612.800000	-68.922555492737	
613.000000	-68.921167368805	
613.200000	-68.919780697026	
613.400000	-68.918395475912	
613.600000	-68.917011703976	
613.800000	-68.915629379729	
614.000000	-68.914248501680	
614.200000	-68.912869068338	
614.400000	-68.911491078210	
614.600000	-68.910114529802	
614.800000	-68.908739421619	
615.000000	-68.907365752163	
615.200000	-68.905993519936	
615.400000	-68.904622723438	
615.600000	-68.903253361167	
615.800000	-68.901885431621	
616.000000	-68.900518933293	
616.200000	-68.899153864678	
616.400000	-68.897790224267	
616.600000	-68.896428010549	
616.800000	-68.895067222012	
617.000000	-68.893707857140	
617.200000	-68.892349914418	
617.400000	-68.890993392326	
617.600000	-68.889638289344	
617.800000	-68.888284603947	
618.000000	-68.886932334610	
618.200000	-68.885581479804	
618.400000	-68.884232037998	
618.600000	-68.882884007659	
618.800000	-68.881537387249	
619.000000	-68.880192175230	
619.200000	-68.878848370059	
619.400000	-68.877505970190	
619.600000	-68.876164974075	
619.800000	-68.874825380163	
620.000000	-68.873487186898	
620.200000	-68.872150392721	
620.400000	-68.870814996069	
620.600000	-68.869480995378	
620.800000	-68.868148389077	
621.000000	-68.866817175591	
621.200000	-68.865487353344	
621.400000	-68.864158920753	
621.600000	-68.862831876232	
621.800000	-68.861506218189	
622.000000	-68.860181945029	
622.200000	-68.858859055151	
622.400000	-68.857537546949	
622.600000	-68.856217418814	
622.800000	-68.854898669129	
623.000000	-68.853581296273	
623.200000	-68.852265298618	
623.400000	-68.850950674531	
623.600000	-68.849637422375	
623.800000	-68.848325540502	
624.000000	-68.847015027262	
624.200000	-68.845705880997	
624.400000	-68.844398100040	
624.600000	-68.843091682719	
624.800000	-68.841786627355	
625.000000	-68.840482932260	
625.200000	-68.839180595738	
625.400000	-68.837879616086	
625.600000	-68.836579991593	
625.800000	-68.835281720536	
626.000000	-68.833984801186	
626.200000	-68.832689231805	
626.400000	-68.831395010642	
626.600000	-68.830102135940	
626.800000	-68.828810605928	
627.000000	-68.827520418826	
627.200000	-68.826231572843	
627.400000	-68.824944066176	
627.600000	-68.823657897009	
627.800000	-68.822373063516	
628.000000	-68.821089563856	
628.200000	-68.819807396175	
628.400000	-68.818526558605	
628.600000	-68.817247049263	
628.800000	-68.815968866254	
629.000000	-68.814692007663	
629.200000	-68.813416471563	
629.400000	-68.812142256006	
629.600000	-68.810869359030	
629.800000	-68.809597778653	
630.000000	-68.808327512875	
630.200000	-68.807058559675	
630.400000	-68.805790917014	
630.600000	-68.804524582828	
630.800000	-68.803259555034	
631.000000	-68.801995831524	
631.200000	-68.800733410166	
631.400000	-68.799472288804	
631.600000	-68.798212465255	
631.800000	-68.796953937308	
632.000000	-68.795696702724	
632.200000	-68.794440759233	
632.400000	-68.793186104535	
632.600000	-68.791932736296	
632.800000	-68.790680652148	
633.000000	-68.789429849689	
633.200000	-68.788180326476	
633.400000	-68.786932080030	
633.600000	-68.785685107827	
633.800000	-68.784439407302	
634.000000	-68.783194975844	
634.200000	-68.781951810794	
634.400000	-68.780709909443	
634.600000	-68.779469269027	
634.800000	-68.778229886729	
635.000000	-68.776991759672	
635.200000	-68.775754884915	
635.400000	-68.774519259455	
635.600000	-68.773284880218	
635.800000	-68.772051744057	
636.000000	-68.770819847747	
636.200000	-68.769589187982	
636.400000	-68.768359761370	
636.600000	-68.767131564425	
636.800000	-68.765904593565	
637.000000	-68.764678845103	
637.200000	-68.763454315242	
637.400000	-68.762231000067	
637.600000	-68.761008895536	
637.800000	-68.759787997476	
638.000000	-68.758568301567	
638.200000	-68.757349803338	
638.400000	-68.756132498151	
638.600000	-68.754916381194	
638.800000	-68.753701447464	
639.000000	-68.752487691751	
639.200000	-68.751275108628	
639.400000	-68.750063692428	
639.600000	-68.748853437225	
639.800000	-68.747644336816	
640.000000	-68.746436384691	
640.200000	-68.745229574012	
640.400000	-68.744023897581	
640.600000	-68.742819347802	
640.800000	-68.741615916651	
641.000000	-68.740413595627	
641.200000	-68.739212375708	
641.400000	-68.738012247293	
641.600000	-68.736813200144	
641.800000	-68.735615223311	
642.000000	-68.734418305049	
642.200000	-68.733222432732	
642.400000	-68.732027592732	
642.600000	-68.730833770301	
642.800000	-68.729640949418	
643.000000	-68.728449112610	
643.200000	-68.727258240750	
643.400000	-68.726068312801	
643.600000	-68.724879305517	
643.800000	-68.723691193081	
644.000000	-68.722503946654	
644.200000	-68.721317533824	
644.400000	-68.720131917912	
644.600000	-68.718947057099	
644.800000	-68.717762903295	
645.000000	-68.716579400678	
645.200000	-68.715396483741	
645.400000	-68.714214074657	
645.600000	-68.713032079628	
645.800000	-68.711850383681	
646.000000	-68.710668843019	
646.200000	-68.709487273322	
646.400000	-68.708305430961	
646.600000	-68.707122980927	
646.800000	-68.705939437392	
647.000000	-68.704754040270	
647.200000	-68.703565450252	
647.400000	-68.702370722955	
647.600000	-68.701156967788	
647.800000	-68.699762102942	
648.000000	-68.697992828189	
648.200000	-68.694950208449	
648.400000	-68.690613232923	
648.600000	-68.686115043078	
648.800000	-68.681903859365	
649.000000	-68.678062684061	
649.200000	-68.674487095801	
649.400000	-68.671078705714	
649.600000	-68.667837225872	
649.800000	-68.664805291155	
650.000000	-68.662059761293	
650.200000	-68.659660561084	
650.400000	-68.657493919723	
650.600000	-68.655469741999	
650.800000	-68.653533814900	
670.800000	-68.510924772025	
678.540000	-68.468577620459	
678.740000	-68.467536816799	
678.940000	-68.466498374101	
679.140000	-68.465462271541	
679.340000	-68.464428488594	
679.540000	-68.463397005036	
679.740000	-68.462367800937	
679.940000	-68.461340856656	
680.140000	-68.460316152839	
680.340000	-68.459293670412	
680.540000	-68.458273390580	
680.740000	-68.457255294821	
680.940000	-68.456239364884	
681.140000	-68.455225582781	
681.340000	-68.454213930790	
681.540000	-68.453204391443	
681.740000	-68.452196947531	
681.940000	-68.451191582091	
682.140000	-68.450188278411	
682.340000	-68.449187020022	
682.540000	-68.448187790693	
682.740000	-68.447190574431	
682.940000	-68.446195355478	
683.140000	-68.445202118302	
683.340000	-68.444210847601	
683.540000	-68.443221528294	
683.740000	-68.442234145522	
683.940000	-68.441248684640	
684.140000	-68.440265131218	
684.340000	-68.439283471038	
684.540000	-68.438303690087	
684.740000	-68.437325774558	
684.940000	-68.436349710844	
685.140000	-68.435375485538	
685.340000	-68.434403085428	
685.540000	-68.433432497494	
685.740000	-68.432463708907	
685.940000	-68.431496707024	
686.140000	-68.430531479388	
686.340000	-68.429568013721	
686.540000	-68.428606297928	
686.740000	-68.427646320087	
686.940000	-68.426688068452	
687.140000	-68.425731531445	
687.340000	-68.424776697661	
687.540000	-68.423823555859	
687.740000	-68.422872094962	
687.940000	-68.421922304054	
688.140000	-68.420974172380	
688.340000	-68.420027689339	
688.540000	-68.419082844487	
688.740000	-68.418139627531	
688.940000	-68.417198028328	
689.140000	-68.416258036882	
689.340000	-68.415319643344	
689.540000	-68.414382838007	
689.740000	-68.413447611307	
689.940000	-68.412513953818	
690.140000	-68.411581856251	
690.340000	-68.410651309454	
690.540000	-68.409722304406	
690.740000	-68.408794832217	
690.940000	-68.407868884130	
691.140000	-68.406944451511	
691.340000	-68.406021525854	
691.540000	-68.405100098777	
691.740000	-68.404180162017	
691.940000	-68.403261707436	
692.140000	-68.402344727009	
692.340000	-68.401429212832	
692.540000	-68.400515157113	
692.740000	-68.399602552175	
692.940000	-68.398691390451	
693.140000	-68.397781664486	
693.340000	-68.396873366932	
693.540000	-68.395966490547	
693.740000	-68.395061028197	
693.940000	-68.394156972848	
694.140000	-68.393254317571	
694.340000	-68.392353055537	
694.540000	-68.391453180016	
694.740000	-68.390554684375	
694.940000	-68.389657562079	
695.140000	-68.388761806687	
695.340000	-68.387867411852	
695.540000	-68.386974371318	
695.740000	-68.386082678921	
695.940000	-68.385192328588	
696.140000	-68.384303314332	
696.340000	-68.383415630255	
696.540000	-68.382529270542	
696.740000	-68.381644229466	
696.940000	-68.380760501381	
697.140000	-68.379878080724	
697.340000	-68.378996962014	
697.540000	-68.378117139849	
697.740000	-68.377238608905	
697.940000	-68.376361363936	
698.140000	-68.375485399775	
698.340000	-68.374610711327	
698.540000	-68.373737293573	
698.740000	-68.372865141568	
698.940000	-68.371994250438	
699.140000	-68.371124615382	
699.340000	-68.370256231668	
699.540000	-68.369389094634	
699.740000	-68.368523199687	
699.940000	-68.367658542301	
700.140000	-68.366795118016	
700.340000	-68.365932922438	
700.540000	-68.365071951240	
700.740000	-68.364212200155	
700.940000	-68.363353664983	
701.140000	-68.362496341584	
701.340000	-68.361640225880	
701.540000	-68.360785313853	
701.740000	-68.359931601546	
701.940000	-68.359079085061	
702.140000	-68.358227760558	
702.340000	-68.357377624253	
702.540000	-68.356528672421	
702.740000	-68.355680901392	
702.940000	-68.354834307552	
703.140000	-68.353988887342	
703.340000	-68.353144637255	
703.540000	-68.352301553838	
703.740000	-68.351459633694	
703.940000	-68.350618873472	
704.140000	-68.349779269878	
704.340000	-68.348940819665	
704.540000	-68.348103519639	
704.740000	-68.347267366653	
704.940000	-68.346432357610	
705.140000	-68.345598489462	
705.340000	-68.344765759208	
705.540000	-68.343934163896	
705.740000	-68.343103700617	
705.940000	-68.342274366512	
706.140000	-68.341446158766	
706.340000	-68.340619074610	
706.540000	-68.339793111320	
706.740000	-68.338968266213	
706.940000	-68.338144536654	
707.140000	-68.337321920050	
707.340000	-68.336500413849	
707.540000	-68.335680015544	
707.740000	-68.334860722667	
707.940000	-68.334042532796	
708.140000	-68.333225443545	
708.340000	-68.332409452572	
708.540000	-68.331594557575	
708.740000	-68.330780756291	
708.940000	-68.329968046496	
709.140000	-68.329156426007	
709.340000	-68.328345892679	
709.540000	-68.327536444405	
709.740000	-68.326728079116	
709.940000	-68.325920794782	
710.140000	-68.325114589409	
710.340000	-68.324309461040	
710.540000	-68.323505407757	
710.740000	-68.322702427676	
710.940000	-68.321900518949	
711.140000	-68.321099679767	
711.340000	-68.320299908352	
711.540000	-68.319501202964	
711.740000	-68.318703561898	
711.940000	-68.317906983483	
712.140000	-68.317111466081	
712.340000	-68.316317008091	
712.540000	-68.315523607944	
712.740000	-68.314731264103	
712.940000	-68.313939975068	
713.140000	-68.313149739368	
713.340000	-68.312360555567	
713.540000	-68.311572422262	
713.740000	-68.310785338080	
713.940000	-68.309999301681	
714.140000	-68.309214311756	
714.340000	-68.308430367029	
714.540000	-68.307647466254	
714.740000	-68.306865608215	
714.940000	-68.306084791727	
715.140000	-68.305305015637	
715.340000	-68.304526278819	
715.540000	-68.303748580178	
715.740000	-68.302971918651	
715.940000	-68.302196293199	
716.140000	-68.301421702817	
716.340000	-68.300648146524	
716.540000	-68.299875623371	
716.740000	-68.299104132436	
716.940000	-68.298333672822	
717.140000	-68.297564243662	
717.340000	-68.296795844116	
717.540000	-68.296028473370	
717.740000	-68.295262130636	
717.940000	-68.294496815152	
718.140000	-68.293732526182	
718.340000	-68.292969263016	
718.540000	-68.292207024967	
718.740000	-68.291445811374	
718.940000	-68.290685621599	
719.140000	-68.289926455029	
719.340000	-68.289168311073	
719.540000	-68.288411189163	
719.740000	-68.287655088755	
719.940000	-68.286900009324	
720.140000	-68.286145950369	
720.340000	-68.285392911409	
720.540000	-68.284640891984	
720.740000	-68.283889891652	
720.940000	-68.283139909993	
721.140000	-68.282390946604	
721.340000	-68.281643001103	
721.540000	-68.280896073122	
721.740000	-68.280150162314	
721.940000	-68.279405268346	
722.140000	-68.278661390902	
722.340000	-68.277918529681	
722.540000	-68.277176684399	
722.740000	-68.276435854783	
722.940000	-68.275696040575	
723.140000	-68.274957241531	
723.340000	-68.274219457418	
723.540000	-68.273482688014	
723.740000	-68.272746933108	
723.940000	-68.272012192501	
724.140000	-68.271278466001	
724.340000	-68.270545753427	
724.540000	-68.269814054604	
724.740000	-68.269083369365	
724.940000	-68.268353697549	
725.140000	-68.267625039002	
725.340000	-68.266897393575	
725.540000	-68.266170761122	
725.740000	-68.265445141500	
725.940000	-68.264720534572	
726.140000	-68.263996940199	
726.340000	-68.263274358246	
726.540000	-68.262552788577	
726.740000	-68.261832231057	
726.940000	-68.261112685549	
727.140000	-68.260394151914	
727.340000	-68.259676630012	
727.540000	-68.258960119698	
727.740000	-68.258244620824	
727.940000	-68.257530133237	
728.140000	-68.256816656779	
728.340000	-68.256104191285	
728.540000	-68.255392736585	
728.740000	-68.254682292501	
728.940000	-68.253972858844	
729.140000	-68.253264435422	
729.340000	-68.252557022028	
729.540000	-68.251850618449	
729.740000	-68.251145224459	
729.940000	-68.250440839823	
730.140000	-68.249737464293	
730.340000	-68.249035097610	
730.540000	-68.248333739501	
730.740000	-68.247633389681	
730.940000	-68.246934047851	
731.140000	-68.246235713699	
731.340000	-68.245538386897	
731.540000	-68.244842067103	
731.740000	-68.244146753961	
731.940000	-68.243452447099	
732.140000	-68.242759146127	
732.340000	-68.242066850643	
732.540000	-68.241375560225	
732.740000	-68.240685274438	
732.940000	-68.239995992827	
733.140000	-68.239307714923	
733.340000	-68.238620440238	
733.540000	-68.237934168269	
733.740000	-68.237248898492	
733.940000	-68.236564630371	
734.140000	-68.235881363348	
734.340000	-68.235199096850	
734.540000	-68.234517830286	
734.740000	-68.233837563048	
734.940000	-68.233158294511	
735.140000	-68.232480024033	
735.340000	-68.231802750952	
735.540000	-68.231126474593	
735.740000	-68.230451194262	
735.940000	-68.229776909248	
736.140000	-68.229103618825	
736.340000	-68.228431322248	
736.540000	-68.227760018759	
736.740000	-68.227089707580	
736.940000	-68.226420387922	
737.140000	-68.225752058977	
737.340000	-68.225084719922	
737.540000	-68.224418369921	
737.740000	-68.223753008121	
737.940000	-68.223088633657	
738.140000	-68.222425245646	
738.340000	-68.221762843195	
738.540000	-68.221101425396	
738.740000	-68.220440991327	
738.940000	-68.219781540055	
739.140000	-68.219123070632	
739.340000	-68.218465582101	
739.540000	-68.217809073490	
739.740000	-68.217153543818	
739.940000	-68.216498992090	
740.140000	-68.215845417303	
740.340000	-68.215192818442	
740.540000	-68.214541194483	
740.740000	-68.213890544392	
740.940000	-68.213240867124	
741.140000	-68.212592161627	
741.340000	-68.211944426840	
741.540000	-68.211297661692	
741.740000	-68.210651865107	
741.940000	-68.210007036000	
742.140000	-68.209363173277	
742.340000	-68.208720275839	
742.540000	-68.208078342581	
742.740000	-68.207437372391	
742.940000	-68.206797364150	
743.140000	-68.206158316734	
743.340000	-68.205520229016	
743.540000	-68.204883099861	
743.740000	-68.204246928131	
743.940000	-68.203611712684	
744.140000	-68.202977452371	
744.340000	-68.202344146045	
744.540000	-68.201711792549	
744.740000	-68.201080390728	
744.940000	-68.200449939421	
745.140000	-68.199820437467	
745.340000	-68.199191883700	
745.540000	-68.198564276953	
745.740000	-68.197937616058	
745.940000	-68.197311899845	
746.140000	-68.196687127141	
746.340000	-68.196063296775	
746.540000	-68.195440407571	
746.740000	-68.194818458357	
746.940000	-68.194197447957	
747.140000	-68.193577375196	
747.340000	-68.192958238899	
747.540000	-68.192340037891	
747.740000	-68.191722770997	
747.940000	-68.191106437042	
748.140000	-68.190491034854	
748.340000	-68.189876563258	
748.540000	-68.189263021084	
748.740000	-68.188650407160	
748.940000	-68.188038720317	
749.140000	-68.187427959387	
749.340000	-68.186818123203	
749.540000	-68.186209210601	
749.740000	-68.185601220416	
749.940000	-68.184994151489	
750.140000	-68.184388002659	
750.340000	-68.183782772770	
750.540000	-68.183178460666	
750.740000	-68.182575065196	
750.940000	-68.181972585209	
751.140000	-68.181371019558	
751.340000	-68.180770367097	
751.540000	-68.180170626684	
751.740000	-68.179571797180	
751.940000	-68.178973877448	
752.140000	-68.178376866354	
752.340000	-68.177780762768	
752.540000	-68.177185565560	
752.740000	-68.176591273606	
752.940000	-68.175997885785	
753.140000	-68.175405400978	
753.340000	-68.174813818070	
753.540000	-68.174223135947	
753.740000	-68.173633353502	
753.940000	-68.173044469628	
754.140000	-68.172456483224	
754.340000	-68.171869393191	
754.540000	-68.171283198433	
754.740000	-68.170697897857	
754.940000	-68.170113490376	
755.140000	-68.169529974904	
755.340000	-68.168947350360	
755.540000	-68.168365615665	
755.740000	-68.167784769745	
755.940000	-68.167204811527	
756.140000	-68.166625739946	
756.340000	-68.166047553935	
756.540000	-68.165470252436	
756.740000	-68.164893834390	
756.940000	-68.164318298744	
757.140000	-68.163743644447	
757.340000	-68.163169870454	
757.540000	-68.162596975721	
757.740000	-68.162024959209	
757.940000	-68.161453819881	
758.140000	-68.160883556704	
758.340000	-68.160314168651	
758.540000	-68.159745654694	
758.740000	-68.159178013813	
758.940000	-68.158611244987	
759.140000	-68.158045347201	
759.340000	-68.157480319445	
759.540000	-68.156916160709	
759.740000	-68.156352869987	
759.940000	-68.155790446278	
760.140000	-68.155228888584	
760.340000	-68.154668195910	
760.540000	-68.154108367263	
760.740000	-68.153549401654	
760.940000	-68.152991298099	
761.140000	-68.152434055616	
761.340000	-68.151877673225	
761.540000	-68.151322149950	
761.740000	-68.150767484820	
761.940000	-68.150213676864	
762.140000	-68.149660725116	
762.340000	-68.149108628614	
762.540000	-68.148557386396	
762.740000	-68.148006997506	
762.940000	-68.147457460990	
763.140000	-68.146908775896	
763.340000	-68.146360941277	
763.540000	-68.145813956187	
763.740000	-68.145267819683	
763.940000	-68.144722530827	
764.140000	-68.144178088683	
764.340000	-68.143634492315	
764.540000	-68.143091740794	
764.740000	-68.142549833191	
764.940000	-68.142008768580	
765.140000	-68.141468546041	
765.340000	-68.140929164651	
765.540000	-68.140390623495	
765.740000	-68.139852921657	
765.940000	-68.139316058226	
766.140000	-68.138780032293	
766.340000	-68.138244842950	
766.540000	-68.137710489293	
766.740000	-68.137176970421	
766.940000	-68.136644285435	
767.140000	-68.136112433438	
767.340000	-68.135581413536	
767.540000	-68.135051224837	
767.740000	-68.134521866452	
767.940000	-68.133993337493	
768.140000	-68.133465637076	
768.340000	-68.132938764319	
768.540000	-68.132412718342	
768.740000	-68.131887498267	
768.940000	-68.131363103219	
769.140000	-68.130839532324	
769.340000	-68.130316784712	
769.540000	-68.129794859514	
769.740000	-68.129273755863	
769.940000	-68.128753472894	
770.140000	-68.128234009747	
770.340000	-68.127715365559	
770.540000	-68.127197539474	
770.740000	-68.126680530635	
770.940000	-68.126164338188	
771.140000	-68.125648961281	
771.340000	-68.125134399064	
771.540000	-68.124620650690	
771.740000	-68.124107715312	
771.940000	-68.123595592086	
772.140000	-68.123084280170	
772.340000	-68.122573778724	
772.540000	-68.122064086910	
772.740000	-68.121555203890	
772.940000	-68.121047128831	
773.140000	-68.120539860900	
773.340000	-68.120033399265	
773.540000	-68.119527743097	
773.740000	-68.119022891569	
773.940000	-68.118518843856	
774.140000	-68.118015599133	
774.340000	-68.117513156579	
774.540000	-68.117011515372	
774.740000	-68.116510674695	
774.940000	-68.116010633729	
775.140000	-68.115511391660	
775.340000	-68.115012947674	
775.540000	-68.114515300959	
775.740000	-68.114018450703	
775.940000	-68.113522396099	
776.140000	-68.113027136339	
776.340000	-68.112532670617	
776.540000	-68.112038998129	
776.740000	-68.111546118073	
776.940000	-68.111054029646	
777.140000	-68.110562732051	
777.340000	-68.110072224487	
777.540000	-68.109582506160	
777.740000	-68.109093576274	
777.940000	-68.108605434034	
778.140000	-68.108118078650	
778.340000	-68.107631509330	
778.540000	-68.107145725285	
778.740000	-68.106660725726	
778.940000	-68.106176509868	
779.140000	-68.105693076926	
779.340000	-68.105210426115	
779.540000	-68.104728556654	
779.740000	-68.104247467760	
779.940000	-68.103767158656	
780.140000	-68.103287628561	
780.340000	-68.102808876700	
780.540000	-68.102330902297	
780.740000	-68.101853704577	
780.940000	-68.101377282767	
781.140000	-68.100901636096	
781.340000	-68.100426763793	
781.540000	-68.099952665088	
781.740000	-68.099479339214	
781.940000	-68.099006785405	
782.140000	-68.098535002894	
782.340000	-68.098063990917	
782.540000	-68.097593748712	
782.740000	-68.097124275517	
782.940000	-68.096655570570	
783.140000	-68.096187633113	
783.340000	-68.095720462387	
783.540000	-68.095254057636	
783.740000	-68.094788418103	
783.940000	-68.094323543034	
784.140000	-68.093859431676	
784.340000	-68.093396083275	
784.540000	-68.092933497081	
784.740000	-68.092471672343	
784.940000	-68.092010608314	
785.140000	-68.091550304243	
785.340000	-68.091090759386	
785.540000	-68.090631972997	
785.740000	-68.090173944330	
785.940000	-68.089716672642	
786.140000	-68.089260157192	
786.340000	-68.088804397237	
786.540000	-68.088349392039	
786.740000	-68.087895140856	
786.940000	-68.087441642952	
787.140000	-68.086988897590	
787.340000	-68.086536904033	
787.540000	-68.086085661546	
787.740000	-68.085635169396	
787.940000	-68.085185426850	
788.140000	-68.084736433176	
788.340000	-68.084288187644	
788.540000	-68.083840689523	
788.740000	-68.083393938084	
788.940000	-68.082947932601	
789.140000	-68.082502672345	
789.340000	-68.082058156592	
789.540000	-68.081614384617	
789.740000	-68.081171355696	
789.940000	-68.080729069105	
790.140000	-68.080287524124	
790.340000	-68.079846720031	
790.540000	-68.079406656107	
790.740000	-68.078967331632	
790.940000	-68.078528745888	
791.140000	-68.078090898159	
791.340000	-68.077653787729	
791.540000	-68.077217413882	
791.740000	-68.076781775904	
791.940000	-68.076346873081	
792.140000	-68.075912704702	
792.340000	-68.075479270056	
792.540000	-68.075046568430	
792.740000	-68.074614599117	
792.940000	-68.074183361407	
793.140000	-68.073752854593	
793.340000	-68.073323077968	
793.540000	-68.072894030825	
793.740000	-68.072465712461	
793.940000	-68.072038122170	
794.140000	-68.071611259249	
794.340000	-68.071185122997	
794.540000	-68.070759712711	
794.740000	-68.070335027691	
794.940000	-68.069911067238	
795.140000	-68.069487830652	
795.340000	-68.069065317236	
795.540000	-68.068643526292	
795.740000	-68.068222457124	
795.940000	-68.067802109037	
796.140000	-68.067382481336	
796.340000	-68.066963573328	
796.540000	-68.066545384320	
796.740000	-68.066127913620	
796.940000	-68.065711160536	
797.140000	-68.065295124379	
797.340000	-68.064879804459	
797.540000	-68.064465200088	
797.740000	-68.064051310577	
797.940000	-68.063638135240	
798.140000	-68.063225673391	
798.340000	-68.062813924344	
798.540000	-68.062402887415	
798.740000	-68.061992561920	
798.940000	-68.061582947177	
799.140000	-68.061174042504	
799.340000	-68.060765847218	
799.540000	-68.060358360641	
799.740000	-68.059951582092	
799.940000	-68.059545510892	
800.140000	-68.059140146364	
800.340000	-68.058735487831	
800.540000	-68.058331534616	
800.740000	-68.057928286043	
800.940000	-68.057525741438	
801.140000	-68.057123900126	
801.340000	-68.056722761435	
801.540000	-68.056322324693	
801.740000	-68.055922589226	
801.940000	-68.055523554365	
802.140000	-68.055125219440	
802.340000	-68.054727583781	
802.540000	-68.054330646719	
802.740000	-68.053934407587	
802.940000	-68.053538865718	
803.140000	-68.053144020446	
803.340000	-68.052749871105	
803.540000	-68.052356417030	
803.740000	-68.051963657558	
803.940000	-68.051571592025	
804.140000	-68.051180219770	
804.340000	-68.050789540129	
804.540000	-68.050399552443	
804.740000	-68.050010256050	
804.940000	-68.049621650293	
805.140000	-68.049233734511	
805.340000	-68.048846508048	
805.540000	-68.048459970245	
805.740000	-68.048074120447	
805.940000	-68.047688957998	
806.140000	-68.047304482242	
806.340000	-68.046920692526	
806.540000	-68.046537588196	
806.740000	-68.046155168599	
806.940000	-68.045773433083	
807.140000	-68.045392380997	
807.340000	-68.045012011691	
807.540000	-68.044632324513	
807.740000	-68.044253318816	
807.940000	-68.043874993951	
808.140000	-68.043497349270	
808.340000	-68.043120384126	
808.540000	-68.042744097872	
808.740000	-68.042368489864	
808.940000	-68.041993559457	
809.140000	-68.041619306005	
809.340000	-68.041245728867	
809.540000	-68.040872827398	
809.740000	-68.040500600958	
809.940000	-68.040129048904	
810.140000	-68.039758170596	
810.340000	-68.039387965395	
810.540000	-68.039018432661	
810.740000	-68.038649571755	
810.940000	-68.038281382039	
811.140000	-68.037913862878	
811.340000	-68.037547013633	
811.540000	-68.037180833669	
811.740000	-68.036815322352	
811.940000	-68.036450479047	
812.140000	-68.036086303120	
812.340000	-68.035722793938	
812.540000	-68.035359950869	
812.740000	-68.034997773282	
812.940000	-68.034636260545	
813.140000	-68.034275412027	
813.340000	-68.033915227101	
813.540000	-68.033555705136	
813.740000	-68.033196845504	
813.940000	-68.032838647578	
814.140000	-68.032481110731	
814.340000	-68.032124234336	
814.540000	-68.031768017769	
814.740000	-68.031412460403	
814.940000	-68.031057561616	
815.140000	-68.030703320783	
815.340000	-68.030349737282	
815.540000	-68.029996810490	
815.740000	-68.029644539786	
815.940000	-68.029292924549	
816.140000	-68.028941964159	
816.340000	-68.028591657995	
816.540000	-68.028242005440	
816.740000	-68.027893005874	
816.940000	-68.027544658681	
817.140000	-68.027196963243	
817.340000	-68.026849918944	
817.540000	-68.026503525169	
817.740000	-68.026157781302	
817.940000	-68.025812686729	
818.140000	-68.025468240836	
818.340000	-68.025124443010	
818.540000	-68.024781292639	
818.740000	-68.024438789111	
818.940000	-68.024096931815	
819.140000	-68.023755720140	
819.340000	-68.023415153476	
819.540000	-68.023075231215	
819.740000	-68.022735952748	
819.940000	-68.022397317466	
820.140000	-68.022059324763	
820.340000	-68.021721974032	
820.540000	-68.021385264666	
820.740000	-68.021049196061	
820.940000	-68.020713767611	
821.140000	-68.020378978713	
821.340000	-68.020044828762	
821.540000	-68.019711317156	
821.740000	-68.019378443294	
821.940000	-68.019046206572	
822.140000	-68.018714606390	
822.340000	-68.018383642148	
822.540000	-68.018053313246	
822.740000	-68.017723619084	
822.940000	-68.017394559065	
823.140000	-68.017066132590	
823.340000	-68.016738339062	
823.540000	-68.016411177885	
823.740000	-68.016084648461	
823.940000	-68.015758750197	
824.140000	-68.015433482496	
824.340000	-68.015108844766	
824.540000	-68.014784836411	
824.740000	-68.014461456840	
824.940000	-68.014138705459	
825.140000	-68.013816581678	
825.340000	-68.013495084904	
825.540000	-68.013174214548	
825.740000	-68.012853970019	
825.940000	-68.012534350727	
826.140000	-68.012215356086	
826.340000	-68.011896985505	
826.540000	-68.011579238398	
826.740000	-68.011262114177	
826.940000	-68.010945612257	
827.140000	-68.010629732051	
827.340000	-68.010314472975	
827.540000	-68.009999834443	
827.740000	-68.009685815872	
827.940000	-68.009372416679	
828.140000	-68.009059636281	
828.340000	-68.008747474095	
828.540000	-68.008435929541	
828.740000	-68.008125002036	
828.940000	-68.007814691001	
829.140000	-68.007504995856	
829.340000	-68.007195916022	
829.540000	-68.006887450920	
829.740000	-68.006579599972	
829.940000	-68.006272362600	
830.140000	-68.005965738229	
850.140000	-67.978302419179	
870.140000	-67.956219553124	
890.140000	-67.939220151998	
910.140000	-67.926853581003	
930.140000	-67.918711258529	
950.140000	-67.914422904628	
970.140000	-67.913653136702	
990.140000	-67.916098323468	
1010.140000	-67.921483661983	
1030.140000	-67.929560463917	
1050.140000	-67.940103646471	
1070.140000	-67.952909423759	
1090.140000	-67.967793186886	
1110.140000	-67.984587575984	
1130.140000	-68.003140757130	
1150.140000	-68.023314836706	
1170.140000	-68.044984433870	
1190.140000	-68.068035403821	
1210.140000	-68.092363694834	
1230.140000	-68.117874323780	
1250.140000	-68.144480459104	
1270.140000	-68.172102600293	
1290.140000	-68.200667843572	
1310.140000	-68.230109224505	
1330.140000	-68.260365129188	
1350.140000	-68.291378766594	
1370.140000	-68.323097695546	
1390.140000	-68.355473400567	
1410.140000	-68.388460911548	
1430.140000	-68.422018462759	
1450.140000	-68.456107187258	
1470.140000	-68.490690843128	
1490.140000	-68.525735568368	
1510.140000	-68.561209661541	
1530.140000	-68.597083385554	
1550.140000	-68.633328792195	
1570.140000	-68.669919565230	
1590.140000	-68.706830880105	
1610.140000	-68.744039278451	
1630.140000	-68.781522555775	
1650.140000	-68.819259660876	
1670.140000	-68.857230605692	
1690.140000	-68.895416384392	
1710.140000	-68.933798900690	
1730.140000	-68.972360902449	
1750.140000	-69.011085922751	
1770.140000	-69.049958226730	
1790.140000	-69.088962763495	
1810.140000	-69.128085122617	
1830.140000	-69.167311494644	
1850.140000	-69.206628635238	
1870.140000	-69.246023832517	
1890.140000	-69.285484877280	
1910.140000	-69.325000035798	
1930.140000	-69.364558024912	
1950.140000	-69.404147989196	
1970.140000	-69.443759479965	
1990.140000	-69.483382435962	
2010.140000	-69.523007165536	
2030.140000	-69.562624330170	
2050.140000	-69.602224929236	
2070.140000	-69.641800285835	
2090.140000	-69.681342033649	
2110.140000	-69.720842104678	
2130.140000	-69.760292717800	
2150.140000	-69.799686368068	
2170.140000	-69.839015816677	
2190.140000	-69.878274081548	
2210.140000	-69.917454428453	
2230.140000	-69.956550362665	
2250.140000	-69.995555621053	
2270.140000	-70.034464164607	
2290.140000	-70.073270171351	
2310.140000	-70.111968029605	
2330.140000	-70.150552331570	
2350.140000	-70.189017867220	
2370.140000	-70.227359618457	
2390.140000	-70.265572753530	
2410.140000	-70.303652621679	
2430.140000	-70.341594748004	
2450.140000	-70.379394828524	
2470.140000	-70.417048725433	
2490.140000	-70.454552462525	
