0.000000	0.000000000000	
20.000000	0.000000000000	
40.000000	0.000000000000	
60.000000	0.000000000000	
80.000000	0.000000000000	
100.000000	0.000000000000	
120.000000	0.002882631631	
140.000000	0.004105278522	
160.000000	0.004603521742	
180.000000	0.004777460311	
200.000000	0.004815188917	
220.000000	0.004816731833	
240.000000	0.004809215705	
260.000000	0.004799902470	
280.000000	0.004790692975	
300.000000	0.004782050091	
320.000000	0.004771817895	
340.000000	0.004708590274	
360.000000	0.004681764520	
380.000000	0.004668671093	
400.000000	0.004660744490	
420.000000	0.004654907570	
440.000000	0.004650050818	
460.000000	0.004645763636	
480.000000	0.004641883526	
500.000000	0.004638336770	
520.000000	0.004191123036	
540.000000	0.003785353740	
560.000000	0.003419649587	
580.000000	0.003090360920	
600.000000	0.002793836067	
608.400000	0.002678252235	
608.600000	0.002675561564	
608.800000	0.002672873702	
609.000000	0.002670188643	
609.200000	0.002667506387	
609.400000	0.002664826929	
609.600000	0.002662150267	
609.800000	0.002659476397	
610.000000	0.002656805317	
610.200000	0.002654137023	
610.400000	0.002651471513	
610.600000	0.002648808784	
610.800000	0.002646148832	
611.000000	0.002643491655	
611.200000	0.002640837250	
611.400000	0.002638185613	
611.600000	0.002635536742	
611.800000	0.002632890634	
612.000000	0.002630247286	
612.200000	0.002627606694	
612.400000	0.002624968857	
612.600000	0.002622333770	
612.800000	0.002619701431	
613.000000	0.002617071838	
613.200000	0.002614444986	
613.400000	0.002611820874	
613.600000	0.002609199497	
613.800000	0.002606580855	
614.000000	0.002603964942	
614.200000	0.002601351757	
614.400000	0.002598741296	
614.600000	0.002596133557	
614.800000	0.002593528536	
615.000000	0.002590926231	
615.200000	0.002588326640	
615.400000	0.002585729757	
615.600000	0.002583135582	
615.800000	0.002580544111	
616.000000	0.002577955342	
616.200000	0.002575369270	
616.400000	0.002572785894	
616.600000	0.002570205210	
616.800000	0.002567627216	
617.000000	0.002565051909	
617.200000	0.002562479286	
617.400000	0.002559909343	
617.600000	0.002557342079	
617.800000	0.002554777490	
618.000000	0.002552215573	
618.200000	0.002549656326	
618.400000	0.002547099746	
618.600000	0.002544545829	
618.800000	0.002541994573	
619.000000	0.002539445975	
619.200000	0.002536900032	
619.400000	0.002534356742	
619.600000	0.002531816102	
619.800000	0.002529278108	
620.000000	0.002526742757	
620.200000	0.002524210048	
620.400000	0.002521679977	
620.600000	0.002519152542	
620.800000	0.002516627739	
621.000000	0.002514105565	
621.200000	0.002511586019	
621.400000	0.002509069096	
621.600000	0.002506554795	
621.800000	0.002504043112	
622.000000	0.002501534045	
622.200000	0.002499027591	
622.400000	0.002496523747	
622.600000	0.002494022510	
622.800000	0.002491523877	
623.000000	0.002489027846	
623.200000	0.002486534414	
623.400000	0.002484043578	
623.600000	0.002481555336	
623.800000	0.002479069683	
624.000000	0.002476586619	
624.200000	0.002474106140	
624.400000	0.002471628242	
624.600000	0.002469152924	
624.800000	0.002466680183	
625.000000	0.002464210016	
625.200000	0.002461742420	
625.400000	0.002459277392	
625.600000	0.002456814930	
625.800000	0.002454355031	
626.000000	0.002451897692	
626.200000	0.002449442910	
626.400000	0.002446990683	
626.600000	0.002444541008	
626.800000	0.002442093882	
627.000000	0.002439649303	
627.200000	0.002437207267	
627.400000	0.002434767772	
627.600000	0.002432330816	
627.800000	0.002429896395	
628.000000	0.002427464507	
628.200000	0.002425035149	
628.400000	0.002422608319	
628.600000	0.002420184013	
628.800000	0.002417762229	
629.000000	0.002415342965	
629.200000	0.002412926217	
629.400000	0.002410511983	
629.600000	0.002408100260	
629.800000	0.002405691046	
630.000000	0.002403284338	
630.200000	0.002400880132	
630.400000	0.002398478428	
630.600000	0.002396079221	
630.800000	0.002393682509	
631.000000	0.002391288290	
631.200000	0.002388896560	
631.400000	0.002386507318	
631.600000	0.002384120560	
631.800000	0.002381736283	
632.000000	0.002379354486	
632.200000	0.002376975166	
632.400000	0.002374598319	
632.600000	0.002372223943	
632.800000	0.002369852036	
633.000000	0.002367482595	
633.200000	0.002365115617	
633.400000	0.002362751100	
633.600000	0.002360389041	
633.800000	0.002358029437	
634.000000	0.002355672286	
634.200000	0.002353317585	
634.400000	0.002350965331	
634.600000	0.002348615522	
634.800000	0.002346268155	
635.000000	0.002343923228	
635.200000	0.002341580739	
635.400000	0.002339240683	
635.600000	0.002336903059	
635.800000	0.002334567865	
636.000000	0.002332235097	
636.200000	0.002329904753	
636.400000	0.002327576830	
636.600000	0.002325251326	
636.800000	0.002322928239	
637.000000	0.002320607565	
637.200000	0.002318289302	
637.400000	0.002315973447	
637.600000	0.002313659999	
637.800000	0.002311348953	
638.000000	0.002309040309	
638.200000	0.002306734063	
638.400000	0.002304430212	
638.600000	0.002302128754	
638.800000	0.002299829687	
639.000000	0.002297533008	
639.200000	0.002295238714	
639.400000	0.002292946803	
639.600000	0.002290657272	
639.800000	0.002288370119	
640.000000	0.002286085341	
640.200000	0.002283802936	
640.400000	0.002281522901	
640.600000	0.002279245233	
640.800000	0.002276969930	
641.000000	0.002274696990	
641.200000	0.002272426410	
641.400000	0.002270158188	
641.600000	0.002267892320	
641.800000	0.002265628805	
642.000000	0.002263367639	
642.200000	0.002261108821	
642.400000	0.002258852348	
642.600000	0.002256598217	
642.800000	0.002254346426	
643.000000	0.002252096972	
643.200000	0.002249849854	
643.400000	0.002247605067	
643.600000	0.002245362611	
643.800000	0.002243122482	
644.000000	0.002240884677	
644.200000	0.002238649195	
644.400000	0.002236416033	
644.600000	0.002234185189	
644.800000	0.002231956659	
645.000000	0.002229730442	
645.200000	0.002227506535	
645.400000	0.002225284935	
645.600000	0.002223065641	
645.800000	0.002220848649	
646.000000	0.002218633957	
646.200000	0.002216421563	
646.400000	0.002214211464	
646.600000	0.002212003658	
646.800000	0.002209798142	
647.000000	0.002207594914	
647.200000	0.002205393971	
647.400000	0.002203195312	
647.600000	0.002200998933	
647.800000	0.002198804832	
648.000000	0.002196613007	
648.200000	0.002194423455	
648.400000	0.002192236174	
648.600000	0.002190051161	
648.800000	0.002187868414	
649.000000	0.002185687931	
649.200000	0.002183509708	
649.400000	0.002181333745	
649.600000	0.002179160038	
649.800000	0.002176988584	
650.000000	0.002174819382	
650.200000	0.002172652429	
650.400000	0.002170487723	
650.600000	0.002168325261	
650.800000	0.002166165041	
670.800000	0.001961063956	
678.540000	0.001887213256	
678.740000	0.001885343824	
678.940000	0.001883476322	
679.140000	0.001881610746	
679.340000	0.001879747096	
679.540000	0.001877885369	
679.740000	0.001876025563	
679.940000	0.001874167676	
680.140000	0.001872311705	
680.340000	0.001870457650	
680.540000	0.001868605508	
680.740000	0.001866755276	
680.940000	0.001864906953	
681.140000	0.001863060537	
681.340000	0.001861216026	
681.540000	0.001859373417	
681.740000	0.001857532709	
681.940000	0.001855693900	
682.140000	0.001853856987	
682.340000	0.001852021969	
682.540000	0.001850188844	
682.740000	0.001848357609	
682.940000	0.001846528263	
683.140000	0.001844700803	
683.340000	0.001842875228	
683.540000	0.001841051535	
683.740000	0.001839229723	
683.940000	0.001837409790	
684.140000	0.001835591733	
684.340000	0.001833775550	
684.540000	0.001831961240	
684.740000	0.001830148801	
684.940000	0.001828338230	
685.140000	0.001826529526	
685.340000	0.001824722686	
685.540000	0.001822917709	
685.740000	0.001821114593	
685.940000	0.001819313335	
686.140000	0.001817513934	
686.340000	0.001815716388	
686.540000	0.001813920694	
686.740000	0.001812126851	
686.940000	0.001810334857	
687.140000	0.001808544710	
687.340000	0.001806756407	
687.540000	0.001804969948	
687.740000	0.001803185329	
687.940000	0.001801402549	
688.140000	0.001799621606	
688.340000	0.001797842499	
688.540000	0.001796065224	
688.740000	0.001794289781	
688.940000	0.001792516167	
689.140000	0.001790744380	
689.340000	0.001788974418	
689.540000	0.001787206280	
689.740000	0.001785439963	
689.940000	0.001783675466	
690.140000	0.001781912786	
690.340000	0.001780151922	
690.540000	0.001778392871	
690.740000	0.001776635632	
690.940000	0.001774880204	
691.140000	0.001773126583	
691.340000	0.001771374768	
691.540000	0.001769624757	
691.740000	0.001767876548	
691.940000	0.001766130140	
692.140000	0.001764385530	
692.340000	0.001762642716	
692.540000	0.001760901697	
692.740000	0.001759162470	
692.940000	0.001757425034	
693.140000	0.001755689387	
693.340000	0.001753955527	
693.540000	0.001752223452	
693.740000	0.001750493159	
693.940000	0.001748764648	
694.140000	0.001747037917	
694.340000	0.001745312962	
694.540000	0.001743589784	
694.740000	0.001741868378	
694.940000	0.001740148745	
695.140000	0.001738430882	
695.340000	0.001736714786	
695.540000	0.001735000457	
695.740000	0.001733287891	
695.940000	0.001731577088	
696.140000	0.001729868046	
696.340000	0.001728160762	
696.540000	0.001726455235	
696.740000	0.001724751463	
696.940000	0.001723049444	
697.140000	0.001721349176	
697.340000	0.001719650657	
697.540000	0.001717953886	
697.740000	0.001716258860	
697.940000	0.001714565578	
698.140000	0.001712874038	
698.340000	0.001711184238	
698.540000	0.001709496176	
698.740000	0.001707809850	
698.940000	0.001706125259	
699.140000	0.001704442400	
699.340000	0.001702761272	
699.540000	0.001701081874	
699.740000	0.001699404202	
699.940000	0.001697728255	
700.140000	0.001696054032	
700.340000	0.001694381531	
700.540000	0.001692710749	
700.740000	0.001691041686	
700.940000	0.001689374338	
701.140000	0.001687708705	
701.340000	0.001686044784	
701.540000	0.001684382574	
701.740000	0.001682722073	
701.940000	0.001681063279	
702.140000	0.001679406190	
702.340000	0.001677750804	
702.540000	0.001676097120	
702.740000	0.001674445136	
702.940000	0.001672794850	
703.140000	0.001671146260	
703.340000	0.001669499365	
703.540000	0.001667854162	
703.740000	0.001666210649	
703.940000	0.001664568826	
704.140000	0.001662928690	
704.340000	0.001661290240	
704.540000	0.001659653473	
704.740000	0.001658018388	
704.940000	0.001656384983	
705.140000	0.001654753256	
705.340000	0.001653123206	
705.540000	0.001651494830	
705.740000	0.001649868128	
705.940000	0.001648243096	
706.140000	0.001646619734	
706.340000	0.001644998040	
706.540000	0.001643378011	
706.740000	0.001641759647	
706.940000	0.001640142945	
707.140000	0.001638527903	
707.340000	0.001636914520	
707.540000	0.001635302794	
707.740000	0.001633692724	
707.940000	0.001632084306	
708.140000	0.001630477541	
708.340000	0.001628872426	
708.540000	0.001627268959	
708.740000	0.001625667138	
708.940000	0.001624066962	
709.140000	0.001622468429	
709.340000	0.001620871538	
709.540000	0.001619276286	
709.740000	0.001617682671	
709.940000	0.001616090693	
710.140000	0.001614500349	
710.340000	0.001612911638	
710.540000	0.001611324558	
710.740000	0.001609739106	
710.940000	0.001608155282	
711.140000	0.001606573084	
711.340000	0.001604992509	
711.540000	0.001603413557	
711.740000	0.001601836226	
711.940000	0.001600260513	
712.140000	0.001598686417	
712.340000	0.001597113936	
712.540000	0.001595543069	
712.740000	0.001593973814	
712.940000	0.001592406170	
713.140000	0.001590840133	
713.340000	0.001589275704	
713.540000	0.001587712880	
713.740000	0.001586151659	
713.940000	0.001584592039	
714.140000	0.001583034020	
714.340000	0.001581477599	
714.540000	0.001579922775	
714.740000	0.001578369545	
714.940000	0.001576817909	
715.140000	0.001575267864	
715.340000	0.001573719409	
715.540000	0.001572172542	
715.740000	0.001570627262	
715.940000	0.001569083567	
716.140000	0.001567541454	
716.340000	0.001566000923	
716.540000	0.001564461972	
716.740000	0.001562924599	
716.940000	0.001561388802	
717.140000	0.001559854580	
717.340000	0.001558321931	
717.540000	0.001556790854	
717.740000	0.001555261346	
717.940000	0.001553733406	
718.140000	0.001552207033	
718.340000	0.001550682225	
718.540000	0.001549158979	
718.740000	0.001547637295	
718.940000	0.001546117171	
719.140000	0.001544598605	
719.340000	0.001543081595	
719.540000	0.001541566141	
719.740000	0.001540052239	
719.940000	0.001538539889	
720.140000	0.001537029089	
720.340000	0.001535519837	
720.540000	0.001534012131	
720.740000	0.001532505971	
720.940000	0.001531001354	
721.140000	0.001529498279	
721.340000	0.001527996744	
721.540000	0.001526496747	
721.740000	0.001524998287	
721.940000	0.001523501362	
722.140000	0.001522005971	
722.340000	0.001520512111	
722.540000	0.001519019782	
722.740000	0.001517528982	
722.940000	0.001516039709	
723.140000	0.001514551961	
723.340000	0.001513065737	
723.540000	0.001511581035	
723.740000	0.001510097854	
723.940000	0.001508616191	
724.140000	0.001507136047	
724.340000	0.001505657418	
724.540000	0.001504180303	
724.740000	0.001502704701	
724.940000	0.001501230609	
725.140000	0.001499758027	
725.340000	0.001498286953	
725.540000	0.001496817385	
725.740000	0.001495349322	
725.940000	0.001493882761	
726.140000	0.001492417702	
726.340000	0.001490954143	
726.540000	0.001489492082	
726.740000	0.001488031518	
726.940000	0.001486572448	
727.140000	0.001485114873	
727.340000	0.001483658789	
727.540000	0.001482204195	
727.740000	0.001480751090	
727.940000	0.001479299472	
728.140000	0.001477849340	
728.340000	0.001476400692	
728.540000	0.001474953526	
728.740000	0.001473507841	
728.940000	0.001472063636	
729.140000	0.001470620908	
729.340000	0.001469179656	
729.540000	0.001467739879	
729.740000	0.001466301575	
729.940000	0.001464864743	
730.140000	0.001463429380	
730.340000	0.001461995486	
730.540000	0.001460563059	
730.740000	0.001459132097	
730.940000	0.001457702598	
731.140000	0.001456274562	
731.340000	0.001454847986	
731.540000	0.001453422870	
731.740000	0.001451999211	
731.940000	0.001450577008	
732.140000	0.001449156260	
732.340000	0.001447736964	
732.540000	0.001446319120	
732.740000	0.001444902726	
732.940000	0.001443487780	
733.140000	0.001442074280	
733.340000	0.001440662226	
733.540000	0.001439251616	
733.740000	0.001437842448	
733.940000	0.001436434721	
734.140000	0.001435028432	
734.340000	0.001433623582	
734.540000	0.001432220167	
734.740000	0.001430818187	
734.940000	0.001429417640	
735.140000	0.001428018525	
735.340000	0.001426620840	
735.540000	0.001425224583	
735.740000	0.001423829753	
735.940000	0.001422436349	
736.140000	0.001421044369	
736.340000	0.001419653811	
736.540000	0.001418264675	
736.740000	0.001416876957	
736.940000	0.001415490658	
737.140000	0.001414105775	
737.340000	0.001412722308	
737.540000	0.001411340253	
737.740000	0.001409959611	
737.940000	0.001408580379	
738.140000	0.001407202557	
738.340000	0.001405826141	
738.540000	0.001404451132	
738.740000	0.001403077528	
738.940000	0.001401705326	
739.140000	0.001400334526	
739.340000	0.001398965127	
739.540000	0.001397597125	
739.740000	0.001396230521	
739.940000	0.001394865313	
740.140000	0.001393501499	
740.340000	0.001392139077	
740.540000	0.001390778047	
740.740000	0.001389418407	
740.940000	0.001388060155	
741.140000	0.001386703290	
741.340000	0.001385347810	
741.540000	0.001383993714	
741.740000	0.001382641000	
741.940000	0.001381289668	
742.140000	0.001379939715	
742.340000	0.001378591140	
742.540000	0.001377243942	
742.740000	0.001375898119	
742.940000	0.001374553670	
743.140000	0.001373210593	
743.340000	0.001371868886	
743.540000	0.001370528549	
743.740000	0.001369189581	
743.940000	0.001367851978	
744.140000	0.001366515741	
744.340000	0.001365180867	
744.540000	0.001363847355	
744.740000	0.001362515204	
744.940000	0.001361184413	
745.140000	0.001359854979	
745.340000	0.001358526901	
745.540000	0.001357200179	
745.740000	0.001355874810	
745.940000	0.001354550793	
746.140000	0.001353228127	
746.340000	0.001351906810	
746.540000	0.001350586841	
746.740000	0.001349268219	
746.940000	0.001347950941	
747.140000	0.001346635007	
747.340000	0.001345320416	
747.540000	0.001344007165	
747.740000	0.001342695253	
747.940000	0.001341384679	
748.140000	0.001340075442	
748.340000	0.001338767539	
748.540000	0.001337460971	
748.740000	0.001336155735	
748.940000	0.001334851829	
749.140000	0.001333549253	
749.340000	0.001332248005	
749.540000	0.001330948084	
749.740000	0.001329649488	
749.940000	0.001328352216	
750.140000	0.001327056266	
750.340000	0.001325761638	
750.540000	0.001324468329	
750.740000	0.001323176338	
750.940000	0.001321885664	
751.140000	0.001320596306	
751.340000	0.001319308262	
751.540000	0.001318021530	
751.740000	0.001316736110	
751.940000	0.001315452000	
752.140000	0.001314169199	
752.340000	0.001312887704	
752.540000	0.001311607516	
752.740000	0.001310328632	
752.940000	0.001309051050	
753.140000	0.001307774771	
753.340000	0.001306499792	
753.540000	0.001305226112	
753.740000	0.001303953729	
753.940000	0.001302682643	
754.140000	0.001301412852	
754.340000	0.001300144354	
754.540000	0.001298877148	
754.740000	0.001297611232	
754.940000	0.001296346607	
755.140000	0.001295083269	
755.340000	0.001293821218	
755.540000	0.001292560452	
755.740000	0.001291300970	
755.940000	0.001290042771	
756.140000	0.001288785853	
756.340000	0.001287530215	
756.540000	0.001286275855	
756.740000	0.001285022773	
756.940000	0.001283770966	
757.140000	0.001282520434	
757.340000	0.001281271175	
757.540000	0.001280023188	
757.740000	0.001278776472	
757.940000	0.001277531024	
758.140000	0.001276286845	
758.340000	0.001275043932	
758.540000	0.001273802284	
758.740000	0.001272561899	
758.940000	0.001271322778	
759.140000	0.001270084917	
759.340000	0.001268848316	
759.540000	0.001267612974	
759.740000	0.001266378889	
759.940000	0.001265146059	
760.140000	0.001263914484	
760.340000	0.001262684163	
760.540000	0.001261455093	
760.740000	0.001260227274	
760.940000	0.001259000704	
761.140000	0.001257775382	
761.340000	0.001256551306	
761.540000	0.001255328476	
761.740000	0.001254106889	
761.940000	0.001252886546	
762.140000	0.001251667444	
762.340000	0.001250449581	
762.540000	0.001249232958	
762.740000	0.001248017572	
762.940000	0.001246803422	
763.140000	0.001245590507	
763.340000	0.001244378825	
763.540000	0.001243168376	
763.740000	0.001241959157	
763.940000	0.001240751168	
764.140000	0.001239544408	
764.340000	0.001238338874	
764.540000	0.001237134567	
764.740000	0.001235931483	
764.940000	0.001234729623	
765.140000	0.001233528985	
765.340000	0.001232329567	
765.540000	0.001231131369	
765.740000	0.001229934389	
765.940000	0.001228738625	
766.140000	0.001227544077	
766.340000	0.001226350743	
766.540000	0.001225158622	
766.740000	0.001223967713	
766.940000	0.001222778014	
767.140000	0.001221589524	
767.340000	0.001220402242	
767.540000	0.001219216166	
767.740000	0.001218031296	
767.940000	0.001216847629	
768.140000	0.001215665165	
768.340000	0.001214483903	
768.540000	0.001213303841	
768.740000	0.001212124978	
768.940000	0.001210947313	
769.140000	0.001209770844	
769.340000	0.001208595570	
769.540000	0.001207421490	
769.740000	0.001206248603	
769.940000	0.001205076907	
770.140000	0.001203906401	
770.340000	0.001202737084	
770.540000	0.001201568954	
770.740000	0.001200402011	
770.940000	0.001199236254	
771.140000	0.001198071680	
771.340000	0.001196908288	
771.540000	0.001195746078	
771.740000	0.001194585048	
771.940000	0.001193425198	
772.140000	0.001192266524	
772.340000	0.001191109027	
772.540000	0.001189952706	
772.740000	0.001188797558	
772.940000	0.001187643583	
773.140000	0.001186490780	
773.340000	0.001185339146	
773.540000	0.001184188682	
773.740000	0.001183039386	
773.940000	0.001181891256	
774.140000	0.001180744291	
774.340000	0.001179598491	
774.540000	0.001178453853	
774.740000	0.001177310377	
774.940000	0.001176168062	
775.140000	0.001175026905	
775.340000	0.001173886907	
775.540000	0.001172748066	
775.740000	0.001171610380	
775.940000	0.001170473848	
776.140000	0.001169338470	
776.340000	0.001168204243	
776.540000	0.001167071167	
776.740000	0.001165939241	
776.940000	0.001164808463	
777.140000	0.001163678832	
777.340000	0.001162550347	
777.540000	0.001161423007	
777.740000	0.001160296810	
777.940000	0.001159171755	
778.140000	0.001158047841	
778.340000	0.001156925068	
778.540000	0.001155803433	
778.740000	0.001154682935	
778.940000	0.001153563574	
779.140000	0.001152445348	
779.340000	0.001151328255	
779.540000	0.001150212296	
779.740000	0.001149097468	
779.940000	0.001147983770	
780.140000	0.001146871201	
780.340000	0.001145759760	
780.540000	0.001144649446	
780.740000	0.001143540258	
780.940000	0.001142432194	
781.140000	0.001141325253	
781.340000	0.001140219435	
781.540000	0.001139114737	
781.740000	0.001138011158	
781.940000	0.001136908699	
782.140000	0.001135807356	
782.340000	0.001134707130	
782.540000	0.001133608019	
782.740000	0.001132510021	
782.940000	0.001131413137	
783.140000	0.001130317363	
783.340000	0.001129222700	
783.540000	0.001128129146	
783.740000	0.001127036700	
783.940000	0.001125945361	
784.140000	0.001124855128	
784.340000	0.001123765999	
784.540000	0.001122677973	
784.740000	0.001121591049	
784.940000	0.001120505227	
785.140000	0.001119420504	
785.340000	0.001118336880	
785.540000	0.001117254354	
785.740000	0.001116172924	
785.940000	0.001115092589	
786.140000	0.001114013348	
786.340000	0.001112935200	
786.540000	0.001111858144	
786.740000	0.001110782179	
786.940000	0.001109707303	
787.140000	0.001108633516	
787.340000	0.001107560815	
787.540000	0.001106489201	
787.740000	0.001105418672	
787.940000	0.001104349226	
788.140000	0.001103280863	
788.340000	0.001102213582	
788.540000	0.001101147381	
788.740000	0.001100082259	
788.940000	0.001099018216	
789.140000	0.001097955249	
789.340000	0.001096893359	
789.540000	0.001095832543	
789.740000	0.001094772800	
789.940000	0.001093714130	
790.140000	0.001092656532	
790.340000	0.001091600003	
790.540000	0.001090544544	
790.740000	0.001089490153	
790.940000	0.001088436828	
791.140000	0.001087384569	
791.340000	0.001086333375	
791.540000	0.001085283245	
791.740000	0.001084234176	
791.940000	0.001083186169	
792.140000	0.001082139223	
792.340000	0.001081093335	
792.540000	0.001080048505	
792.740000	0.001079004732	
792.940000	0.001077962015	
793.140000	0.001076920352	
793.340000	0.001075879743	
793.540000	0.001074840186	
793.740000	0.001073801681	
793.940000	0.001072764225	
794.140000	0.001071727819	
794.340000	0.001070692461	
794.540000	0.001069658150	
794.740000	0.001068624884	
794.940000	0.001067592663	
795.140000	0.001066561486	
795.340000	0.001065531351	
795.540000	0.001064502258	
795.740000	0.001063474205	
795.940000	0.001062447191	
796.140000	0.001061421216	
796.340000	0.001060396277	
796.540000	0.001059372375	
796.740000	0.001058349507	
796.940000	0.001057327673	
797.140000	0.001056306872	
797.340000	0.001055287102	
797.540000	0.001054268363	
797.740000	0.001053250653	
797.940000	0.001052233972	
798.140000	0.001051218318	
798.340000	0.001050203691	
798.540000	0.001049190088	
798.740000	0.001048177510	
798.940000	0.001047165954	
799.140000	0.001046155421	
799.340000	0.001045145908	
799.540000	0.001044137415	
799.740000	0.001043129941	
799.940000	0.001042123485	
800.140000	0.001041118045	
800.340000	0.001040113621	
800.540000	0.001039110211	
800.740000	0.001038107814	
800.940000	0.001037106430	
801.140000	0.001036106057	
801.340000	0.001035106695	
801.540000	0.001034108341	
801.740000	0.001033110996	
801.940000	0.001032114658	
802.140000	0.001031119325	
802.340000	0.001030124998	
802.540000	0.001029131674	
802.740000	0.001028139354	
802.940000	0.001027148035	
803.140000	0.001026157717	
803.340000	0.001025168398	
803.540000	0.001024180078	
803.740000	0.001023192756	
803.940000	0.001022206430	
804.140000	0.001021221100	
804.340000	0.001020236764	
804.540000	0.001019253422	
804.740000	0.001018271072	
804.940000	0.001017289714	
805.140000	0.001016309345	
805.340000	0.001015329966	
805.540000	0.001014351576	
805.740000	0.001013374172	
805.940000	0.001012397754	
806.140000	0.001011422322	
806.340000	0.001010447874	
806.540000	0.001009474409	
806.740000	0.001008501926	
806.940000	0.001007530424	
807.140000	0.001006559902	
807.340000	0.001005590358	
807.540000	0.001004621793	
807.740000	0.001003654205	
807.940000	0.001002687592	
808.140000	0.001001721955	
808.340000	0.001000757291	
808.540000	0.000999793600	
808.740000	0.000998830881	
808.940000	0.000997869133	
809.140000	0.000996908354	
809.340000	0.000995948545	
809.540000	0.000994989703	
809.740000	0.000994031827	
809.940000	0.000993074918	
810.140000	0.000992118973	
810.340000	0.000991163992	
810.540000	0.000990209973	
810.740000	0.000989256917	
810.940000	0.000988304821	
811.140000	0.000987353684	
811.340000	0.000986403506	
811.540000	0.000985454286	
811.740000	0.000984506023	
811.940000	0.000983558715	
812.140000	0.000982612362	
812.340000	0.000981666963	
812.540000	0.000980722516	
812.740000	0.000979779021	
812.940000	0.000978836477	
813.140000	0.000977894882	
813.340000	0.000976954236	
813.540000	0.000976014538	
813.740000	0.000975075786	
813.940000	0.000974137980	
814.140000	0.000973201119	
814.340000	0.000972265201	
814.540000	0.000971330227	
814.740000	0.000970396194	
814.940000	0.000969463102	
815.140000	0.000968530949	
815.340000	0.000967599736	
815.540000	0.000966669460	
815.740000	0.000965740122	
815.940000	0.000964811719	
816.140000	0.000963884251	
816.340000	0.000962957716	
816.540000	0.000962032115	
816.740000	0.000961107446	
816.940000	0.000960183708	
817.140000	0.000959260900	
817.340000	0.000958339021	
817.540000	0.000957418069	
817.740000	0.000956498045	
817.940000	0.000955578948	
818.140000	0.000954660775	
818.340000	0.000953743527	
818.540000	0.000952827201	
818.740000	0.000951911798	
818.940000	0.000950997317	
819.140000	0.000950083756	
819.340000	0.000949171114	
819.540000	0.000948259390	
819.740000	0.000947348584	
819.940000	0.000946438695	
820.140000	0.000945529721	
820.340000	0.000944621661	
820.540000	0.000943714516	
820.740000	0.000942808283	
820.940000	0.000941902961	
821.140000	0.000940998551	
821.340000	0.000940095050	
821.540000	0.000939192458	
821.740000	0.000938290774	
821.940000	0.000937389997	
822.140000	0.000936490126	
822.340000	0.000935591161	
822.540000	0.000934693099	
822.740000	0.000933795941	
822.940000	0.000932899684	
823.140000	0.000932004329	
823.340000	0.000931109875	
823.540000	0.000930216320	
823.740000	0.000929323663	
823.940000	0.000928431904	
824.140000	0.000927541041	
824.340000	0.000926651075	
824.540000	0.000925762003	
824.740000	0.000924873824	
824.940000	0.000923986539	
825.140000	0.000923100145	
825.340000	0.000922214643	
825.540000	0.000921330031	
825.740000	0.000920446307	
825.940000	0.000919563472	
826.140000	0.000918681525	
826.340000	0.000917800463	
826.540000	0.000916920287	
826.740000	0.000916040996	
826.940000	0.000915162588	
827.140000	0.000914285063	
827.340000	0.000913408420	
827.540000	0.000912532657	
827.740000	0.000911657775	
827.940000	0.000910783771	
828.140000	0.000909910646	
828.340000	0.000909038397	
828.540000	0.000908167025	
828.740000	0.000907296528	
828.940000	0.000906426906	
829.140000	0.000905558157	
829.340000	0.000904690281	
829.540000	0.000903823276	
829.740000	0.000902957143	
829.940000	0.000902091879	
830.140000	0.000901227484	
850.140000	0.000819024632	
870.140000	0.000744650491	
890.140000	0.000677332524	
910.140000	0.000616376534	
930.140000	0.000561158556	
950.140000	0.000511117610	
970.140000	0.000465749207	
990.140000	0.000424599532	
1010.140000	0.000387260243	
1030.140000	0.000353363804	
1050.140000	0.000322579310	
1070.140000	0.000294608746	
1090.140000	0.000269183634	
1110.140000	0.000246062026	
1130.140000	0.000225025814	
1150.140000	0.000205878313	
1170.140000	0.000188442097	
1190.140000	0.000172557058	
1210.140000	0.000158078663	
1230.140000	0.000144876391	
1250.140000	0.000132832335	
1270.140000	0.000121839937	
1290.140000	0.000111802864	
1310.140000	0.000102633989	
1330.140000	0.000094254483	
1350.140000	0.000086592994	
1370.140000	0.000079584914	
1390.140000	0.000073171714	
1410.140000	0.000067300354	
1430.140000	0.000061922745	
1450.140000	0.000056995268	
1470.140000	0.000052478345	
1490.140000	0.000048336044	
1510.140000	0.000044535734	
1530.140000	0.000041047766	
1550.140000	0.000037845186	
1570.140000	0.000034903486	
1590.140000	0.000032200365	
1610.140000	0.000029715524	
1630.140000	0.000027430481	
1650.140000	0.000025328395	
1670.140000	0.000023393916	
1690.140000	0.000021613049	
1710.140000	0.000019973026	
1730.140000	0.000018462191	
1750.140000	0.000017069905	
1770.140000	0.000015786446	
1790.140000	0.000014602931	
1810.140000	0.000013511236	
1830.140000	0.000012503931	
1850.140000	0.000011574217	
1870.140000	0.000010715868	
1890.140000	0.000009923183	
1910.140000	0.000009190937	
1930.140000	0.000008514341	
1950.140000	0.000007889003	
1970.140000	0.000007310893	
1990.140000	0.000006776313	
2010.140000	0.000006281866	
2030.140000	0.000005824434	
2050.140000	0.000005401151	
2070.140000	0.000005009381	
2090.140000	0.000004646701	
2110.140000	0.000004310882	
2130.140000	0.000003999873	
2150.140000	0.000003711786	
2170.140000	0.000003444881	
2190.140000	0.000003197556	
2210.140000	0.000002968335	
2230.140000	0.000002755856	
2250.140000	0.000002558865	
2270.140000	0.000002376204	
2290.140000	0.000002206804	
2310.140000	0.000002049679	
2330.140000	0.000001903920	
2350.140000	0.000001768686	
2370.140000	0.000001643199	
2390.140000	0.000001526743	
2410.140000	0.000001418654	
2430.140000	0.000001318320	
2450.140000	0.000001225172	
2470.140000	0.000001138687	
2490.140000	0.000001058380	
