0.000000	0.000000000000000	
20.000000	0.000000000000000	
40.000000	0.000000000000000	
60.000000	0.000000000000000	
80.000000	0.000000000000000	
100.000000	0.000000000000000	
120.000000	0.005105880212648	
140.000000	0.010471448316916	
160.000000	0.015678111158260	
180.000000	0.020123455329559	
200.000000	0.023783623243995	
220.000000	0.026880507958709	
240.000000	0.029556965023510	
260.000000	0.031901747464491	
280.000000	0.033974113383769	
300.000000	0.035816899800127	
320.000000	0.037445602069367	
340.000000	0.038596429637310	
360.000000	0.039763046476665	
380.000000	0.040870317597521	
400.000000	0.041894793828026	
420.000000	0.042834930706347	
440.000000	0.043696929859721	
460.000000	0.044489328407039	
480.000000	0.045221146839956	
500.000000	0.045901417377531	
520.000000	0.043382690983976	
540.000000	0.040759461534517	
560.000000	0.038123879419787	
580.000000	0.035532736022674	
600.000000	0.033028689810313	
608.400000	0.032013287900337	
608.600000	0.031989430325973	
608.800000	0.031965588676019	
609.000000	0.031941763036470	
609.200000	0.031917953494494	
609.400000	0.031894160138467	
609.600000	0.031870383058004	
609.800000	0.031846622343989	
610.000000	0.031822878088601	
610.200000	0.031799150385355	
610.400000	0.031775439329129	
610.600000	0.031751745016201	
610.800000	0.031728067544285	
611.000000	0.031704407012559	
611.200000	0.031680763521724	
611.400000	0.031657137174015	
611.600000	0.031633528073262	
611.800000	0.031609936324917	
612.000000	0.031586362036111	
612.200000	0.031562805315681	
612.400000	0.031539266274223	
612.600000	0.031515745024141	
612.800000	0.031492241679691	
613.000000	0.031468756357029	
613.200000	0.031445289174264	
613.400000	0.031421840251507	
613.600000	0.031398409710932	
613.800000	0.031374997676821	
614.000000	0.031351604275630	
614.200000	0.031328229636044	
614.400000	0.031304873889042	
614.600000	0.031281537167953	
614.800000	0.031258219608529	
615.000000	0.031234921349010	
615.200000	0.031211642530190	
615.400000	0.031188383295494	
615.600000	0.031165143791048	
615.800000	0.031141924165760	
616.000000	0.031118724571396	
616.200000	0.031095545162661	
616.400000	0.031072386097291	
616.600000	0.031049247536135	
616.800000	0.031026129643248	
617.000000	0.031003032585983	
617.200000	0.030979956535095	
617.400000	0.030956901664836	
617.600000	0.030933868153064	
617.800000	0.030910856181344	
618.000000	0.030887865935069	
618.200000	0.030864897603573	
618.400000	0.030841951380254	
618.600000	0.030819027462700	
618.800000	0.030796126052813	
619.000000	0.030773247356950	
619.200000	0.030750391586063	
619.400000	0.030727558955842	
619.600000	0.030704749686870	
619.800000	0.030681964004775	
620.000000	0.030659202140394	
620.200000	0.030636464329954	
620.400000	0.030613750815228	
620.600000	0.030591061843735	
620.800000	0.030568397668923	
621.000000	0.030545758550378	
621.200000	0.030523144754009	
621.400000	0.030500556552289	
621.600000	0.030477994224458	
621.800000	0.030455458056774	
622.000000	0.030432948342744	
622.200000	0.030410465383380	
622.400000	0.030388009487468	
622.600000	0.030365580971843	
622.800000	0.030343180161670	
623.000000	0.030320807390757	
623.200000	0.030298463001857	
623.400000	0.030276147347002	
623.600000	0.030253860787849	
623.800000	0.030231603696027	
624.000000	0.030209376453525	
624.200000	0.030187179453074	
624.400000	0.030165013098561	
624.600000	0.030142877805461	
624.800000	0.030120774001281	
625.000000	0.030098702126035	
625.200000	0.030076662632738	
625.400000	0.030054655987917	
625.600000	0.030032682672170	
625.800000	0.030010743180716	
626.000000	0.029988838024008	
626.200000	0.029966967728359	
626.400000	0.029945132836597	
626.600000	0.029923333908765	
626.800000	0.029901571522852	
627.000000	0.029879846275555	
627.200000	0.029858158783100	
627.400000	0.029836509682082	
627.600000	0.029814899630372	
627.800000	0.029793329308059	
628.000000	0.029771799418460	
628.200000	0.029750310689160	
628.400000	0.029728863873135	
628.600000	0.029707459749927	
628.800000	0.029686099126892	
629.000000	0.029664782840517	
629.200000	0.029643511757809	
629.400000	0.029622286777767	
629.600000	0.029601108832965	
629.800000	0.029579978891191	
630.000000	0.029558897957218	
630.200000	0.029537867074673	
630.400000	0.029516887328019	
630.600000	0.029495959844674	
630.800000	0.029475085797248	
631.000000	0.029454266405946	
631.200000	0.029433502941108	
631.400000	0.029412796725937	
631.600000	0.029392149139392	
631.800000	0.029371561619290	
632.000000	0.029351035665619	
632.200000	0.029330572844075	
632.400000	0.029310174789859	
632.600000	0.029289843211744	
632.800000	0.029269579896423	
633.000000	0.029249386713200	
633.200000	0.029229265619009	
633.400000	0.029209218663819	
633.600000	0.029189247996472	
633.800000	0.029169355870929	
634.000000	0.029149544653060	
634.200000	0.029129816827939	
634.400000	0.029110175007752	
634.600000	0.029090621940342	
634.800000	0.029071160518478	
635.000000	0.029051793789911	
635.200000	0.029032524968286	
635.400000	0.029013357445027	
635.600000	0.028994294802262	
635.800000	0.028975340826939	
636.000000	0.028956499526221	
636.200000	0.028937775144335	
636.400000	0.028919172181029	
636.600000	0.028900695411799	
636.800000	0.028882349910142	
637.000000	0.028864141072022	
637.200000	0.028846074642857	
637.400000	0.028828156747313	
637.600000	0.028810393922273	
637.800000	0.028792793153397	
638.000000	0.028775361915708	
638.200000	0.028758108218783	
638.400000	0.028741040657159	
638.600000	0.028724168466685	
638.800000	0.028707501587662	
639.000000	0.028691050735775	
639.200000	0.028674827481971	
639.400000	0.028658844342658	
639.600000	0.028643114881830	
639.800000	0.028627653827044	
640.000000	0.028612477201530	
640.200000	0.028597602475145	
640.400000	0.028583048737461	
640.600000	0.028568836896937	
640.800000	0.028554989910921	
641.000000	0.028541533052378	
641.200000	0.028528494220416	
641.400000	0.028515904303471	
641.600000	0.028503797605999	
641.800000	0.028492212352361	
642.000000	0.028481191284902	
642.200000	0.028470782377975	
642.400000	0.028461039695410	
642.600000	0.028452024427013	
642.800000	0.028443806150113	
643.000000	0.028436464376546	
643.200000	0.028430090465053	
643.400000	0.028424790006051	
643.600000	0.028420685823967	
643.800000	0.028417921796343	
644.000000	0.028416667767521	
644.200000	0.028417125950220	
644.400000	0.028419539381836	
644.600000	0.028424203268600	
644.800000	0.028431480468856	
645.000000	0.028441823041374	
645.200000	0.028455802906390	
645.400000	0.028474156597005	
645.600000	0.028497852533132	
645.800000	0.028528195724137	
646.000000	0.028566997615922	
646.200000	0.028616865851292	
646.400000	0.028681730607490	
646.600000	0.028767880835558	
646.800000	0.028886236372455	
647.000000	0.029058152978085	
647.200000	0.029334257693807	
647.400000	0.029890488128409	
647.600000	0.033256291270805	
647.800000	0.050830243580243	
648.000000	0.082288056196025	
648.200000	0.180074432705543	
648.400000	0.192094818976710	
648.600000	0.178844885789523	
648.800000	0.156040532511372	
649.000000	0.134583534104680	
649.200000	0.120971729263885	
649.400000	0.109682694129727	
649.600000	0.097532721115048	
649.800000	0.082212046723307	
650.000000	0.061087931782859	
650.200000	0.044412449544193	
650.400000	0.035054096692289	
650.600000	0.029279578213721	
650.800000	0.025999596132896	
670.800000	0.021427178866672	
678.540000	0.021641348794009	
678.740000	0.021642008083681	
678.940000	0.021642451439526	
679.140000	0.021642681046616	
679.340000	0.021642699081453	
679.540000	0.021642507711317	
679.740000	0.021642109093682	
679.940000	0.021641505375639	
680.140000	0.021640698693387	
680.340000	0.021639691171722	
680.540000	0.021638484923574	
680.740000	0.021637082049583	
680.940000	0.021635484637657	
681.140000	0.021633694762620	
681.340000	0.021631714485831	
681.540000	0.021629545854865	
681.740000	0.021627190903194	
681.940000	0.021624651649867	
682.140000	0.021621930099295	
682.340000	0.021619028240952	
682.540000	0.021615948049162	
682.740000	0.021612691482872	
682.940000	0.021609260485478	
683.140000	0.021605656984620	
683.340000	0.021601882892025	
683.540000	0.021597940103351	
683.740000	0.021593830498058	
683.940000	0.021589555939280	
684.140000	0.021585118273708	
684.340000	0.021580519331498	
684.540000	0.021575760926180	
684.740000	0.021570844854584	
684.940000	0.021565772896767	
685.140000	0.021560546815964	
685.340000	0.021555168358545	
685.540000	0.021549639253957	
685.740000	0.021543961214718	
685.940000	0.021538135936375	
686.140000	0.021532165097509	
686.340000	0.021526050359709	
686.540000	0.021519793367593	
686.740000	0.021513395748798	
686.940000	0.021506859113992	
687.140000	0.021500185056908	
687.340000	0.021493375154347	
687.540000	0.021486430966225	
687.740000	0.021479354035587	
687.940000	0.021472145888678	
688.140000	0.021464808034943	
688.340000	0.021457341967105	
688.540000	0.021449749161197	
688.740000	0.021442031076631	
688.940000	0.021434189156242	
689.140000	0.021426224826348	
689.340000	0.021418139496825	
689.540000	0.021409934561153	
689.740000	0.021401611396498	
689.940000	0.021393171363780	
690.140000	0.021384615807737	
690.340000	0.021375946057001	
690.540000	0.021367163424183	
690.740000	0.021358269205933	
690.940000	0.021349264683030	
691.140000	0.021340151120458	
691.340000	0.021330929767484	
691.540000	0.021321601857735	
691.740000	0.021312168609292	
691.940000	0.021302631224748	
692.140000	0.021292990891316	
692.340000	0.021283248780891	
692.540000	0.021273406050140	
692.740000	0.021263463840595	
692.940000	0.021253423278733	
693.140000	0.021243285476054	
693.340000	0.021233051529180	
693.540000	0.021222722519925	
693.740000	0.021212299515384	
693.940000	0.021201783568014	
694.140000	0.021191175715721	
694.340000	0.021180476981937	
694.540000	0.021169688375697	
694.740000	0.021158810891730	
694.940000	0.021147845510530	
695.140000	0.021136793198439	
695.340000	0.021125654907724	
695.540000	0.021114431576655	
695.740000	0.021103124129581	
695.940000	0.021091733477002	
696.140000	0.021080260515646	
696.340000	0.021068706128542	
696.540000	0.021057071185090	
696.740000	0.021045356541133	
696.940000	0.021033563039020	
697.140000	0.021021691507687	
697.340000	0.021009742762711	
697.540000	0.020997717606382	
697.740000	0.020985616827766	
697.940000	0.020973441202763	
698.140000	0.020961191494174	
698.340000	0.020948868451758	
698.540000	0.020936472812294	
698.740000	0.020924005299630	
698.940000	0.020911466624746	
699.140000	0.020898857485806	
699.340000	0.020886178568208	
699.540000	0.020873430544637	
699.740000	0.020860614075117	
699.940000	0.020847729807055	
700.140000	0.020834778375289	
700.340000	0.020821760402133	
700.540000	0.020808676497429	
700.740000	0.020795527258573	
700.940000	0.020782313270572	
701.140000	0.020769035106074	
701.340000	0.020755693325414	
701.540000	0.020742288476640	
701.740000	0.020728821095565	
701.940000	0.020715291705785	
702.140000	0.020701700818725	
702.340000	0.020688048933670	
702.540000	0.020674336537787	
702.740000	0.020660564106165	
702.940000	0.020646732101843	
703.140000	0.020632840975837	
703.340000	0.020618891167166	
703.540000	0.020604883102883	
703.740000	0.020590817198096	
703.940000	0.020576693855999	
704.140000	0.020562513467895	
704.340000	0.020548276413224	
704.540000	0.020533983059592	
704.740000	0.020519633762788	
704.940000	0.020505228866818	
705.140000	0.020490768703925	
705.340000	0.020476253594618	
705.540000	0.020461683847697	
705.740000	0.020447059760284	
705.940000	0.020432381617838	
706.140000	0.020417649694203	
706.340000	0.020402864251620	
706.540000	0.020388025540776	
706.740000	0.020373133800819	
706.940000	0.020358189259405	
707.140000	0.020343192132733	
707.340000	0.020328142625580	
707.540000	0.020313040931345	
707.740000	0.020297887232092	
707.940000	0.020282681698609	
708.140000	0.020267424490434	
708.340000	0.020252115755936	
708.540000	0.020236755632357	
708.740000	0.020221344245880	
708.940000	0.020205881711692	
709.140000	0.020190368134064	
709.340000	0.020174803606420	
709.540000	0.020159188211421	
709.740000	0.020143522021060	
709.940000	0.020127805096749	
710.140000	0.020112037489423	
710.340000	0.020096219239650	
710.540000	0.020080350377745	
710.740000	0.020064430923896	
710.940000	0.020048460888296	
711.140000	0.020032440271284	
711.340000	0.020016369063490	
711.540000	0.020000247246005	
711.740000	0.019984074790542	
711.940000	0.019967851659620	
712.140000	0.019951577806755	
712.340000	0.019935253176667	
712.540000	0.019918877705483	
712.740000	0.019902451320978	
712.940000	0.019885973942809	
713.140000	0.019869445482763	
713.340000	0.019852865845034	
713.540000	0.019836234926496	
713.740000	0.019819552617005	
713.940000	0.019802818799708	
714.140000	0.019786033351365	
714.340000	0.019769196142698	
714.540000	0.019752307038745	
714.740000	0.019735365899240	
714.940000	0.019718372578998	
715.140000	0.019701326928329	
715.340000	0.019684228793466	
715.540000	0.019667078017006	
715.740000	0.019649874438374	
715.940000	0.019632617894306	
716.140000	0.019615308219345	
716.340000	0.019597945246358	
716.540000	0.019580528807077	
716.740000	0.019563058732647	
716.940000	0.019545534854201	
717.140000	0.019527957003450	
717.340000	0.019510325013293	
717.540000	0.019492638718441	
717.740000	0.019474897956062	
717.940000	0.019457102566439	
718.140000	0.019439252393649	
718.340000	0.019421347286256	
718.540000	0.019403387098012	
718.740000	0.019385371688587	
718.940000	0.019367300924301	
719.140000	0.019349174678869	
719.340000	0.019330992834164	
719.540000	0.019312755280988	
719.740000	0.019294461919846	
719.940000	0.019276112661733	
720.140000	0.019257707428935	
720.340000	0.019239246155820	
720.540000	0.019220728789640	
720.740000	0.019202155291335	
720.940000	0.019183525636340	
721.140000	0.019164839815381	
721.340000	0.019146097835275	
721.540000	0.019127299719720	
721.740000	0.019108445510079	
721.940000	0.019089535266153	
722.140000	0.019070569066941	
722.340000	0.019051547011384	
722.540000	0.019032469219094	
722.740000	0.019013335831071	
722.940000	0.018994147010380	
723.140000	0.018974902942817	
723.340000	0.018955603837548	
723.540000	0.018936249927714	
723.740000	0.018916841471009	
723.940000	0.018897378750221	
724.140000	0.018877862073736	
724.340000	0.018858291776007	
724.540000	0.018838668217979	
724.740000	0.018818991787477	
724.940000	0.018799262899538	
725.140000	0.018779481996709	
725.340000	0.018759649549289	
725.540000	0.018739766055514	
725.740000	0.018719832041713	
725.940000	0.018699848062383	
726.140000	0.018679814700228	
726.340000	0.018659732566134	
726.540000	0.018639602299089	
726.740000	0.018619424566050	
726.940000	0.018599200061744	
727.140000	0.018578929508419	
727.340000	0.018558613655532	
727.540000	0.018538253279381	
727.740000	0.018517849182680	
727.940000	0.018497402194073	
728.140000	0.018476913167594	
728.340000	0.018456382982075	
728.540000	0.018435812540492	
728.740000	0.018415202769272	
728.940000	0.018394554617527	
729.140000	0.018373869056262	
729.340000	0.018353147077522	
729.540000	0.018332389693494	
729.740000	0.018311597935579	
729.940000	0.018290772853407	
730.140000	0.018269915513820	
730.340000	0.018249026999831	
730.540000	0.018228108409538	
730.740000	0.018207160855014	
730.940000	0.018186185461176	
731.140000	0.018165183364623	
731.340000	0.018144155712461	
731.540000	0.018123103661111	
731.740000	0.018102028375105	
731.940000	0.018080931025876	
732.140000	0.018059812790531	
732.340000	0.018038674850638	
732.540000	0.018017518391001	
732.740000	0.017996344598445	
732.940000	0.017975154660607	
733.140000	0.017953949764740	
733.340000	0.017932731096525	
733.540000	0.017911499838903	
733.740000	0.017890257170929	
733.940000	0.017869004266638	
734.140000	0.017847742293948	
734.340000	0.017826472413582	
734.540000	0.017805195778019	
734.740000	0.017783913530474	
734.940000	0.017762626803918	
735.140000	0.017741336720134	
735.340000	0.017720044388789	
735.540000	0.017698750906572	
735.740000	0.017677457356345	
735.940000	0.017656164806362	
736.140000	0.017634874309495	
736.340000	0.017613586902532	
736.540000	0.017592303605493	
736.740000	0.017571025421011	
736.940000	0.017549753333737	
737.140000	0.017528488309795	
737.340000	0.017507231296285	
737.540000	0.017485983220821	
737.740000	0.017464744991110	
737.940000	0.017443517494585	
738.140000	0.017422301598063	
738.340000	0.017401098147458	
738.540000	0.017379907967529	
738.740000	0.017358731861660	
738.940000	0.017337570611690	
739.140000	0.017316424977777	
739.340000	0.017295295698290	
739.540000	0.017274183489745	
739.740000	0.017253089046777	
739.940000	0.017232013042132	
740.140000	0.017210956126708	
740.340000	0.017189918929604	
740.540000	0.017168902058225	
740.740000	0.017147906098384	
740.940000	0.017126931614459	
741.140000	0.017105979149565	
741.340000	0.017085049225726	
741.540000	0.017064142344117	
741.740000	0.017043258985280	
741.940000	0.017022399609385	
742.140000	0.017001564656510	
742.340000	0.016980754546911	
742.540000	0.016959969681349	
742.740000	0.016939210441394	
742.940000	0.016918477189764	
743.140000	0.016897770270665	
743.340000	0.016877090010145	
743.540000	0.016856436716457	
743.740000	0.016835810680439	
743.940000	0.016815212175878	
744.140000	0.016794641459911	
744.340000	0.016774098773406	
744.540000	0.016753584341360	
744.740000	0.016733098373296	
744.940000	0.016712641063668	
745.140000	0.016692212592257	
745.340000	0.016671813124583	
745.540000	0.016651442812302	
745.740000	0.016631101793615	
745.940000	0.016610790193665	
746.140000	0.016590508124944	
746.340000	0.016570255687689	
746.540000	0.016550032970276	
746.740000	0.016529840049614	
746.940000	0.016509676991536	
747.140000	0.016489543851178	
747.340000	0.016469440673366	
747.540000	0.016449367492983	
747.740000	0.016429324335343	
747.940000	0.016409311216556	
748.140000	0.016389328143883	
748.340000	0.016369375116092	
748.540000	0.016349452123801	
748.740000	0.016329559149821	
748.940000	0.016309696169482	
749.140000	0.016289863150965	
749.340000	0.016270060055619	
749.540000	0.016250286838272	
749.740000	0.016230543447533	
749.940000	0.016210829826093	
750.140000	0.016191145911014	
750.340000	0.016171491634013	
750.540000	0.016151866921730	
750.740000	0.016132271696006	
750.940000	0.016112705874136	
751.140000	0.016093169369125	
751.340000	0.016073662089933	
751.540000	0.016054183941717	
751.740000	0.016034734826057	
751.940000	0.016015314641183	
752.140000	0.015995923282197	
752.340000	0.015976560641272	
752.540000	0.015957226607868	
752.740000	0.015937921068919	
752.940000	0.015918643909029	
753.140000	0.015899395010654	
753.340000	0.015880174254277	
753.540000	0.015860981518583	
753.740000	0.015841816680616	
753.940000	0.015822679615946	
754.140000	0.015803570198813	
754.340000	0.015784488302283	
754.540000	0.015765433798375	
754.740000	0.015746406558213	
754.940000	0.015727406452139	
755.140000	0.015708433349849	
755.340000	0.015689487120505	
755.540000	0.015670567632853	
755.740000	0.015651674755330	
755.940000	0.015632808356167	
756.140000	0.015613968303492	
756.340000	0.015595154465419	
756.540000	0.015576366710145	
756.740000	0.015557604906030	
756.940000	0.015538868921680	
757.140000	0.015520158626030	
757.340000	0.015501473888409	
757.540000	0.015482814578617	
757.740000	0.015464180566986	
757.940000	0.015445571724446	
758.140000	0.015426987922583	
758.340000	0.015408429033698	
758.540000	0.015389894930849	
758.740000	0.015371385487914	
758.940000	0.015352900579625	
759.140000	0.015334440081619	
759.340000	0.015316003870473	
759.540000	0.015297591823745	
759.740000	0.015279203820007	
759.940000	0.015260839738878	
760.140000	0.015242499461059	
760.340000	0.015224182868354	
760.540000	0.015205889843702	
760.740000	0.015187620271198	
760.940000	0.015169374036114	
761.140000	0.015151151024922	
761.340000	0.015132951125305	
761.540000	0.015114774226182	
761.740000	0.015096620217707	
761.940000	0.015078488991300	
762.140000	0.015060380439644	
762.340000	0.015042294456697	
762.540000	0.015024230937703	
762.740000	0.015006189779193	
762.940000	0.014988170878993	
763.140000	0.014970174136228	
763.340000	0.014952199451322	
763.540000	0.014934246725999	
763.740000	0.014916315863286	
763.940000	0.014898406767509	
764.140000	0.014880519344294	
764.340000	0.014862653500561	
764.540000	0.014844809144520	
764.740000	0.014826986185671	
764.940000	0.014809184534792	
765.140000	0.014791404103937	
765.340000	0.014773644806428	
765.540000	0.014755906556848	
765.740000	0.014738189271034	
765.940000	0.014720492866063	
766.140000	0.014702817260247	
766.340000	0.014685162373123	
766.540000	0.014667528125444	
766.740000	0.014649914439164	
766.940000	0.014632321237426	
767.140000	0.014614748444560	
767.340000	0.014597195986060	
767.540000	0.014579663788575	
767.740000	0.014562151779902	
767.940000	0.014544659888966	
768.140000	0.014527188045807	
768.340000	0.014509736181576	
768.540000	0.014492304228508	
768.740000	0.014474892119920	
768.940000	0.014457499790191	
769.140000	0.014440127174747	
769.340000	0.014422774210050	
769.540000	0.014405440833585	
769.740000	0.014388126983840	
769.940000	0.014370832600300	
770.140000	0.014353557623422	
770.340000	0.014336301994630	
770.540000	0.014319065656294	
770.740000	0.014301848551723	
770.940000	0.014284650625141	
771.140000	0.014267471821677	
771.340000	0.014250312087355	
771.540000	0.014233171369072	
771.740000	0.014216049614587	
771.940000	0.014198946772505	
772.140000	0.014181862792270	
772.340000	0.014164797624137	
772.540000	0.014147751219173	
772.740000	0.014130723529233	
772.940000	0.014113714506946	
773.140000	0.014096724105709	
773.340000	0.014079752279666	
773.540000	0.014062798983697	
773.740000	0.014045864173405	
773.940000	0.014028947805099	
774.140000	0.014012049835789	
774.340000	0.013995170223163	
774.540000	0.013978308925580	
774.740000	0.013961465902057	
774.940000	0.013944641112255	
775.140000	0.013927834516464	
775.340000	0.013911046075596	
775.540000	0.013894275751169	
775.740000	0.013877523505296	
775.940000	0.013860789300675	
776.140000	0.013844073100572	
776.340000	0.013827374868816	
776.540000	0.013810694569781	
776.740000	0.013794032168382	
776.940000	0.013777387630057	
777.140000	0.013760760920762	
777.340000	0.013744152006953	
777.540000	0.013727560855584	
777.740000	0.013710987434092	
777.940000	0.013694431710385	
778.140000	0.013677893652836	
778.340000	0.013661373230269	
778.540000	0.013644870411953	
778.740000	0.013628385167591	
778.940000	0.013611917467309	
779.140000	0.013595467281650	
779.340000	0.013579034581561	
779.540000	0.013562619338386	
779.740000	0.013546221523858	
779.940000	0.013529841110089	
780.140000	0.013513478069557	
780.340000	0.013497132375109	
780.540000	0.013480803999940	
780.740000	0.013464492917597	
780.940000	0.013448199101961	
781.140000	0.013431922527248	
781.340000	0.013415663167996	
781.540000	0.013399420999061	
781.740000	0.013383195995604	
781.940000	0.013366988133094	
782.140000	0.013350797387292	
782.340000	0.013334623734249	
782.540000	0.013318467150298	
782.740000	0.013302327612044	
782.940000	0.013286205096366	
783.140000	0.013270099580403	
783.340000	0.013254011041550	
783.540000	0.013237939457456	
783.740000	0.013221884806009	
783.940000	0.013205847065341	
784.140000	0.013189826213816	
784.340000	0.013173822230023	
784.540000	0.013157835092777	
784.740000	0.013141864781106	
784.940000	0.013125911274254	
785.140000	0.013109974551669	
785.340000	0.013094054593003	
785.540000	0.013078151378103	
785.740000	0.013062264887009	
785.940000	0.013046395099948	
786.140000	0.013030541997334	
786.340000	0.013014705559753	
786.540000	0.012998885767972	
786.740000	0.012983082602926	
786.940000	0.012967296045713	
787.140000	0.012951526077600	
787.340000	0.012935772680006	
787.540000	0.012920035834507	
787.740000	0.012904315522831	
787.940000	0.012888611726853	
788.140000	0.012872924428589	
788.340000	0.012857253610196	
788.540000	0.012841599253972	
788.740000	0.012825961342342	
788.940000	0.012810339857866	
789.140000	0.012794734783230	
789.340000	0.012779146101243	
789.540000	0.012763573794838	
789.740000	0.012748017847062	
789.940000	0.012732478241080	
790.140000	0.012716954960170	
790.340000	0.012701447987719	
790.540000	0.012685957307222	
790.740000	0.012670482902277	
790.940000	0.012655024756587	
791.140000	0.012639582853952	
791.340000	0.012624157178271	
791.540000	0.012608747713540	
791.740000	0.012593354443843	
791.940000	0.012577977353360	
792.140000	0.012562616426354	
792.340000	0.012547271647180	
792.540000	0.012531943000273	
792.740000	0.012516630470154	
792.940000	0.012501334041423	
793.140000	0.012486053698757	
793.340000	0.012470789426912	
793.540000	0.012455541210717	
793.740000	0.012440309035077	
793.940000	0.012425092884967	
794.140000	0.012409892745431	
794.340000	0.012394708601583	
794.540000	0.012379540438603	
794.740000	0.012364388241736	
794.940000	0.012349251996291	
795.140000	0.012334131687640	
795.340000	0.012319027301215	
795.540000	0.012303938822507	
795.740000	0.012288866237067	
795.940000	0.012273809530501	
796.140000	0.012258768688471	
796.340000	0.012243743696696	
796.540000	0.012228734540945	
796.740000	0.012213741207039	
796.940000	0.012198763680852	
797.140000	0.012183801948306	
797.340000	0.012168855995374	
797.540000	0.012153925808073	
797.740000	0.012139011372471	
797.940000	0.012124112674677	
798.140000	0.012109229700849	
798.340000	0.012094362437187	
798.540000	0.012079510869932	
798.740000	0.012064674985370	
798.940000	0.012049854769825	
799.140000	0.012035050209664	
799.340000	0.012020261291294	
799.540000	0.012005488001154	
799.740000	0.011990730325730	
799.940000	0.011975988251539	
800.140000	0.011961261765137	
800.340000	0.011946550853112	
800.540000	0.011931855502092	
800.740000	0.011917175698734	
800.940000	0.011902511429733	
801.140000	0.011887862681816	
801.340000	0.011873229441739	
801.540000	0.011858611696293	
801.740000	0.011844009432300	
801.940000	0.011829422636609	
802.140000	0.011814851296104	
802.340000	0.011800295397693	
802.540000	0.011785754928317	
802.740000	0.011771229874943	
802.940000	0.011756720224567	
803.140000	0.011742225964212	
803.340000	0.011727747080926	
803.540000	0.011713283561786	
803.740000	0.011698835393895	
803.940000	0.011684402564378	
804.140000	0.011669985060389	
804.340000	0.011655582869101	
804.540000	0.011641195977716	
804.740000	0.011626824373456	
804.940000	0.011612468043566	
805.140000	0.011598126975318	
805.340000	0.011583801156002	
805.540000	0.011569490572933	
805.740000	0.011555195213449	
805.940000	0.011540915064906	
806.140000	0.011526650114684	
806.340000	0.011512400350184	
806.540000	0.011498165758827	
806.740000	0.011483946328052	
806.940000	0.011469742045324	
807.140000	0.011455552898121	
807.340000	0.011441378873945	
807.540000	0.011427219960316	
807.740000	0.011413076144770	
807.940000	0.011398947414865	
808.140000	0.011384833758175	
808.340000	0.011370735162294	
808.540000	0.011356651614832	
808.740000	0.011342583103417	
808.940000	0.011328529615694	
809.140000	0.011314491139326	
809.340000	0.011300467661993	
809.540000	0.011286459171387	
809.740000	0.011272465655222	
809.940000	0.011258487101226	
810.140000	0.011244523497142	
810.340000	0.011230574830729	
810.540000	0.011216641089763	
810.740000	0.011202722262032	
810.940000	0.011188818335343	
811.140000	0.011174929297516	
811.340000	0.011161055136384	
811.540000	0.011147195839797	
811.740000	0.011133351395618	
811.940000	0.011119521791725	
812.140000	0.011105707016010	
812.340000	0.011091907056377	
812.540000	0.011078121900746	
812.740000	0.011064351537049	
812.940000	0.011050595953231	
813.140000	0.011036855137252	
813.340000	0.011023129077081	
813.540000	0.011009417760700	
813.740000	0.010995721176107	
813.940000	0.010982039311309	
814.140000	0.010968372154328	
814.340000	0.010954719693199	
814.540000	0.010941081915966	
814.740000	0.010927458810689	
814.940000	0.010913850365438	
815.140000	0.010900256568296	
815.340000	0.010886677407358	
815.540000	0.010873112870729	
815.740000	0.010859562946528	
815.940000	0.010846027622883	
816.140000	0.010832506887935	
816.340000	0.010819000729835	
816.540000	0.010805509136747	
816.740000	0.010792032096842	
816.940000	0.010778569598306	
817.140000	0.010765121629334	
817.340000	0.010751688178131	
817.540000	0.010738269232913	
817.740000	0.010724864781906	
817.940000	0.010711474813347	
818.140000	0.010698099315484	
818.340000	0.010684738276572	
818.540000	0.010671391684878	
818.740000	0.010658059528680	
818.940000	0.010644741796263	
819.140000	0.010631438475926	
819.340000	0.010618149555972	
819.540000	0.010604875024716	
819.740000	0.010591614870485	
819.940000	0.010578369081613	
820.140000	0.010565137646441	
820.340000	0.010551920553324	
820.540000	0.010538717790622	
820.740000	0.010525529346708	
820.940000	0.010512355209959	
821.140000	0.010499195368764	
821.340000	0.010486049811522	
821.540000	0.010472918526638	
821.740000	0.010459801502526	
821.940000	0.010446698727610	
822.140000	0.010433610190322	
822.340000	0.010420535879102	
822.540000	0.010407475782399	
822.740000	0.010394429888668	
822.940000	0.010381398186377	
823.140000	0.010368380663996	
823.340000	0.010355377310008	
823.540000	0.010342388112903	
823.740000	0.010329413061177	
823.940000	0.010316452143336	
824.140000	0.010303505347893	
824.340000	0.010290572663368	
824.540000	0.010277654078291	
824.740000	0.010264749581197	
824.940000	0.010251859160631	
825.140000	0.010238982805143	
825.340000	0.010226120503292	
825.540000	0.010213272243645	
825.740000	0.010200438014776	
825.940000	0.010187617805265	
826.140000	0.010174811603700	
826.340000	0.010162019398677	
826.540000	0.010149241178798	
826.740000	0.010136476932673	
826.940000	0.010123726648919	
827.140000	0.010110990316158	
827.340000	0.010098267923021	
827.540000	0.010085559458145	
827.740000	0.010072864910174	
827.940000	0.010060184267759	
828.140000	0.010047517519556	
828.340000	0.010034864654229	
828.540000	0.010022225660451	
828.740000	0.010009600526898	
828.940000	0.009996989242252	
829.140000	0.009984391795206	
829.340000	0.009971808174455	
829.540000	0.009959238368703	
829.740000	0.009946682366660	
829.940000	0.009934140157040	
830.140000	0.009921611728566	
850.140000	0.008736451878561	
870.140000	0.007678014377593	
890.140000	0.006735696075117	
910.140000	0.005899278389424	
930.140000	0.005158976070400	
950.140000	0.004505505105179	
970.140000	0.003930141275106	
990.140000	0.003424759821181	
1010.140000	0.002981854326557	
1030.140000	0.002594537324280	
1050.140000	0.002256526598243	
1070.140000	0.001962121193239	
1090.140000	0.001706170493643	
1110.140000	0.001484040738202	
1130.140000	0.001291575639936	
1150.140000	0.001125060567142	
1170.140000	0.000981186280275	
1190.140000	0.000857012812565	
1210.140000	0.000749936785947	
1230.140000	0.000657660372973	
1250.140000	0.000578162156391	
1270.140000	0.000509670048114	
1290.140000	0.000450636100204	
1310.140000	0.000399713118453	
1330.140000	0.000355732981149	
1350.140000	0.000317686583886	
1370.140000	0.000284705350697	
1390.140000	0.000256044266553	
1410.140000	0.000231066393670	
1430.140000	0.000209228833883	
1450.140000	0.000190070092859	
1470.140000	0.000173198791396	
1490.140000	0.000158283656904	
1510.140000	0.000145044716506	
1530.140000	0.000133245603651	
1550.140000	0.000122686883584	
1570.140000	0.000113200299790	
1590.140000	0.000104643843561	
1610.140000	0.000096897551526	
1630.140000	0.000089859940957	
1650.140000	0.000083444999026	
1670.140000	0.000077579649584	
1690.140000	0.000072201628779	
1710.140000	0.000067257708616	
1730.140000	0.000062702215083	
1750.140000	0.000058495794485	
1770.140000	0.000054604388073	
1790.140000	0.000050998380868	
1810.140000	0.000047651895674	
1830.140000	0.000044542207815	
1850.140000	0.000041649259995	
1870.140000	0.000038955260032	
1890.140000	0.000036444347078	
1910.140000	0.000034102314370	
1930.140000	0.000031916378559	
1950.140000	0.000029874987425	
1970.140000	0.000027967659196	
1990.140000	0.000026184847867	
2010.140000	0.000024517829950	
2030.140000	0.000022958608854	
2050.140000	0.000021499833823	
2070.140000	0.000020134730873	
2090.140000	0.000018857043666	
2110.140000	0.000017660982611	
2130.140000	0.000016541180804	
2150.140000	0.000015492655662	
2170.140000	0.000014510775333	
2190.140000	0.000013591229096	
2210.140000	0.000012730001149	
2230.140000	0.000011923347253	
2250.140000	0.000011167773817	
2270.140000	0.000010460019076	
2290.140000	0.000009797036070	
2310.140000	0.000009175977191	
2330.140000	0.000008594180094	
2350.140000	0.000008049154806	
2370.140000	0.000007538571899	
2390.140000	0.000007060251605	
2410.140000	0.000006612153773	
2430.140000	0.000006192368582	
2450.140000	0.000005799107942	
2470.140000	0.000005430697516	
2490.140000	0.000005085569299	
