0.000000	0.644166906841	
20.000000	0.357604190450	
40.000000	0.356517026231	
60.000000	0.356383681555	
80.000000	0.356311024014	
100.000000	0.356274276645	
120.000000	0.225386390078	
140.000000	0.234328411951	
160.000000	0.252265148830	
180.000000	0.270964274314	
200.000000	0.289283690136	
220.000000	0.306711414706	
240.000000	0.323193376941	
260.000000	0.338790775658	
280.000000	0.353580596757	
300.000000	0.367632150464	
320.000000	0.381005021058	
340.000000	0.394316296187	
360.000000	0.406549702891	
380.000000	0.418046408509	
400.000000	0.428983330125	
420.000000	0.439447046501	
440.000000	0.449489819322	
460.000000	0.459150881528	
480.000000	0.468464670624	
500.000000	0.477464509526	
520.000000	0.492781746017	
540.000000	0.506822852248	
560.000000	0.519529908398	
580.000000	0.531031375290	
600.000000	0.541490465039	
608.400000	0.545632415498	
608.600000	0.545729637429	
608.800000	0.545826803086	
609.000000	0.545923913156	
609.200000	0.546020968335	
609.400000	0.546117969329	
609.600000	0.546214916855	
609.800000	0.546311811641	
610.000000	0.546408654427	
610.200000	0.546505445962	
610.400000	0.546602187009	
610.600000	0.546698878342	
610.800000	0.546795520748	
611.000000	0.546892115025	
611.200000	0.546988661986	
611.400000	0.547085162455	
611.600000	0.547181617270	
611.800000	0.547278027284	
612.000000	0.547374393362	
612.200000	0.547470716385	
612.400000	0.547566997248	
612.600000	0.547663236861	
612.800000	0.547759436150	
613.000000	0.547855596056	
613.200000	0.547951717538	
613.400000	0.548047801569	
613.600000	0.548143849142	
613.800000	0.548239861264	
614.000000	0.548335838963	
614.200000	0.548431783285	
614.400000	0.548527695292	
614.600000	0.548623576068	
614.800000	0.548719426717	
615.000000	0.548815248361	
615.200000	0.548911042145	
615.400000	0.549006809235	
615.600000	0.549102550818	
615.800000	0.549198268104	
616.000000	0.549293962326	
616.200000	0.549389634742	
616.400000	0.549485286632	
616.600000	0.549580919303	
616.800000	0.549676534088	
617.000000	0.549772132344	
617.200000	0.549867715458	
617.400000	0.549963284843	
617.600000	0.550058841942	
617.800000	0.550154388226	
618.000000	0.550249925197	
618.200000	0.550345454390	
618.400000	0.550440977370	
618.600000	0.550536495735	
618.800000	0.550632011118	
619.000000	0.550727525186	
619.200000	0.550823039644	
619.400000	0.550918556232	
619.600000	0.551014076730	
619.800000	0.551109602955	
620.000000	0.551205136766	
620.200000	0.551300680064	
620.400000	0.551396234793	
620.600000	0.551491802941	
620.800000	0.551587386543	
621.000000	0.551682987679	
621.200000	0.551778608479	
621.400000	0.551874251125	
621.600000	0.551969917847	
621.800000	0.552065610933	
622.000000	0.552161332722	
622.200000	0.552257085614	
622.400000	0.552352872065	
622.600000	0.552448694594	
622.800000	0.552544555783	
623.000000	0.552640458277	
623.200000	0.552736404792	
623.400000	0.552832398110	
623.600000	0.552928441087	
623.800000	0.553024536655	
624.000000	0.553120687821	
624.200000	0.553216897672	
624.400000	0.553313169380	
624.600000	0.553409506202	
624.800000	0.553505911483	
625.000000	0.553602388661	
625.200000	0.553698941270	
625.400000	0.553795572943	
625.600000	0.553892287417	
625.800000	0.553989088534	
626.000000	0.554085980248	
626.200000	0.554182966630	
626.400000	0.554280051868	
626.600000	0.554377240276	
626.800000	0.554474536298	
627.000000	0.554571944512	
627.200000	0.554669469637	
627.400000	0.554767116536	
627.600000	0.554864890226	
627.800000	0.554962795881	
628.000000	0.555060838841	
628.200000	0.555159024616	
628.400000	0.555257358898	
628.600000	0.555355847564	
628.800000	0.555454496686	
629.000000	0.555553312541	
629.200000	0.555652301620	
629.400000	0.555751470634	
629.600000	0.555850826528	
629.800000	0.555950376490	
630.000000	0.556050127964	
630.200000	0.556150088659	
630.400000	0.556250266566	
630.600000	0.556350669966	
630.800000	0.556451307448	
631.000000	0.556552187926	
631.200000	0.556653320649	
631.400000	0.556754715223	
631.600000	0.556856381626	
631.800000	0.556958330232	
632.000000	0.557060571825	
632.200000	0.557163117625	
632.400000	0.557265979313	
632.600000	0.557369169049	
632.800000	0.557472699506	
633.000000	0.557576583894	
633.200000	0.557680835990	
633.400000	0.557785470175	
633.600000	0.557890501463	
633.800000	0.557995945540	
634.000000	0.558101818808	
634.200000	0.558208138421	
634.400000	0.558314922338	
634.600000	0.558422189367	
634.800000	0.558529959220	
635.000000	0.558638252576	
635.200000	0.558747091134	
635.400000	0.558856497688	
635.600000	0.558966496198	
635.800000	0.559077111865	
636.000000	0.559188371223	
636.200000	0.559300302227	
636.400000	0.559412934357	
636.600000	0.559526298728	
636.800000	0.559640428211	
637.000000	0.559755357561	
637.200000	0.559871123563	
637.400000	0.559987765194	
637.600000	0.560105323787	
637.800000	0.560223843228	
638.000000	0.560343370163	
638.200000	0.560463954231	
638.400000	0.560585648315	
638.600000	0.560708508830	
638.800000	0.560832596034	
639.000000	0.560957974376	
639.200000	0.561084712889	
639.400000	0.561212885624	
639.600000	0.561342572133	
639.800000	0.561473858021	
640.000000	0.561606835559	
640.200000	0.561741604380	
640.400000	0.561878272265	
640.600000	0.562016956039	
640.800000	0.562157782587	
641.000000	0.562300890021	
641.200000	0.562446429013	
641.400000	0.562594564336	
641.600000	0.562745476646	
641.800000	0.562899364544	
642.000000	0.563056446990	
642.200000	0.563216966131	
642.400000	0.563381190630	
642.600000	0.563549419615	
642.800000	0.563721987384	
643.000000	0.563899269043	
643.200000	0.564081687330	
643.400000	0.564269720902	
643.600000	0.564463914508	
643.800000	0.564664891580	
644.000000	0.564873369951	
644.200000	0.565090181716	
644.400000	0.565316298586	
644.600000	0.565552864704	
644.800000	0.565801239721	
645.000000	0.566063056270	
645.200000	0.566340298073	
645.400000	0.566635408360	
645.600000	0.566951444057	
645.800000	0.567292301428	
646.000000	0.567663057671	
646.200000	0.568070509702	
646.400000	0.568524068202	
646.600000	0.569037340226	
646.800000	0.569631180699	
647.000000	0.570340322786	
647.200000	0.571230657760	
647.400000	0.572461566387	
647.600000	0.574855417018	
647.800000	0.590873924015	
648.000000	0.594446443714	
648.200000	0.000001035614	
648.400000	0.000000137586	
648.600000	0.000000835172	
648.800000	0.000020563190	
649.000000	0.000419806197	
649.200000	0.002561748278	
649.400000	0.008922448310	
649.600000	0.024691553009	
649.800000	0.057987581394	
650.000000	0.097775045337	
650.200000	0.111611048533	
650.400000	0.123179948238	
650.600000	0.136595692555	
650.800000	0.151113175587	
670.800000	0.510537311991	
678.540000	0.535642403705	
678.740000	0.536125319559	
678.940000	0.536601570263	
679.140000	0.537071262535	
679.340000	0.537534501501	
679.540000	0.537991390697	
679.740000	0.538442032091	
679.940000	0.538886526092	
680.140000	0.539324971567	
680.340000	0.539757465853	
680.540000	0.540184104772	
680.740000	0.540604982645	
680.940000	0.541020192308	
681.140000	0.541429825128	
681.340000	0.541833971014	
681.540000	0.542232718437	
681.740000	0.542626154446	
681.940000	0.543014364679	
682.140000	0.543397433385	
682.340000	0.543775443434	
682.540000	0.544148476342	
682.740000	0.544516612277	
682.940000	0.544879930085	
683.140000	0.545238507299	
683.340000	0.545592420162	
683.540000	0.545941743636	
683.740000	0.546286551429	
683.940000	0.546626916002	
684.140000	0.546962908588	
684.340000	0.547294599216	
684.540000	0.547622056718	
684.740000	0.547945348749	
684.940000	0.548264541807	
685.140000	0.548579701244	
685.340000	0.548890891287	
685.540000	0.549198175051	
685.740000	0.549501614557	
685.940000	0.549801270749	
686.140000	0.550097203506	
686.340000	0.550389471664	
686.540000	0.550678133027	
686.740000	0.550963244385	
686.940000	0.551244861528	
687.140000	0.551523039263	
687.340000	0.551797831428	
687.540000	0.552069290909	
687.740000	0.552337469654	
687.940000	0.552602418685	
688.140000	0.552864188117	
688.340000	0.553122827171	
688.540000	0.553378384188	
688.740000	0.553630906643	
688.940000	0.553880441158	
689.140000	0.554127033521	
689.340000	0.554370728689	
689.540000	0.554611570816	
689.740000	0.554849603252	
689.940000	0.555084868566	
690.140000	0.555317408554	
690.340000	0.555547264256	
690.540000	0.555774475961	
690.740000	0.555999083227	
690.940000	0.556221124891	
691.140000	0.556440639078	
691.340000	0.556657663218	
691.540000	0.556872234052	
691.740000	0.557084387647	
691.940000	0.557294159407	
692.140000	0.557501584084	
692.340000	0.557706695786	
692.540000	0.557909527993	
692.740000	0.558110113563	
692.940000	0.558308484744	
693.140000	0.558504673185	
693.340000	0.558698709944	
693.540000	0.558890625500	
693.740000	0.559080449761	
693.940000	0.559268212074	
694.140000	0.559453941234	
694.340000	0.559637665496	
694.540000	0.559819412579	
694.740000	0.559999209677	
694.940000	0.560177083469	
695.140000	0.560353060127	
695.340000	0.560527165322	
695.540000	0.560699424235	
695.740000	0.560869861563	
695.940000	0.561038501527	
696.140000	0.561205367882	
696.340000	0.561370483921	
696.540000	0.561533872485	
696.740000	0.561695555969	
696.940000	0.561855556330	
697.140000	0.562013895091	
697.340000	0.562170593353	
697.540000	0.562325671795	
697.740000	0.562479150688	
697.940000	0.562631049894	
698.140000	0.562781388878	
698.340000	0.562930186710	
698.540000	0.563077462072	
698.740000	0.563223233267	
698.940000	0.563367518220	
699.140000	0.563510334484	
699.340000	0.563651699251	
699.540000	0.563791629349	
699.740000	0.563930141253	
699.940000	0.564067251089	
700.140000	0.564202974638	
700.340000	0.564337327338	
700.540000	0.564470324297	
700.740000	0.564601980287	
700.940000	0.564732309757	
701.140000	0.564861326832	
701.340000	0.564989045321	
701.540000	0.565115478718	
701.740000	0.565240640208	
701.940000	0.565364542669	
702.140000	0.565487198678	
702.340000	0.565608620514	
702.540000	0.565728820160	
702.740000	0.565847809309	
702.940000	0.565965599367	
703.140000	0.566082201453	
703.340000	0.566197626406	
703.540000	0.566311884789	
703.740000	0.566424986886	
703.940000	0.566536942711	
704.140000	0.566647762011	
704.340000	0.566757454262	
704.540000	0.566866028681	
704.740000	0.566973494220	
704.940000	0.567079859576	
705.140000	0.567185133188	
705.340000	0.567289323242	
705.540000	0.567392437675	
705.740000	0.567494484172	
705.940000	0.567595470174	
706.140000	0.567695402877	
706.340000	0.567794289235	
706.540000	0.567892135962	
706.740000	0.567988949534	
706.940000	0.568084736192	
707.140000	0.568179501941	
707.340000	0.568273252558	
707.540000	0.568365993585	
707.740000	0.568457730339	
707.940000	0.568548467909	
708.140000	0.568638211161	
708.340000	0.568726964738	
708.540000	0.568814733059	
708.740000	0.568901520328	
708.940000	0.568987330528	
709.140000	0.569072167429	
709.340000	0.569156034584	
709.540000	0.569238935336	
709.740000	0.569320872816	
709.940000	0.569401849947	
710.140000	0.569481869445	
710.340000	0.569560933820	
710.540000	0.569639045379	
710.740000	0.569716206228	
710.940000	0.569792418272	
711.140000	0.569867683220	
711.340000	0.569942002584	
711.540000	0.570015377683	
711.740000	0.570087809644	
711.940000	0.570159299404	
712.140000	0.570229847716	
712.340000	0.570299455145	
712.540000	0.570368122076	
712.740000	0.570435848711	
712.940000	0.570502635080	
713.140000	0.570568481033	
713.340000	0.570633386253	
713.540000	0.570697350251	
713.740000	0.570760372376	
713.940000	0.570822451813	
714.140000	0.570883587587	
714.340000	0.570943778571	
714.540000	0.571003023482	
714.740000	0.571061320894	
714.940000	0.571118669234	
715.140000	0.571175066792	
715.340000	0.571230511720	
715.540000	0.571285002044	
715.740000	0.571338535659	
715.940000	0.571391110345	
716.140000	0.571442723761	
716.340000	0.571493373461	
716.540000	0.571543056892	
716.740000	0.571591771402	
716.940000	0.571639514249	
717.140000	0.571686282603	
717.340000	0.571732073556	
717.540000	0.571776884126	
717.740000	0.571820711267	
717.940000	0.571863551873	
718.140000	0.571905402790	
718.340000	0.571946260820	
718.540000	0.571986122728	
718.740000	0.572024985257	
718.940000	0.572062845128	
719.140000	0.572099699056	
719.340000	0.572135543755	
719.540000	0.572170375947	
719.740000	0.572204192374	
719.940000	0.572236989806	
720.140000	0.572268765054	
720.340000	0.572299514973	
720.540000	0.572329236481	
720.740000	0.572357926564	
720.940000	0.572385582286	
721.140000	0.572412200805	
721.340000	0.572437779380	
721.540000	0.572462315383	
721.740000	0.572485806310	
721.940000	0.572508249791	
722.140000	0.572529643606	
722.340000	0.572549985692	
722.540000	0.572569274155	
722.740000	0.572587507281	
722.940000	0.572604683553	
723.140000	0.572620801652	
723.340000	0.572635860478	
723.540000	0.572649859156	
723.740000	0.572662797048	
723.940000	0.572674673764	
724.140000	0.572685489174	
724.340000	0.572695243415	
724.540000	0.572703936905	
724.740000	0.572711570350	
724.940000	0.572718144754	
725.140000	0.572723661431	
725.340000	0.572728122010	
725.540000	0.572731528446	
725.740000	0.572733883025	
725.940000	0.572735188377	
726.140000	0.572735447476	
726.340000	0.572734663652	
726.540000	0.572732840593	
726.740000	0.572729982354	
726.940000	0.572726093359	
727.140000	0.572721178405	
727.340000	0.572715242667	
727.540000	0.572708291701	
727.740000	0.572700331442	
727.940000	0.572691368213	
728.140000	0.572681408717	
728.340000	0.572670460043	
728.540000	0.572658529663	
728.740000	0.572645625429	
728.940000	0.572631755574	
729.140000	0.572616928707	
729.340000	0.572601153809	
729.540000	0.572584440228	
729.740000	0.572566797675	
729.940000	0.572548236219	
730.140000	0.572528766276	
730.340000	0.572508398607	
730.540000	0.572487144306	
730.740000	0.572465014791	
730.940000	0.572442021798	
731.140000	0.572418177369	
731.340000	0.572393493840	
731.540000	0.572367983831	
731.740000	0.572341660236	
731.940000	0.572314536207	
732.140000	0.572286625146	
732.340000	0.572257940686	
732.540000	0.572228496682	
732.740000	0.572198307198	
732.940000	0.572167386488	
733.140000	0.572135748984	
733.340000	0.572103409281	
733.540000	0.572070382125	
733.740000	0.572036682392	
733.940000	0.572002325077	
734.140000	0.571967325277	
734.340000	0.571931698177	
734.540000	0.571895459034	
734.740000	0.571858623158	
734.940000	0.571821205905	
735.140000	0.571783222652	
735.340000	0.571744688789	
735.540000	0.571705619701	
735.740000	0.571666030755	
735.940000	0.571625937284	
736.140000	0.571585354572	
736.340000	0.571544297843	
736.540000	0.571502782246	
736.740000	0.571460822840	
736.940000	0.571418434585	
737.140000	0.571375632325	
737.340000	0.571332430780	
737.540000	0.571288844532	
737.740000	0.571244888014	
737.940000	0.571200575500	
738.140000	0.571155921095	
738.340000	0.571110938724	
738.540000	0.571065642123	
738.740000	0.571020044833	
738.940000	0.570974160186	
739.140000	0.570928001303	
739.340000	0.570881581084	
739.540000	0.570834912201	
739.740000	0.570788007092	
739.940000	0.570740877956	
740.140000	0.570693536748	
740.340000	0.570645995174	
740.540000	0.570598264684	
740.740000	0.570550356472	
740.940000	0.570502281473	
741.140000	0.570454050356	
741.340000	0.570405673524	
741.540000	0.570357161115	
741.740000	0.570308522993	
741.940000	0.570259768757	
742.140000	0.570210907730	
742.340000	0.570161948966	
742.540000	0.570112901247	
742.740000	0.570063773084	
742.940000	0.570014572718	
743.140000	0.569965308121	
743.340000	0.569915986996	
743.540000	0.569866616782	
743.740000	0.569817204653	
743.940000	0.569767757522	
744.140000	0.569718282041	
744.340000	0.569668784608	
744.540000	0.569619271367	
744.740000	0.569569748210	
744.940000	0.569520220786	
745.140000	0.569470694497	
745.340000	0.569421174508	
745.540000	0.569371665748	
745.740000	0.569322172914	
745.940000	0.569272700477	
746.140000	0.569223252683	
746.340000	0.569173833562	
746.540000	0.569124446928	
746.740000	0.569075096387	
746.940000	0.569025785339	
747.140000	0.568976516984	
747.340000	0.568927294326	
747.540000	0.568878120181	
747.740000	0.568828997177	
747.940000	0.568779927760	
748.140000	0.568730914203	
748.340000	0.568681958604	
748.540000	0.568633062898	
748.740000	0.568584228856	
748.940000	0.568535458092	
749.140000	0.568486752070	
749.340000	0.568438112105	
749.540000	0.568389539369	
749.740000	0.568341034897	
749.940000	0.568292599591	
750.140000	0.568244234223	
750.340000	0.568195939442	
750.540000	0.568147715776	
750.740000	0.568099563639	
750.940000	0.568051483331	
751.140000	0.568003475050	
751.340000	0.567955538886	
751.540000	0.567907674835	
751.740000	0.567859882796	
751.940000	0.567812162577	
752.140000	0.567764513902	
752.340000	0.567716936410	
752.540000	0.567669429660	
752.740000	0.567621993138	
752.940000	0.567574626258	
753.140000	0.567527328362	
753.340000	0.567480098731	
753.540000	0.567432936581	
753.740000	0.567385841072	
753.940000	0.567338811307	
754.140000	0.567291846338	
754.340000	0.567244945164	
754.540000	0.567198106742	
754.740000	0.567151329981	
754.940000	0.567104613753	
755.140000	0.567057956888	
755.340000	0.567011358182	
755.540000	0.566964816396	
755.740000	0.566918330262	
755.940000	0.566871898482	
756.140000	0.566825519731	
756.340000	0.566779192659	
756.540000	0.566732915897	
756.740000	0.566686688052	
756.940000	0.566640507715	
757.140000	0.566594373459	
757.340000	0.566548283843	
757.540000	0.566502237412	
757.740000	0.566456232702	
757.940000	0.566410268237	
758.140000	0.566364342534	
758.340000	0.566318454103	
758.540000	0.566272601447	
758.740000	0.566226783069	
758.940000	0.566180997465	
759.140000	0.566135243133	
759.340000	0.566089518569	
759.540000	0.566043822268	
759.740000	0.565998152732	
759.940000	0.565952508461	
760.140000	0.565906887961	
760.340000	0.565861289744	
760.540000	0.565815712326	
760.740000	0.565770154230	
760.940000	0.565724613986	
761.140000	0.565679090134	
761.340000	0.565633581220	
761.540000	0.565588085802	
761.740000	0.565542602446	
761.940000	0.565497129732	
762.140000	0.565451666248	
762.340000	0.565406210594	
762.540000	0.565360761385	
762.740000	0.565315317247	
762.940000	0.565269876818	
763.140000	0.565224438753	
763.340000	0.565179001717	
763.540000	0.565133564392	
763.740000	0.565088125474	
763.940000	0.565042683674	
764.140000	0.564997237717	
764.340000	0.564951786345	
764.540000	0.564906328316	
764.740000	0.564860862400	
764.940000	0.564815387388	
765.140000	0.564769902084	
765.340000	0.564724405309	
765.540000	0.564678895901	
765.740000	0.564633372713	
765.940000	0.564587834616	
766.140000	0.564542280497	
766.340000	0.564496709260	
766.540000	0.564451119825	
766.740000	0.564405511129	
766.940000	0.564359882127	
767.140000	0.564314231787	
767.340000	0.564268559098	
767.540000	0.564222863062	
767.740000	0.564177142701	
767.940000	0.564131397052	
768.140000	0.564085625166	
768.340000	0.564039826114	
768.540000	0.563993998982	
768.740000	0.563948142872	
768.940000	0.563902256902	
769.140000	0.563856340206	
769.340000	0.563810391934	
769.540000	0.563764411252	
769.740000	0.563718397342	
769.940000	0.563672349399	
770.140000	0.563626266637	
770.340000	0.563580148283	
770.540000	0.563533993580	
770.740000	0.563487801784	
770.940000	0.563441572169	
771.140000	0.563395304020	
771.340000	0.563348996639	
771.540000	0.563302649341	
771.740000	0.563256261457	
771.940000	0.563209832328	
772.140000	0.563163361314	
772.340000	0.563116847783	
772.540000	0.563070291121	
772.740000	0.563023690725	
772.940000	0.562977046005	
773.140000	0.562930356385	
773.340000	0.562883621300	
773.540000	0.562836840200	
773.740000	0.562790012543	
773.940000	0.562743137805	
774.140000	0.562696215468	
774.340000	0.562649245031	
774.540000	0.562602226000	
774.740000	0.562555157896	
774.940000	0.562508040249	
775.140000	0.562460872601	
775.340000	0.562413654504	
775.540000	0.562366385523	
775.740000	0.562319065230	
775.940000	0.562271693210	
776.140000	0.562224269057	
776.340000	0.562176792375	
776.540000	0.562129262778	
776.740000	0.562081679890	
776.940000	0.562034043343	
777.140000	0.561986352780	
777.340000	0.561938607852	
777.540000	0.561890808220	
777.740000	0.561842953552	
777.940000	0.561795043526	
778.140000	0.561747077829	
778.340000	0.561699056154	
778.540000	0.561650978204	
778.740000	0.561602843689	
778.940000	0.561554652329	
779.140000	0.561506403847	
779.340000	0.561458097979	
779.540000	0.561409734464	
779.740000	0.561361313051	
779.940000	0.561312833495	
780.140000	0.561264295557	
780.340000	0.561215699007	
780.540000	0.561167043618	
780.740000	0.561118329175	
780.940000	0.561069555463	
781.140000	0.561020722279	
781.340000	0.560971829422	
781.540000	0.560922876699	
781.740000	0.560873863922	
781.940000	0.560824790909	
782.140000	0.560775657484	
782.340000	0.560726463476	
782.540000	0.560677208719	
782.740000	0.560627893054	
782.940000	0.560578516324	
783.140000	0.560529078380	
783.340000	0.560479579077	
783.540000	0.560430018274	
783.740000	0.560380395836	
783.940000	0.560330711631	
784.140000	0.560280965533	
784.340000	0.560231157420	
784.540000	0.560181287173	
784.740000	0.560131354679	
784.940000	0.560081359828	
785.140000	0.560031302515	
785.340000	0.559981182638	
785.540000	0.559931000099	
785.740000	0.559880754804	
785.940000	0.559830446663	
786.140000	0.559780075588	
786.340000	0.559729641496	
786.540000	0.559679144307	
786.740000	0.559628583945	
786.940000	0.559577960335	
787.140000	0.559527273409	
787.340000	0.559476523098	
787.540000	0.559425709338	
787.740000	0.559374832069	
787.940000	0.559323891232	
788.140000	0.559272886771	
788.340000	0.559221818635	
788.540000	0.559170686772	
788.740000	0.559119491136	
788.940000	0.559068231682	
789.140000	0.559016908367	
789.340000	0.558965521152	
789.540000	0.558914069999	
789.740000	0.558862554872	
789.940000	0.558810975740	
790.140000	0.558759332572	
790.340000	0.558707625338	
790.540000	0.558655854013	
790.740000	0.558604018572	
790.940000	0.558552118994	
791.140000	0.558500155257	
791.340000	0.558448127344	
791.540000	0.558396035237	
791.740000	0.558343878923	
791.940000	0.558291658388	
792.140000	0.558239373621	
792.340000	0.558187024613	
792.540000	0.558134611356	
792.740000	0.558082133844	
792.940000	0.558029592072	
793.140000	0.557976986038	
793.340000	0.557924315739	
793.540000	0.557871581176	
793.740000	0.557818782350	
793.940000	0.557765919264	
794.140000	0.557712991922	
794.340000	0.557660000331	
794.540000	0.557606944495	
794.740000	0.557553824425	
794.940000	0.557500640128	
795.140000	0.557447391617	
795.340000	0.557394078901	
795.540000	0.557340701996	
795.740000	0.557287260914	
795.940000	0.557233755671	
796.140000	0.557180186283	
796.340000	0.557126552767	
796.540000	0.557072855143	
796.740000	0.557019093428	
796.940000	0.556965267645	
797.140000	0.556911377813	
797.340000	0.556857423956	
797.540000	0.556803406097	
797.740000	0.556749324259	
797.940000	0.556695178468	
798.140000	0.556640968750	
798.340000	0.556586695132	
798.540000	0.556532357640	
798.740000	0.556477956304	
798.940000	0.556423491152	
799.140000	0.556368962215	
799.340000	0.556314369523	
799.540000	0.556259713108	
799.740000	0.556204993002	
799.940000	0.556150209237	
800.140000	0.556095361847	
800.340000	0.556040450867	
800.540000	0.555985476332	
800.740000	0.555930438276	
800.940000	0.555875336737	
801.140000	0.555820171750	
801.340000	0.555764943354	
801.540000	0.555709651587	
801.740000	0.555654296486	
801.940000	0.555598878092	
802.140000	0.555543396444	
802.340000	0.555487851583	
802.540000	0.555432243548	
802.740000	0.555376572383	
802.940000	0.555320838127	
803.140000	0.555265040825	
803.340000	0.555209180519	
803.540000	0.555153257253	
803.740000	0.555097271069	
803.940000	0.555041222014	
804.140000	0.554985110130	
804.340000	0.554928935465	
804.540000	0.554872698063	
804.740000	0.554816397972	
804.940000	0.554760035236	
805.140000	0.554703609904	
805.340000	0.554647122023	
805.540000	0.554590571641	
805.740000	0.554533958806	
805.940000	0.554477283567	
806.140000	0.554420545973	
806.340000	0.554363746073	
806.540000	0.554306883917	
806.740000	0.554249959555	
806.940000	0.554192973039	
807.140000	0.554135924419	
807.340000	0.554078813745	
807.540000	0.554021641071	
807.740000	0.553964406447	
807.940000	0.553907109927	
808.140000	0.553849751562	
808.340000	0.553792331407	
808.540000	0.553734849513	
808.740000	0.553677305935	
808.940000	0.553619700727	
809.140000	0.553562033943	
809.340000	0.553504305637	
809.540000	0.553446515865	
809.740000	0.553388664682	
809.940000	0.553330752142	
810.140000	0.553272778303	
810.340000	0.553214743219	
810.540000	0.553156646948	
810.740000	0.553098489545	
810.940000	0.553040271068	
811.140000	0.552981991574	
811.340000	0.552923651120	
811.540000	0.552865249764	
811.740000	0.552806787564	
811.940000	0.552748264578	
812.140000	0.552689680865	
812.340000	0.552631036483	
812.540000	0.552572331491	
812.740000	0.552513565948	
812.940000	0.552454739914	
813.140000	0.552395853449	
813.340000	0.552336906612	
813.540000	0.552277899463	
813.740000	0.552218832064	
813.940000	0.552159704474	
814.140000	0.552100516754	
814.340000	0.552041268966	
814.540000	0.551981961170	
814.740000	0.551922593429	
814.940000	0.551863165803	
815.140000	0.551803678355	
815.340000	0.551744131147	
815.540000	0.551684524242	
815.740000	0.551624857701	
815.940000	0.551565131588	
816.140000	0.551505345965	
816.340000	0.551445500897	
816.540000	0.551385596445	
816.740000	0.551325632674	
816.940000	0.551265609648	
817.140000	0.551205527430	
817.340000	0.551145386085	
817.540000	0.551085185677	
817.740000	0.551024926270	
817.940000	0.550964607930	
818.140000	0.550904230721	
818.340000	0.550843794709	
818.540000	0.550783299958	
818.740000	0.550722746534	
818.940000	0.550662134503	
819.140000	0.550601463930	
819.340000	0.550540734882	
819.540000	0.550479947425	
819.740000	0.550419101625	
819.940000	0.550358197549	
820.140000	0.550297235263	
820.340000	0.550236214835	
820.540000	0.550175136331	
820.740000	0.550113999818	
820.940000	0.550052805364	
821.140000	0.549991553037	
821.340000	0.549930242904	
821.540000	0.549868875032	
821.740000	0.549807449491	
821.940000	0.549745966349	
822.140000	0.549684425672	
822.340000	0.549622827531	
822.540000	0.549561171994	
822.740000	0.549499459129	
822.940000	0.549437689005	
823.140000	0.549375861692	
823.340000	0.549313977258	
823.540000	0.549252035774	
823.740000	0.549190037308	
823.940000	0.549127981931	
824.140000	0.549065869712	
824.340000	0.549003700722	
824.540000	0.548941475030	
824.740000	0.548879192706	
824.940000	0.548816853821	
825.140000	0.548754458446	
825.340000	0.548692006651	
825.540000	0.548629498507	
825.740000	0.548566934085	
825.940000	0.548504313456	
826.140000	0.548441636691	
826.340000	0.548378903862	
826.540000	0.548316115041	
826.740000	0.548253270298	
826.940000	0.548190369705	
827.140000	0.548127413335	
827.340000	0.548064401259	
827.540000	0.548001333550	
827.740000	0.547938210279	
827.940000	0.547875031520	
828.140000	0.547811797344	
828.340000	0.547748507824	
828.540000	0.547685163033	
828.740000	0.547621763044	
828.940000	0.547558307930	
829.140000	0.547494797764	
829.340000	0.547431232619	
829.540000	0.547367612568	
829.740000	0.547303937685	
829.940000	0.547240208044	
830.140000	0.547176423718	
850.140000	0.540534912781	
870.140000	0.533425859392	
890.140000	0.525931785697	
910.140000	0.518135820831	
930.140000	0.510119146415	
950.140000	0.501959434568	
970.140000	0.493729872251	
990.140000	0.485498584293	
1010.140000	0.477328280925	
1030.140000	0.469276049223	
1050.140000	0.461393223880	
1070.140000	0.453725319587	
1090.140000	0.446311990739	
1110.140000	0.439187159501	
1130.140000	0.432378902095	
1150.140000	0.425909581957	
1170.140000	0.419796070872	
1190.140000	0.414049821074	
1210.140000	0.408677157983	
1230.140000	0.403679631809	
1250.140000	0.399054410621	
1270.140000	0.394794739741	
1290.140000	0.390890445798	
1310.140000	0.387328471086	
1330.140000	0.384093420119	
1350.140000	0.381168099839	
1370.140000	0.378534036218	
1390.140000	0.376171952732	
1410.140000	0.374062199673	
1430.140000	0.372185127217	
1450.140000	0.370521398951	
1470.140000	0.369052245952	
1490.140000	0.367759664225	
1510.140000	0.366626560265	
1530.140000	0.365636850710	
1550.140000	0.364775522668	
1570.140000	0.364028661301	
1590.140000	0.363383450998	
1610.140000	0.362828155829	
1630.140000	0.362352084356	
1650.140000	0.361945543095	
1670.140000	0.361599782209	
1690.140000	0.361306936357	
1710.140000	0.361059963025	
1730.140000	0.360852580147	
1750.140000	0.360679204393	
1770.140000	0.360534891157	
1790.140000	0.360415276974	
1810.140000	0.360316524874	
1830.140000	0.360235272983	
1850.140000	0.360168586562	
1870.140000	0.360113913534	
1890.140000	0.360069043497	
1910.140000	0.360032070138	
1930.140000	0.360001356920	
1950.140000	0.359975505894	
1970.140000	0.359953329462	
1990.140000	0.359933824893	
2010.140000	0.359916151417	
2030.140000	0.359899609681	
2050.140000	0.359883623399	
2070.140000	0.359867722997	
2090.140000	0.359851531083	
2110.140000	0.359834749568	
2130.140000	0.359817148295	
2150.140000	0.359798555006	
2170.140000	0.359778846539	
2190.140000	0.359757941102	
2210.140000	0.359735791529	
2230.140000	0.359712379401	
2250.140000	0.359687709944	
2270.140000	0.359661807606	
2290.140000	0.359634712245	
2310.140000	0.359606475854	
2330.140000	0.359577159757	
2350.140000	0.359546832216	
2370.140000	0.359515566406	
2390.140000	0.359483438711	
2410.140000	0.359450527283	
2430.140000	0.359416910866	
2450.140000	0.359382667803	
2470.140000	0.359347875246	
2490.140000	0.359312608506	
