0.000000	0.000000001735	
20.000000	0.000000001836	
40.000000	0.000000001827	
60.000000	0.000000001822	
80.000000	0.000000001820	
100.000000	0.000000001819	
120.000000	0.000000000264	
140.000000	0.000000000370	
160.000000	0.000000000505	
180.000000	0.000000000666	
200.000000	0.000000000851	
220.000000	0.000000001058	
240.000000	0.000000001285	
260.000000	0.000000001532	
280.000000	0.000000001799	
300.000000	0.000000002085	
320.000000	0.000000002390	
340.000000	0.000000002732	
360.000000	0.000000003076	
380.000000	0.000000003432	
400.000000	0.000000003801	
420.000000	0.000000004187	
440.000000	0.000000004588	
460.000000	0.000000005006	
480.000000	0.000000005440	
500.000000	0.000000005892	
520.000000	0.000000006854	
540.000000	0.000000007802	
560.000000	0.000000008739	
580.000000	0.000000009669	
600.000000	0.000000010597	
608.400000	0.000000010990	
608.600000	0.000000011000	
608.800000	0.000000011009	
609.000000	0.000000011019	
609.200000	0.000000011028	
609.400000	0.000000011038	
609.600000	0.000000011047	
609.800000	0.000000011057	
610.000000	0.000000011066	
610.200000	0.000000011076	
610.400000	0.000000011085	
610.600000	0.000000011095	
610.800000	0.000000011104	
611.000000	0.000000011114	
611.200000	0.000000011123	
611.400000	0.000000011133	
611.600000	0.000000011142	
611.800000	0.000000011152	
612.000000	0.000000011161	
612.200000	0.000000011171	
612.400000	0.000000011180	
612.600000	0.000000011190	
612.800000	0.000000011199	
613.000000	0.000000011209	
613.200000	0.000000011219	
613.400000	0.000000011228	
613.600000	0.000000011238	
613.800000	0.000000011247	
614.000000	0.000000011257	
614.200000	0.000000011267	
614.400000	0.000000011276	
614.600000	0.000000011286	
614.800000	0.000000011296	
615.000000	0.000000011305	
615.200000	0.000000011315	
615.400000	0.000000011325	
615.600000	0.000000011334	
615.800000	0.000000011344	
616.000000	0.000000011354	
616.200000	0.000000011363	
616.400000	0.000000011373	
616.600000	0.000000011383	
616.800000	0.000000011393	
617.000000	0.000000011402	
617.200000	0.000000011412	
617.400000	0.000000011422	
617.600000	0.000000011432	
617.800000	0.000000011441	
618.000000	0.000000011451	
618.200000	0.000000011461	
618.400000	0.000000011471	
618.600000	0.000000011481	
618.800000	0.000000011491	
619.000000	0.000000011500	
619.200000	0.000000011510	
619.400000	0.000000011520	
619.600000	0.000000011530	
619.800000	0.000000011540	
620.000000	0.000000011550	
620.200000	0.000000011560	
620.400000	0.000000011570	
620.600000	0.000000011580	
620.800000	0.000000011590	
621.000000	0.000000011600	
621.200000	0.000000011610	
621.400000	0.000000011620	
621.600000	0.000000011630	
621.800000	0.000000011640	
622.000000	0.000000011650	
622.200000	0.000000011661	
622.400000	0.000000011671	
622.600000	0.000000011681	
622.800000	0.000000011691	
623.000000	0.000000011701	
623.200000	0.000000011712	
623.400000	0.000000011722	
623.600000	0.000000011732	
623.800000	0.000000011742	
624.000000	0.000000011753	
624.200000	0.000000011763	
624.400000	0.000000011773	
624.600000	0.000000011784	
624.800000	0.000000011794	
625.000000	0.000000011805	
625.200000	0.000000011815	
625.400000	0.000000011826	
625.600000	0.000000011836	
625.800000	0.000000011847	
626.000000	0.000000011857	
626.200000	0.000000011868	
626.400000	0.000000011879	
626.600000	0.000000011889	
626.800000	0.000000011900	
627.000000	0.000000011911	
627.200000	0.000000011922	
627.400000	0.000000011932	
627.600000	0.000000011943	
627.800000	0.000000011954	
628.000000	0.000000011965	
628.200000	0.000000011976	
628.400000	0.000000011987	
628.600000	0.000000011998	
628.800000	0.000000012009	
629.000000	0.000000012020	
629.200000	0.000000012032	
629.400000	0.000000012043	
629.600000	0.000000012054	
629.800000	0.000000012065	
630.000000	0.000000012077	
630.200000	0.000000012088	
630.400000	0.000000012100	
630.600000	0.000000012111	
630.800000	0.000000012123	
631.000000	0.000000012135	
631.200000	0.000000012146	
631.400000	0.000000012158	
631.600000	0.000000012170	
631.800000	0.000000012182	
632.000000	0.000000012194	
632.200000	0.000000012206	
632.400000	0.000000012218	
632.600000	0.000000012230	
632.800000	0.000000012243	
633.000000	0.000000012255	
633.200000	0.000000012268	
633.400000	0.000000012280	
633.600000	0.000000012293	
633.800000	0.000000012306	
634.000000	0.000000012318	
634.200000	0.000000012331	
634.400000	0.000000012344	
634.600000	0.000000012358	
634.800000	0.000000012371	
635.000000	0.000000012384	
635.200000	0.000000012398	
635.400000	0.000000012412	
635.600000	0.000000012425	
635.800000	0.000000012439	
636.000000	0.000000012453	
636.200000	0.000000012468	
636.400000	0.000000012482	
636.600000	0.000000012496	
636.800000	0.000000012511	
637.000000	0.000000012526	
637.200000	0.000000012541	
637.400000	0.000000012557	
637.600000	0.000000012572	
637.800000	0.000000012588	
638.000000	0.000000012604	
638.200000	0.000000012620	
638.400000	0.000000012636	
638.600000	0.000000012653	
638.800000	0.000000012670	
639.000000	0.000000012687	
639.200000	0.000000012705	
639.400000	0.000000012723	
639.600000	0.000000012741	
639.800000	0.000000012760	
640.000000	0.000000012779	
640.200000	0.000000012799	
640.400000	0.000000012818	
640.600000	0.000000012839	
640.800000	0.000000012860	
641.000000	0.000000012881	
641.200000	0.000000012903	
641.400000	0.000000012926	
641.600000	0.000000012950	
641.800000	0.000000012974	
642.000000	0.000000012999	
642.200000	0.000000013025	
642.400000	0.000000013051	
642.600000	0.000000013079	
642.800000	0.000000013108	
643.000000	0.000000013138	
643.200000	0.000000013170	
643.400000	0.000000013203	
643.600000	0.000000013238	
643.800000	0.000000013274	
644.000000	0.000000013313	
644.200000	0.000000013354	
644.400000	0.000000013398	
644.600000	0.000000013445	
644.800000	0.000000013495	
645.000000	0.000000013550	
645.200000	0.000000013610	
645.400000	0.000000013675	
645.600000	0.000000013748	
645.800000	0.000000013829	
646.000000	0.000000013921	
646.200000	0.000000014027	
646.400000	0.000000014151	
646.600000	0.000000014300	
646.800000	0.000000014486	
647.000000	0.000000014728	
647.200000	0.000000015071	
647.400000	0.000000015644	
647.600000	0.000000017684	
647.800000	0.000000037354	
648.000000	0.000000191242	
648.200000	0.000005803894	
648.400000	0.000032576916	
648.600000	0.000069539458	
648.800000	0.000095103365	
649.000000	0.000106173761	
649.200000	0.000110559250	
649.400000	0.000108170957	
649.600000	0.000096998566	
649.800000	0.000075042033	
650.000000	0.000044847904	
650.200000	0.000022802367	
650.400000	0.000010733027	
650.600000	0.000004618751	
650.800000	0.000001880370	
670.800000	0.000000008688	
678.540000	0.000000010362	
678.740000	0.000000010399	
678.940000	0.000000010437	
679.140000	0.000000010474	
679.340000	0.000000010511	
679.540000	0.000000010548	
679.740000	0.000000010585	
679.940000	0.000000010621	
680.140000	0.000000010657	
680.340000	0.000000010692	
680.540000	0.000000010728	
680.740000	0.000000010763	
680.940000	0.000000010798	
681.140000	0.000000010832	
681.340000	0.000000010867	
681.540000	0.000000010901	
681.740000	0.000000010934	
681.940000	0.000000010968	
682.140000	0.000000011001	
682.340000	0.000000011034	
682.540000	0.000000011067	
682.740000	0.000000011099	
682.940000	0.000000011131	
683.140000	0.000000011163	
683.340000	0.000000011195	
683.540000	0.000000011226	
683.740000	0.000000011257	
683.940000	0.000000011288	
684.140000	0.000000011319	
684.340000	0.000000011349	
684.540000	0.000000011379	
684.740000	0.000000011409	
684.940000	0.000000011439	
685.140000	0.000000011468	
685.340000	0.000000011497	
685.540000	0.000000011526	
685.740000	0.000000011555	
685.940000	0.000000011583	
686.140000	0.000000011611	
686.340000	0.000000011639	
686.540000	0.000000011667	
686.740000	0.000000011694	
686.940000	0.000000011722	
687.140000	0.000000011748	
687.340000	0.000000011775	
687.540000	0.000000011802	
687.740000	0.000000011828	
687.940000	0.000000011854	
688.140000	0.000000011880	
688.340000	0.000000011905	
688.540000	0.000000011931	
688.740000	0.000000011956	
688.940000	0.000000011981	
689.140000	0.000000012005	
689.340000	0.000000012030	
689.540000	0.000000012054	
689.740000	0.000000012078	
689.940000	0.000000012102	
690.140000	0.000000012125	
690.340000	0.000000012149	
690.540000	0.000000012172	
690.740000	0.000000012195	
690.940000	0.000000012218	
691.140000	0.000000012240	
691.340000	0.000000012262	
691.540000	0.000000012285	
691.740000	0.000000012306	
691.940000	0.000000012328	
692.140000	0.000000012350	
692.340000	0.000000012371	
692.540000	0.000000012392	
692.740000	0.000000012413	
692.940000	0.000000012434	
693.140000	0.000000012454	
693.340000	0.000000012475	
693.540000	0.000000012495	
693.740000	0.000000012515	
693.940000	0.000000012535	
694.140000	0.000000012554	
694.340000	0.000000012574	
694.540000	0.000000012593	
694.740000	0.000000012612	
694.940000	0.000000012631	
695.140000	0.000000012649	
695.340000	0.000000012668	
695.540000	0.000000012686	
695.740000	0.000000012704	
695.940000	0.000000012722	
696.140000	0.000000012740	
696.340000	0.000000012758	
696.540000	0.000000012775	
696.740000	0.000000012793	
696.940000	0.000000012810	
697.140000	0.000000012827	
697.340000	0.000000012843	
697.540000	0.000000012860	
697.740000	0.000000012876	
697.940000	0.000000012893	
698.140000	0.000000012909	
698.340000	0.000000012925	
698.540000	0.000000012941	
698.740000	0.000000012956	
698.940000	0.000000012972	
699.140000	0.000000012987	
699.340000	0.000000013002	
699.540000	0.000000013017	
699.740000	0.000000013032	
699.940000	0.000000013047	
700.140000	0.000000013061	
700.340000	0.000000013076	
700.540000	0.000000013090	
700.740000	0.000000013104	
700.940000	0.000000013118	
701.140000	0.000000013132	
701.340000	0.000000013145	
701.540000	0.000000013159	
701.740000	0.000000013172	
701.940000	0.000000013185	
702.140000	0.000000013198	
702.340000	0.000000013211	
702.540000	0.000000013224	
702.740000	0.000000013236	
702.940000	0.000000013249	
703.140000	0.000000013261	
703.340000	0.000000013273	
703.540000	0.000000013285	
703.740000	0.000000013297	
703.940000	0.000000013309	
704.140000	0.000000013321	
704.340000	0.000000013332	
704.540000	0.000000013343	
704.740000	0.000000013355	
704.940000	0.000000013366	
705.140000	0.000000013377	
705.340000	0.000000013387	
705.540000	0.000000013398	
705.740000	0.000000013408	
705.940000	0.000000013419	
706.140000	0.000000013429	
706.340000	0.000000013439	
706.540000	0.000000013449	
706.740000	0.000000013459	
706.940000	0.000000013469	
707.140000	0.000000013478	
707.340000	0.000000013488	
707.540000	0.000000013497	
707.740000	0.000000013506	
707.940000	0.000000013515	
708.140000	0.000000013524	
708.340000	0.000000013533	
708.540000	0.000000013541	
708.740000	0.000000013550	
708.940000	0.000000013558	
709.140000	0.000000013566	
709.340000	0.000000013574	
709.540000	0.000000013582	
709.740000	0.000000013590	
709.940000	0.000000013598	
710.140000	0.000000013605	
710.340000	0.000000013613	
710.540000	0.000000013620	
710.740000	0.000000013627	
710.940000	0.000000013634	
711.140000	0.000000013641	
711.340000	0.000000013647	
711.540000	0.000000013654	
711.740000	0.000000013660	
711.940000	0.000000013667	
712.140000	0.000000013673	
712.340000	0.000000013679	
712.540000	0.000000013685	
712.740000	0.000000013690	
712.940000	0.000000013696	
713.140000	0.000000013701	
713.340000	0.000000013707	
713.540000	0.000000013712	
713.740000	0.000000013717	
713.940000	0.000000013722	
714.140000	0.000000013727	
714.340000	0.000000013731	
714.540000	0.000000013736	
714.740000	0.000000013740	
714.940000	0.000000013744	
715.140000	0.000000013748	
715.340000	0.000000013752	
715.540000	0.000000013756	
715.740000	0.000000013759	
715.940000	0.000000013763	
716.140000	0.000000013766	
716.340000	0.000000013769	
716.540000	0.000000013772	
716.740000	0.000000013775	
716.940000	0.000000013777	
717.140000	0.000000013780	
717.340000	0.000000013782	
717.540000	0.000000013784	
717.740000	0.000000013786	
717.940000	0.000000013788	
718.140000	0.000000013790	
718.340000	0.000000013792	
718.540000	0.000000013793	
718.740000	0.000000013794	
718.940000	0.000000013795	
719.140000	0.000000013796	
719.340000	0.000000013797	
719.540000	0.000000013798	
719.740000	0.000000013798	
719.940000	0.000000013798	
720.140000	0.000000013798	
720.340000	0.000000013798	
720.540000	0.000000013798	
720.740000	0.000000013798	
720.940000	0.000000013797	
721.140000	0.000000013797	
721.340000	0.000000013796	
721.540000	0.000000013795	
721.740000	0.000000013793	
721.940000	0.000000013792	
722.140000	0.000000013790	
722.340000	0.000000013789	
722.540000	0.000000013787	
722.740000	0.000000013785	
722.940000	0.000000013783	
723.140000	0.000000013780	
723.340000	0.000000013778	
723.540000	0.000000013775	
723.740000	0.000000013772	
723.940000	0.000000013769	
724.140000	0.000000013766	
724.340000	0.000000013763	
724.540000	0.000000013759	
724.740000	0.000000013755	
724.940000	0.000000013752	
725.140000	0.000000013748	
725.340000	0.000000013743	
725.540000	0.000000013739	
725.740000	0.000000013735	
725.940000	0.000000013730	
726.140000	0.000000013725	
726.340000	0.000000013720	
726.540000	0.000000013715	
726.740000	0.000000013710	
726.940000	0.000000013705	
727.140000	0.000000013699	
727.340000	0.000000013693	
727.540000	0.000000013688	
727.740000	0.000000013682	
727.940000	0.000000013675	
728.140000	0.000000013669	
728.340000	0.000000013663	
728.540000	0.000000013656	
728.740000	0.000000013650	
728.940000	0.000000013643	
729.140000	0.000000013636	
729.340000	0.000000013629	
729.540000	0.000000013622	
729.740000	0.000000013615	
729.940000	0.000000013607	
730.140000	0.000000013600	
730.340000	0.000000013592	
730.540000	0.000000013584	
730.740000	0.000000013576	
730.940000	0.000000013568	
731.140000	0.000000013560	
731.340000	0.000000013552	
731.540000	0.000000013544	
731.740000	0.000000013536	
731.940000	0.000000013527	
732.140000	0.000000013519	
732.340000	0.000000013510	
732.540000	0.000000013501	
732.740000	0.000000013493	
732.940000	0.000000013484	
733.140000	0.000000013475	
733.340000	0.000000013466	
733.540000	0.000000013457	
733.740000	0.000000013448	
733.940000	0.000000013439	
734.140000	0.000000013429	
734.340000	0.000000013420	
734.540000	0.000000013411	
734.740000	0.000000013401	
734.940000	0.000000013392	
735.140000	0.000000013383	
735.340000	0.000000013373	
735.540000	0.000000013363	
735.740000	0.000000013354	
735.940000	0.000000013344	
736.140000	0.000000013335	
736.340000	0.000000013325	
736.540000	0.000000013315	
736.740000	0.000000013305	
736.940000	0.000000013296	
737.140000	0.000000013286	
737.340000	0.000000013276	
737.540000	0.000000013266	
737.740000	0.000000013257	
737.940000	0.000000013247	
738.140000	0.000000013237	
738.340000	0.000000013227	
738.540000	0.000000013217	
738.740000	0.000000013208	
738.940000	0.000000013198	
739.140000	0.000000013188	
739.340000	0.000000013178	
739.540000	0.000000013168	
739.740000	0.000000013158	
739.940000	0.000000013149	
740.140000	0.000000013139	
740.340000	0.000000013129	
740.540000	0.000000013119	
740.740000	0.000000013110	
740.940000	0.000000013100	
741.140000	0.000000013090	
741.340000	0.000000013081	
741.540000	0.000000013071	
741.740000	0.000000013061	
741.940000	0.000000013052	
742.140000	0.000000013042	
742.340000	0.000000013033	
742.540000	0.000000013023	
742.740000	0.000000013014	
742.940000	0.000000013004	
743.140000	0.000000012995	
743.340000	0.000000012986	
743.540000	0.000000012976	
743.740000	0.000000012967	
743.940000	0.000000012958	
744.140000	0.000000012948	
744.340000	0.000000012939	
744.540000	0.000000012930	
744.740000	0.000000012921	
744.940000	0.000000012912	
745.140000	0.000000012903	
745.340000	0.000000012894	
745.540000	0.000000012885	
745.740000	0.000000012876	
745.940000	0.000000012867	
746.140000	0.000000012858	
746.340000	0.000000012849	
746.540000	0.000000012840	
746.740000	0.000000012831	
746.940000	0.000000012823	
747.140000	0.000000012814	
747.340000	0.000000012805	
747.540000	0.000000012797	
747.740000	0.000000012788	
747.940000	0.000000012780	
748.140000	0.000000012771	
748.340000	0.000000012763	
748.540000	0.000000012754	
748.740000	0.000000012746	
748.940000	0.000000012738	
749.140000	0.000000012729	
749.340000	0.000000012721	
749.540000	0.000000012713	
749.740000	0.000000012704	
749.940000	0.000000012696	
750.140000	0.000000012688	
750.340000	0.000000012680	
750.540000	0.000000012672	
750.740000	0.000000012664	
750.940000	0.000000012656	
751.140000	0.000000012648	
751.340000	0.000000012640	
751.540000	0.000000012632	
751.740000	0.000000012624	
751.940000	0.000000012617	
752.140000	0.000000012609	
752.340000	0.000000012601	
752.540000	0.000000012593	
752.740000	0.000000012586	
752.940000	0.000000012578	
753.140000	0.000000012570	
753.340000	0.000000012563	
753.540000	0.000000012555	
753.740000	0.000000012548	
753.940000	0.000000012540	
754.140000	0.000000012533	
754.340000	0.000000012525	
754.540000	0.000000012518	
754.740000	0.000000012510	
754.940000	0.000000012503	
755.140000	0.000000012496	
755.340000	0.000000012488	
755.540000	0.000000012481	
755.740000	0.000000012474	
755.940000	0.000000012467	
756.140000	0.000000012459	
756.340000	0.000000012452	
756.540000	0.000000012445	
756.740000	0.000000012438	
756.940000	0.000000012431	
757.140000	0.000000012424	
757.340000	0.000000012417	
757.540000	0.000000012410	
757.740000	0.000000012403	
757.940000	0.000000012396	
758.140000	0.000000012389	
758.340000	0.000000012382	
758.540000	0.000000012375	
758.740000	0.000000012368	
758.940000	0.000000012361	
759.140000	0.000000012354	
759.340000	0.000000012347	
759.540000	0.000000012340	
759.740000	0.000000012334	
759.940000	0.000000012327	
760.140000	0.000000012320	
760.340000	0.000000012313	
760.540000	0.000000012306	
760.740000	0.000000012300	
760.940000	0.000000012293	
761.140000	0.000000012286	
761.340000	0.000000012280	
761.540000	0.000000012273	
761.740000	0.000000012266	
761.940000	0.000000012260	
762.140000	0.000000012253	
762.340000	0.000000012246	
762.540000	0.000000012240	
762.740000	0.000000012233	
762.940000	0.000000012227	
763.140000	0.000000012220	
763.340000	0.000000012213	
763.540000	0.000000012207	
763.740000	0.000000012200	
763.940000	0.000000012194	
764.140000	0.000000012187	
764.340000	0.000000012181	
764.540000	0.000000012174	
764.740000	0.000000012168	
764.940000	0.000000012161	
765.140000	0.000000012155	
765.340000	0.000000012148	
765.540000	0.000000012142	
765.740000	0.000000012135	
765.940000	0.000000012129	
766.140000	0.000000012123	
766.340000	0.000000012116	
766.540000	0.000000012110	
766.740000	0.000000012103	
766.940000	0.000000012097	
767.140000	0.000000012091	
767.340000	0.000000012084	
767.540000	0.000000012078	
767.740000	0.000000012071	
767.940000	0.000000012065	
768.140000	0.000000012059	
768.340000	0.000000012052	
768.540000	0.000000012046	
768.740000	0.000000012040	
768.940000	0.000000012033	
769.140000	0.000000012027	
769.340000	0.000000012021	
769.540000	0.000000012014	
769.740000	0.000000012008	
769.940000	0.000000012002	
770.140000	0.000000011996	
770.340000	0.000000011989	
770.540000	0.000000011983	
770.740000	0.000000011977	
770.940000	0.000000011970	
771.140000	0.000000011964	
771.340000	0.000000011958	
771.540000	0.000000011952	
771.740000	0.000000011945	
771.940000	0.000000011939	
772.140000	0.000000011933	
772.340000	0.000000011926	
772.540000	0.000000011920	
772.740000	0.000000011914	
772.940000	0.000000011908	
773.140000	0.000000011901	
773.340000	0.000000011895	
773.540000	0.000000011889	
773.740000	0.000000011883	
773.940000	0.000000011876	
774.140000	0.000000011870	
774.340000	0.000000011864	
774.540000	0.000000011858	
774.740000	0.000000011851	
774.940000	0.000000011845	
775.140000	0.000000011839	
775.340000	0.000000011833	
775.540000	0.000000011827	
775.740000	0.000000011820	
775.940000	0.000000011814	
776.140000	0.000000011808	
776.340000	0.000000011802	
776.540000	0.000000011795	
776.740000	0.000000011789	
776.940000	0.000000011783	
777.140000	0.000000011777	
777.340000	0.000000011771	
777.540000	0.000000011764	
777.740000	0.000000011758	
777.940000	0.000000011752	
778.140000	0.000000011746	
778.340000	0.000000011739	
778.540000	0.000000011733	
778.740000	0.000000011727	
778.940000	0.000000011721	
779.140000	0.000000011715	
779.340000	0.000000011708	
779.540000	0.000000011702	
779.740000	0.000000011696	
779.940000	0.000000011690	
780.140000	0.000000011683	
780.340000	0.000000011677	
780.540000	0.000000011671	
780.740000	0.000000011665	
780.940000	0.000000011658	
781.140000	0.000000011652	
781.340000	0.000000011646	
781.540000	0.000000011640	
781.740000	0.000000011634	
781.940000	0.000000011627	
782.140000	0.000000011621	
782.340000	0.000000011615	
782.540000	0.000000011609	
782.740000	0.000000011602	
782.940000	0.000000011596	
783.140000	0.000000011590	
783.340000	0.000000011584	
783.540000	0.000000011578	
783.740000	0.000000011571	
783.940000	0.000000011565	
784.140000	0.000000011559	
784.340000	0.000000011553	
784.540000	0.000000011546	
784.740000	0.000000011540	
784.940000	0.000000011534	
785.140000	0.000000011528	
785.340000	0.000000011521	
785.540000	0.000000011515	
785.740000	0.000000011509	
785.940000	0.000000011503	
786.140000	0.000000011496	
786.340000	0.000000011490	
786.540000	0.000000011484	
786.740000	0.000000011478	
786.940000	0.000000011471	
787.140000	0.000000011465	
787.340000	0.000000011459	
787.540000	0.000000011453	
787.740000	0.000000011446	
787.940000	0.000000011440	
788.140000	0.000000011434	
788.340000	0.000000011427	
788.540000	0.000000011421	
788.740000	0.000000011415	
788.940000	0.000000011409	
789.140000	0.000000011402	
789.340000	0.000000011396	
789.540000	0.000000011390	
789.740000	0.000000011384	
789.940000	0.000000011377	
790.140000	0.000000011371	
790.340000	0.000000011365	
790.540000	0.000000011358	
790.740000	0.000000011352	
790.940000	0.000000011346	
791.140000	0.000000011340	
791.340000	0.000000011333	
791.540000	0.000000011327	
791.740000	0.000000011321	
791.940000	0.000000011314	
792.140000	0.000000011308	
792.340000	0.000000011302	
792.540000	0.000000011296	
792.740000	0.000000011289	
792.940000	0.000000011283	
793.140000	0.000000011277	
793.340000	0.000000011270	
793.540000	0.000000011264	
793.740000	0.000000011258	
793.940000	0.000000011251	
794.140000	0.000000011245	
794.340000	0.000000011239	
794.540000	0.000000011232	
794.740000	0.000000011226	
794.940000	0.000000011220	
795.140000	0.000000011213	
795.340000	0.000000011207	
795.540000	0.000000011201	
795.740000	0.000000011194	
795.940000	0.000000011188	
796.140000	0.000000011182	
796.340000	0.000000011175	
796.540000	0.000000011169	
796.740000	0.000000011163	
796.940000	0.000000011156	
797.140000	0.000000011150	
797.340000	0.000000011144	
797.540000	0.000000011137	
797.740000	0.000000011131	
797.940000	0.000000011125	
798.140000	0.000000011118	
798.340000	0.000000011112	
798.540000	0.000000011106	
798.740000	0.000000011099	
798.940000	0.000000011093	
799.140000	0.000000011087	
799.340000	0.000000011080	
799.540000	0.000000011074	
799.740000	0.000000011068	
799.940000	0.000000011061	
800.140000	0.000000011055	
800.340000	0.000000011048	
800.540000	0.000000011042	
800.740000	0.000000011036	
800.940000	0.000000011029	
801.140000	0.000000011023	
801.340000	0.000000011017	
801.540000	0.000000011010	
801.740000	0.000000011004	
801.940000	0.000000010997	
802.140000	0.000000010991	
802.340000	0.000000010985	
802.540000	0.000000010978	
802.740000	0.000000010972	
802.940000	0.000000010966	
803.140000	0.000000010959	
803.340000	0.000000010953	
803.540000	0.000000010946	
803.740000	0.000000010940	
803.940000	0.000000010934	
804.140000	0.000000010927	
804.340000	0.000000010921	
804.540000	0.000000010914	
804.740000	0.000000010908	
804.940000	0.000000010902	
805.140000	0.000000010895	
805.340000	0.000000010889	
805.540000	0.000000010882	
805.740000	0.000000010876	
805.940000	0.000000010870	
806.140000	0.000000010863	
806.340000	0.000000010857	
806.540000	0.000000010850	
806.740000	0.000000010844	
806.940000	0.000000010837	
807.140000	0.000000010831	
807.340000	0.000000010825	
807.540000	0.000000010818	
807.740000	0.000000010812	
807.940000	0.000000010805	
808.140000	0.000000010799	
808.340000	0.000000010792	
808.540000	0.000000010786	
808.740000	0.000000010780	
808.940000	0.000000010773	
809.140000	0.000000010767	
809.340000	0.000000010760	
809.540000	0.000000010754	
809.740000	0.000000010747	
809.940000	0.000000010741	
810.140000	0.000000010735	
810.340000	0.000000010728	
810.540000	0.000000010722	
810.740000	0.000000010715	
810.940000	0.000000010709	
811.140000	0.000000010702	
811.340000	0.000000010696	
811.540000	0.000000010689	
811.740000	0.000000010683	
811.940000	0.000000010676	
812.140000	0.000000010670	
812.340000	0.000000010664	
812.540000	0.000000010657	
812.740000	0.000000010651	
812.940000	0.000000010644	
813.140000	0.000000010638	
813.340000	0.000000010631	
813.540000	0.000000010625	
813.740000	0.000000010618	
813.940000	0.000000010612	
814.140000	0.000000010605	
814.340000	0.000000010599	
814.540000	0.000000010592	
814.740000	0.000000010586	
814.940000	0.000000010580	
815.140000	0.000000010573	
815.340000	0.000000010567	
815.540000	0.000000010560	
815.740000	0.000000010554	
815.940000	0.000000010547	
816.140000	0.000000010541	
816.340000	0.000000010534	
816.540000	0.000000010528	
816.740000	0.000000010521	
816.940000	0.000000010515	
817.140000	0.000000010508	
817.340000	0.000000010502	
817.540000	0.000000010495	
817.740000	0.000000010489	
817.940000	0.000000010482	
818.140000	0.000000010476	
818.340000	0.000000010469	
818.540000	0.000000010463	
818.740000	0.000000010456	
818.940000	0.000000010450	
819.140000	0.000000010443	
819.340000	0.000000010437	
819.540000	0.000000010430	
819.740000	0.000000010424	
819.940000	0.000000010417	
820.140000	0.000000010411	
820.340000	0.000000010404	
820.540000	0.000000010398	
820.740000	0.000000010391	
820.940000	0.000000010385	
821.140000	0.000000010378	
821.340000	0.000000010372	
821.540000	0.000000010365	
821.740000	0.000000010359	
821.940000	0.000000010352	
822.140000	0.000000010346	
822.340000	0.000000010339	
822.540000	0.000000010333	
822.740000	0.000000010326	
822.940000	0.000000010320	
823.140000	0.000000010313	
823.340000	0.000000010307	
823.540000	0.000000010300	
823.740000	0.000000010294	
823.940000	0.000000010287	
824.140000	0.000000010281	
824.340000	0.000000010274	
824.540000	0.000000010268	
824.740000	0.000000010261	
824.940000	0.000000010255	
825.140000	0.000000010248	
825.340000	0.000000010242	
825.540000	0.000000010235	
825.740000	0.000000010229	
825.940000	0.000000010222	
826.140000	0.000000010216	
826.340000	0.000000010209	
826.540000	0.000000010203	
826.740000	0.000000010196	
826.940000	0.000000010190	
827.140000	0.000000010183	
827.340000	0.000000010177	
827.540000	0.000000010170	
827.740000	0.000000010164	
827.940000	0.000000010157	
828.140000	0.000000010150	
828.340000	0.000000010144	
828.540000	0.000000010137	
828.740000	0.000000010131	
828.940000	0.000000010124	
829.140000	0.000000010118	
829.340000	0.000000010111	
829.540000	0.000000010105	
829.740000	0.000000010098	
829.940000	0.000000010092	
830.140000	0.000000010085	
850.140000	0.000000009433	
870.140000	0.000000008790	
890.140000	0.000000008165	
910.140000	0.000000007566	
930.140000	0.000000006998	
950.140000	0.000000006466	
970.140000	0.000000005971	
990.140000	0.000000005513	
1010.140000	0.000000005093	
1030.140000	0.000000004709	
1050.140000	0.000000004360	
1070.140000	0.000000004045	
1090.140000	0.000000003760	
1110.140000	0.000000003504	
1130.140000	0.000000003275	
1150.140000	0.000000003069	
1170.140000	0.000000002887	
1190.140000	0.000000002724	
1210.140000	0.000000002579	
1230.140000	0.000000002451	
1250.140000	0.000000002338	
1270.140000	0.000000002238	
1290.140000	0.000000002150	
1310.140000	0.000000002073	
1330.140000	0.000000002005	
1350.140000	0.000000001945	
1370.140000	0.000000001894	
1390.140000	0.000000001848	
1410.140000	0.000000001809	
1430.140000	0.000000001775	
1450.140000	0.000000001745	
1470.140000	0.000000001720	
1490.140000	0.000000001698	
1510.140000	0.000000001679	
1530.140000	0.000000001663	
1550.140000	0.000000001650	
1570.140000	0.000000001639	
1590.140000	0.000000001629	
1610.140000	0.000000001622	
1630.140000	0.000000001615	
1650.140000	0.000000001610	
1670.140000	0.000000001606	
1690.140000	0.000000001603	
1710.140000	0.000000001601	
1730.140000	0.000000001600	
1750.140000	0.000000001599	
1770.140000	0.000000001598	
1790.140000	0.000000001598	
1810.140000	0.000000001599	
1830.140000	0.000000001599	
1850.140000	0.000000001600	
1870.140000	0.000000001601	
1890.140000	0.000000001603	
1910.140000	0.000000001604	
1930.140000	0.000000001606	
1950.140000	0.000000001607	
1970.140000	0.000000001609	
1990.140000	0.000000001611	
2010.140000	0.000000001612	
2030.140000	0.000000001614	
2050.140000	0.000000001616	
2070.140000	0.000000001618	
2090.140000	0.000000001619	
2110.140000	0.000000001621	
2130.140000	0.000000001623	
2150.140000	0.000000001624	
2170.140000	0.000000001626	
2190.140000	0.000000001628	
2210.140000	0.000000001629	
2230.140000	0.000000001631	
2250.140000	0.000000001632	
2270.140000	0.000000001634	
2290.140000	0.000000001635	
2310.140000	0.000000001637	
2330.140000	0.000000001638	
2350.140000	0.000000001640	
2370.140000	0.000000001641	
2390.140000	0.000000001642	
2410.140000	0.000000001644	
2430.140000	0.000000001645	
2450.140000	0.000000001646	
2470.140000	0.000000001648	
2490.140000	0.000000001649	
