0.000000	0.002973543189	
20.000000	0.002995548630	
40.000000	0.002994898876	
60.000000	0.002994301244	
80.000000	0.002993981132	
100.000000	0.002993815738	
120.000000	0.002254698180	
140.000000	0.002341909206	
160.000000	0.002432181065	
180.000000	0.002517035561	
200.000000	0.002593830551	
220.000000	0.002662078170	
240.000000	0.002722779238	
260.000000	0.002777063583	
280.000000	0.002825897849	
300.000000	0.002870062081	
320.000000	0.002910187728	
340.000000	0.002949492086	
360.000000	0.002983453486	
380.000000	0.003013939335	
400.000000	0.003041823152	
420.000000	0.003067579292	
440.000000	0.003091523208	
460.000000	0.003113901664	
480.000000	0.003134929376	
500.000000	0.003154806951	
520.000000	0.003204108414	
540.000000	0.003249000193	
560.000000	0.003289999933	
580.000000	0.003327602354	
600.000000	0.003362429543	
608.400000	0.003376488593	
608.600000	0.003376821207	
608.800000	0.003377153766	
609.000000	0.003377486274	
609.200000	0.003377818734	
609.400000	0.003378151149	
609.600000	0.003378483524	
609.800000	0.003378815861	
610.000000	0.003379148166	
610.200000	0.003379480442	
610.400000	0.003379812692	
610.600000	0.003380144922	
610.800000	0.003380477134	
611.000000	0.003380809334	
611.200000	0.003381141524	
611.400000	0.003381473711	
611.600000	0.003381805898	
611.800000	0.003382138089	
612.000000	0.003382470290	
612.200000	0.003382802505	
612.400000	0.003383134738	
612.600000	0.003383466995	
612.800000	0.003383799280	
613.000000	0.003384131598	
613.200000	0.003384463955	
613.400000	0.003384796356	
613.600000	0.003385128805	
613.800000	0.003385461310	
614.000000	0.003385793874	
614.200000	0.003386126503	
614.400000	0.003386459204	
614.600000	0.003386791982	
614.800000	0.003387124843	
615.000000	0.003387457793	
615.200000	0.003387790839	
615.400000	0.003388123986	
615.600000	0.003388457242	
615.800000	0.003388790612	
616.000000	0.003389124104	
616.200000	0.003389457724	
616.400000	0.003389791480	
616.600000	0.003390125378	
616.800000	0.003390459426	
617.000000	0.003390793631	
617.200000	0.003391128002	
617.400000	0.003391462545	
617.600000	0.003391797269	
617.800000	0.003392132183	
618.000000	0.003392467293	
618.200000	0.003392802609	
618.400000	0.003393138140	
618.600000	0.003393473895	
618.800000	0.003393809882	
619.000000	0.003394146111	
619.200000	0.003394482592	
619.400000	0.003394819334	
619.600000	0.003395156348	
619.800000	0.003395493643	
620.000000	0.003395831230	
620.200000	0.003396169120	
620.400000	0.003396507324	
620.600000	0.003396845854	
620.800000	0.003397184720	
621.000000	0.003397523934	
621.200000	0.003397863510	
621.400000	0.003398203459	
621.600000	0.003398543794	
621.800000	0.003398884529	
622.000000	0.003399225676	
622.200000	0.003399567250	
622.400000	0.003399909264	
622.600000	0.003400251734	
622.800000	0.003400594674	
623.000000	0.003400938100	
623.200000	0.003401282027	
623.400000	0.003401626472	
623.600000	0.003401971452	
623.800000	0.003402316983	
624.000000	0.003402663083	
624.200000	0.003403009771	
624.400000	0.003403357065	
624.600000	0.003403704984	
624.800000	0.003404053548	
625.000000	0.003404402778	
625.200000	0.003404752694	
625.400000	0.003405103318	
625.600000	0.003405454672	
625.800000	0.003405806780	
626.000000	0.003406159665	
626.200000	0.003406513351	
626.400000	0.003406867864	
626.600000	0.003407223229	
626.800000	0.003407579474	
627.000000	0.003407936626	
627.200000	0.003408294714	
627.400000	0.003408653768	
627.600000	0.003409013817	
627.800000	0.003409374895	
628.000000	0.003409737032	
628.200000	0.003410100264	
628.400000	0.003410464625	
628.600000	0.003410830152	
628.800000	0.003411196882	
629.000000	0.003411564854	
629.200000	0.003411934109	
629.400000	0.003412304688	
629.600000	0.003412676635	
629.800000	0.003413049995	
630.000000	0.003413424814	
630.200000	0.003413801142	
630.400000	0.003414179029	
630.600000	0.003414558527	
630.800000	0.003414939691	
631.000000	0.003415322578	
631.200000	0.003415707248	
631.400000	0.003416093761	
631.600000	0.003416482182	
631.800000	0.003416872578	
632.000000	0.003417265020	
632.200000	0.003417659579	
632.400000	0.003418056332	
632.600000	0.003418455360	
632.800000	0.003418856744	
633.000000	0.003419260573	
633.200000	0.003419666937	
633.400000	0.003420075932	
633.600000	0.003420487658	
633.800000	0.003420902220	
634.000000	0.003421319728	
634.200000	0.003421740298	
634.400000	0.003422164053	
634.600000	0.003422591119	
634.800000	0.003423021631	
635.000000	0.003423455732	
635.200000	0.003423893571	
635.400000	0.003424335306	
635.600000	0.003424781104	
635.800000	0.003425231140	
636.000000	0.003425685603	
636.200000	0.003426144688	
636.400000	0.003426608606	
636.600000	0.003427077579	
636.800000	0.003427551842	
637.000000	0.003428031647	
637.200000	0.003428517261	
637.400000	0.003429008969	
637.600000	0.003429507075	
637.800000	0.003430011904	
638.000000	0.003430523802	
638.200000	0.003431043143	
638.400000	0.003431570325	
638.600000	0.003432105778	
638.800000	0.003432649964	
639.000000	0.003433203381	
639.200000	0.003433766565	
639.400000	0.003434340099	
639.600000	0.003434924611	
639.800000	0.003435520786	
640.000000	0.003436129367	
640.200000	0.003436751165	
640.400000	0.003437387066	
640.600000	0.003438038040	
640.800000	0.003438705152	
641.000000	0.003439389573	
641.200000	0.003440092597	
641.400000	0.003440815657	
641.600000	0.003441560342	
641.800000	0.003442328425	
642.000000	0.003443121886	
642.200000	0.003443942946	
642.400000	0.003444794112	
642.600000	0.003445678217	
642.800000	0.003446598482	
643.000000	0.003447558589	
643.200000	0.003448562768	
643.400000	0.003449615904	
643.600000	0.003450723683	
643.800000	0.003451892760	
644.000000	0.003453130993	
644.200000	0.003454447735	
644.400000	0.003455854223	
644.600000	0.003457364106	
644.800000	0.003458994159	
645.000000	0.003460765275	
645.200000	0.003462703881	
645.400000	0.003464844006	
645.600000	0.003467230384	
645.800000	0.003469923285	
646.000000	0.003473006350	
646.200000	0.003476599964	
646.400000	0.003480885524	
646.600000	0.003486153241	
646.800000	0.003492906902	
647.000000	0.003502131524	
647.200000	0.003516161618	
647.400000	0.003543107550	
647.600000	0.003699533707	
647.800000	0.004511404698	
648.000000	0.005965620596	
648.200000	0.010486544763	
648.400000	0.011043992440	
648.600000	0.010422366910	
648.800000	0.009346483281	
649.000000	0.008324850901	
649.200000	0.007663904596	
649.400000	0.007111265131	
649.600000	0.006521774271	
649.800000	0.005789575589	
650.000000	0.004792464213	
650.200000	0.004007652285	
650.400000	0.003567413518	
650.600000	0.003296578983	
650.800000	0.003143705267	
670.800000	0.003221019901	
678.540000	0.003302921824	
678.740000	0.003304622855	
678.940000	0.003306305797	
679.140000	0.003307970844	
679.340000	0.003309618191	
679.540000	0.003311248030	
679.740000	0.003312860551	
679.940000	0.003314455944	
680.140000	0.003316034397	
680.340000	0.003317596094	
680.540000	0.003319141221	
680.740000	0.003320669960	
680.940000	0.003322182492	
681.140000	0.003323678995	
681.340000	0.003325159648	
681.540000	0.003326624626	
681.740000	0.003328074103	
681.940000	0.003329508252	
682.140000	0.003330927244	
682.340000	0.003332331247	
682.540000	0.003333720429	
682.740000	0.003335094955	
682.940000	0.003336454989	
683.140000	0.003337800694	
683.340000	0.003339132230	
683.540000	0.003340449756	
683.740000	0.003341753428	
683.940000	0.003343043404	
684.140000	0.003344319835	
684.340000	0.003345582875	
684.540000	0.003346832674	
684.740000	0.003348069380	
684.940000	0.003349293142	
685.140000	0.003350504103	
685.340000	0.003351702408	
685.540000	0.003352888200	
685.740000	0.003354061619	
685.940000	0.003355222804	
686.140000	0.003356371891	
686.340000	0.003357509018	
686.540000	0.003358634318	
686.740000	0.003359747924	
686.940000	0.003360849967	
687.140000	0.003361940576	
687.340000	0.003363019879	
687.540000	0.003364088002	
687.740000	0.003365145072	
687.940000	0.003366191209	
688.140000	0.003367226538	
688.340000	0.003368251177	
688.540000	0.003369265246	
688.740000	0.003370268862	
688.940000	0.003371262140	
689.140000	0.003372245196	
689.340000	0.003373218142	
689.540000	0.003374181090	
689.740000	0.003375134150	
689.940000	0.003376077430	
690.140000	0.003377011038	
690.340000	0.003377935080	
690.540000	0.003378849660	
690.740000	0.003379754881	
690.940000	0.003380650845	
691.140000	0.003381537652	
691.340000	0.003382415402	
691.540000	0.003383284192	
691.740000	0.003384144118	
691.940000	0.003384995276	
692.140000	0.003385837760	
692.340000	0.003386671661	
692.540000	0.003387497072	
692.740000	0.003388314081	
692.940000	0.003389122779	
693.140000	0.003389923251	
693.340000	0.003390715585	
693.540000	0.003391499866	
693.740000	0.003392276176	
693.940000	0.003393044599	
694.140000	0.003393805216	
694.340000	0.003394558107	
694.540000	0.003395303351	
694.740000	0.003396041025	
694.940000	0.003396771207	
695.140000	0.003397493972	
695.340000	0.003398209394	
695.540000	0.003398917546	
695.740000	0.003399618500	
695.940000	0.003400312327	
696.140000	0.003400999097	
696.340000	0.003401678879	
696.540000	0.003402351739	
696.740000	0.003403017745	
696.940000	0.003403676962	
697.140000	0.003404329454	
697.340000	0.003404975285	
697.540000	0.003405614516	
697.740000	0.003406247209	
697.940000	0.003406873423	
698.140000	0.003407493218	
698.340000	0.003408106652	
698.540000	0.003408713781	
698.740000	0.003409314662	
698.940000	0.003409909349	
699.140000	0.003410497896	
699.340000	0.003411080356	
699.540000	0.003411656781	
699.740000	0.003412227221	
699.940000	0.003412791727	
700.140000	0.003413350348	
700.340000	0.003413903131	
700.540000	0.003414450122	
700.740000	0.003414991369	
700.940000	0.003415526916	
701.140000	0.003416056807	
701.340000	0.003416581084	
701.540000	0.003417099791	
701.740000	0.003417612968	
701.940000	0.003418120655	
702.140000	0.003418622891	
702.340000	0.003419119715	
702.540000	0.003419611164	
702.740000	0.003420097274	
702.940000	0.003420578080	
703.140000	0.003421053618	
703.340000	0.003421523921	
703.540000	0.003421989021	
703.740000	0.003422448950	
703.940000	0.003422903739	
704.140000	0.003423353417	
704.340000	0.003423798014	
704.540000	0.003424237558	
704.740000	0.003424672076	
704.940000	0.003425101593	
705.140000	0.003425526136	
705.340000	0.003425945728	
705.540000	0.003426360393	
705.740000	0.003426770154	
705.940000	0.003427175032	
706.140000	0.003427575048	
706.340000	0.003427970222	
706.540000	0.003428360572	
706.740000	0.003428746118	
706.940000	0.003429126875	
707.140000	0.003429502861	
707.340000	0.003429874091	
707.540000	0.003430240579	
707.740000	0.003430602339	
707.940000	0.003430959383	
708.140000	0.003431311724	
708.340000	0.003431659372	
708.540000	0.003432002338	
708.740000	0.003432340631	
708.940000	0.003432674259	
709.140000	0.003433003230	
709.340000	0.003433327550	
709.540000	0.003433647226	
709.740000	0.003433962262	
709.940000	0.003434272663	
710.140000	0.003434578431	
710.340000	0.003434879569	
710.540000	0.003435176080	
710.740000	0.003435467963	
710.940000	0.003435755219	
711.140000	0.003436037847	
711.340000	0.003436315846	
711.540000	0.003436589213	
711.740000	0.003436857945	
711.940000	0.003437122038	
712.140000	0.003437381489	
712.340000	0.003437636290	
712.540000	0.003437886437	
712.740000	0.003438131922	
712.940000	0.003438372739	
713.140000	0.003438608878	
713.340000	0.003438840332	
713.540000	0.003439067091	
713.740000	0.003439289144	
713.940000	0.003439506481	
714.140000	0.003439719092	
714.340000	0.003439926963	
714.540000	0.003440130083	
714.740000	0.003440328439	
714.940000	0.003440522018	
715.140000	0.003440710805	
715.340000	0.003440894787	
715.540000	0.003441073948	
715.740000	0.003441248275	
715.940000	0.003441417750	
716.140000	0.003441582360	
716.340000	0.003441742088	
716.540000	0.003441896917	
716.740000	0.003442046831	
716.940000	0.003442191814	
717.140000	0.003442331849	
717.340000	0.003442466919	
717.540000	0.003442597008	
717.740000	0.003442722098	
717.940000	0.003442842173	
718.140000	0.003442957215	
718.340000	0.003443067210	
718.540000	0.003443172140	
718.740000	0.003443271989	
718.940000	0.003443366741	
719.140000	0.003443456381	
719.340000	0.003443540893	
719.540000	0.003443620264	
719.740000	0.003443694479	
719.940000	0.003443763524	
720.140000	0.003443827386	
720.340000	0.003443886054	
720.540000	0.003443939516	
720.740000	0.003443987760	
720.940000	0.003444030778	
721.140000	0.003444068559	
721.340000	0.003444101097	
721.540000	0.003444128384	
721.740000	0.003444150414	
721.940000	0.003444167182	
722.140000	0.003444178685	
722.340000	0.003444184921	
722.540000	0.003444185888	
722.740000	0.003444181587	
722.940000	0.003444172020	
723.140000	0.003444157190	
723.340000	0.003444137102	
723.540000	0.003444111763	
723.740000	0.003444081179	
723.940000	0.003444045362	
724.140000	0.003444004321	
724.340000	0.003443958071	
724.540000	0.003443906627	
724.740000	0.003443850004	
724.940000	0.003443788223	
725.140000	0.003443721302	
725.340000	0.003443649265	
725.540000	0.003443572136	
725.740000	0.003443489941	
725.940000	0.003443402709	
726.140000	0.003443310469	
726.340000	0.003443213254	
726.540000	0.003443111099	
726.740000	0.003443004039	
726.940000	0.003442892112	
727.140000	0.003442775360	
727.340000	0.003442653823	
727.540000	0.003442527547	
727.740000	0.003442396577	
727.940000	0.003442260962	
728.140000	0.003442120750	
728.340000	0.003441975995	
728.540000	0.003441826749	
728.740000	0.003441673069	
728.940000	0.003441515010	
729.140000	0.003441352632	
729.340000	0.003441185996	
729.540000	0.003441015163	
729.740000	0.003440840197	
729.940000	0.003440661163	
730.140000	0.003440478128	
730.340000	0.003440291159	
730.540000	0.003440100325	
730.740000	0.003439905698	
730.940000	0.003439707347	
731.140000	0.003439505346	
731.340000	0.003439299768	
731.540000	0.003439090688	
731.740000	0.003438878180	
731.940000	0.003438662322	
732.140000	0.003438443188	
732.340000	0.003438220857	
732.540000	0.003437995406	
732.740000	0.003437766913	
732.940000	0.003437535457	
733.140000	0.003437301116	
733.340000	0.003437063969	
733.540000	0.003436824096	
733.740000	0.003436581574	
733.940000	0.003436336483	
734.140000	0.003436088902	
734.340000	0.003435838909	
734.540000	0.003435586582	
734.740000	0.003435331999	
734.940000	0.003435075237	
735.140000	0.003434816373	
735.340000	0.003434555483	
735.540000	0.003434292644	
735.740000	0.003434027929	
735.940000	0.003433761412	
736.140000	0.003433493168	
736.340000	0.003433223267	
736.540000	0.003432951783	
736.740000	0.003432678784	
736.940000	0.003432404341	
737.140000	0.003432128522	
737.340000	0.003431851393	
737.540000	0.003431573022	
737.740000	0.003431293472	
737.940000	0.003431012807	
738.140000	0.003430731090	
738.340000	0.003430448381	
738.540000	0.003430164741	
738.740000	0.003429880227	
738.940000	0.003429594897	
739.140000	0.003429308806	
739.340000	0.003429022008	
739.540000	0.003428734557	
739.740000	0.003428446504	
739.940000	0.003428157899	
740.140000	0.003427868791	
740.340000	0.003427579226	
740.540000	0.003427289251	
740.740000	0.003426998910	
740.940000	0.003426708246	
741.140000	0.003426417300	
741.340000	0.003426126113	
741.540000	0.003425834724	
741.740000	0.003425543170	
741.940000	0.003425251486	
742.140000	0.003424959708	
742.340000	0.003424667870	
742.540000	0.003424376002	
742.740000	0.003424084136	
742.940000	0.003423792301	
743.140000	0.003423500526	
743.340000	0.003423208837	
743.540000	0.003422917260	
743.740000	0.003422625819	
743.940000	0.003422334538	
744.140000	0.003422043440	
744.340000	0.003421752544	
744.540000	0.003421461871	
744.740000	0.003421171439	
744.940000	0.003420881267	
745.140000	0.003420591372	
745.340000	0.003420301768	
745.540000	0.003420012471	
745.740000	0.003419723494	
745.940000	0.003419434850	
746.140000	0.003419146552	
746.340000	0.003418858609	
746.540000	0.003418571033	
746.740000	0.003418283833	
746.940000	0.003417997017	
747.140000	0.003417710593	
747.340000	0.003417424568	
747.540000	0.003417138948	
747.740000	0.003416853739	
747.940000	0.003416568945	
748.140000	0.003416284572	
748.340000	0.003416000621	
748.540000	0.003415717098	
748.740000	0.003415434003	
748.940000	0.003415151339	
749.140000	0.003414869106	
749.340000	0.003414587307	
749.540000	0.003414305940	
749.740000	0.003414025006	
749.940000	0.003413744503	
750.140000	0.003413464432	
750.340000	0.003413184790	
750.540000	0.003412905575	
750.740000	0.003412626785	
750.940000	0.003412348417	
751.140000	0.003412070468	
751.340000	0.003411792935	
751.540000	0.003411515814	
751.740000	0.003411239101	
751.940000	0.003410962792	
752.140000	0.003410686882	
752.340000	0.003410411367	
752.540000	0.003410136241	
752.740000	0.003409861499	
752.940000	0.003409587136	
753.140000	0.003409313146	
753.340000	0.003409039523	
753.540000	0.003408766261	
753.740000	0.003408493354	
753.940000	0.003408220797	
754.140000	0.003407948581	
754.340000	0.003407676701	
754.540000	0.003407405151	
754.740000	0.003407133923	
754.940000	0.003406863010	
755.140000	0.003406592406	
755.340000	0.003406322103	
755.540000	0.003406052095	
755.740000	0.003405782374	
755.940000	0.003405512933	
756.140000	0.003405243765	
756.340000	0.003404974862	
756.540000	0.003404706218	
756.740000	0.003404437825	
756.940000	0.003404169675	
757.140000	0.003403901762	
757.340000	0.003403634078	
757.540000	0.003403366615	
757.740000	0.003403099367	
757.940000	0.003402832326	
758.140000	0.003402565484	
758.340000	0.003402298835	
758.540000	0.003402032372	
758.740000	0.003401766086	
758.940000	0.003401499971	
759.140000	0.003401234020	
759.340000	0.003400968225	
759.540000	0.003400702580	
759.740000	0.003400437078	
759.940000	0.003400171711	
760.140000	0.003399906474	
760.340000	0.003399641358	
760.540000	0.003399376357	
760.740000	0.003399111465	
760.940000	0.003398846675	
761.140000	0.003398581980	
761.340000	0.003398317373	
761.540000	0.003398052850	
761.740000	0.003397788402	
761.940000	0.003397524024	
762.140000	0.003397259709	
762.340000	0.003396995452	
762.540000	0.003396731246	
762.740000	0.003396467085	
762.940000	0.003396202964	
763.140000	0.003395938877	
763.340000	0.003395674817	
763.540000	0.003395410780	
763.740000	0.003395146759	
763.940000	0.003394882749	
764.140000	0.003394618745	
764.340000	0.003394354741	
764.540000	0.003394090732	
764.740000	0.003393826714	
764.940000	0.003393562680	
765.140000	0.003393298626	
765.340000	0.003393034546	
765.540000	0.003392770437	
765.740000	0.003392506293	
765.940000	0.003392242109	
766.140000	0.003391977882	
766.340000	0.003391713606	
766.540000	0.003391449277	
766.740000	0.003391184890	
766.940000	0.003390920442	
767.140000	0.003390655927	
767.340000	0.003390391343	
767.540000	0.003390126685	
767.740000	0.003389861948	
767.940000	0.003389597130	
768.140000	0.003389332225	
768.340000	0.003389067231	
768.540000	0.003388802144	
768.740000	0.003388536960	
768.940000	0.003388271676	
769.140000	0.003388006287	
769.340000	0.003387740791	
769.540000	0.003387475185	
769.740000	0.003387209464	
769.940000	0.003386943627	
770.140000	0.003386677669	
770.340000	0.003386411588	
770.540000	0.003386145381	
770.740000	0.003385879045	
770.940000	0.003385612576	
771.140000	0.003385345973	
771.340000	0.003385079232	
771.540000	0.003384812350	
771.740000	0.003384545326	
771.940000	0.003384278156	
772.140000	0.003384010838	
772.340000	0.003383743370	
772.540000	0.003383475749	
772.740000	0.003383207973	
772.940000	0.003382940039	
773.140000	0.003382671945	
773.340000	0.003382403690	
773.540000	0.003382135271	
773.740000	0.003381866685	
773.940000	0.003381597932	
774.140000	0.003381329008	
774.340000	0.003381059913	
774.540000	0.003380790643	
774.740000	0.003380521198	
774.940000	0.003380251576	
775.140000	0.003379981774	
775.340000	0.003379711791	
775.540000	0.003379441626	
775.740000	0.003379171277	
775.940000	0.003378900741	
776.140000	0.003378630019	
776.340000	0.003378359108	
776.540000	0.003378088006	
776.740000	0.003377816713	
776.940000	0.003377545227	
777.140000	0.003377273547	
777.340000	0.003377001670	
777.540000	0.003376729598	
777.740000	0.003376457327	
777.940000	0.003376184856	
778.140000	0.003375912185	
778.340000	0.003375639313	
778.540000	0.003375366238	
778.740000	0.003375092959	
778.940000	0.003374819475	
779.140000	0.003374545786	
779.340000	0.003374271890	
779.540000	0.003373997786	
779.740000	0.003373723474	
779.940000	0.003373448952	
780.140000	0.003373174219	
780.340000	0.003372899276	
780.540000	0.003372624120	
780.740000	0.003372348752	
780.940000	0.003372073170	
781.140000	0.003371797374	
781.340000	0.003371521363	
781.540000	0.003371245136	
781.740000	0.003370968693	
781.940000	0.003370692033	
782.140000	0.003370415155	
782.340000	0.003370138059	
782.540000	0.003369860745	
782.740000	0.003369583211	
782.940000	0.003369305457	
783.140000	0.003369027483	
783.340000	0.003368749288	
783.540000	0.003368470871	
783.740000	0.003368192233	
783.940000	0.003367913372	
784.140000	0.003367634289	
784.340000	0.003367354983	
784.540000	0.003367075453	
784.740000	0.003366795699	
784.940000	0.003366515721	
785.140000	0.003366235519	
785.340000	0.003365955091	
785.540000	0.003365674439	
785.740000	0.003365393560	
785.940000	0.003365112456	
786.140000	0.003364831126	
786.340000	0.003364549570	
786.540000	0.003364267787	
786.740000	0.003363985777	
786.940000	0.003363703539	
787.140000	0.003363421075	
787.340000	0.003363138383	
787.540000	0.003362855464	
787.740000	0.003362572316	
787.940000	0.003362288941	
788.140000	0.003362005338	
788.340000	0.003361721506	
788.540000	0.003361437445	
788.740000	0.003361153157	
788.940000	0.003360868639	
789.140000	0.003360583893	
789.340000	0.003360298917	
789.540000	0.003360013713	
789.740000	0.003359728280	
789.940000	0.003359442617	
790.140000	0.003359156726	
790.340000	0.003358870605	
790.540000	0.003358584255	
790.740000	0.003358297675	
790.940000	0.003358010866	
791.140000	0.003357723828	
791.340000	0.003357436560	
791.540000	0.003357149063	
791.740000	0.003356861337	
791.940000	0.003356573381	
792.140000	0.003356285196	
792.340000	0.003355996781	
792.540000	0.003355708137	
792.740000	0.003355419263	
792.940000	0.003355130161	
793.140000	0.003354840829	
793.340000	0.003354551268	
793.540000	0.003354261478	
793.740000	0.003353971458	
793.940000	0.003353681210	
794.140000	0.003353390733	
794.340000	0.003353100027	
794.540000	0.003352809092	
794.740000	0.003352517928	
794.940000	0.003352226536	
795.140000	0.003351934915	
795.340000	0.003351643066	
795.540000	0.003351350988	
795.740000	0.003351058682	
795.940000	0.003350766148	
796.140000	0.003350473387	
796.340000	0.003350180397	
796.540000	0.003349887179	
796.740000	0.003349593734	
796.940000	0.003349300061	
797.140000	0.003349006161	
797.340000	0.003348712034	
797.540000	0.003348417680	
797.740000	0.003348123099	
797.940000	0.003347828290	
798.140000	0.003347533256	
798.340000	0.003347237995	
798.540000	0.003346942507	
798.740000	0.003346646793	
798.940000	0.003346350854	
799.140000	0.003346054688	
799.340000	0.003345758297	
799.540000	0.003345461680	
799.740000	0.003345164838	
799.940000	0.003344867771	
800.140000	0.003344570479	
800.340000	0.003344272962	
800.540000	0.003343975220	
800.740000	0.003343677255	
800.940000	0.003343379064	
801.140000	0.003343080650	
801.340000	0.003342782012	
801.540000	0.003342483151	
801.740000	0.003342184066	
801.940000	0.003341884757	
802.140000	0.003341585226	
802.340000	0.003341285472	
802.540000	0.003340985495	
802.740000	0.003340685296	
802.940000	0.003340384875	
803.140000	0.003340084231	
803.340000	0.003339783366	
803.540000	0.003339482280	
803.740000	0.003339180972	
803.940000	0.003338879443	
804.140000	0.003338577693	
804.340000	0.003338275722	
804.540000	0.003337973531	
804.740000	0.003337671120	
804.940000	0.003337368489	
805.140000	0.003337065638	
805.340000	0.003336762568	
805.540000	0.003336459278	
805.740000	0.003336155770	
805.940000	0.003335852042	
806.140000	0.003335548096	
806.340000	0.003335243932	
806.540000	0.003334939549	
806.740000	0.003334634949	
806.940000	0.003334330131	
807.140000	0.003334025096	
807.340000	0.003333719844	
807.540000	0.003333414375	
807.740000	0.003333108689	
807.940000	0.003332802787	
808.140000	0.003332496669	
808.340000	0.003332190336	
808.540000	0.003331883786	
808.740000	0.003331577021	
808.940000	0.003331270042	
809.140000	0.003330962847	
809.340000	0.003330655438	
809.540000	0.003330347815	
809.740000	0.003330039977	
809.940000	0.003329731926	
810.140000	0.003329423662	
810.340000	0.003329115184	
810.540000	0.003328806493	
810.740000	0.003328497590	
810.940000	0.003328188474	
811.140000	0.003327879146	
811.340000	0.003327569607	
811.540000	0.003327259855	
811.740000	0.003326949893	
811.940000	0.003326639719	
812.140000	0.003326329335	
812.340000	0.003326018740	
812.540000	0.003325707935	
812.740000	0.003325396920	
812.940000	0.003325085695	
813.140000	0.003324774261	
813.340000	0.003324462618	
813.540000	0.003324150766	
813.740000	0.003323838705	
813.940000	0.003323526437	
814.140000	0.003323213960	
814.340000	0.003322901276	
814.540000	0.003322588384	
814.740000	0.003322275285	
814.940000	0.003321961980	
815.140000	0.003321648468	
815.340000	0.003321334750	
815.540000	0.003321020825	
815.740000	0.003320706695	
815.940000	0.003320392360	
816.140000	0.003320077820	
816.340000	0.003319763075	
816.540000	0.003319448126	
816.740000	0.003319132972	
816.940000	0.003318817615	
817.140000	0.003318502054	
817.340000	0.003318186289	
817.540000	0.003317870322	
817.740000	0.003317554152	
817.940000	0.003317237780	
818.140000	0.003316921205	
818.340000	0.003316604429	
818.540000	0.003316287451	
818.740000	0.003315970273	
818.940000	0.003315652893	
819.140000	0.003315335313	
819.340000	0.003315017532	
819.540000	0.003314699552	
819.740000	0.003314381372	
819.940000	0.003314062992	
820.140000	0.003313744414	
820.340000	0.003313425637	
820.540000	0.003313106661	
820.740000	0.003312787487	
820.940000	0.003312468116	
821.140000	0.003312148547	
821.340000	0.003311828781	
821.540000	0.003311508818	
821.740000	0.003311188658	
821.940000	0.003310868302	
822.140000	0.003310547751	
822.340000	0.003310227004	
822.540000	0.003309906061	
822.740000	0.003309584923	
822.940000	0.003309263591	
823.140000	0.003308942065	
823.340000	0.003308620344	
823.540000	0.003308298430	
823.740000	0.003307976322	
823.940000	0.003307654021	
824.140000	0.003307331528	
824.340000	0.003307008842	
824.540000	0.003306685964	
824.740000	0.003306362894	
824.940000	0.003306039632	
825.140000	0.003305716180	
825.340000	0.003305392537	
825.540000	0.003305068703	
825.740000	0.003304744679	
825.940000	0.003304420465	
826.140000	0.003304096061	
826.340000	0.003303771469	
826.540000	0.003303446687	
826.740000	0.003303121717	
826.940000	0.003302796559	
827.140000	0.003302471212	
827.340000	0.003302145679	
827.540000	0.003301819958	
827.740000	0.003301494050	
827.940000	0.003301167955	
828.140000	0.003300841674	
828.340000	0.003300515207	
828.540000	0.003300188555	
828.740000	0.003299861717	
828.940000	0.003299534694	
829.140000	0.003299207487	
829.340000	0.003298880095	
829.540000	0.003298552520	
829.740000	0.003298224760	
829.940000	0.003297896818	
830.140000	0.003297568692	
850.140000	0.003263890500	
870.140000	0.003228731862	
890.140000	0.003192443936	
910.140000	0.003155368166	
930.140000	0.003117827289	
950.140000	0.003080121326	
970.140000	0.003042526329	
990.140000	0.003005294648	
1010.140000	0.002968655799	
1030.140000	0.002932817446	
1050.140000	0.002897966233	
1070.140000	0.002864268383	
1090.140000	0.002831869948	
1110.140000	0.002800897629	
1130.140000	0.002771457735	
1150.140000	0.002743636513	
1170.140000	0.002717500244	
1190.140000	0.002693094804	
1210.140000	0.002670446160	
1230.140000	0.002649561065	
1250.140000	0.002630428032	
1270.140000	0.002613018695	
1290.140000	0.002597289495	
1310.140000	0.002583183642	
1330.140000	0.002570633249	
1350.140000	0.002559561572	
1370.140000	0.002549885240	
1390.140000	0.002541516401	
1410.140000	0.002534364706	
1430.140000	0.002528339086	
1450.140000	0.002523349281	
1470.140000	0.002519307113	
1490.140000	0.002516127508	
1510.140000	0.002513729268	
1530.140000	0.002512035626	
1550.140000	0.002510974614	
1570.140000	0.002510479258	
1590.140000	0.002510487645	
1610.140000	0.002510942878	
1630.140000	0.002511792952	
1650.140000	0.002512990563	
1670.140000	0.002514492875	
1690.140000	0.002516261262	
1710.140000	0.002518261025	
1730.140000	0.002520461105	
1750.140000	0.002522833800	
1770.140000	0.002525354482	
1790.140000	0.002528001324	
1810.140000	0.002530755045	
1830.140000	0.002533598661	
1850.140000	0.002536517259	
1870.140000	0.002539497784	
1890.140000	0.002542528841	
1910.140000	0.002545600515	
1930.140000	0.002548704209	
1950.140000	0.002551832488	
1970.140000	0.002554978948	
1990.140000	0.002558138094	
2010.140000	0.002561305223	
2030.140000	0.002564476332	
2050.140000	0.002567648026	
2070.140000	0.002570817440	
2090.140000	0.002573982169	
2110.140000	0.002577140204	
2130.140000	0.002580289882	
2150.140000	0.002583429830	
2170.140000	0.002586558929	
2190.140000	0.002589676275	
2210.140000	0.002592781142	
2230.140000	0.002595872961	
2250.140000	0.002598951290	
2270.140000	0.002602015792	
2290.140000	0.002605066220	
2310.140000	0.002608102400	
2330.140000	0.002611124215	
2350.140000	0.002614131595	
2370.140000	0.002617124507	
2390.140000	0.002620102947	
2410.140000	0.002623066931	
2430.140000	0.002626016491	
2450.140000	0.002628951670	
2470.140000	0.002631872515	
2490.140000	0.002634779078	
