0.000000	0.032293666221	
20.000000	0.032303760082	
40.000000	0.032301712277	
60.000000	0.032301538801	
80.000000	0.032301693298	
100.000000	0.032301904891	
120.000000	0.032201565245	
140.000000	0.033011963039	
160.000000	0.033604176837	
180.000000	0.034186350093	
200.000000	0.034769817671	
220.000000	0.035357947253	
240.000000	0.035950543180	
260.000000	0.036546397656	
280.000000	0.037144197994	
300.000000	0.037742749268	
320.000000	0.038341012082	
340.000000	0.038930599020	
360.000000	0.039515588897	
380.000000	0.040098187947	
400.000000	0.040677887371	
420.000000	0.041254161865	
440.000000	0.041826618867	
460.000000	0.042394971885	
480.000000	0.042958992310	
500.000000	0.043518525491	
520.000000	0.044028060703	
540.000000	0.044478726339	
560.000000	0.044886595173	
580.000000	0.045256667485	
600.000000	0.045592570576	
608.400000	0.045724352629	
608.600000	0.045727427707	
608.800000	0.045730499950	
609.000000	0.045733569364	
609.200000	0.045736635955	
609.400000	0.045739699730	
609.600000	0.045742760692	
609.800000	0.045745818850	
610.000000	0.045748874208	
610.200000	0.045751926772	
610.400000	0.045754976550	
610.600000	0.045758023546	
610.800000	0.045761067767	
611.000000	0.045764109220	
611.200000	0.045767147911	
611.400000	0.045770183846	
611.600000	0.045773217032	
611.800000	0.045776247475	
612.000000	0.045779275182	
612.200000	0.045782300160	
612.400000	0.045785322415	
612.600000	0.045788341955	
612.800000	0.045791358786	
613.000000	0.045794372916	
613.200000	0.045797384351	
613.400000	0.045800393100	
613.600000	0.045803399168	
613.800000	0.045806402564	
614.000000	0.045809403295	
614.200000	0.045812401369	
614.400000	0.045815396793	
614.600000	0.045818389575	
614.800000	0.045821379724	
615.000000	0.045824367247	
615.200000	0.045827352152	
615.400000	0.045830334448	
615.600000	0.045833314143	
615.800000	0.045836291245	
616.000000	0.045839265764	
616.200000	0.045842237707	
616.400000	0.045845207085	
616.600000	0.045848173906	
616.800000	0.045851138178	
617.000000	0.045854099912	
617.200000	0.045857059117	
617.400000	0.045860015803	
617.600000	0.045862969979	
617.800000	0.045865921656	
618.000000	0.045868870843	
618.200000	0.045871817551	
618.400000	0.045874761790	
618.600000	0.045877703571	
618.800000	0.045880642905	
619.000000	0.045883579804	
619.200000	0.045886514277	
619.400000	0.045889446337	
619.600000	0.045892375996	
619.800000	0.045895303266	
620.000000	0.045898228158	
620.200000	0.045901150685	
620.400000	0.045904070859	
620.600000	0.045906988695	
620.800000	0.045909904204	
621.000000	0.045912817401	
621.200000	0.045915728298	
621.400000	0.045918636911	
621.600000	0.045921543253	
621.800000	0.045924447340	
622.000000	0.045927349185	
622.200000	0.045930248805	
622.400000	0.045933146215	
622.600000	0.045936041431	
622.800000	0.045938934470	
623.000000	0.045941825348	
623.200000	0.045944714083	
623.400000	0.045947600692	
623.600000	0.045950485193	
623.800000	0.045953367604	
624.000000	0.045956247946	
624.200000	0.045959126237	
624.400000	0.045962002497	
624.600000	0.045964876746	
624.800000	0.045967749006	
625.000000	0.045970619298	
625.200000	0.045973487645	
625.400000	0.045976354069	
625.600000	0.045979218594	
625.800000	0.045982081243	
626.000000	0.045984942042	
626.200000	0.045987801016	
626.400000	0.045990658191	
626.600000	0.045993513594	
626.800000	0.045996367253	
627.000000	0.045999219198	
627.200000	0.046002069456	
627.400000	0.046004918059	
627.600000	0.046007765039	
627.800000	0.046010610428	
628.000000	0.046013454259	
628.200000	0.046016296567	
628.400000	0.046019137387	
628.600000	0.046021976758	
628.800000	0.046024814716	
629.000000	0.046027651303	
629.200000	0.046030486558	
629.400000	0.046033320524	
629.600000	0.046036153245	
629.800000	0.046038984767	
630.000000	0.046041815137	
630.200000	0.046044644404	
630.400000	0.046047472619	
630.600000	0.046050299835	
630.800000	0.046053126107	
631.000000	0.046055951492	
631.200000	0.046058776050	
631.400000	0.046061599842	
631.600000	0.046064422933	
631.800000	0.046067245390	
632.000000	0.046070067284	
632.200000	0.046072888686	
632.400000	0.046075709675	
632.600000	0.046078530328	
632.800000	0.046081350730	
633.000000	0.046084170967	
633.200000	0.046086991131	
633.400000	0.046089811317	
633.600000	0.046092631625	
633.800000	0.046095452160	
634.000000	0.046098273032	
634.200000	0.046101094357	
634.400000	0.046103916256	
634.600000	0.046106738856	
634.800000	0.046109562293	
635.000000	0.046112386708	
635.200000	0.046115212251	
635.400000	0.046118039078	
635.600000	0.046120867358	
635.800000	0.046123697267	
636.000000	0.046126528989	
636.200000	0.046129362724	
636.400000	0.046132198681	
636.600000	0.046135037082	
636.800000	0.046137878163	
637.000000	0.046140722177	
637.200000	0.046143569390	
637.400000	0.046146420090	
637.600000	0.046149274580	
637.800000	0.046152133187	
638.000000	0.046154996260	
638.200000	0.046157864174	
638.400000	0.046160737332	
638.600000	0.046163616164	
638.800000	0.046166501137	
639.000000	0.046169392753	
639.200000	0.046172291555	
639.400000	0.046175198131	
639.600000	0.046178113118	
639.800000	0.046181037208	
640.000000	0.046183971156	
640.200000	0.046186915784	
640.400000	0.046189871994	
640.600000	0.046192840770	
640.800000	0.046195823199	
641.000000	0.046198820476	
641.200000	0.046201833920	
641.400000	0.046204864996	
641.600000	0.046207915331	
641.800000	0.046210986741	
642.000000	0.046214081258	
642.200000	0.046217201166	
642.400000	0.046220349042	
642.600000	0.046223527805	
642.800000	0.046226740781	
643.000000	0.046229991772	
643.200000	0.046233285155	
643.400000	0.046236625995	
643.600000	0.046240020191	
643.800000	0.046243474663	
644.000000	0.046246997592	
644.200000	0.046250598731	
644.400000	0.046254289818	
644.600000	0.046258085135	
644.800000	0.046262002259	
645.000000	0.046266063125	
645.200000	0.046270295524	
645.400000	0.046274735303	
645.600000	0.046279429668	
645.800000	0.046284442335	
646.000000	0.046289861892	
646.200000	0.046295816070	
646.400000	0.046302497700	
646.600000	0.046310215862	
646.800000	0.046319508124	
647.000000	0.046331427571	
647.200000	0.046348474925	
647.400000	0.046379355564	
647.600000	0.046549481576	
647.800000	0.047428664875	
648.000000	0.049066556866	
648.200000	0.063723122864	
648.400000	0.101551360383	
648.600000	0.149675093533	
648.800000	0.187163200036	
649.000000	0.204617050364	
649.200000	0.207468216724	
649.400000	0.197707285442	
649.600000	0.177085470019	
649.800000	0.148240036310	
650.000000	0.114413607466	
650.200000	0.088748070423	
650.400000	0.072930078916	
650.600000	0.062536660340	
650.800000	0.055673988230	
670.800000	0.044490761380	
678.540000	0.045529577210	
678.740000	0.045550050354	
678.940000	0.045570258034	
679.140000	0.045590203840	
679.340000	0.045609891317	
679.540000	0.045629323967	
679.740000	0.045648505247	
679.940000	0.045667438571	
680.140000	0.045686127312	
680.340000	0.045704574798	
680.540000	0.045722784317	
680.740000	0.045740759113	
680.940000	0.045758502392	
681.140000	0.045776017317	
681.340000	0.045793307012	
681.540000	0.045810374559	
681.740000	0.045827223003	
681.940000	0.045843855348	
682.140000	0.045860274559	
682.340000	0.045876483566	
682.540000	0.045892485258	
682.740000	0.045908282486	
682.940000	0.045923878067	
683.140000	0.045939274779	
683.340000	0.045954475364	
683.540000	0.045969482529	
683.740000	0.045984298945	
683.940000	0.045998927248	
684.140000	0.046013370038	
684.340000	0.046027629884	
684.540000	0.046041709319	
684.740000	0.046055610842	
684.940000	0.046069336919	
685.140000	0.046082889984	
685.340000	0.046096272440	
685.540000	0.046109486655	
685.740000	0.046122534967	
685.940000	0.046135419684	
686.140000	0.046148143080	
686.340000	0.046160707401	
686.540000	0.046173114863	
686.740000	0.046185367651	
686.940000	0.046197467921	
687.140000	0.046209417799	
687.340000	0.046221219384	
687.540000	0.046232874747	
687.740000	0.046244385928	
687.940000	0.046255754942	
688.140000	0.046266983776	
688.340000	0.046278074390	
688.540000	0.046289028717	
688.740000	0.046299848663	
688.940000	0.046310536110	
689.140000	0.046321092912	
689.340000	0.046331520899	
689.540000	0.046341821877	
689.740000	0.046351997624	
689.940000	0.046362049897	
690.140000	0.046371980426	
690.340000	0.046381790919	
690.540000	0.046391483060	
690.740000	0.046401058510	
690.940000	0.046410518907	
691.140000	0.046419865864	
691.340000	0.046429100977	
691.540000	0.046438225814	
691.740000	0.046447241924	
691.940000	0.046456150836	
692.140000	0.046464954054	
692.340000	0.046473653065	
692.540000	0.046482249332	
692.740000	0.046490744299	
692.940000	0.046499139391	
693.140000	0.046507436009	
693.340000	0.046515635540	
693.540000	0.046523739347	
693.740000	0.046531748776	
693.940000	0.046539665154	
694.140000	0.046547489788	
694.340000	0.046555223967	
694.540000	0.046562868964	
694.740000	0.046570426031	
694.940000	0.046577896404	
695.140000	0.046585281301	
695.340000	0.046592581922	
695.540000	0.046599799452	
695.740000	0.046606935057	
695.940000	0.046613989888	
696.140000	0.046620965078	
696.340000	0.046627861745	
696.540000	0.046634680991	
696.740000	0.046641423901	
696.940000	0.046648091547	
697.140000	0.046654684984	
697.340000	0.046661205250	
697.540000	0.046667653372	
697.740000	0.046674030359	
697.940000	0.046680337207	
698.140000	0.046686574897	
698.340000	0.046692744397	
698.540000	0.046698846659	
698.740000	0.046704882622	
698.940000	0.046710853213	
699.140000	0.046716759343	
699.340000	0.046722601912	
699.540000	0.046728381804	
699.740000	0.046734099894	
699.940000	0.046739757040	
700.140000	0.046745354090	
700.340000	0.046750891880	
700.540000	0.046756371232	
700.740000	0.046761792957	
700.940000	0.046767157853	
701.140000	0.046772466708	
701.340000	0.046777720296	
701.540000	0.046782919382	
701.740000	0.046788064717	
701.940000	0.046793157043	
702.140000	0.046798197090	
702.340000	0.046803185578	
702.540000	0.046808123214	
702.740000	0.046813010697	
702.940000	0.046817848715	
703.140000	0.046822637943	
703.340000	0.046827379050	
703.540000	0.046832072691	
703.740000	0.046836719514	
703.940000	0.046841320156	
704.140000	0.046845875244	
704.340000	0.046850385396	
704.540000	0.046854851219	
704.740000	0.046859273314	
704.940000	0.046863652270	
705.140000	0.046867988667	
705.340000	0.046872283078	
705.540000	0.046876536065	
705.740000	0.046880748183	
705.940000	0.046884919976	
706.140000	0.046889051984	
706.340000	0.046893144733	
706.540000	0.046897198745	
706.740000	0.046901214531	
706.940000	0.046905192596	
707.140000	0.046909133437	
707.340000	0.046913037541	
707.540000	0.046916905389	
707.740000	0.046920737454	
707.940000	0.046924534202	
708.140000	0.046928296091	
708.340000	0.046932023570	
708.540000	0.046935717085	
708.740000	0.046939377070	
708.940000	0.046943003955	
709.140000	0.046946598162	
709.340000	0.046950160106	
709.540000	0.046953690196	
709.740000	0.046957188834	
709.940000	0.046960656415	
710.140000	0.046964093328	
710.340000	0.046967499954	
710.540000	0.046970876671	
710.740000	0.046974223847	
710.940000	0.046977541846	
711.140000	0.046980831026	
711.340000	0.046984091738	
711.540000	0.046987324328	
711.740000	0.046990529135	
711.940000	0.046993706494	
712.140000	0.046996856734	
712.340000	0.046999980176	
712.540000	0.047003077139	
712.740000	0.047006147935	
712.940000	0.047009192870	
713.140000	0.047012212246	
713.340000	0.047015206359	
713.540000	0.047018175501	
713.740000	0.047021119958	
713.940000	0.047024040012	
714.140000	0.047026935939	
714.340000	0.047029808012	
714.540000	0.047032656498	
714.740000	0.047035481659	
714.940000	0.047038283756	
715.140000	0.047041063041	
715.340000	0.047043819764	
715.540000	0.047046554171	
715.740000	0.047049266505	
715.940000	0.047051957001	
716.140000	0.047054625895	
716.340000	0.047057273416	
716.540000	0.047059899790	
716.740000	0.047062505239	
716.940000	0.047065089983	
717.140000	0.047067654237	
717.340000	0.047070198213	
717.540000	0.047072722121	
717.740000	0.047075226165	
717.940000	0.047077710548	
718.140000	0.047080175470	
718.340000	0.047082621127	
718.540000	0.047085047714	
718.740000	0.047087455422	
718.940000	0.047089844439	
719.140000	0.047092214951	
719.340000	0.047094567142	
719.540000	0.047096901194	
719.740000	0.047099217285	
719.940000	0.047101515593	
720.140000	0.047103796292	
720.340000	0.047106059555	
720.540000	0.047108305554	
720.740000	0.047110534459	
720.940000	0.047112746436	
721.140000	0.047114941653	
721.340000	0.047117120274	
721.540000	0.047119282462	
721.740000	0.047121428380	
721.940000	0.047123558190	
722.140000	0.047125672050	
722.340000	0.047127770120	
722.540000	0.047129852557	
722.740000	0.047131919520	
722.940000	0.047133971164	
723.140000	0.047136007646	
723.340000	0.047138029120	
723.540000	0.047140035742	
723.740000	0.047142027665	
723.940000	0.047144005043	
724.140000	0.047145968031	
724.340000	0.047147916781	
724.540000	0.047149851446	
724.740000	0.047151772181	
724.940000	0.047153679137	
725.140000	0.047155572468	
725.340000	0.047157452326	
725.540000	0.047159318866	
725.740000	0.047161172239	
725.940000	0.047163012600	
726.140000	0.047164840102	
726.340000	0.047166654899	
726.540000	0.047168457144	
726.740000	0.047170246992	
726.940000	0.047172024598	
727.140000	0.047173790115	
727.340000	0.047175543699	
727.540000	0.047177285505	
727.740000	0.047179015689	
727.940000	0.047180734406	
728.140000	0.047182441811	
728.340000	0.047184138062	
728.540000	0.047185823314	
728.740000	0.047187497724	
728.940000	0.047189161448	
729.140000	0.047190814642	
729.340000	0.047192457464	
729.540000	0.047194090070	
729.740000	0.047195712616	
729.940000	0.047197325259	
730.140000	0.047198928154	
730.340000	0.047200521459	
730.540000	0.047202105329	
730.740000	0.047203679918	
730.940000	0.047205245383	
731.140000	0.047206801878	
731.340000	0.047208349556	
731.540000	0.047209888571	
731.740000	0.047211419075	
731.940000	0.047212941221	
732.140000	0.047214455160	
732.340000	0.047215961042	
732.540000	0.047217459015	
732.740000	0.047218949229	
732.940000	0.047220431831	
733.140000	0.047221906965	
733.340000	0.047223374778	
733.540000	0.047224835412	
733.740000	0.047226289009	
733.940000	0.047227735710	
734.140000	0.047229175653	
734.340000	0.047230608976	
734.540000	0.047232035816	
734.740000	0.047233456305	
734.940000	0.047234870576	
735.140000	0.047236278760	
735.340000	0.047237680985	
735.540000	0.047239077377	
735.740000	0.047240468063	
735.940000	0.047241853163	
736.140000	0.047243232800	
736.340000	0.047244607091	
736.540000	0.047245976153	
736.740000	0.047247340100	
736.940000	0.047248699044	
737.140000	0.047250053096	
737.340000	0.047251402363	
737.540000	0.047252746950	
737.740000	0.047254086961	
737.940000	0.047255422496	
738.140000	0.047256753655	
738.340000	0.047258080533	
738.540000	0.047259403224	
738.740000	0.047260721821	
738.940000	0.047262036412	
739.140000	0.047263347085	
739.340000	0.047264653925	
739.540000	0.047265957014	
739.740000	0.047267256433	
739.940000	0.047268552260	
740.140000	0.047269844569	
740.340000	0.047271133436	
740.540000	0.047272418931	
740.740000	0.047273701124	
740.940000	0.047274980082	
741.140000	0.047276255869	
741.340000	0.047277528549	
741.540000	0.047278798181	
741.740000	0.047280064826	
741.940000	0.047281328540	
742.140000	0.047282589377	
742.340000	0.047283847390	
742.540000	0.047285102630	
742.740000	0.047286355146	
742.940000	0.047287604985	
743.140000	0.047288852193	
743.340000	0.047290096813	
743.540000	0.047291338886	
743.740000	0.047292578454	
743.940000	0.047293815555	
744.140000	0.047295050225	
744.340000	0.047296282500	
744.540000	0.047297512414	
744.740000	0.047298739999	
744.940000	0.047299965286	
745.140000	0.047301188304	
745.340000	0.047302409081	
745.540000	0.047303627645	
745.740000	0.047304844021	
745.940000	0.047306058232	
746.140000	0.047307270302	
746.340000	0.047308480253	
746.540000	0.047309688105	
746.740000	0.047310893877	
746.940000	0.047312097590	
747.140000	0.047313299259	
747.340000	0.047314498901	
747.540000	0.047315696532	
747.740000	0.047316892166	
747.940000	0.047318085818	
748.140000	0.047319277499	
748.340000	0.047320467222	
748.540000	0.047321654999	
748.740000	0.047322840838	
748.940000	0.047324024752	
749.140000	0.047325206747	
749.340000	0.047326386833	
749.540000	0.047327565018	
749.740000	0.047328741308	
749.940000	0.047329915710	
750.140000	0.047331088230	
750.340000	0.047332258873	
750.540000	0.047333427645	
750.740000	0.047334594549	
750.940000	0.047335759591	
751.140000	0.047336922772	
751.340000	0.047338084097	
751.540000	0.047339243567	
751.740000	0.047340401187	
751.940000	0.047341556956	
752.140000	0.047342710878	
752.340000	0.047343862953	
752.540000	0.047345013183	
752.740000	0.047346161568	
752.940000	0.047347308109	
753.140000	0.047348452806	
753.340000	0.047349595659	
753.540000	0.047350736668	
753.740000	0.047351875833	
753.940000	0.047353013154	
754.140000	0.047354148628	
754.340000	0.047355282257	
754.540000	0.047356414038	
754.740000	0.047357543970	
754.940000	0.047358672053	
755.140000	0.047359798285	
755.340000	0.047360922664	
755.540000	0.047362045190	
755.740000	0.047363165860	
755.940000	0.047364284672	
756.140000	0.047365401626	
756.340000	0.047366516719	
756.540000	0.047367629949	
756.740000	0.047368741315	
756.940000	0.047369850815	
757.140000	0.047370958446	
757.340000	0.047372064207	
757.540000	0.047373168097	
757.740000	0.047374270112	
757.940000	0.047375370252	
758.140000	0.047376468514	
758.340000	0.047377564896	
758.540000	0.047378659397	
758.740000	0.047379752015	
758.940000	0.047380842747	
759.140000	0.047381931593	
759.340000	0.047383018550	
759.540000	0.047384103617	
759.740000	0.047385186792	
759.940000	0.047386268074	
760.140000	0.047387347460	
760.340000	0.047388424950	
760.540000	0.047389500541	
760.740000	0.047390574234	
760.940000	0.047391646025	
761.140000	0.047392715915	
761.340000	0.047393783901	
761.540000	0.047394849982	
761.740000	0.047395914159	
761.940000	0.047396976428	
762.140000	0.047398036790	
762.340000	0.047399095244	
762.540000	0.047400151788	
762.740000	0.047401206423	
762.940000	0.047402259147	
763.140000	0.047403309959	
763.340000	0.047404358860	
763.540000	0.047405405848	
763.740000	0.047406450923	
763.940000	0.047407494086	
764.140000	0.047408535335	
764.340000	0.047409574671	
764.540000	0.047410612092	
764.740000	0.047411647601	
764.940000	0.047412681195	
765.140000	0.047413712876	
765.340000	0.047414742643	
765.540000	0.047415770497	
765.740000	0.047416796437	
765.940000	0.047417820465	
766.140000	0.047418842581	
766.340000	0.047419862785	
766.540000	0.047420881078	
766.740000	0.047421897460	
766.940000	0.047422911932	
767.140000	0.047423924494	
767.340000	0.047424935148	
767.540000	0.047425943894	
767.740000	0.047426950734	
767.940000	0.047427955667	
768.140000	0.047428958696	
768.340000	0.047429959821	
768.540000	0.047430959043	
768.740000	0.047431956364	
768.940000	0.047432951785	
769.140000	0.047433945306	
769.340000	0.047434936930	
769.540000	0.047435926658	
769.740000	0.047436914490	
769.940000	0.047437900430	
770.140000	0.047438884477	
770.340000	0.047439866634	
770.540000	0.047440846903	
770.740000	0.047441825284	
770.940000	0.047442801780	
771.140000	0.047443776392	
771.340000	0.047444749123	
771.540000	0.047445719973	
771.740000	0.047446688945	
771.940000	0.047447656040	
772.140000	0.047448621262	
772.340000	0.047449584610	
772.540000	0.047450546088	
772.740000	0.047451505698	
772.940000	0.047452463441	
773.140000	0.047453419320	
773.340000	0.047454373336	
773.540000	0.047455325492	
773.740000	0.047456275790	
773.940000	0.047457224233	
774.140000	0.047458170821	
774.340000	0.047459115558	
774.540000	0.047460058446	
774.740000	0.047460999488	
774.940000	0.047461938684	
775.140000	0.047462876038	
775.340000	0.047463811553	
775.540000	0.047464745229	
775.740000	0.047465677071	
775.940000	0.047466607080	
776.140000	0.047467535258	
776.340000	0.047468461608	
776.540000	0.047469386133	
776.740000	0.047470308835	
776.940000	0.047471229716	
777.140000	0.047472148778	
777.340000	0.047473066026	
777.540000	0.047473981460	
777.740000	0.047474895083	
777.940000	0.047475806898	
778.140000	0.047476716907	
778.340000	0.047477625114	
778.540000	0.047478531520	
778.740000	0.047479436128	
778.940000	0.047480338940	
779.140000	0.047481239960	
779.340000	0.047482139189	
779.540000	0.047483036631	
779.740000	0.047483932288	
779.940000	0.047484826162	
780.140000	0.047485718256	
780.340000	0.047486608573	
780.540000	0.047487497115	
780.740000	0.047488383884	
780.940000	0.047489268885	
781.140000	0.047490152118	
781.340000	0.047491033587	
781.540000	0.047491913294	
781.740000	0.047492791242	
781.940000	0.047493667434	
782.140000	0.047494541871	
782.340000	0.047495414557	
782.540000	0.047496285495	
782.740000	0.047497154686	
782.940000	0.047498022134	
783.140000	0.047498887841	
783.340000	0.047499751809	
783.540000	0.047500614042	
783.740000	0.047501474541	
783.940000	0.047502333310	
784.140000	0.047503190350	
784.340000	0.047504045665	
784.540000	0.047504899258	
784.740000	0.047505751130	
784.940000	0.047506601284	
785.140000	0.047507449723	
785.340000	0.047508296449	
785.540000	0.047509141465	
785.740000	0.047509984773	
785.940000	0.047510826376	
786.140000	0.047511666277	
786.340000	0.047512504478	
786.540000	0.047513340981	
786.740000	0.047514175789	
786.940000	0.047515008905	
787.140000	0.047515840330	
787.340000	0.047516670069	
787.540000	0.047517498122	
787.740000	0.047518324492	
787.940000	0.047519149182	
788.140000	0.047519972195	
788.340000	0.047520793532	
788.540000	0.047521613197	
788.740000	0.047522431191	
788.940000	0.047523247517	
789.140000	0.047524062178	
789.340000	0.047524875176	
789.540000	0.047525686513	
789.740000	0.047526496192	
789.940000	0.047527304215	
790.140000	0.047528110584	
790.340000	0.047528915303	
790.540000	0.047529718372	
790.740000	0.047530519795	
790.940000	0.047531319574	
791.140000	0.047532117711	
791.340000	0.047532914209	
791.540000	0.047533709070	
791.740000	0.047534502295	
791.940000	0.047535293889	
792.140000	0.047536083852	
792.340000	0.047536872188	
792.540000	0.047537658897	
792.740000	0.047538443984	
792.940000	0.047539227449	
793.140000	0.047540009296	
793.340000	0.047540789525	
793.540000	0.047541568141	
793.740000	0.047542345145	
793.940000	0.047543120538	
794.140000	0.047543894324	
794.340000	0.047544666505	
794.540000	0.047545437082	
794.740000	0.047546206058	
794.940000	0.047546973435	
795.140000	0.047547739216	
795.340000	0.047548503401	
795.540000	0.047549265995	
795.740000	0.047550026998	
795.940000	0.047550786413	
796.140000	0.047551544242	
796.340000	0.047552300487	
796.540000	0.047553055151	
796.740000	0.047553808235	
796.940000	0.047554559741	
797.140000	0.047555309672	
797.340000	0.047556058029	
797.540000	0.047556804815	
797.740000	0.047557550032	
797.940000	0.047558293681	
798.140000	0.047559035766	
798.340000	0.047559776287	
798.540000	0.047560515248	
798.740000	0.047561252649	
798.940000	0.047561988493	
799.140000	0.047562722783	
799.340000	0.047563455519	
799.540000	0.047564186704	
799.740000	0.047564916341	
799.940000	0.047565644430	
800.140000	0.047566370975	
800.340000	0.047567095976	
800.540000	0.047567819436	
800.740000	0.047568541357	
800.940000	0.047569261741	
801.140000	0.047569980590	
801.340000	0.047570697905	
801.540000	0.047571413689	
801.740000	0.047572127944	
801.940000	0.047572840671	
802.140000	0.047573551872	
802.340000	0.047574261550	
802.540000	0.047574969705	
802.740000	0.047575676341	
802.940000	0.047576381459	
803.140000	0.047577085061	
803.340000	0.047577787148	
803.540000	0.047578487723	
803.740000	0.047579186787	
803.940000	0.047579884343	
804.140000	0.047580580391	
804.340000	0.047581274935	
804.540000	0.047581967975	
804.740000	0.047582659514	
804.940000	0.047583349553	
805.140000	0.047584038095	
805.340000	0.047584725141	
805.540000	0.047585410692	
805.740000	0.047586094751	
805.940000	0.047586777320	
806.140000	0.047587458400	
806.340000	0.047588137992	
806.540000	0.047588816100	
806.740000	0.047589492724	
806.940000	0.047590167867	
807.140000	0.047590841529	
807.340000	0.047591513714	
807.540000	0.047592184422	
807.740000	0.047592853655	
807.940000	0.047593521416	
808.140000	0.047594187705	
808.340000	0.047594852525	
808.540000	0.047595515877	
808.740000	0.047596177763	
808.940000	0.047596838184	
809.140000	0.047597497143	
809.340000	0.047598154641	
809.540000	0.047598810681	
809.740000	0.047599465262	
809.940000	0.047600118388	
810.140000	0.047600770059	
810.340000	0.047601420278	
810.540000	0.047602069047	
810.740000	0.047602716366	
810.940000	0.047603362238	
811.140000	0.047604006664	
811.340000	0.047604649646	
811.540000	0.047605291186	
811.740000	0.047605931284	
811.940000	0.047606569944	
812.140000	0.047607207166	
812.340000	0.047607842952	
812.540000	0.047608477304	
812.740000	0.047609110224	
812.940000	0.047609741712	
813.140000	0.047610371771	
813.340000	0.047611000402	
813.540000	0.047611627608	
813.740000	0.047612253388	
813.940000	0.047612877746	
814.140000	0.047613500682	
814.340000	0.047614122199	
814.540000	0.047614742298	
814.740000	0.047615360980	
814.940000	0.047615978247	
815.140000	0.047616594101	
815.340000	0.047617208543	
815.540000	0.047617821575	
815.740000	0.047618433198	
815.940000	0.047619043414	
816.140000	0.047619652224	
816.340000	0.047620259631	
816.540000	0.047620865636	
816.740000	0.047621470239	
816.940000	0.047622073443	
817.140000	0.047622675250	
817.340000	0.047623275660	
817.540000	0.047623874676	
817.740000	0.047624472299	
817.940000	0.047625068530	
818.140000	0.047625663371	
818.340000	0.047626256824	
818.540000	0.047626848889	
818.740000	0.047627439569	
818.940000	0.047628028866	
819.140000	0.047628616780	
819.340000	0.047629203313	
819.540000	0.047629788466	
819.740000	0.047630372242	
819.940000	0.047630954642	
820.140000	0.047631535666	
820.340000	0.047632115317	
820.540000	0.047632693597	
820.740000	0.047633270506	
820.940000	0.047633846046	
821.140000	0.047634420219	
821.340000	0.047634993026	
821.540000	0.047635564468	
821.740000	0.047636134547	
821.940000	0.047636703266	
822.140000	0.047637270624	
822.340000	0.047637836623	
822.540000	0.047638401266	
822.740000	0.047638964552	
822.940000	0.047639526485	
823.140000	0.047640087065	
823.340000	0.047640646294	
823.540000	0.047641204174	
823.740000	0.047641760705	
823.940000	0.047642315889	
824.140000	0.047642869727	
824.340000	0.047643422222	
824.540000	0.047643973374	
824.740000	0.047644523186	
824.940000	0.047645071657	
825.140000	0.047645618791	
825.340000	0.047646164587	
825.540000	0.047646709049	
825.740000	0.047647252176	
825.940000	0.047647793971	
826.140000	0.047648334436	
826.340000	0.047648873570	
826.540000	0.047649411376	
826.740000	0.047649947856	
826.940000	0.047650483010	
827.140000	0.047651016840	
827.340000	0.047651549348	
827.540000	0.047652080534	
827.740000	0.047652610401	
827.940000	0.047653138950	
828.140000	0.047653666182	
828.340000	0.047654192098	
828.540000	0.047654716700	
828.740000	0.047655239989	
828.940000	0.047655761967	
829.140000	0.047656282635	
829.340000	0.047656801995	
829.540000	0.047657320048	
829.740000	0.047657836794	
829.940000	0.047658352237	
830.140000	0.047658866376	
850.140000	0.047703929416	
870.140000	0.047737257886	
890.140000	0.047760007014	
910.140000	0.047773214781	
930.140000	0.047777815092	
950.140000	0.047774647954	
970.140000	0.047764468750	
990.140000	0.047747956851	
1010.140000	0.047725723464	
1030.140000	0.047698318633	
1050.140000	0.047666237448	
1070.140000	0.047629925811	
1090.140000	0.047589789314	
1110.140000	0.047546180532	
1130.140000	0.047499424822	
1150.140000	0.047449812287	
1170.140000	0.047397601978	
1190.140000	0.047343024465	
1210.140000	0.047286284547	
1230.140000	0.047227563576	
1250.140000	0.047167021686	
1270.140000	0.047104799964	
1290.140000	0.047041022552	
1310.140000	0.046975798668	
1330.140000	0.046909224523	
1350.140000	0.046841385123	
1370.140000	0.046772355927	
1390.140000	0.046702204353	
1410.140000	0.046630991113	
1430.140000	0.046558771384	
1450.140000	0.046485595810	
1470.140000	0.046411511352	
1490.140000	0.046336561988	
1510.140000	0.046260789292	
1530.140000	0.046184232896	
1550.140000	0.046106930856	
1570.140000	0.046028919935	
1590.140000	0.045950235827	
1610.140000	0.045870913320	
1630.140000	0.045790986415	
1650.140000	0.045710488413	
1670.140000	0.045629451976	
1690.140000	0.045547909168	
1710.140000	0.045465891475	
1730.140000	0.045383429817	
1750.140000	0.045300554557	
1770.140000	0.045217295494	
1790.140000	0.045133681861	
1810.140000	0.045049742318	
1830.140000	0.044965504940	
1850.140000	0.044880997215	
1870.140000	0.044796246027	
1890.140000	0.044711277659	
1910.140000	0.044626117781	
1930.140000	0.044540791444	
1950.140000	0.044455323085	
1970.140000	0.044369736516	
1990.140000	0.044284054932	
2010.140000	0.044198300907	
2030.140000	0.044112496399	
2050.140000	0.044026662753	
2070.140000	0.043940820709	
2090.140000	0.043854990403	
2110.140000	0.043769191378	
2130.140000	0.043683442591	
2150.140000	0.043597762420	
2170.140000	0.043512168674	
2190.140000	0.043426678604	
2210.140000	0.043341308909	
2230.140000	0.043256075751	
2250.140000	0.043170994761	
2270.140000	0.043086081054	
2290.140000	0.043001349235	
2310.140000	0.042916813415	
2330.140000	0.042832487217	
2350.140000	0.042748383792	
2370.140000	0.042664515825	
2390.140000	0.042580895550	
2410.140000	0.042497534757	
2430.140000	0.042414444806	
2450.140000	0.042331636634	
2470.140000	0.042249120769	
2490.140000	0.042166907338	
