0.000000	0.029216295818	
20.000000	0.029202389551	
40.000000	0.029200970609	
60.000000	0.029201547856	
80.000000	0.029202139939	
100.000000	0.029202587993	
120.000000	0.029878314065	
140.000000	0.030594596852	
160.000000	0.031088740618	
180.000000	0.031580090468	
200.000000	0.032082460315	
220.000000	0.032599119488	
240.000000	0.033128312831	
260.000000	0.033667297245	
280.000000	0.034213534413	
300.000000	0.034764900917	
320.000000	0.035319652429	
340.000000	0.035865900308	
360.000000	0.036412672456	
380.000000	0.036960273765	
400.000000	0.037507279094	
420.000000	0.038052681568	
440.000000	0.038595783671	
460.000000	0.039136056064	
480.000000	0.039673070932	
500.000000	0.040206482502	
520.000000	0.040655148793	
540.000000	0.041047820568	
560.000000	0.041401283517	
580.000000	0.041720307528	
600.000000	0.042007948089	
608.400000	0.042120008670	
608.600000	0.042122615860	
608.800000	0.042125220242	
609.000000	0.042127821818	
609.200000	0.042130420587	
609.400000	0.042133016553	
609.600000	0.042135609716	
609.800000	0.042138200078	
610.000000	0.042140787640	
610.200000	0.042143372404	
610.400000	0.042145954371	
610.600000	0.042148533543	
610.800000	0.042151109920	
611.000000	0.042153683504	
611.200000	0.042156254296	
611.400000	0.042158822298	
611.600000	0.042161387511	
611.800000	0.042163949936	
612.000000	0.042166509574	
612.200000	0.042169066426	
612.400000	0.042171620494	
612.600000	0.042174171778	
612.800000	0.042176720280	
613.000000	0.042179266001	
613.200000	0.042181808941	
613.400000	0.042184349102	
613.600000	0.042186886485	
613.800000	0.042189421091	
614.000000	0.042191952920	
614.200000	0.042194481973	
614.400000	0.042197008252	
614.600000	0.042199531756	
614.800000	0.042202052488	
615.000000	0.042204570447	
615.200000	0.042207085634	
615.400000	0.042209598050	
615.600000	0.042212107696	
615.800000	0.042214614572	
616.000000	0.042217118678	
616.200000	0.042219620016	
616.400000	0.042222118586	
616.600000	0.042224614387	
616.800000	0.042227107421	
617.000000	0.042229597688	
617.200000	0.042232085189	
617.400000	0.042234569922	
617.600000	0.042237051889	
617.800000	0.042239531090	
618.000000	0.042242007525	
618.200000	0.042244481194	
618.400000	0.042246952097	
618.600000	0.042249420234	
618.800000	0.042251885605	
619.000000	0.042254348209	
619.200000	0.042256808048	
619.400000	0.042259265119	
619.600000	0.042261719423	
619.800000	0.042264170960	
620.000000	0.042266619729	
620.200000	0.042269065729	
620.400000	0.042271508961	
620.600000	0.042273949423	
620.800000	0.042276387115	
621.000000	0.042278822035	
621.200000	0.042281254184	
621.400000	0.042283683560	
621.600000	0.042286110161	
621.800000	0.042288533988	
622.000000	0.042290955039	
622.200000	0.042293373312	
622.400000	0.042295788806	
622.600000	0.042298201520	
622.800000	0.042300611452	
623.000000	0.042303018601	
623.200000	0.042305422964	
623.400000	0.042307824541	
623.600000	0.042310223329	
623.800000	0.042312619325	
624.000000	0.042315012529	
624.200000	0.042317402937	
624.400000	0.042319790548	
624.600000	0.042322175358	
624.800000	0.042324557365	
625.000000	0.042326936566	
625.200000	0.042329312959	
625.400000	0.042331686540	
625.600000	0.042334057306	
625.800000	0.042336425254	
626.000000	0.042338790380	
626.200000	0.042341152681	
626.400000	0.042343512152	
626.600000	0.042345868790	
626.800000	0.042348222591	
627.000000	0.042350573550	
627.200000	0.042352921663	
627.400000	0.042355266925	
627.600000	0.042357609330	
627.800000	0.042359948875	
628.000000	0.042362285552	
628.200000	0.042364619358	
628.400000	0.042366950286	
628.600000	0.042369278329	
628.800000	0.042371603482	
629.000000	0.042373925737	
629.200000	0.042376245089	
629.400000	0.042378561529	
629.600000	0.042380875050	
629.800000	0.042383185645	
630.000000	0.042385493305	
630.200000	0.042387798021	
630.400000	0.042390099786	
630.600000	0.042392398589	
630.800000	0.042394694421	
631.000000	0.042396987273	
631.200000	0.042399277132	
631.400000	0.042401563990	
631.600000	0.042403847834	
631.800000	0.042406128652	
632.000000	0.042408406433	
632.200000	0.042410681163	
632.400000	0.042412952829	
632.600000	0.042415221417	
632.800000	0.042417486912	
633.000000	0.042419749299	
633.200000	0.042422008562	
633.400000	0.042424264684	
633.600000	0.042426517649	
633.800000	0.042428767437	
634.000000	0.042431014030	
634.200000	0.042433257408	
634.400000	0.042435497550	
634.600000	0.042437734434	
634.800000	0.042439968037	
635.000000	0.042442198336	
635.200000	0.042444425305	
635.400000	0.042446648919	
635.600000	0.042448869148	
635.800000	0.042451085966	
636.000000	0.042453299340	
636.200000	0.042455509239	
636.400000	0.042457715630	
636.600000	0.042459918477	
636.800000	0.042462117742	
637.000000	0.042464313387	
637.200000	0.042466505370	
637.400000	0.042468693647	
637.600000	0.042470878172	
637.800000	0.042473058896	
638.000000	0.042475235768	
638.200000	0.042477408733	
638.400000	0.042479577733	
638.600000	0.042481742706	
638.800000	0.042483903588	
639.000000	0.042486060308	
639.200000	0.042488212793	
639.400000	0.042490360964	
639.600000	0.042492504737	
639.800000	0.042494644022	
640.000000	0.042496778723	
640.200000	0.042498908736	
640.400000	0.042501033953	
640.600000	0.042503154252	
640.800000	0.042505269508	
641.000000	0.042507379581	
641.200000	0.042509484322	
641.400000	0.042511583570	
641.600000	0.042513677149	
641.800000	0.042515764868	
642.000000	0.042517846519	
642.200000	0.042519921874	
642.400000	0.042521990684	
642.600000	0.042524052673	
642.800000	0.042526107538	
643.000000	0.042528154944	
643.200000	0.042530194516	
643.400000	0.042532225837	
643.600000	0.042534248439	
643.800000	0.042536261795	
644.000000	0.042538265308	
644.200000	0.042540258295	
644.400000	0.042542239975	
644.600000	0.042544209443	
644.800000	0.042546165645	
645.000000	0.042548107340	
645.200000	0.042550033052	
645.400000	0.042551941003	
645.600000	0.042553829021	
645.800000	0.042555694408	
646.000000	0.042557533740	
646.200000	0.042559342570	
646.400000	0.042561114929	
646.600000	0.042562842488	
646.800000	0.042564512969	
647.000000	0.042566106811	
647.200000	0.042567588807	
647.400000	0.042568879243	
647.600000	0.042569604323	
647.800000	0.042565092568	
648.000000	0.042550173438	
648.200000	0.042470746992	
648.400000	0.042074364851	
648.600000	0.041084914529	
648.800000	0.039502166923	
649.000000	0.037568317750	
649.200000	0.035547470873	
649.400000	0.033627401858	
649.600000	0.031959058826	
649.800000	0.030644682590	
650.000000	0.029736914323	
650.200000	0.029207077881	
650.400000	0.028920273668	
650.600000	0.028785196631	
650.800000	0.028747801847	
670.800000	0.039607563280	
678.540000	0.041228140003	
678.740000	0.041259171624	
678.940000	0.041289757365	
679.140000	0.041319903652	
679.340000	0.041349616829	
679.540000	0.041378903154	
679.740000	0.041407768799	
679.940000	0.041436219859	
680.140000	0.041464262341	
680.340000	0.041491902177	
680.540000	0.041519145214	
680.740000	0.041545997223	
680.940000	0.041572463896	
681.140000	0.041598550849	
681.340000	0.041624263618	
681.540000	0.041649607669	
681.740000	0.041674588388	
681.940000	0.041699211091	
682.140000	0.041723481019	
682.340000	0.041747403343	
682.540000	0.041770983161	
682.740000	0.041794225502	
682.940000	0.041817135324	
683.140000	0.041839717519	
683.340000	0.041861976909	
683.540000	0.041883918248	
683.740000	0.041905546228	
683.940000	0.041926865472	
684.140000	0.041947880540	
684.340000	0.041968595927	
684.540000	0.041989016068	
684.740000	0.042009145332	
684.940000	0.042028988029	
685.140000	0.042048548409	
685.340000	0.042067830659	
685.540000	0.042086838911	
685.740000	0.042105577235	
685.940000	0.042124049647	
686.140000	0.042142260102	
686.340000	0.042160212502	
686.540000	0.042177910693	
686.740000	0.042195358466	
686.940000	0.042212559557	
687.140000	0.042229517650	
687.340000	0.042246236377	
687.540000	0.042262719317	
687.740000	0.042278969997	
687.940000	0.042294991895	
688.140000	0.042310788439	
688.340000	0.042326363006	
688.540000	0.042341718927	
688.740000	0.042356859483	
688.940000	0.042371787909	
689.140000	0.042386507393	
689.340000	0.042401021076	
689.540000	0.042415332054	
689.740000	0.042429443380	
689.940000	0.042443358060	
690.140000	0.042457079058	
690.340000	0.042470609295	
690.540000	0.042483951650	
690.740000	0.042497108957	
690.940000	0.042510084013	
691.140000	0.042522879571	
691.340000	0.042535498346	
691.540000	0.042547943013	
691.740000	0.042560216206	
691.940000	0.042572320522	
692.140000	0.042584258521	
692.340000	0.042596032723	
692.540000	0.042607645612	
692.740000	0.042619099638	
692.940000	0.042630397211	
693.140000	0.042641540708	
693.340000	0.042652532470	
693.540000	0.042663374805	
693.740000	0.042674069985	
693.940000	0.042684620250	
694.140000	0.042695027806	
694.340000	0.042705294827	
694.540000	0.042715423454	
694.740000	0.042725415798	
694.940000	0.042735273937	
695.140000	0.042744999920	
695.340000	0.042754595763	
695.540000	0.042764063454	
695.740000	0.042773404953	
695.940000	0.042782622186	
696.140000	0.042791717056	
696.340000	0.042800691434	
696.540000	0.042809547164	
696.740000	0.042818286063	
696.940000	0.042826909921	
697.140000	0.042835420501	
697.340000	0.042843819539	
697.540000	0.042852108747	
697.740000	0.042860289810	
697.940000	0.042868364387	
698.140000	0.042876334114	
698.340000	0.042884200603	
698.540000	0.042891965438	
698.740000	0.042899630185	
698.940000	0.042907196381	
699.140000	0.042914665544	
699.340000	0.042922039167	
699.540000	0.042929318721	
699.740000	0.042936505657	
699.940000	0.042943601400	
700.140000	0.042950607358	
700.340000	0.042957524916	
700.540000	0.042964355436	
700.740000	0.042971100264	
700.940000	0.042977760722	
701.140000	0.042984338114	
701.340000	0.042990833724	
701.540000	0.042997248816	
701.740000	0.043003584636	
701.940000	0.043009842411	
702.140000	0.043016023348	
702.340000	0.043022128639	
702.540000	0.043028159454	
702.740000	0.043034116949	
702.940000	0.043040002260	
703.140000	0.043045816508	
703.340000	0.043051560795	
703.540000	0.043057236208	
703.740000	0.043062843816	
703.940000	0.043068384674	
704.140000	0.043073859819	
704.340000	0.043079270274	
704.540000	0.043084617045	
704.740000	0.043089901125	
704.940000	0.043095123489	
705.140000	0.043100285099	
705.340000	0.043105386904	
705.540000	0.043110429835	
705.740000	0.043115414813	
705.940000	0.043120342742	
706.140000	0.043125214513	
706.340000	0.043130031005	
706.540000	0.043134793082	
706.740000	0.043139501597	
706.940000	0.043144157387	
707.140000	0.043148761279	
707.340000	0.043153314088	
707.540000	0.043157816613	
707.740000	0.043162269646	
707.940000	0.043166673963	
708.140000	0.043171030330	
708.340000	0.043175339501	
708.540000	0.043179602220	
708.740000	0.043183819218	
708.940000	0.043187991216	
709.140000	0.043192118923	
709.340000	0.043196203040	
709.540000	0.043200244255	
709.740000	0.043204243245	
709.940000	0.043208200680	
710.140000	0.043212117218	
710.340000	0.043215993507	
710.540000	0.043219830186	
710.740000	0.043223627883	
710.940000	0.043227387219	
711.140000	0.043231108803	
711.340000	0.043234793238	
711.540000	0.043238441116	
711.740000	0.043242053020	
711.940000	0.043245629524	
712.140000	0.043249171196	
712.340000	0.043252678592	
712.540000	0.043256152263	
712.740000	0.043259592750	
712.940000	0.043263000587	
713.140000	0.043266376297	
713.340000	0.043269720401	
713.540000	0.043273033406	
713.740000	0.043276315817	
713.940000	0.043279568127	
714.140000	0.043282790825	
714.340000	0.043285984390	
714.540000	0.043289149298	
714.740000	0.043292286013	
714.940000	0.043295394996	
715.140000	0.043298476700	
715.340000	0.043301531570	
715.540000	0.043304560047	
715.740000	0.043307562563	
715.940000	0.043310539547	
716.140000	0.043313491417	
716.340000	0.043316418589	
716.540000	0.043319321471	
716.740000	0.043322200466	
716.940000	0.043325055970	
717.140000	0.043327888374	
717.340000	0.043330698063	
717.540000	0.043333485417	
717.740000	0.043336250810	
717.940000	0.043338994609	
718.140000	0.043341717179	
718.340000	0.043344418877	
718.540000	0.043347100056	
718.740000	0.043349761064	
718.940000	0.043352402242	
719.140000	0.043355023928	
719.340000	0.043357626455	
719.540000	0.043360210151	
719.740000	0.043362775338	
719.940000	0.043365322334	
720.140000	0.043367851454	
720.340000	0.043370363005	
720.540000	0.043372857292	
720.740000	0.043375334616	
720.940000	0.043377795271	
721.140000	0.043380239548	
721.340000	0.043382667735	
721.540000	0.043385080114	
721.740000	0.043387476963	
721.940000	0.043389858556	
722.140000	0.043392225164	
722.340000	0.043394577051	
722.540000	0.043396914481	
722.740000	0.043399237711	
722.940000	0.043401546995	
723.140000	0.043403842583	
723.340000	0.043406124721	
723.540000	0.043408393652	
723.740000	0.043410649615	
723.940000	0.043412892844	
724.140000	0.043415123571	
724.340000	0.043417342023	
724.540000	0.043419548424	
724.740000	0.043421742995	
724.940000	0.043423925951	
725.140000	0.043426097507	
725.340000	0.043428257872	
725.540000	0.043430407252	
725.740000	0.043432545850	
725.940000	0.043434673866	
726.140000	0.043436791494	
726.340000	0.043438898928	
726.540000	0.043440996358	
726.740000	0.043443083968	
726.940000	0.043445161941	
727.140000	0.043447230458	
727.340000	0.043449289693	
727.540000	0.043451339820	
727.740000	0.043453381009	
727.940000	0.043455413426	
728.140000	0.043457437234	
728.340000	0.043459452595	
728.540000	0.043461459664	
728.740000	0.043463458596	
728.940000	0.043465449543	
729.140000	0.043467432652	
729.340000	0.043469408068	
729.540000	0.043471375934	
729.740000	0.043473336388	
729.940000	0.043475289568	
730.140000	0.043477235606	
730.340000	0.043479174633	
730.540000	0.043481106776	
730.740000	0.043483032162	
730.940000	0.043484950911	
731.140000	0.043486863143	
731.340000	0.043488768974	
731.540000	0.043490668520	
731.740000	0.043492561891	
731.940000	0.043494449195	
732.140000	0.043496330540	
732.340000	0.043498206028	
732.540000	0.043500075761	
732.740000	0.043501939837	
732.940000	0.043503798352	
733.140000	0.043505651400	
733.340000	0.043507499073	
733.540000	0.043509341458	
733.740000	0.043511178643	
733.940000	0.043513010712	
734.140000	0.043514837747	
734.340000	0.043516659828	
734.540000	0.043518477033	
734.740000	0.043520289437	
734.940000	0.043522097113	
735.140000	0.043523900134	
735.340000	0.043525698567	
735.540000	0.043527492482	
735.740000	0.043529281943	
735.940000	0.043531067013	
736.140000	0.043532847755	
736.340000	0.043534624227	
736.540000	0.043536396490	
736.740000	0.043538164597	
736.940000	0.043539928605	
737.140000	0.043541688566	
737.340000	0.043543444532	
737.540000	0.043545196551	
737.740000	0.043546944673	
737.940000	0.043548688944	
738.140000	0.043550429409	
738.340000	0.043552166112	
738.540000	0.043553899095	
738.740000	0.043555628399	
738.940000	0.043557354064	
739.140000	0.043559076128	
739.340000	0.043560794629	
739.540000	0.043562509602	
739.740000	0.043564221083	
739.940000	0.043565929104	
740.140000	0.043567633698	
740.340000	0.043569334897	
740.540000	0.043571032731	
740.740000	0.043572727229	
740.940000	0.043574418420	
741.140000	0.043576106332	
741.340000	0.043577790991	
741.540000	0.043579472423	
741.740000	0.043581150652	
741.940000	0.043582825703	
742.140000	0.043584497599	
742.340000	0.043586166363	
742.540000	0.043587832016	
742.740000	0.043589494579	
742.940000	0.043591154073	
743.140000	0.043592810519	
743.340000	0.043594463934	
743.540000	0.043596114337	
743.740000	0.043597761747	
743.940000	0.043599406182	
744.140000	0.043601047657	
744.340000	0.043602686189	
744.540000	0.043604321795	
744.740000	0.043605954490	
744.940000	0.043607584288	
745.140000	0.043609211205	
745.340000	0.043610835256	
745.540000	0.043612456452	
745.740000	0.043614074809	
745.940000	0.043615690340	
746.140000	0.043617303057	
746.340000	0.043618912972	
746.540000	0.043620520099	
746.740000	0.043622124448	
746.940000	0.043623726032	
747.140000	0.043625324863	
747.340000	0.043626920950	
747.540000	0.043628514306	
747.740000	0.043630104941	
747.940000	0.043631692866	
748.140000	0.043633278090	
748.340000	0.043634860624	
748.540000	0.043636440479	
748.740000	0.043638017664	
748.940000	0.043639592188	
749.140000	0.043641164062	
749.340000	0.043642733294	
749.540000	0.043644299895	
749.740000	0.043645863873	
749.940000	0.043647425237	
750.140000	0.043648983996	
750.340000	0.043650540160	
750.540000	0.043652093737	
750.740000	0.043653644735	
750.940000	0.043655193165	
751.140000	0.043656739033	
751.340000	0.043658282349	
751.540000	0.043659823121	
751.740000	0.043661361357	
751.940000	0.043662897066	
752.140000	0.043664430257	
752.340000	0.043665960937	
752.540000	0.043667489115	
752.740000	0.043669014798	
752.940000	0.043670537996	
753.140000	0.043672058717	
753.340000	0.043673576967	
753.540000	0.043675092756	
753.740000	0.043676606092	
753.940000	0.043678116982	
754.140000	0.043679625435	
754.340000	0.043681131459	
754.540000	0.043682635062	
754.740000	0.043684136251	
754.940000	0.043685635036	
755.140000	0.043687131423	
755.340000	0.043688625420	
755.540000	0.043690117037	
755.740000	0.043691606280	
755.940000	0.043693093157	
756.140000	0.043694577678	
756.340000	0.043696059848	
756.540000	0.043697539678	
756.740000	0.043699017173	
756.940000	0.043700492343	
757.140000	0.043701965195	
757.340000	0.043703435738	
757.540000	0.043704903979	
757.740000	0.043706369925	
757.940000	0.043707833586	
758.140000	0.043709294968	
758.340000	0.043710754080	
758.540000	0.043712210930	
758.740000	0.043713665525	
758.940000	0.043715117874	
759.140000	0.043716567984	
759.340000	0.043718015864	
759.540000	0.043719461520	
759.740000	0.043720904961	
759.940000	0.043722346195	
760.140000	0.043723785230	
760.340000	0.043725222073	
760.540000	0.043726656732	
760.740000	0.043728089216	
760.940000	0.043729519531	
761.140000	0.043730947686	
761.340000	0.043732373688	
761.540000	0.043733797545	
761.740000	0.043735219265	
761.940000	0.043736638856	
762.140000	0.043738056325	
762.340000	0.043739471681	
762.540000	0.043740884929	
762.740000	0.043742296079	
762.940000	0.043743705138	
763.140000	0.043745112114	
763.340000	0.043746517014	
763.540000	0.043747919845	
763.740000	0.043749320616	
763.940000	0.043750719333	
764.140000	0.043752116005	
764.340000	0.043753510639	
764.540000	0.043754903241	
764.740000	0.043756293821	
764.940000	0.043757682384	
765.140000	0.043759068939	
765.340000	0.043760453492	
765.540000	0.043761836051	
765.740000	0.043763216624	
765.940000	0.043764595217	
766.140000	0.043765971838	
766.340000	0.043767346494	
766.540000	0.043768719192	
766.740000	0.043770089939	
766.940000	0.043771458742	
767.140000	0.043772825609	
767.340000	0.043774190546	
767.540000	0.043775553561	
767.740000	0.043776914659	
767.940000	0.043778273849	
768.140000	0.043779631137	
768.340000	0.043780986530	
768.540000	0.043782340035	
768.740000	0.043783691658	
768.940000	0.043785041406	
769.140000	0.043786389286	
769.340000	0.043787735304	
769.540000	0.043789079468	
769.740000	0.043790421784	
769.940000	0.043791762257	
770.140000	0.043793100896	
770.340000	0.043794437706	
770.540000	0.043795772693	
770.740000	0.043797105864	
770.940000	0.043798437225	
771.140000	0.043799766783	
771.340000	0.043801094544	
771.540000	0.043802420514	
771.740000	0.043803744699	
771.940000	0.043805067105	
772.140000	0.043806387739	
772.340000	0.043807706606	
772.540000	0.043809023713	
772.740000	0.043810339065	
772.940000	0.043811652668	
773.140000	0.043812964528	
773.340000	0.043814274651	
773.540000	0.043815583043	
773.740000	0.043816889710	
773.940000	0.043818194656	
774.140000	0.043819497889	
774.340000	0.043820799413	
774.540000	0.043822099233	
774.740000	0.043823397357	
774.940000	0.043824693788	
775.140000	0.043825988533	
775.340000	0.043827281597	
775.540000	0.043828572985	
775.740000	0.043829862702	
775.940000	0.043831150754	
776.140000	0.043832437147	
776.340000	0.043833721884	
776.540000	0.043835004972	
776.740000	0.043836286415	
776.940000	0.043837566219	
777.140000	0.043838844388	
777.340000	0.043840120927	
777.540000	0.043841395843	
777.740000	0.043842669138	
777.940000	0.043843940819	
778.140000	0.043845210889	
778.340000	0.043846479355	
778.540000	0.043847746220	
778.740000	0.043849011489	
778.940000	0.043850275167	
779.140000	0.043851537258	
779.340000	0.043852797767	
779.540000	0.043854056699	
779.740000	0.043855314058	
779.940000	0.043856569849	
780.140000	0.043857824075	
780.340000	0.043859076742	
780.540000	0.043860327854	
780.740000	0.043861577414	
780.940000	0.043862825427	
781.140000	0.043864071898	
781.340000	0.043865316831	
781.540000	0.043866560229	
781.740000	0.043867802098	
781.940000	0.043869042440	
782.140000	0.043870281260	
782.340000	0.043871518562	
782.540000	0.043872754350	
782.740000	0.043873988628	
782.940000	0.043875221400	
783.140000	0.043876452670	
783.340000	0.043877682441	
783.540000	0.043878910717	
783.740000	0.043880137503	
783.940000	0.043881362801	
784.140000	0.043882586616	
784.340000	0.043883808950	
784.540000	0.043885029809	
784.740000	0.043886249195	
784.940000	0.043887467112	
785.140000	0.043888683563	
785.340000	0.043889898553	
785.540000	0.043891112083	
785.740000	0.043892324159	
785.940000	0.043893534783	
786.140000	0.043894743958	
786.340000	0.043895951689	
786.540000	0.043897157977	
786.740000	0.043898362828	
786.940000	0.043899566243	
787.140000	0.043900768226	
787.340000	0.043901968780	
787.540000	0.043903167909	
787.740000	0.043904365616	
787.940000	0.043905561903	
788.140000	0.043906756773	
788.340000	0.043907950231	
788.540000	0.043909142278	
788.740000	0.043910332919	
788.940000	0.043911522155	
789.140000	0.043912709989	
789.340000	0.043913896426	
789.540000	0.043915081467	
789.740000	0.043916265115	
789.940000	0.043917447374	
790.140000	0.043918628246	
790.340000	0.043919807733	
790.540000	0.043920985840	
790.740000	0.043922162567	
790.940000	0.043923337919	
791.140000	0.043924511897	
791.340000	0.043925684506	
791.540000	0.043926855746	
791.740000	0.043928025621	
791.940000	0.043929194133	
792.140000	0.043930361285	
792.340000	0.043931527080	
792.540000	0.043932691519	
792.740000	0.043933854607	
792.940000	0.043935016344	
793.140000	0.043936176734	
793.340000	0.043937335778	
793.540000	0.043938493481	
793.740000	0.043939649842	
793.940000	0.043940804866	
794.140000	0.043941958555	
794.340000	0.043943110911	
794.540000	0.043944261935	
794.740000	0.043945411632	
794.940000	0.043946560002	
795.140000	0.043947707048	
795.340000	0.043948852772	
795.540000	0.043949997177	
795.740000	0.043951140265	
795.940000	0.043952282038	
796.140000	0.043953422498	
796.340000	0.043954561647	
796.540000	0.043955699488	
796.740000	0.043956836022	
796.940000	0.043957971252	
797.140000	0.043959105180	
797.340000	0.043960237808	
797.540000	0.043961369137	
797.740000	0.043962499171	
797.940000	0.043963627910	
798.140000	0.043964755358	
798.340000	0.043965881515	
798.540000	0.043967006385	
798.740000	0.043968129968	
798.940000	0.043969252267	
799.140000	0.043970373284	
799.340000	0.043971493021	
799.540000	0.043972611479	
799.740000	0.043973728661	
799.940000	0.043974844568	
800.140000	0.043975959203	
800.340000	0.043977072567	
800.540000	0.043978184661	
800.740000	0.043979295488	
800.940000	0.043980405050	
801.140000	0.043981513348	
801.340000	0.043982620384	
801.540000	0.043983726161	
801.740000	0.043984830678	
801.940000	0.043985933939	
802.140000	0.043987035946	
802.340000	0.043988136699	
802.540000	0.043989236200	
802.740000	0.043990334452	
802.940000	0.043991431455	
803.140000	0.043992527212	
803.340000	0.043993621725	
803.540000	0.043994714994	
803.740000	0.043995807022	
803.940000	0.043996897809	
804.140000	0.043997987359	
804.340000	0.043999075671	
804.540000	0.044000162749	
804.740000	0.044001248593	
804.940000	0.044002333205	
805.140000	0.044003416587	
805.340000	0.044004498740	
805.540000	0.044005579665	
805.740000	0.044006659365	
805.940000	0.044007737840	
806.140000	0.044008815093	
806.340000	0.044009891124	
806.540000	0.044010965936	
806.740000	0.044012039529	
806.940000	0.044013111905	
807.140000	0.044014183066	
807.340000	0.044015253013	
807.540000	0.044016321747	
807.740000	0.044017389271	
807.940000	0.044018455584	
808.140000	0.044019520690	
808.340000	0.044020584588	
808.540000	0.044021647281	
808.740000	0.044022708770	
808.940000	0.044023769056	
809.140000	0.044024828141	
809.340000	0.044025886026	
809.540000	0.044026942713	
809.740000	0.044027998202	
809.940000	0.044029052495	
810.140000	0.044030105594	
810.340000	0.044031157499	
810.540000	0.044032208212	
810.740000	0.044033257735	
810.940000	0.044034306068	
811.140000	0.044035353214	
811.340000	0.044036399172	
811.540000	0.044037443945	
811.740000	0.044038487534	
811.940000	0.044039529940	
812.140000	0.044040571164	
812.340000	0.044041611208	
812.540000	0.044042650073	
812.740000	0.044043687759	
812.940000	0.044044724269	
813.140000	0.044045759603	
813.340000	0.044046793763	
813.540000	0.044047826750	
813.740000	0.044048858565	
813.940000	0.044049889210	
814.140000	0.044050918685	
814.340000	0.044051946992	
814.540000	0.044052974131	
814.740000	0.044054000105	
814.940000	0.044055024913	
815.140000	0.044056048559	
815.340000	0.044057071041	
815.540000	0.044058092363	
815.740000	0.044059112524	
815.940000	0.044060131527	
816.140000	0.044061149371	
816.340000	0.044062166059	
816.540000	0.044063181591	
816.740000	0.044064195968	
816.940000	0.044065209192	
817.140000	0.044066221264	
817.340000	0.044067232185	
817.540000	0.044068241955	
817.740000	0.044069250577	
817.940000	0.044070258051	
818.140000	0.044071264378	
818.340000	0.044072269559	
818.540000	0.044073273595	
818.740000	0.044074276488	
818.940000	0.044075278238	
819.140000	0.044076278847	
819.340000	0.044077278316	
819.540000	0.044078276645	
819.740000	0.044079273835	
819.940000	0.044080269889	
820.140000	0.044081264806	
820.340000	0.044082258588	
820.540000	0.044083251236	
820.740000	0.044084242750	
820.940000	0.044085233133	
821.140000	0.044086222384	
821.340000	0.044087210505	
821.540000	0.044088197497	
821.740000	0.044089183361	
821.940000	0.044090168098	
822.140000	0.044091151709	
822.340000	0.044092134194	
822.540000	0.044093115556	
822.740000	0.044094095794	
822.940000	0.044095074910	
823.140000	0.044096052905	
823.340000	0.044097029779	
823.540000	0.044098005535	
823.740000	0.044098980172	
823.940000	0.044099953692	
824.140000	0.044100926095	
824.340000	0.044101897383	
824.540000	0.044102867556	
824.740000	0.044103836616	
824.940000	0.044104804563	
825.140000	0.044105771399	
825.340000	0.044106737124	
825.540000	0.044107701739	
825.740000	0.044108665245	
825.940000	0.044109627644	
826.140000	0.044110588935	
826.340000	0.044111549120	
826.540000	0.044112508200	
826.740000	0.044113466176	
826.940000	0.044114423048	
827.140000	0.044115378818	
827.340000	0.044116333487	
827.540000	0.044117287054	
827.740000	0.044118239522	
827.940000	0.044119190892	
828.140000	0.044120141163	
828.340000	0.044121090337	
828.540000	0.044122038415	
828.740000	0.044122985398	
828.940000	0.044123931286	
829.140000	0.044124876081	
829.340000	0.044125819783	
829.540000	0.044126762393	
829.740000	0.044127703912	
829.940000	0.044128644341	
830.140000	0.044129583681	
850.140000	0.044218155195	
870.140000	0.044296587858	
890.140000	0.044365507368	
910.140000	0.044425458647	
930.140000	0.044476932092	
950.140000	0.044520376892	
970.140000	0.044556208518	
990.140000	0.044584813163	
1010.140000	0.044606550688	
1030.140000	0.044621756854	
1050.140000	0.044630745334	
1070.140000	0.044633809653	
1090.140000	0.044631222118	
1110.140000	0.044623244140	
1130.140000	0.044610123042	
1150.140000	0.044592092684	
1170.140000	0.044569376719	
1190.140000	0.044542190912	
1210.140000	0.044510744752	
1230.140000	0.044475242639	
1250.140000	0.044435884803	
1270.140000	0.044392867871	
1290.140000	0.044346385119	
1310.140000	0.044296626424	
1330.140000	0.044243777990	
1350.140000	0.044188021895	
1370.140000	0.044129535538	
1390.140000	0.044068491050	
1410.140000	0.044005054714	
1430.140000	0.043939386449	
1450.140000	0.043871639384	
1470.140000	0.043801959539	
1490.140000	0.043730485623	
1510.140000	0.043657348947	
1530.140000	0.043582673438	
1550.140000	0.043506575745	
1570.140000	0.043429165428	
1590.140000	0.043350545198	
1610.140000	0.043270811209	
1630.140000	0.043190053379	
1650.140000	0.043108355735	
1670.140000	0.043025796761	
1690.140000	0.042942449755	
1710.140000	0.042858383178	
1730.140000	0.042773660990	
1750.140000	0.042688342983	
1770.140000	0.042602485086	
1790.140000	0.042516139662	
1810.140000	0.042429355784	
1830.140000	0.042342179492	
1850.140000	0.042254654031	
1870.140000	0.042166820075	
1890.140000	0.042078715927	
1910.140000	0.041990377710	
1930.140000	0.041901839538	
1950.140000	0.041813133672	
1970.140000	0.041724290661	
1990.140000	0.041635339479	
2010.140000	0.041546307636	
2030.140000	0.041457221292	
2050.140000	0.041368105351	
2070.140000	0.041278983551	
2090.140000	0.041189878542	
2110.140000	0.041100811965	
2130.140000	0.041011804508	
2150.140000	0.040922875976	
2170.140000	0.040834045337	
2190.140000	0.040745330776	
2210.140000	0.040656749738	
2230.140000	0.040568318965	
2250.140000	0.040480054537	
2270.140000	0.040391971907	
2290.140000	0.040304085922	
2310.140000	0.040216410863	
2330.140000	0.040128960461	
2350.140000	0.040041747924	
2370.140000	0.039954785959	
2390.140000	0.039868086790	
2410.140000	0.039781662179	
2430.140000	0.039695523439	
2450.140000	0.039609681451	
2470.140000	0.039524146682	
2490.140000	0.039438929194	
