0.000000	0.641218282554	
20.000000	0.637027254313	
40.000000	0.637062971387	
60.000000	0.637169955492	
80.000000	0.637222449915	
100.000000	0.637240740961	
120.000000	0.759532265034	
140.000000	0.750886616239	
160.000000	0.734554814086	
180.000000	0.717472507623	
200.000000	0.700652487357	
220.000000	0.684567248758	
240.000000	0.669274838517	
260.000000	0.654727092382	
280.000000	0.640857886518	
300.000000	0.627603044638	
320.000000	0.614901291250	
340.000000	0.602153222673	
360.000000	0.590309439383	
380.000000	0.579026692311	
400.000000	0.568120641241	
420.000000	0.557494731486	
440.000000	0.547088732193	
460.000000	0.536858598199	
480.000000	0.526767689000	
500.000000	0.516781899046	
520.000000	0.500378595487	
540.000000	0.484785998715	
560.000000	0.470027067832	
580.000000	0.455987602666	
600.000000	0.442533213703	
608.400000	0.437004469850	
608.600000	0.436873330844	
608.800000	0.436742206716	
609.000000	0.436611096807	
609.200000	0.436480000444	
609.400000	0.436348916946	
609.600000	0.436217845619	
609.800000	0.436086785758	
610.000000	0.435955736649	
610.200000	0.435824697565	
610.400000	0.435693667765	
610.600000	0.435562646500	
610.800000	0.435431633005	
611.000000	0.435300626504	
611.200000	0.435169626208	
611.400000	0.435038631315	
611.600000	0.434907641007	
611.800000	0.434776654456	
612.000000	0.434645670816	
612.200000	0.434514689229	
612.400000	0.434383708821	
612.600000	0.434252728702	
612.800000	0.434121747968	
613.000000	0.433990765697	
613.200000	0.433859780952	
613.400000	0.433728792780	
613.600000	0.433597800207	
613.800000	0.433466802246	
614.000000	0.433335797889	
614.200000	0.433204786109	
614.400000	0.433073765862	
614.600000	0.432942736083	
614.800000	0.432811695688	
615.000000	0.432680643571	
615.200000	0.432549578606	
615.400000	0.432418499645	
615.600000	0.432287405517	
615.800000	0.432156295031	
616.000000	0.432025166970	
616.200000	0.431894020093	
616.400000	0.431762853135	
616.600000	0.431631664805	
616.800000	0.431500453789	
617.000000	0.431369218741	
617.200000	0.431237958293	
617.400000	0.431106671045	
617.600000	0.430975355568	
617.800000	0.430844010407	
618.000000	0.430712634071	
618.200000	0.430581225043	
618.400000	0.430449781768	
618.600000	0.430318302662	
618.800000	0.430186786105	
619.000000	0.430055230442	
619.200000	0.429923633980	
619.400000	0.429791994992	
619.600000	0.429660311708	
619.800000	0.429528582323	
620.000000	0.429396804987	
620.200000	0.429264977811	
620.400000	0.429133098860	
620.600000	0.429001166157	
620.800000	0.428869177676	
621.000000	0.428737131345	
621.200000	0.428605025043	
621.400000	0.428472856597	
621.600000	0.428340623784	
621.800000	0.428208324325	
622.000000	0.428075955886	
622.200000	0.427943516076	
622.400000	0.427811002444	
622.600000	0.427678412477	
622.800000	0.427545743600	
623.000000	0.427412993172	
623.200000	0.427280158483	
623.400000	0.427147236755	
623.600000	0.427014225135	
623.800000	0.426881120698	
624.000000	0.426747920438	
624.200000	0.426614621271	
624.400000	0.426481220029	
624.600000	0.426347713458	
624.800000	0.426214098212	
625.000000	0.426080370857	
625.200000	0.425946527860	
625.400000	0.425812565588	
625.600000	0.425678480306	
625.800000	0.425544268171	
626.000000	0.425409925229	
626.200000	0.425275447409	
626.400000	0.425140830522	
626.600000	0.425006070253	
626.800000	0.424871162157	
627.000000	0.424736101654	
627.200000	0.424600884023	
627.400000	0.424465504399	
627.600000	0.424329957762	
627.800000	0.424194238936	
628.000000	0.424058342579	
628.200000	0.423922263175	
628.400000	0.423785995031	
628.600000	0.423649532267	
628.800000	0.423512868806	
629.000000	0.423375998368	
629.200000	0.423238914459	
629.400000	0.423101610364	
629.600000	0.422964079133	
629.800000	0.422826313576	
630.000000	0.422688306246	
630.200000	0.422550049429	
630.400000	0.422411535132	
630.600000	0.422272755071	
630.800000	0.422133700654	
631.000000	0.421994362966	
631.200000	0.421854732755	
631.400000	0.421714800415	
631.600000	0.421574555966	
631.800000	0.421433989036	
632.000000	0.421293088841	
632.200000	0.421151844163	
632.400000	0.421010243325	
632.600000	0.420868274170	
632.800000	0.420725924031	
633.000000	0.420583179706	
633.200000	0.420440027424	
633.400000	0.420296452817	
633.600000	0.420152440882	
633.800000	0.420007975947	
634.000000	0.419863041628	
634.200000	0.419717620790	
634.400000	0.419571695498	
634.600000	0.419425246968	
634.800000	0.419278255516	
635.000000	0.419130700498	
635.200000	0.418982560251	
635.400000	0.418833812022	
635.600000	0.418684431899	
635.800000	0.418534394732	
636.000000	0.418383674046	
636.200000	0.418232241948	
636.400000	0.418080069030	
636.600000	0.417927124256	
636.800000	0.417773374844	
637.000000	0.417618786133	
637.200000	0.417463321443	
637.400000	0.417306941917	
637.600000	0.417149606348	
637.800000	0.416991270992	
638.000000	0.416831889356	
638.200000	0.416671411974	
638.400000	0.416509786146	
638.600000	0.416346955663	
638.800000	0.416182860489	
639.000000	0.416017436419	
639.200000	0.415850614685	
639.400000	0.415682321530	
639.600000	0.415512477716	
639.800000	0.415340997987	
640.000000	0.415167790447	
640.200000	0.414992755874	
640.400000	0.414815786935	
640.600000	0.414636767289	
640.800000	0.414455570577	
641.000000	0.414272059259	
641.200000	0.414086083278	
641.400000	0.413897478525	
641.600000	0.413706065062	
641.800000	0.413511645054	
642.000000	0.413314000357	
642.200000	0.413112889694	
642.400000	0.412908045313	
642.600000	0.412699169036	
642.800000	0.412485927543	
643.000000	0.412267946703	
643.200000	0.412044804732	
643.400000	0.411816023856	
643.600000	0.411581060062	
643.800000	0.411339290424	
644.000000	0.411089997219	
644.200000	0.410832347867	
644.400000	0.410565369246	
644.600000	0.410287914399	
644.800000	0.409998618733	
645.000000	0.409695841430	
645.200000	0.409377585579	
645.400000	0.409041386966	
645.600000	0.408684155261	
645.800000	0.408301940521	
646.000000	0.407889577701	
646.200000	0.407440121998	
646.400000	0.406943903589	
646.600000	0.406386835030	
646.800000	0.405747096282	
647.000000	0.404987766438	
647.200000	0.404036901802	
647.400000	0.402710089268	
647.600000	0.399689495675	
647.800000	0.373044631927	
648.000000	0.244611170412	
648.200000	0.000000402768	
648.400000	0.000000040462	
648.600000	0.000000152821	
648.800000	0.000002016332	
649.000000	0.000023253705	
649.200000	0.000103092004	
649.400000	0.000327943424	
649.600000	0.001025215539	
649.800000	0.003304162967	
650.000000	0.008190050548	
650.200000	0.011885063425	
650.400000	0.016190848806	
650.600000	0.021652791924	
650.800000	0.028171071235	
670.800000	0.238378363896	
678.540000	0.234024623938	
678.740000	0.233936633363	
678.940000	0.233849815948	
679.140000	0.233764162887	
679.340000	0.233679665241	
679.540000	0.233596313946	
679.740000	0.233514099833	
679.940000	0.233433013643	
680.140000	0.233353046035	
680.340000	0.233274187603	
680.540000	0.233196428883	
680.740000	0.233119760370	
680.940000	0.233044172518	
681.140000	0.232969655759	
681.340000	0.232896200504	
681.540000	0.232823797156	
681.740000	0.232752436113	
681.940000	0.232682107779	
682.140000	0.232612802566	
682.340000	0.232544510904	
682.540000	0.232477223243	
682.740000	0.232410930060	
682.940000	0.232345621863	
683.140000	0.232281289197	
683.340000	0.232217922645	
683.540000	0.232155512834	
683.740000	0.232094050440	
683.940000	0.232033526187	
684.140000	0.231973930854	
684.340000	0.231915255274	
684.540000	0.231857490341	
684.740000	0.231800627010	
684.940000	0.231744656299	
685.140000	0.231689569292	
685.340000	0.231635357138	
685.540000	0.231582011059	
685.740000	0.231529522346	
685.940000	0.231477882361	
686.140000	0.231427082542	
686.340000	0.231377114400	
686.540000	0.231327969524	
686.740000	0.231279639577	
686.940000	0.231232116304	
687.140000	0.231185391524	
687.340000	0.231139457140	
687.540000	0.231094305133	
687.740000	0.231049927566	
687.940000	0.231006316580	
688.140000	0.230963464403	
688.340000	0.230921363342	
688.540000	0.230880005786	
688.740000	0.230839384210	
688.940000	0.230799491169	
689.140000	0.230760319304	
689.340000	0.230721861336	
689.540000	0.230684110074	
689.740000	0.230647058407	
689.940000	0.230610699309	
690.140000	0.230575025839	
690.340000	0.230540031137	
690.540000	0.230505708430	
690.740000	0.230472051024	
690.940000	0.230439052314	
691.140000	0.230406705774	
691.340000	0.230375004962	
691.540000	0.230343943521	
691.740000	0.230313515175	
691.940000	0.230283713731	
692.140000	0.230254533079	
692.340000	0.230225967189	
692.540000	0.230198010117	
692.740000	0.230170655996	
692.940000	0.230143899045	
693.140000	0.230117733561	
693.340000	0.230092153923	
693.540000	0.230067154590	
693.740000	0.230042730102	
693.940000	0.230018875081	
694.140000	0.229995584224	
694.340000	0.229972852312	
694.540000	0.229950674203	
694.740000	0.229929044834	
694.940000	0.229907959223	
695.140000	0.229887412462	
695.340000	0.229867399725	
695.540000	0.229847916262	
695.740000	0.229828957401	
695.940000	0.229810518547	
696.140000	0.229792595182	
696.340000	0.229775182865	
696.540000	0.229758277232	
696.740000	0.229741873993	
696.940000	0.229725968937	
697.140000	0.229710557926	
697.340000	0.229695636901	
697.540000	0.229681201874	
697.740000	0.229667248935	
697.940000	0.229653774248	
698.140000	0.229640774053	
698.340000	0.229628244663	
698.540000	0.229616182466	
698.740000	0.229604583923	
698.940000	0.229593445572	
699.140000	0.229582764023	
699.340000	0.229572535959	
699.540000	0.229562758138	
699.740000	0.229553427392	
699.940000	0.229544540625	
700.140000	0.229536094817	
700.340000	0.229528087019	
700.540000	0.229520514355	
700.740000	0.229513374025	
700.940000	0.229506663299	
701.140000	0.229500379524	
701.340000	0.229494520117	
701.540000	0.229489082569	
701.740000	0.229484064445	
701.940000	0.229479463384	
702.140000	0.229475277096	
702.340000	0.229471503367	
702.540000	0.229468140054	
702.740000	0.229465185089	
702.940000	0.229462636478	
703.140000	0.229460492300	
703.340000	0.229458750709	
703.540000	0.229457409930	
703.740000	0.229456468265	
703.940000	0.229455924090	
704.140000	0.229455775853	
704.340000	0.229456022081	
704.540000	0.229456661371	
704.740000	0.229457692398	
704.940000	0.229459113911	
705.140000	0.229460924735	
705.340000	0.229463123768	
705.540000	0.229465709988	
705.740000	0.229468682444	
705.940000	0.229472040266	
706.140000	0.229475782657	
706.340000	0.229479908897	
706.540000	0.229484418344	
706.740000	0.229489310431	
706.940000	0.229494584672	
707.140000	0.229500240653	
707.340000	0.229506278043	
707.540000	0.229512696584	
707.740000	0.229519496100	
707.940000	0.229526676491	
708.140000	0.229534237736	
708.340000	0.229542179892	
708.540000	0.229550503097	
708.740000	0.229559207565	
708.940000	0.229568293590	
709.140000	0.229577761545	
709.340000	0.229587611884	
709.540000	0.229597845138	
709.740000	0.229608461917	
709.940000	0.229619462914	
710.140000	0.229630848897	
710.340000	0.229642620716	
710.540000	0.229654779298	
710.740000	0.229667325652	
710.940000	0.229680260864	
711.140000	0.229693586099	
711.340000	0.229707302600	
711.540000	0.229721411689	
711.740000	0.229735914766	
711.940000	0.229750813308	
712.140000	0.229766108869	
712.340000	0.229781803080	
712.540000	0.229797897647	
712.740000	0.229814394352	
712.940000	0.229831295051	
713.140000	0.229848601674	
713.340000	0.229866316223	
713.540000	0.229884440774	
713.740000	0.229902977471	
713.940000	0.229921928530	
714.140000	0.229941296233	
714.340000	0.229961082932	
714.540000	0.229981291041	
714.740000	0.230001923042	
714.940000	0.230022981476	
715.140000	0.230044468946	
715.340000	0.230066388114	
715.540000	0.230088741698	
715.740000	0.230111532470	
715.940000	0.230134763257	
716.140000	0.230158436931	
716.340000	0.230182556415	
716.540000	0.230207124676	
716.740000	0.230232144721	
716.940000	0.230257619598	
717.140000	0.230283552388	
717.340000	0.230309946207	
717.540000	0.230336804197	
717.740000	0.230364129527	
717.940000	0.230391925388	
718.140000	0.230420194988	
718.340000	0.230448941547	
718.540000	0.230478168297	
718.740000	0.230507878473	
718.940000	0.230538075311	
719.140000	0.230568762043	
719.340000	0.230599941893	
719.540000	0.230631618069	
719.740000	0.230663793760	
719.940000	0.230696472132	
720.140000	0.230729656320	
720.340000	0.230763349425	
720.540000	0.230797554505	
720.740000	0.230832274573	
720.940000	0.230867512589	
721.140000	0.230903271453	
721.340000	0.230939554001	
721.540000	0.230976363000	
721.740000	0.231013701137	
721.940000	0.231051571016	
722.140000	0.231089975154	
722.340000	0.231128915967	
722.540000	0.231168395772	
722.740000	0.231208416776	
722.940000	0.231248981069	
723.140000	0.231290090620	
723.340000	0.231331747270	
723.540000	0.231373952724	
723.740000	0.231416708547	
723.940000	0.231460016156	
724.140000	0.231503876815	
724.340000	0.231548291626	
724.540000	0.231593261529	
724.740000	0.231638787291	
724.940000	0.231684869504	
725.140000	0.231731508574	
725.340000	0.231778704724	
725.540000	0.231826457983	
725.740000	0.231874768183	
725.940000	0.231923634955	
726.140000	0.231973057723	
726.340000	0.232023035703	
726.540000	0.232073567898	
726.740000	0.232124653094	
726.940000	0.232176289857	
727.140000	0.232228476533	
727.340000	0.232281211243	
727.540000	0.232334491881	
727.740000	0.232388316115	
727.940000	0.232442681384	
728.140000	0.232497584899	
728.340000	0.232553023640	
728.540000	0.232608994358	
728.740000	0.232665493577	
728.940000	0.232722517592	
729.140000	0.232780062472	
729.340000	0.232838124062	
729.540000	0.232896697986	
729.740000	0.232955779647	
729.940000	0.233015364233	
730.140000	0.233075446718	
730.340000	0.233136021871	
730.540000	0.233197084252	
730.740000	0.233258628224	
730.940000	0.233320647957	
731.140000	0.233383137428	
731.340000	0.233446090433	
731.540000	0.233509500593	
731.740000	0.233573361356	
731.940000	0.233637666005	
732.140000	0.233702407669	
732.340000	0.233767579327	
732.540000	0.233833173814	
732.740000	0.233899183832	
732.940000	0.233965601959	
733.140000	0.234032420651	
733.340000	0.234099632257	
733.540000	0.234167229024	
733.740000	0.234235203105	
733.940000	0.234303546569	
734.140000	0.234372251412	
734.340000	0.234441309560	
734.540000	0.234510712882	
734.740000	0.234580453199	
734.940000	0.234650522289	
735.140000	0.234720911900	
735.340000	0.234791613757	
735.540000	0.234862619569	
735.740000	0.234933921039	
735.940000	0.235005509872	
736.140000	0.235077377785	
736.340000	0.235149516510	
736.540000	0.235221917809	
736.740000	0.235294573475	
736.940000	0.235367475342	
737.140000	0.235440615296	
737.340000	0.235513985275	
737.540000	0.235587577281	
737.740000	0.235661383385	
737.940000	0.235735395733	
738.140000	0.235809606554	
738.340000	0.235884008163	
738.540000	0.235958592966	
738.740000	0.236033353470	
738.940000	0.236108282284	
739.140000	0.236183372124	
739.340000	0.236258615819	
739.540000	0.236334006315	
739.740000	0.236409536676	
739.940000	0.236485200092	
740.140000	0.236560989878	
740.340000	0.236636899481	
740.540000	0.236712922479	
740.740000	0.236789052586	
740.940000	0.236865283654	
741.140000	0.236941609675	
741.340000	0.237018024779	
741.540000	0.237094523243	
741.740000	0.237171099483	
741.940000	0.237247748064	
742.140000	0.237324463693	
742.340000	0.237401241226	
742.540000	0.237478075662	
742.740000	0.237554962149	
742.940000	0.237631895980	
743.140000	0.237708872593	
743.340000	0.237785887574	
743.540000	0.237862936651	
743.740000	0.237940015697	
743.940000	0.238017120728	
744.140000	0.238094247901	
744.340000	0.238171393516	
744.540000	0.238248554008	
744.740000	0.238325725952	
744.940000	0.238402906059	
745.140000	0.238480091173	
745.340000	0.238557278270	
745.540000	0.238634464459	
745.740000	0.238711646974	
745.940000	0.238788823176	
746.140000	0.238865990551	
746.340000	0.238943146705	
746.540000	0.239020289365	
746.740000	0.239097416373	
746.940000	0.239174525686	
747.140000	0.239251615375	
747.340000	0.239328683619	
747.540000	0.239405728704	
747.740000	0.239482749020	
747.940000	0.239559743060	
748.140000	0.239636709417	
748.340000	0.239713646779	
748.540000	0.239790553930	
748.740000	0.239867429743	
748.940000	0.239944273183	
749.140000	0.240021083301	
749.340000	0.240097859229	
749.540000	0.240174600185	
749.740000	0.240251305463	
749.940000	0.240327974433	
750.140000	0.240404606541	
750.340000	0.240481201302	
750.540000	0.240557758302	
750.740000	0.240634277193	
750.940000	0.240710757690	
751.140000	0.240787199572	
751.340000	0.240863602676	
751.540000	0.240939966898	
751.740000	0.241016292187	
751.940000	0.241092578547	
752.140000	0.241168826031	
752.340000	0.241245034742	
752.540000	0.241321204830	
752.740000	0.241397336488	
752.940000	0.241473429953	
753.140000	0.241549485502	
753.340000	0.241625503453	
753.540000	0.241701484157	
753.740000	0.241777428005	
753.940000	0.241853335417	
754.140000	0.241929206849	
754.340000	0.242005042784	
754.540000	0.242080843734	
754.740000	0.242156610240	
754.940000	0.242232342866	
755.140000	0.242308042202	
755.340000	0.242383708858	
755.540000	0.242459343469	
755.740000	0.242534946686	
755.940000	0.242610519181	
756.140000	0.242686061641	
756.340000	0.242761574771	
756.540000	0.242837059289	
756.740000	0.242912515929	
756.940000	0.242987945436	
757.140000	0.243063348565	
757.340000	0.243138726086	
757.540000	0.243214078773	
757.740000	0.243289407412	
757.940000	0.243364712795	
758.140000	0.243439995722	
758.340000	0.243515256999	
758.540000	0.243590497434	
758.740000	0.243665717843	
758.940000	0.243740919043	
759.140000	0.243816101855	
759.340000	0.243891267102	
759.540000	0.243966415606	
759.740000	0.244041548194	
759.940000	0.244116665690	
760.140000	0.244191768919	
760.340000	0.244266858704	
760.540000	0.244341935866	
760.740000	0.244417001227	
760.940000	0.244492055602	
761.140000	0.244567099808	
761.340000	0.244642134655	
761.540000	0.244717160950	
761.740000	0.244792179496	
761.940000	0.244867191092	
762.140000	0.244942196532	
762.340000	0.245017196604	
762.540000	0.245092192091	
762.740000	0.245167183770	
762.940000	0.245242172412	
763.140000	0.245317158782	
763.340000	0.245392143638	
763.540000	0.245467127731	
763.740000	0.245542111806	
763.940000	0.245617096599	
764.140000	0.245692082840	
764.340000	0.245767071252	
764.540000	0.245842062549	
764.740000	0.245917057438	
764.940000	0.245992056617	
765.140000	0.246067060776	
765.340000	0.246142070599	
765.540000	0.246217086760	
765.740000	0.246292109924	
765.940000	0.246367140750	
766.140000	0.246442179885	
766.340000	0.246517227971	
766.540000	0.246592285639	
766.740000	0.246667353513	
766.940000	0.246742432208	
767.140000	0.246817522330	
767.340000	0.246892624475	
767.540000	0.246967739234	
767.740000	0.247042867186	
767.940000	0.247118008902	
768.140000	0.247193164946	
768.340000	0.247268335872	
768.540000	0.247343522225	
768.740000	0.247418724543	
768.940000	0.247493943355	
769.140000	0.247569179180	
769.340000	0.247644432531	
769.540000	0.247719703910	
769.740000	0.247794993813	
769.940000	0.247870302727	
770.140000	0.247945631130	
770.340000	0.248020979493	
770.540000	0.248096348277	
770.740000	0.248171737939	
770.940000	0.248247148923	
771.140000	0.248322581668	
771.340000	0.248398036606	
771.540000	0.248473514159	
771.740000	0.248549014742	
771.940000	0.248624538765	
772.140000	0.248700086626	
772.340000	0.248775658719	
772.540000	0.248851255430	
772.740000	0.248926877137	
772.940000	0.249002524212	
773.140000	0.249078197019	
773.340000	0.249153895916	
773.540000	0.249229621253	
773.740000	0.249305373373	
773.940000	0.249381152615	
774.140000	0.249456959309	
774.340000	0.249532793778	
774.540000	0.249608656341	
774.740000	0.249684547309	
774.940000	0.249760466987	
775.140000	0.249836415674	
775.340000	0.249912393664	
775.540000	0.249988401243	
775.740000	0.250064438694	
775.940000	0.250140506290	
776.140000	0.250216604303	
776.340000	0.250292732997	
776.540000	0.250368892631	
776.740000	0.250445083457	
776.940000	0.250521305726	
777.140000	0.250597559678	
777.340000	0.250673845553	
777.540000	0.250750163584	
777.740000	0.250826513998	
777.940000	0.250902897018	
778.140000	0.250979312863	
778.340000	0.251055761746	
778.540000	0.251132243877	
778.740000	0.251208759460	
778.940000	0.251285308695	
779.140000	0.251361891778	
779.340000	0.251438508901	
779.540000	0.251515160250	
779.740000	0.251591846010	
779.940000	0.251668566358	
780.140000	0.251745321471	
780.340000	0.251822111520	
780.540000	0.251898936673	
780.740000	0.251975797092	
780.940000	0.252052692939	
781.140000	0.252129624369	
781.340000	0.252206591537	
781.540000	0.252283594591	
781.740000	0.252360633677	
781.940000	0.252437708940	
782.140000	0.252514820517	
782.340000	0.252591968546	
782.540000	0.252669153160	
782.740000	0.252746374490	
782.940000	0.252823632662	
783.140000	0.252900927801	
783.340000	0.252978260029	
783.540000	0.253055629464	
783.740000	0.253133036222	
783.940000	0.253210480416	
784.140000	0.253287962157	
784.340000	0.253365481552	
784.540000	0.253443038708	
784.740000	0.253520633727	
784.940000	0.253598266710	
785.140000	0.253675937754	
785.340000	0.253753646957	
785.540000	0.253831394410	
785.740000	0.253909180205	
785.940000	0.253987004432	
786.140000	0.254064867178	
786.340000	0.254142768527	
786.540000	0.254220708562	
786.740000	0.254298687363	
786.940000	0.254376705011	
787.140000	0.254454761581	
787.340000	0.254532857149	
787.540000	0.254610991788	
787.740000	0.254689165570	
787.940000	0.254767378563	
788.140000	0.254845630836	
788.340000	0.254923922456	
788.540000	0.255002253486	
788.740000	0.255080623990	
788.940000	0.255159034029	
789.140000	0.255237483663	
789.340000	0.255315972950	
789.540000	0.255394501947	
789.740000	0.255473070710	
789.940000	0.255551679292	
790.140000	0.255630327747	
790.340000	0.255709016125	
790.540000	0.255787744476	
790.740000	0.255866512848	
790.940000	0.255945321290	
791.140000	0.256024169848	
791.340000	0.256103058565	
791.540000	0.256181987487	
791.740000	0.256260956654	
791.940000	0.256339966110	
792.140000	0.256419015893	
792.340000	0.256498106044	
792.540000	0.256577236600	
792.740000	0.256656407598	
792.940000	0.256735619074	
793.140000	0.256814871064	
793.340000	0.256894163601	
793.540000	0.256973496718	
793.740000	0.257052870448	
793.940000	0.257132284821	
794.140000	0.257211739869	
794.340000	0.257291235619	
794.540000	0.257370772102	
794.740000	0.257450349344	
794.940000	0.257529967372	
795.140000	0.257609626213	
795.340000	0.257689325891	
795.540000	0.257769066431	
795.740000	0.257848847856	
795.940000	0.257928670191	
796.140000	0.258008533455	
796.340000	0.258088437672	
796.540000	0.258168382862	
796.740000	0.258248369045	
796.940000	0.258328396239	
797.140000	0.258408464465	
797.340000	0.258488573739	
797.540000	0.258568724079	
797.740000	0.258648915502	
797.940000	0.258729148025	
798.140000	0.258809421661	
798.340000	0.258889736427	
798.540000	0.258970092337	
798.740000	0.259050489403	
798.940000	0.259130927640	
799.140000	0.259211407061	
799.340000	0.259291927676	
799.540000	0.259372489498	
799.740000	0.259453092537	
799.940000	0.259533736804	
800.140000	0.259614422309	
800.340000	0.259695149062	
800.540000	0.259775917070	
800.740000	0.259856726343	
800.940000	0.259937576889	
801.140000	0.260018468715	
801.340000	0.260099401828	
801.540000	0.260180376234	
801.740000	0.260261391940	
801.940000	0.260342448952	
802.140000	0.260423547275	
802.340000	0.260504686913	
802.540000	0.260585867870	
802.740000	0.260667090152	
802.940000	0.260748353761	
803.140000	0.260829658701	
803.340000	0.260911004973	
803.540000	0.260992392582	
803.740000	0.261073821528	
803.940000	0.261155291813	
804.140000	0.261236803439	
804.340000	0.261318356406	
804.540000	0.261399950715	
804.740000	0.261481586365	
804.940000	0.261563263357	
805.140000	0.261644981690	
805.340000	0.261726741364	
805.540000	0.261808542375	
805.740000	0.261890384724	
805.940000	0.261972268409	
806.140000	0.262054193426	
806.340000	0.262136159773	
806.540000	0.262218167448	
806.740000	0.262300216447	
806.940000	0.262382306766	
807.140000	0.262464438402	
807.340000	0.262546611350	
807.540000	0.262628825606	
807.740000	0.262711081165	
807.940000	0.262793378022	
808.140000	0.262875716171	
808.340000	0.262958095608	
808.540000	0.263040516325	
808.740000	0.263122978316	
808.940000	0.263205481576	
809.140000	0.263288026096	
809.340000	0.263370611871	
809.540000	0.263453238892	
809.740000	0.263535907152	
809.940000	0.263618616643	
810.140000	0.263701367356	
810.340000	0.263784159284	
810.540000	0.263866992416	
810.740000	0.263949866746	
810.940000	0.264032782262	
811.140000	0.264115738956	
811.340000	0.264198736818	
811.540000	0.264281775837	
811.740000	0.264364856004	
811.940000	0.264447977308	
812.140000	0.264531139738	
812.340000	0.264614343283	
812.540000	0.264697587931	
812.740000	0.264780873672	
812.940000	0.264864200493	
813.140000	0.264947568383	
813.340000	0.265030977329	
813.540000	0.265114427319	
813.740000	0.265197918339	
813.940000	0.265281450378	
814.140000	0.265365023422	
814.340000	0.265448637457	
814.540000	0.265532292470	
814.740000	0.265615988448	
814.940000	0.265699725375	
815.140000	0.265783503238	
815.340000	0.265867322023	
815.540000	0.265951181714	
815.740000	0.266035082296	
815.940000	0.266119023755	
816.140000	0.266203006075	
816.340000	0.266287029241	
816.540000	0.266371093236	
816.740000	0.266455198045	
816.940000	0.266539343651	
817.140000	0.266623530038	
817.340000	0.266707757190	
817.540000	0.266792025089	
817.740000	0.266876333718	
817.940000	0.266960683061	
818.140000	0.267045073099	
818.340000	0.267129503815	
818.540000	0.267213975192	
818.740000	0.267298487210	
818.940000	0.267383039853	
819.140000	0.267467633100	
819.340000	0.267552266934	
819.540000	0.267636941337	
819.740000	0.267721656287	
819.940000	0.267806411768	
820.140000	0.267891207758	
820.340000	0.267976044239	
820.540000	0.268060921191	
820.740000	0.268145838593	
820.940000	0.268230796425	
821.140000	0.268315794668	
821.340000	0.268400833300	
821.540000	0.268485912300	
821.740000	0.268571031648	
821.940000	0.268656191323	
822.140000	0.268741391303	
822.340000	0.268826631567	
822.540000	0.268911912093	
822.740000	0.268997232859	
822.940000	0.269082593844	
823.140000	0.269167995024	
823.340000	0.269253436378	
823.540000	0.269338917883	
823.740000	0.269424439516	
823.940000	0.269510001254	
824.140000	0.269595603075	
824.340000	0.269681244954	
824.540000	0.269766926869	
824.740000	0.269852648796	
824.940000	0.269938410711	
825.140000	0.270024212590	
825.340000	0.270110054409	
825.540000	0.270195936143	
825.740000	0.270281857769	
825.940000	0.270367819261	
826.140000	0.270453820595	
826.340000	0.270539861745	
826.540000	0.270625942687	
826.740000	0.270712063396	
826.940000	0.270798223845	
827.140000	0.270884424009	
827.340000	0.270970663863	
827.540000	0.271056943380	
827.740000	0.271143262534	
827.940000	0.271229621300	
828.140000	0.271316019650	
828.340000	0.271402457557	
828.540000	0.271488934996	
828.740000	0.271575451939	
828.940000	0.271662008360	
829.140000	0.271748604230	
829.340000	0.271835239523	
829.540000	0.271921914210	
829.740000	0.272008628265	
829.940000	0.272095381660	
830.140000	0.272182174366	
850.140000	0.281054533663	
870.140000	0.290283975017	
890.140000	0.299825750441	
910.140000	0.309628660321	
930.140000	0.319637820133	
950.140000	0.329796733728	
970.140000	0.340048881533	
990.140000	0.350338926145	
1010.140000	0.360613647109	
1030.140000	0.370822665384	
1050.140000	0.380919011398	
1070.140000	0.390859560979	
1090.140000	0.400605374727	
1110.140000	0.410121853035	
1130.140000	0.419379005429	
1150.140000	0.428351501059	
1170.140000	0.437018618761	
1190.140000	0.445364271905	
1210.140000	0.453376850181	
1230.140000	0.461048996858	
1250.140000	0.468377337180	
1270.140000	0.475362142474	
1290.140000	0.482006947781	
1310.140000	0.488318135274	
1330.140000	0.494304498537	
1350.140000	0.499976803146	
1370.140000	0.505347358128	
1390.140000	0.510429610942	
1410.140000	0.515237775960	
1430.140000	0.519786503463	
1450.140000	0.524090593119	
1470.140000	0.528164753187	
1490.140000	0.532023404406	
1510.140000	0.535680525774	
1530.140000	0.539149538288	
1550.140000	0.542443222018	
1570.140000	0.545573661690	
1590.140000	0.548552216003	
1610.140000	0.551389506253	
1630.140000	0.554095420225	
1650.140000	0.556679127871	
1670.140000	0.559149105769	
1690.140000	0.561513167864	
1710.140000	0.563778500446	
1730.140000	0.565951699721	
1750.140000	0.568038810653	
1770.140000	0.570045366083	
1790.140000	0.571976425335	
1810.140000	0.573836611735	
1830.140000	0.575630148642	
1850.140000	0.577360893684	
1870.140000	0.579032371030	
1890.140000	0.580647801590	
1910.140000	0.582210131103	
1930.140000	0.583722056125	
1950.140000	0.585186047957	
1970.140000	0.586604374582	
1990.140000	0.587979120704	
2010.140000	0.589312205997	
2030.140000	0.590605401659	
2050.140000	0.591860345399	
2070.140000	0.593078554959	
2090.140000	0.594261440297	
2110.140000	0.595410314531	
2130.140000	0.596526403754	
2150.140000	0.597610855816	
2170.140000	0.598664748178	
2190.140000	0.599689094910	
2210.140000	0.600684852937	
2230.140000	0.601652927580	
2250.140000	0.602594177501	
2270.140000	0.603509419069	
2290.140000	0.604399430256	
2310.140000	0.605264954069	
2330.140000	0.606106701605	
2350.140000	0.606925354747	
2370.140000	0.607721568552	
2390.140000	0.608495973363	
2410.140000	0.609249176680	
2430.140000	0.609981764815	
2450.140000	0.610694304354	
2470.140000	0.611387343456	
2490.140000	0.612061413007	
