0.000000	0.016224966276	
20.000000	0.016201017266	
40.000000	0.016181810920	
60.000000	0.016166856120	
80.000000	0.016155019901	
100.000000	0.016145500717	
120.000000	0.016273179750	
140.000000	0.016366345852	
160.000000	0.016468759091	
180.000000	0.016576483775	
200.000000	0.016678878331	
220.000000	0.016760818003	
240.000000	0.016804650813	
260.000000	0.016792616764	
280.000000	0.016709690461	
300.000000	0.016546532376	
320.000000	0.016301853079	
340.000000	0.015977446011	
360.000000	0.015594132633	
380.000000	0.015176928918	
400.000000	0.014748646929	
420.000000	0.014327356180	
440.000000	0.013924763741	
460.000000	0.013546143324	
480.000000	0.013191653140	
500.000000	0.012858319165	
520.000000	0.012420074110	
540.000000	0.011939283227	
560.000000	0.011481386023	
580.000000	0.011061236029	
600.000000	0.010673964004	
608.400000	0.010518714963	
608.600000	0.010515058598	
608.800000	0.010511403850	
609.000000	0.010507750702	
609.200000	0.010504099134	
609.400000	0.010500449127	
609.600000	0.010496800663	
609.800000	0.010493153721	
610.000000	0.010489508282	
610.200000	0.010485864326	
610.400000	0.010482221833	
610.600000	0.010478580782	
610.800000	0.010474941153	
611.000000	0.010471302925	
611.200000	0.010467666076	
611.400000	0.010464030585	
611.600000	0.010460396431	
611.800000	0.010456763592	
612.000000	0.010453132044	
612.200000	0.010449501766	
612.400000	0.010445872734	
612.600000	0.010442244926	
612.800000	0.010438618317	
613.000000	0.010434992885	
613.200000	0.010431368604	
613.400000	0.010427745450	
613.600000	0.010424123399	
613.800000	0.010420502425	
614.000000	0.010416882502	
614.200000	0.010413263604	
614.400000	0.010409645705	
614.600000	0.010406028779	
614.800000	0.010402412798	
615.000000	0.010398797734	
615.200000	0.010395183559	
615.400000	0.010391570245	
615.600000	0.010387957764	
615.800000	0.010384346084	
616.000000	0.010380735178	
616.200000	0.010377125013	
616.400000	0.010373515560	
616.600000	0.010369906787	
616.800000	0.010366298662	
617.000000	0.010362691153	
617.200000	0.010359084226	
617.400000	0.010355477849	
617.600000	0.010351871986	
617.800000	0.010348266603	
618.000000	0.010344661665	
618.200000	0.010341057135	
618.400000	0.010337452978	
618.600000	0.010333849155	
618.800000	0.010330245628	
619.000000	0.010326642359	
619.200000	0.010323039308	
619.400000	0.010319436435	
619.600000	0.010315833699	
619.800000	0.010312231057	
620.000000	0.010308628468	
620.200000	0.010305025887	
620.400000	0.010301423271	
620.600000	0.010297820574	
620.800000	0.010294217749	
621.000000	0.010290614750	
621.200000	0.010287011528	
621.400000	0.010283408034	
621.600000	0.010279804218	
621.800000	0.010276200028	
622.000000	0.010272595412	
622.200000	0.010268990317	
622.400000	0.010265384687	
622.600000	0.010261778467	
622.800000	0.010258171600	
623.000000	0.010254564026	
623.200000	0.010250955685	
623.400000	0.010247346518	
623.600000	0.010243736460	
623.800000	0.010240125447	
624.000000	0.010236513414	
624.200000	0.010232900293	
624.400000	0.010229286015	
624.600000	0.010225670510	
624.800000	0.010222053704	
625.000000	0.010218435524	
625.200000	0.010214815894	
625.400000	0.010211194734	
625.600000	0.010207571965	
625.800000	0.010203947505	
626.000000	0.010200321270	
626.200000	0.010196693171	
626.400000	0.010193063121	
626.600000	0.010189431027	
626.800000	0.010185796796	
627.000000	0.010182160330	
627.200000	0.010178521532	
627.400000	0.010174880297	
627.600000	0.010171236521	
627.800000	0.010167590096	
628.000000	0.010163940911	
628.200000	0.010160288849	
628.400000	0.010156633794	
628.600000	0.010152975624	
628.800000	0.010149314212	
629.000000	0.010145649430	
629.200000	0.010141981144	
629.400000	0.010138309216	
629.600000	0.010134633504	
629.800000	0.010130953860	
630.000000	0.010127270135	
630.200000	0.010123582169	
630.400000	0.010119889803	
630.600000	0.010116192868	
630.800000	0.010112491190	
631.000000	0.010108784591	
631.200000	0.010105072885	
631.400000	0.010101355880	
631.600000	0.010097633375	
631.800000	0.010093905165	
632.000000	0.010090171036	
632.200000	0.010086430764	
632.400000	0.010082684120	
632.600000	0.010078930863	
632.800000	0.010075170744	
633.000000	0.010071403505	
633.200000	0.010067628876	
633.400000	0.010063846576	
633.600000	0.010060056313	
633.800000	0.010056257784	
634.000000	0.010052450671	
634.200000	0.010048634644	
634.400000	0.010044809357	
634.600000	0.010040974449	
634.800000	0.010037129545	
635.000000	0.010033274248	
635.200000	0.010029408149	
635.400000	0.010025530813	
635.600000	0.010021641790	
635.800000	0.010017740604	
636.000000	0.010013826757	
636.200000	0.010009899727	
636.400000	0.010005958962	
636.600000	0.010002003886	
636.800000	0.009998033888	
637.000000	0.009994048326	
637.200000	0.009990046524	
637.400000	0.009986027766	
637.600000	0.009981991296	
637.800000	0.009977936314	
638.000000	0.009973861973	
638.200000	0.009969767375	
638.400000	0.009965651567	
638.600000	0.009961513534	
638.800000	0.009957352198	
639.000000	0.009953166409	
639.200000	0.009948954941	
639.400000	0.009944716484	
639.600000	0.009940449634	
639.800000	0.009936152888	
640.000000	0.009931824632	
640.200000	0.009927463130	
640.400000	0.009923066511	
640.600000	0.009918632758	
640.800000	0.009914159686	
641.000000	0.009909644930	
641.200000	0.009905085918	
641.400000	0.009900479851	
641.600000	0.009895823675	
641.800000	0.009891114045	
642.000000	0.009886347292	
642.200000	0.009881519375	
642.400000	0.009876625835	
642.600000	0.009871661725	
642.800000	0.009866621548	
643.000000	0.009861499161	
643.200000	0.009856287678	
643.400000	0.009850979337	
643.600000	0.009845565349	
643.800000	0.009840035702	
644.000000	0.009834378927	
644.200000	0.009828581791	
644.400000	0.009822628916	
644.600000	0.009816502279	
644.800000	0.009810180561	
645.000000	0.009803638272	
645.200000	0.009796844570	
645.400000	0.009789761610	
645.600000	0.009782342193	
645.800000	0.009774526315	
646.000000	0.009766235908	
646.200000	0.009757366482	
646.400000	0.009747773100	
646.600000	0.009737245176	
646.800000	0.009725456811	
647.000000	0.009711855349	
647.200000	0.009695355386	
647.400000	0.009673115459	
647.600000	0.009621924359	
647.800000	0.008364428151	
648.000000	0.000707113824	
648.200000	0.000000000144	
648.400000	0.000000000011	
648.600000	0.000000000089	
648.800000	0.000000004182	
649.000000	0.000000139992	
649.200000	0.000001060539	
649.400000	0.000004940927	
649.600000	0.000022630986	
649.800000	0.000115065433	
650.000000	0.000421599787	
650.200000	0.000732867534	
650.400000	0.001026361048	
650.600000	0.001277030488	
650.800000	0.001491611269	
670.800000	0.005308508352	
678.540000	0.005508046245	
678.740000	0.005510156118	
678.940000	0.005512155759	
679.140000	0.005514048035	
679.340000	0.005515835774	
679.540000	0.005517521768	
679.740000	0.005519108769	
679.940000	0.005520599488	
680.140000	0.005521996598	
680.340000	0.005523302731	
680.540000	0.005524520479	
680.740000	0.005525652393	
680.940000	0.005526700983	
681.140000	0.005527668718	
681.340000	0.005528558024	
681.540000	0.005529371290	
681.740000	0.005530110858	
681.940000	0.005530779032	
682.140000	0.005531378075	
682.340000	0.005531910205	
682.540000	0.005532377602	
682.740000	0.005532782403	
682.940000	0.005533126704	
683.140000	0.005533412560	
683.340000	0.005533641985	
683.540000	0.005533816953	
683.740000	0.005533939397	
683.940000	0.005534011209	
684.140000	0.005534034243	
684.340000	0.005534010310	
684.540000	0.005533941185	
684.740000	0.005533828602	
684.940000	0.005533674257	
685.140000	0.005533479807	
685.340000	0.005533246873	
685.540000	0.005532977036	
685.740000	0.005532671840	
685.940000	0.005532332795	
686.140000	0.005531961371	
686.340000	0.005531559004	
686.540000	0.005531127095	
686.740000	0.005530667009	
686.940000	0.005530180077	
687.140000	0.005529667597	
687.340000	0.005529130831	
687.540000	0.005528571010	
687.740000	0.005527989332	
687.940000	0.005527386963	
688.140000	0.005526765038	
688.340000	0.005526124660	
688.540000	0.005525466901	
688.740000	0.005524792805	
688.940000	0.005524103387	
689.140000	0.005523399629	
689.340000	0.005522682490	
689.540000	0.005521952897	
689.740000	0.005521211752	
689.940000	0.005520459929	
690.140000	0.005519698277	
690.340000	0.005518927618	
690.540000	0.005518148750	
690.740000	0.005517362445	
690.940000	0.005516569451	
691.140000	0.005515770494	
691.340000	0.005514966276	
691.540000	0.005514157474	
691.740000	0.005513344747	
691.940000	0.005512528730	
692.140000	0.005511710036	
692.340000	0.005510889260	
692.540000	0.005510066974	
692.740000	0.005509243733	
692.940000	0.005508420071	
693.140000	0.005507596504	
693.340000	0.005506773530	
693.540000	0.005505951628	
693.740000	0.005505131261	
693.940000	0.005504312874	
694.140000	0.005503496897	
694.340000	0.005502683743	
694.540000	0.005501873809	
694.740000	0.005501067477	
694.940000	0.005500265116	
695.140000	0.005499467078	
695.340000	0.005498673703	
695.540000	0.005497885316	
695.740000	0.005497102232	
695.940000	0.005496324748	
696.140000	0.005495553154	
696.340000	0.005494787724	
696.540000	0.005494028723	
696.740000	0.005493276403	
696.940000	0.005492531006	
697.140000	0.005491792762	
697.340000	0.005491061894	
697.540000	0.005490338611	
697.740000	0.005489623115	
697.940000	0.005488915598	
698.140000	0.005488216243	
698.340000	0.005487525224	
698.540000	0.005486842708	
698.740000	0.005486168853	
698.940000	0.005485503808	
699.140000	0.005484847716	
699.340000	0.005484200712	
699.540000	0.005483562926	
699.740000	0.005482934478	
699.940000	0.005482315484	
700.140000	0.005481706053	
700.340000	0.005481106288	
700.540000	0.005480516286	
700.740000	0.005479936140	
700.940000	0.005479365935	
701.140000	0.005478805753	
701.340000	0.005478255671	
701.540000	0.005477715761	
701.740000	0.005477186090	
701.940000	0.005476666723	
702.140000	0.005476157718	
702.340000	0.005475659131	
702.540000	0.005475171014	
702.740000	0.005474693415	
702.940000	0.005474226381	
703.140000	0.005473769952	
703.340000	0.005473324168	
703.540000	0.005472889066	
703.740000	0.005472464679	
703.940000	0.005472051039	
704.140000	0.005471648174	
704.340000	0.005471256111	
704.540000	0.005470874876	
704.740000	0.005470504491	
704.940000	0.005470144978	
705.140000	0.005469796355	
705.340000	0.005469458642	
705.540000	0.005469131854	
705.740000	0.005468816008	
705.940000	0.005468511118	
706.140000	0.005468217197	
706.340000	0.005467934258	
706.540000	0.005467662312	
706.740000	0.005467401371	
706.940000	0.005467151445	
707.140000	0.005466912543	
707.340000	0.005466684677	
707.540000	0.005466467854	
707.740000	0.005466262084	
707.940000	0.005466067376	
708.140000	0.005465883740	
708.340000	0.005465711183	
708.540000	0.005465549716	
708.740000	0.005465399347	
708.940000	0.005465260087	
709.140000	0.005465131945	
709.340000	0.005465014932	
709.540000	0.005464909059	
709.740000	0.005464814338	
709.940000	0.005464730780	
710.140000	0.005464658398	
710.340000	0.005464597207	
710.540000	0.005464547220	
710.740000	0.005464508452	
710.940000	0.005464480920	
711.140000	0.005464464641	
711.340000	0.005464459633	
711.540000	0.005464465915	
711.740000	0.005464483506	
711.940000	0.005464512429	
712.140000	0.005464552705	
712.340000	0.005464604358	
712.540000	0.005464667413	
712.740000	0.005464741896	
712.940000	0.005464827833	
713.140000	0.005464925254	
713.340000	0.005465034188	
713.540000	0.005465154667	
713.740000	0.005465286721	
713.940000	0.005465430386	
714.140000	0.005465585697	
714.340000	0.005465752689	
714.540000	0.005465931400	
714.740000	0.005466121870	
714.940000	0.005466324138	
715.140000	0.005466538247	
715.340000	0.005466764240	
715.540000	0.005467002161	
715.740000	0.005467252055	
715.940000	0.005467513969	
716.140000	0.005467787953	
716.340000	0.005468074054	
716.540000	0.005468372324	
716.740000	0.005468682814	
716.940000	0.005469005577	
717.140000	0.005469340666	
717.340000	0.005469688138	
717.540000	0.005470048048	
717.740000	0.005470420452	
717.940000	0.005470805408	
718.140000	0.005471202976	
718.340000	0.005471613213	
718.540000	0.005472036180	
718.740000	0.005472471938	
718.940000	0.005472920548	
719.140000	0.005473382071	
719.340000	0.005473856569	
719.540000	0.005474344105	
719.740000	0.005474844740	
719.940000	0.005475358538	
720.140000	0.005475885561	
720.340000	0.005476425872	
720.540000	0.005476979533	
720.740000	0.005477546605	
720.940000	0.005478127151	
721.140000	0.005478721232	
721.340000	0.005479328907	
721.540000	0.005479950237	
721.740000	0.005480585281	
721.940000	0.005481234096	
722.140000	0.005481896740	
722.340000	0.005482573267	
722.540000	0.005483263732	
722.740000	0.005483968187	
722.940000	0.005484686683	
723.140000	0.005485419270	
723.340000	0.005486165995	
723.540000	0.005486926903	
723.740000	0.005487702036	
723.940000	0.005488491437	
724.140000	0.005489295143	
724.340000	0.005490113190	
724.540000	0.005490945611	
724.740000	0.005491792435	
724.940000	0.005492653692	
725.140000	0.005493529403	
725.340000	0.005494419592	
725.540000	0.005495324273	
725.740000	0.005496243463	
725.940000	0.005497177172	
726.140000	0.005498125406	
726.340000	0.005499088168	
726.540000	0.005500065457	
726.740000	0.005501057269	
726.940000	0.005502063594	
727.140000	0.005503084419	
727.340000	0.005504119727	
727.540000	0.005505169497	
727.740000	0.005506233700	
727.940000	0.005507312308	
728.140000	0.005508405284	
728.340000	0.005509512590	
728.540000	0.005510634179	
728.740000	0.005511770004	
728.940000	0.005512920010	
729.140000	0.005514084139	
729.340000	0.005515262328	
729.540000	0.005516454508	
729.740000	0.005517660606	
729.940000	0.005518880546	
730.140000	0.005520114245	
730.340000	0.005521361616	
730.540000	0.005522622568	
730.740000	0.005523897004	
730.940000	0.005525184825	
731.140000	0.005526485924	
731.340000	0.005527800193	
731.540000	0.005529127517	
731.740000	0.005530467778	
731.940000	0.005531820855	
732.140000	0.005533186620	
732.340000	0.005534564943	
732.540000	0.005535955691	
732.740000	0.005537358724	
732.940000	0.005538773901	
733.140000	0.005540201078	
733.340000	0.005541640105	
733.540000	0.005543090831	
733.740000	0.005544553101	
733.940000	0.005546026756	
734.140000	0.005547511637	
734.340000	0.005549007579	
734.540000	0.005550514417	
734.740000	0.005552031982	
734.940000	0.005553560104	
735.140000	0.005555098610	
735.340000	0.005556647326	
735.540000	0.005558206075	
735.740000	0.005559774680	
735.940000	0.005561352961	
736.140000	0.005562940738	
736.340000	0.005564537829	
736.540000	0.005566144052	
736.740000	0.005567759223	
736.940000	0.005569383159	
737.140000	0.005571015676	
737.340000	0.005572656587	
737.540000	0.005574305710	
737.740000	0.005575962858	
737.940000	0.005577627848	
738.140000	0.005579300495	
738.340000	0.005580980615	
738.540000	0.005582668024	
738.740000	0.005584362541	
738.940000	0.005586063983	
739.140000	0.005587772169	
739.340000	0.005589486920	
739.540000	0.005591208057	
739.740000	0.005592935403	
739.940000	0.005594668783	
740.140000	0.005596408021	
740.340000	0.005598152946	
740.540000	0.005599903386	
740.740000	0.005601659173	
740.940000	0.005603420139	
741.140000	0.005605186120	
741.340000	0.005606956952	
741.540000	0.005608732475	
741.740000	0.005610512530	
741.940000	0.005612296961	
742.140000	0.005614085613	
742.340000	0.005615878336	
742.540000	0.005617674979	
742.740000	0.005619475398	
742.940000	0.005621279447	
743.140000	0.005623086985	
743.340000	0.005624897874	
743.540000	0.005626711977	
743.740000	0.005628529162	
743.940000	0.005630349296	
744.140000	0.005632172253	
744.340000	0.005633997908	
744.540000	0.005635826137	
744.740000	0.005637656821	
744.940000	0.005639489844	
745.140000	0.005641325091	
745.340000	0.005643162451	
745.540000	0.005645001816	
745.740000	0.005646843079	
745.940000	0.005648686139	
746.140000	0.005650530894	
746.340000	0.005652377248	
746.540000	0.005654225105	
746.740000	0.005656074374	
746.940000	0.005657924965	
747.140000	0.005659776793	
747.340000	0.005661629772	
747.540000	0.005663483822	
747.740000	0.005665338864	
747.940000	0.005667194821	
748.140000	0.005669051621	
748.340000	0.005670909192	
748.540000	0.005672767466	
748.740000	0.005674626375	
748.940000	0.005676485858	
749.140000	0.005678345851	
749.340000	0.005680206297	
749.540000	0.005682067138	
749.740000	0.005683928321	
749.940000	0.005685789791	
750.140000	0.005687651501	
750.340000	0.005689513401	
750.540000	0.005691375445	
750.740000	0.005693237591	
750.940000	0.005695099796	
751.140000	0.005696962020	
751.340000	0.005698824226	
751.540000	0.005700686377	
751.740000	0.005702548440	
751.940000	0.005704410381	
752.140000	0.005706272172	
752.340000	0.005708133782	
752.540000	0.005709995184	
752.740000	0.005711856354	
752.940000	0.005713717266	
753.140000	0.005715577899	
753.340000	0.005717438232	
753.540000	0.005719298246	
753.740000	0.005721157922	
753.940000	0.005723017244	
754.140000	0.005724876197	
754.340000	0.005726734767	
754.540000	0.005728592941	
754.740000	0.005730450708	
754.940000	0.005732308058	
755.140000	0.005734164981	
755.340000	0.005736021471	
755.540000	0.005737877519	
755.740000	0.005739733121	
755.940000	0.005741588272	
756.140000	0.005743442967	
756.340000	0.005745297204	
756.540000	0.005747150982	
756.740000	0.005749004298	
756.940000	0.005750857154	
757.140000	0.005752709549	
757.340000	0.005754561486	
757.540000	0.005756412966	
757.740000	0.005758263992	
757.940000	0.005760114568	
758.140000	0.005761964699	
758.340000	0.005763814389	
758.540000	0.005765663643	
758.740000	0.005767512469	
758.940000	0.005769360872	
759.140000	0.005771208860	
759.340000	0.005773056440	
759.540000	0.005774903622	
759.740000	0.005776750413	
759.940000	0.005778596823	
760.140000	0.005780442862	
760.340000	0.005782288539	
760.540000	0.005784133864	
760.740000	0.005785978849	
760.940000	0.005787823504	
761.140000	0.005789667841	
761.340000	0.005791511871	
761.540000	0.005793355606	
761.740000	0.005795199059	
761.940000	0.005797042242	
762.140000	0.005798885167	
762.340000	0.005800727848	
762.540000	0.005802570297	
762.740000	0.005804412528	
762.940000	0.005806254553	
763.140000	0.005808096388	
763.340000	0.005809938044	
763.540000	0.005811779537	
763.740000	0.005813620879	
763.940000	0.005815462085	
764.140000	0.005817303170	
764.340000	0.005819144146	
764.540000	0.005820985029	
764.740000	0.005822825832	
764.940000	0.005824666571	
765.140000	0.005826507258	
765.340000	0.005828347909	
765.540000	0.005830188538	
765.740000	0.005832029160	
765.940000	0.005833869788	
766.140000	0.005835710437	
766.340000	0.005837551122	
766.540000	0.005839391856	
766.740000	0.005841232654	
766.940000	0.005843073530	
767.140000	0.005844914499	
767.340000	0.005846755574	
767.540000	0.005848596770	
767.740000	0.005850438100	
767.940000	0.005852279579	
768.140000	0.005854121219	
768.340000	0.005855963036	
768.540000	0.005857805043	
768.740000	0.005859647253	
768.940000	0.005861489679	
769.140000	0.005863332336	
769.340000	0.005865175236	
769.540000	0.005867018393	
769.740000	0.005868861819	
769.940000	0.005870705528	
770.140000	0.005872549533	
770.340000	0.005874393846	
770.540000	0.005876238479	
770.740000	0.005878083446	
770.940000	0.005879928758	
771.140000	0.005881774429	
771.340000	0.005883620469	
771.540000	0.005885466891	
771.740000	0.005887313707	
771.940000	0.005889160929	
772.140000	0.005891008568	
772.340000	0.005892856635	
772.540000	0.005894705142	
772.740000	0.005896554100	
772.940000	0.005898403520	
773.140000	0.005900253413	
773.340000	0.005902103790	
773.540000	0.005903954661	
773.740000	0.005905806037	
773.940000	0.005907657928	
774.140000	0.005909510344	
774.340000	0.005911363296	
774.540000	0.005913216794	
774.740000	0.005915070846	
774.940000	0.005916925463	
775.140000	0.005918780655	
775.340000	0.005920636430	
775.540000	0.005922492799	
775.740000	0.005924349769	
775.940000	0.005926207350	
776.140000	0.005928065552	
776.340000	0.005929924381	
776.540000	0.005931783848	
776.740000	0.005933643961	
776.940000	0.005935504728	
777.140000	0.005937366156	
777.340000	0.005939228255	
777.540000	0.005941091031	
777.740000	0.005942954494	
777.940000	0.005944818650	
778.140000	0.005946683507	
778.340000	0.005948549072	
778.540000	0.005950415354	
778.740000	0.005952282358	
778.940000	0.005954150092	
779.140000	0.005956018562	
779.340000	0.005957887777	
779.540000	0.005959757742	
779.740000	0.005961628463	
779.940000	0.005963499948	
780.140000	0.005965372203	
780.340000	0.005967245234	
780.540000	0.005969119047	
780.740000	0.005970993648	
780.940000	0.005972869043	
781.140000	0.005974745237	
781.340000	0.005976622237	
781.540000	0.005978500048	
781.740000	0.005980378676	
781.940000	0.005982258126	
782.140000	0.005984138403	
782.340000	0.005986019512	
782.540000	0.005987901458	
782.740000	0.005989784247	
782.940000	0.005991667884	
783.140000	0.005993552372	
783.340000	0.005995437717	
783.540000	0.005997323924	
783.740000	0.005999210997	
783.940000	0.006001098940	
784.140000	0.006002987758	
784.340000	0.006004877455	
784.540000	0.006006768035	
784.740000	0.006008659502	
784.940000	0.006010551861	
785.140000	0.006012445115	
785.340000	0.006014339268	
785.540000	0.006016234324	
785.740000	0.006018130286	
785.940000	0.006020027159	
786.140000	0.006021924945	
786.340000	0.006023823649	
786.540000	0.006025723273	
786.740000	0.006027623821	
786.940000	0.006029525297	
787.140000	0.006031427702	
787.340000	0.006033331042	
787.540000	0.006035235318	
787.740000	0.006037140533	
787.940000	0.006039046691	
788.140000	0.006040953794	
788.340000	0.006042861845	
788.540000	0.006044770848	
788.740000	0.006046680804	
788.940000	0.006048591716	
789.140000	0.006050503586	
789.340000	0.006052416419	
789.540000	0.006054330214	
789.740000	0.006056244976	
789.940000	0.006058160707	
790.140000	0.006060077408	
790.340000	0.006061995082	
790.540000	0.006063913732	
790.740000	0.006065833358	
790.940000	0.006067753964	
791.140000	0.006069675552	
791.340000	0.006071598123	
791.540000	0.006073521679	
791.740000	0.006075446223	
791.940000	0.006077371756	
792.140000	0.006079298280	
792.340000	0.006081225796	
792.540000	0.006083154307	
792.740000	0.006085083814	
792.940000	0.006087014318	
793.140000	0.006088945822	
793.340000	0.006090878327	
793.540000	0.006092811835	
793.740000	0.006094746346	
793.940000	0.006096681862	
794.140000	0.006098618386	
794.340000	0.006100555917	
794.540000	0.006102494458	
794.740000	0.006104434009	
794.940000	0.006106374573	
795.140000	0.006108316150	
795.340000	0.006110258741	
795.540000	0.006112202348	
795.740000	0.006114146972	
795.940000	0.006116092613	
796.140000	0.006118039274	
796.340000	0.006119986954	
796.540000	0.006121935655	
796.740000	0.006123885379	
796.940000	0.006125836125	
797.140000	0.006127787895	
797.340000	0.006129740690	
797.540000	0.006131694510	
797.740000	0.006133649357	
797.940000	0.006135605231	
798.140000	0.006137562133	
798.340000	0.006139520064	
798.540000	0.006141479024	
798.740000	0.006143439015	
798.940000	0.006145400037	
799.140000	0.006147362090	
799.340000	0.006149325176	
799.540000	0.006151289295	
799.740000	0.006153254447	
799.940000	0.006155220633	
800.140000	0.006157187854	
800.340000	0.006159156110	
800.540000	0.006161125402	
800.740000	0.006163095730	
800.940000	0.006165067095	
801.140000	0.006167039497	
801.340000	0.006169012937	
801.540000	0.006170987415	
801.740000	0.006172962931	
801.940000	0.006174939486	
802.140000	0.006176917080	
802.340000	0.006178895713	
802.540000	0.006180875387	
802.740000	0.006182856101	
802.940000	0.006184837855	
803.140000	0.006186820650	
803.340000	0.006188804486	
803.540000	0.006190789363	
803.740000	0.006192775282	
803.940000	0.006194762242	
804.140000	0.006196750245	
804.340000	0.006198739289	
804.540000	0.006200729376	
804.740000	0.006202720505	
804.940000	0.006204712677	
805.140000	0.006206705891	
805.340000	0.006208700148	
805.540000	0.006210695449	
805.740000	0.006212691792	
805.940000	0.006214689178	
806.140000	0.006216687608	
806.340000	0.006218687080	
806.540000	0.006220687596	
806.740000	0.006222689155	
806.940000	0.006224691758	
807.140000	0.006226695403	
807.340000	0.006228700092	
807.540000	0.006230705824	
807.740000	0.006232712600	
807.940000	0.006234720418	
808.140000	0.006236729280	
808.340000	0.006238739185	
808.540000	0.006240750132	
808.740000	0.006242762123	
808.940000	0.006244775156	
809.140000	0.006246789232	
809.340000	0.006248804350	
809.540000	0.006250820511	
809.740000	0.006252837714	
809.940000	0.006254855959	
810.140000	0.006256875246	
810.340000	0.006258895575	
810.540000	0.006260916945	
810.740000	0.006262939357	
810.940000	0.006264962810	
811.140000	0.006266987304	
811.340000	0.006269012839	
811.540000	0.006271039414	
811.740000	0.006273067029	
811.940000	0.006275095685	
812.140000	0.006277125380	
812.340000	0.006279156115	
812.540000	0.006281187889	
812.740000	0.006283220702	
812.940000	0.006285254554	
813.140000	0.006287289445	
813.340000	0.006289325373	
813.540000	0.006291362339	
813.740000	0.006293400343	
813.940000	0.006295439383	
814.140000	0.006297479461	
814.340000	0.006299520575	
814.540000	0.006301562725	
814.740000	0.006303605911	
814.940000	0.006305650132	
815.140000	0.006307695389	
815.340000	0.006309741680	
815.540000	0.006311789005	
815.740000	0.006313837364	
815.940000	0.006315886757	
816.140000	0.006317937182	
816.340000	0.006319988641	
816.540000	0.006322041131	
816.740000	0.006324094654	
816.940000	0.006326149207	
817.140000	0.006328204792	
817.340000	0.006330261407	
817.540000	0.006332319052	
817.740000	0.006334377727	
817.940000	0.006336437430	
818.140000	0.006338498163	
818.340000	0.006340559923	
818.540000	0.006342622711	
818.740000	0.006344686526	
818.940000	0.006346751368	
819.140000	0.006348817237	
819.340000	0.006350884130	
819.540000	0.006352952049	
819.740000	0.006355020993	
819.940000	0.006357090960	
820.140000	0.006359161951	
820.340000	0.006361233965	
820.540000	0.006363307002	
820.740000	0.006365381060	
820.940000	0.006367456140	
821.140000	0.006369532241	
821.340000	0.006371609362	
821.540000	0.006373687502	
821.740000	0.006375766662	
821.940000	0.006377846840	
822.140000	0.006379928036	
822.340000	0.006382010249	
822.540000	0.006384093479	
822.740000	0.006386177725	
822.940000	0.006388262987	
823.140000	0.006390349263	
823.340000	0.006392436554	
823.540000	0.006394524858	
823.740000	0.006396614175	
823.940000	0.006398704505	
824.140000	0.006400795846	
824.340000	0.006402888199	
824.540000	0.006404981561	
824.740000	0.006407075934	
824.940000	0.006409171316	
825.140000	0.006411267706	
825.340000	0.006413365103	
825.540000	0.006415463508	
825.740000	0.006417562920	
825.940000	0.006419663337	
826.140000	0.006421764759	
826.340000	0.006423867185	
826.540000	0.006425970615	
826.740000	0.006428075048	
826.940000	0.006430180483	
827.140000	0.006432286920	
827.340000	0.006434394357	
827.540000	0.006436502795	
827.740000	0.006438612232	
827.940000	0.006440722667	
828.140000	0.006442834101	
828.340000	0.006444946531	
828.540000	0.006447059958	
828.740000	0.006449174380	
828.940000	0.006451289798	
829.140000	0.006453406209	
829.340000	0.006455523614	
829.540000	0.006457642012	
829.740000	0.006459761401	
829.940000	0.006461881781	
830.140000	0.006464003152	
850.140000	0.006680990727	
870.140000	0.006906890725	
890.140000	0.007140492270	
910.140000	0.007380429553	
930.140000	0.007625259117	
950.140000	0.007873518203	
970.140000	0.008123770157	
990.140000	0.008374639393	
1010.140000	0.008624838194	
1030.140000	0.008873186416	
1050.140000	0.009118625162	
1070.140000	0.009360224890	
1090.140000	0.009597188735	
1110.140000	0.009828850692	
1130.140000	0.010054671252	
1150.140000	0.010274230123	
1170.140000	0.010487215569	
1190.140000	0.010693413443	
1210.140000	0.010892695129	
1230.140000	0.011085005057	
1250.140000	0.011270348644	
1270.140000	0.011448781033	
1290.140000	0.011620396908	
1310.140000	0.011785321591	
1330.140000	0.011943703477	
1350.140000	0.012095707807	
1370.140000	0.012241511680	
1390.140000	0.012381300189	
1410.140000	0.012515263509	
1430.140000	0.012643594761	
1450.140000	0.012766488497	
1470.140000	0.012884139641	
1490.140000	0.012996742742	
1510.140000	0.013104491449	
1530.140000	0.013207578087	
1550.140000	0.013306193307	
1570.140000	0.013400525731	
1590.140000	0.013490761584	
1610.140000	0.013577084308	
1630.140000	0.013659674129	
1650.140000	0.013738707621	
1670.140000	0.013814357247	
1690.140000	0.013886790908	
1710.140000	0.013956171513	
1730.140000	0.014022656583	
1750.140000	0.014086397892	
1770.140000	0.014147541171	
1790.140000	0.014206225869	
1810.140000	0.014262584979	
1830.140000	0.014316744932	
1850.140000	0.014368825552	
1870.140000	0.014418940074	
1890.140000	0.014467195222	
1910.140000	0.014513691331	
1930.140000	0.014558522522	
1950.140000	0.014601776904	
1970.140000	0.014643536815	
1990.140000	0.014683879082	
2010.140000	0.014722875301	
2030.140000	0.014760592123	
2050.140000	0.014797091550	
2070.140000	0.014832431231	
2090.140000	0.014866664755	
2110.140000	0.014899841940	
2130.140000	0.014932009106	
2150.140000	0.014963209344	
2170.140000	0.014993482773	
2190.140000	0.015022866777	
2210.140000	0.015051396234	
2230.140000	0.015079103723	
2250.140000	0.015106019728	
2270.140000	0.015132172813	
2290.140000	0.015157589794	
2310.140000	0.015182295894	
2330.140000	0.015206314880	
2350.140000	0.015229669196	
2370.140000	0.015252380079	
2390.140000	0.015274467664	
2410.140000	0.015295951081	
2430.140000	0.015316848543	
2450.140000	0.015337177422	
2470.140000	0.015356954321	
2490.140000	0.015376195139	
