0.000000	10.000000000000	
20.000000	10.000000000000	
40.000000	10.000000000000	
60.000000	10.000000000000	
80.000000	10.000000000000	
100.000000	10.000000000000	
120.000000	10.000000000000	
140.000000	10.000000000000	
160.000000	10.000000000000	
180.000000	10.000000000000	
200.000000	10.000000000000	
220.000000	10.000000000000	
240.000000	10.000000000000	
260.000000	10.000000000000	
280.000000	10.000000000000	
300.000000	10.000000000000	
320.000000	10.000000000000	
340.000000	10.000000000000	
360.000000	10.000000000000	
380.000000	10.000000000000	
400.000000	10.000000000000	
420.000000	10.000000000000	
440.000000	10.000000000000	
460.000000	10.000000000000	
480.000000	10.000000000000	
500.000000	10.000000000000	
520.000000	10.000000000000	
540.000000	10.000000000000	
560.000000	10.000000000000	
580.000000	10.000000000000	
600.000000	10.000000000000	
608.400000	10.000000000000	
608.600000	10.000000000000	
608.800000	10.000000000000	
609.000000	10.000000000000	
609.200000	10.000000000000	
609.400000	10.000000000000	
609.600000	10.000000000000	
609.800000	10.000000000000	
610.000000	10.000000000000	
610.200000	10.000000000000	
610.400000	10.000000000000	
610.600000	10.000000000000	
610.800000	10.000000000000	
611.000000	10.000000000000	
611.200000	10.000000000000	
611.400000	10.000000000000	
611.600000	10.000000000000	
611.800000	10.000000000000	
612.000000	10.000000000000	
612.200000	10.000000000000	
612.400000	10.000000000000	
612.600000	10.000000000000	
612.800000	10.000000000000	
613.000000	10.000000000000	
613.200000	10.000000000000	
613.400000	10.000000000000	
613.600000	10.000000000000	
613.800000	10.000000000000	
614.000000	10.000000000000	
614.200000	10.000000000000	
614.400000	10.000000000000	
614.600000	10.000000000000	
614.800000	10.000000000000	
615.000000	10.000000000000	
615.200000	10.000000000000	
615.400000	10.000000000000	
615.600000	10.000000000000	
615.800000	10.000000000000	
616.000000	10.000000000000	
616.200000	10.000000000000	
616.400000	10.000000000000	
616.600000	10.000000000000	
616.800000	10.000000000000	
617.000000	10.000000000000	
617.200000	10.000000000000	
617.400000	10.000000000000	
617.600000	10.000000000000	
617.800000	10.000000000000	
618.000000	10.000000000000	
618.200000	10.000000000000	
618.400000	10.000000000000	
618.600000	10.000000000000	
618.800000	10.000000000000	
619.000000	10.000000000000	
619.200000	10.000000000000	
619.400000	10.000000000000	
619.600000	10.000000000000	
619.800000	10.000000000000	
620.000000	10.000000000000	
620.200000	10.000000000000	
620.400000	10.000000000000	
620.600000	10.000000000000	
620.800000	10.000000000000	
621.000000	10.000000000000	
621.200000	10.000000000000	
621.400000	10.000000000000	
621.600000	10.000000000000	
621.800000	10.000000000000	
622.000000	10.000000000000	
622.200000	10.000000000000	
622.400000	10.000000000000	
622.600000	10.000000000000	
622.800000	10.000000000000	
623.000000	10.000000000000	
623.200000	10.000000000000	
623.400000	10.000000000000	
623.600000	10.000000000000	
623.800000	10.000000000000	
624.000000	10.000000000000	
624.200000	10.000000000000	
624.400000	10.000000000000	
624.600000	10.000000000000	
624.800000	10.000000000000	
625.000000	10.000000000000	
625.200000	10.000000000000	
625.400000	10.000000000000	
625.600000	10.000000000000	
625.800000	10.000000000000	
626.000000	10.000000000000	
626.200000	10.000000000000	
626.400000	10.000000000000	
626.600000	10.000000000000	
626.800000	10.000000000000	
627.000000	10.000000000000	
627.200000	10.000000000000	
627.400000	10.000000000000	
627.600000	10.000000000000	
627.800000	10.000000000000	
628.000000	10.000000000000	
628.200000	10.000000000000	
628.400000	10.000000000000	
628.600000	10.000000000000	
628.800000	10.000000000000	
629.000000	10.000000000000	
629.200000	10.000000000000	
629.400000	10.000000000000	
629.600000	10.000000000000	
629.800000	10.000000000000	
630.000000	10.000000000000	
630.200000	10.000000000000	
630.400000	10.000000000000	
630.600000	10.000000000000	
630.800000	10.000000000000	
631.000000	10.000000000000	
631.200000	10.000000000000	
631.400000	10.000000000000	
631.600000	10.000000000000	
631.800000	10.000000000000	
632.000000	10.000000000000	
632.200000	10.000000000000	
632.400000	10.000000000000	
632.600000	10.000000000000	
632.800000	10.000000000000	
633.000000	10.000000000000	
633.200000	10.000000000000	
633.400000	10.000000000000	
633.600000	10.000000000000	
633.800000	10.000000000000	
634.000000	10.000000000000	
634.200000	10.000000000000	
634.400000	10.000000000000	
634.600000	10.000000000000	
634.800000	10.000000000000	
635.000000	10.000000000000	
635.200000	10.000000000000	
635.400000	10.000000000000	
635.600000	10.000000000000	
635.800000	10.000000000000	
636.000000	10.000000000000	
636.200000	10.000000000000	
636.400000	10.000000000000	
636.600000	10.000000000000	
636.800000	10.000000000000	
637.000000	10.000000000000	
637.200000	10.000000000000	
637.400000	10.000000000000	
637.600000	10.000000000000	
637.800000	10.000000000000	
638.000000	10.000000000000	
638.200000	10.000000000000	
638.400000	10.000000000000	
638.600000	10.000000000000	
638.800000	10.000000000000	
639.000000	10.000000000000	
639.200000	10.000000000000	
639.400000	10.000000000000	
639.600000	10.000000000000	
639.800000	10.000000000000	
640.000000	10.000000000000	
640.200000	10.000000000000	
640.400000	10.000000000000	
640.600000	10.000000000000	
640.800000	10.000000000000	
641.000000	10.000000000000	
641.200000	10.000000000000	
641.400000	10.000000000000	
641.600000	10.000000000000	
641.800000	10.000000000000	
642.000000	10.000000000000	
642.200000	10.000000000000	
642.400000	10.000000000000	
642.600000	10.000000000000	
642.800000	10.000000000000	
643.000000	10.000000000000	
643.200000	10.000000000000	
643.400000	10.000000000000	
643.600000	10.000000000000	
643.800000	10.000000000000	
644.000000	10.000000000000	
644.200000	10.000000000000	
644.400000	10.000000000000	
644.600000	10.000000000000	
644.800000	10.000000000000	
645.000000	10.000000000000	
645.200000	10.000000000000	
645.400000	10.000000000000	
645.600000	10.000000000000	
645.800000	10.000000000000	
646.000000	10.000000000000	
646.200000	10.000000000000	
646.400000	10.000000000000	
646.600000	10.000000000000	
646.800000	10.000000000000	
647.000000	10.000000000000	
647.200000	10.000000000000	
647.400000	10.000000000000	
647.600000	10.000000000000	
647.800000	10.000000000000	
648.000000	10.000000000000	
648.200000	10.000000000000	
648.400000	10.000000000000	
648.600000	10.000000000000	
648.800000	10.000000000000	
649.000000	10.000000000000	
649.200000	10.000000000000	
649.400000	10.000000000000	
649.600000	10.000000000000	
649.800000	10.000000000000	
650.000000	10.000000000000	
650.200000	10.000000000000	
650.400000	10.000000000000	
650.600000	10.000000000000	
650.800000	10.000000000000	
670.800000	10.000000000000	
678.540000	10.000000000000	
678.740000	10.000000000000	
678.940000	10.000000000000	
679.140000	10.000000000000	
679.340000	10.000000000000	
679.540000	10.000000000000	
679.740000	10.000000000000	
679.940000	10.000000000000	
680.140000	10.000000000000	
680.340000	10.000000000000	
680.540000	10.000000000000	
680.740000	10.000000000000	
680.940000	10.000000000000	
681.140000	10.000000000000	
681.340000	10.000000000000	
681.540000	10.000000000000	
681.740000	10.000000000000	
681.940000	10.000000000000	
682.140000	10.000000000000	
682.340000	10.000000000000	
682.540000	10.000000000000	
682.740000	10.000000000000	
682.940000	10.000000000000	
683.140000	10.000000000000	
683.340000	10.000000000000	
683.540000	10.000000000000	
683.740000	10.000000000000	
683.940000	10.000000000000	
684.140000	10.000000000000	
684.340000	10.000000000000	
684.540000	10.000000000000	
684.740000	10.000000000000	
684.940000	10.000000000000	
685.140000	10.000000000000	
685.340000	10.000000000000	
685.540000	10.000000000000	
685.740000	10.000000000000	
685.940000	10.000000000000	
686.140000	10.000000000000	
686.340000	10.000000000000	
686.540000	10.000000000000	
686.740000	10.000000000000	
686.940000	10.000000000000	
687.140000	10.000000000000	
687.340000	10.000000000000	
687.540000	10.000000000000	
687.740000	10.000000000000	
687.940000	10.000000000000	
688.140000	10.000000000000	
688.340000	10.000000000000	
688.540000	10.000000000000	
688.740000	10.000000000000	
688.940000	10.000000000000	
689.140000	10.000000000000	
689.340000	10.000000000000	
689.540000	10.000000000000	
689.740000	10.000000000000	
689.940000	10.000000000000	
690.140000	10.000000000000	
690.340000	10.000000000000	
690.540000	10.000000000000	
690.740000	10.000000000000	
690.940000	10.000000000000	
691.140000	10.000000000000	
691.340000	10.000000000000	
691.540000	10.000000000000	
691.740000	10.000000000000	
691.940000	10.000000000000	
692.140000	10.000000000000	
692.340000	10.000000000000	
692.540000	10.000000000000	
692.740000	10.000000000000	
692.940000	10.000000000000	
693.140000	10.000000000000	
693.340000	10.000000000000	
693.540000	10.000000000000	
693.740000	10.000000000000	
693.940000	10.000000000000	
694.140000	10.000000000000	
694.340000	10.000000000000	
694.540000	10.000000000000	
694.740000	10.000000000000	
694.940000	10.000000000000	
695.140000	10.000000000000	
695.340000	10.000000000000	
695.540000	10.000000000000	
695.740000	10.000000000000	
695.940000	10.000000000000	
696.140000	10.000000000000	
696.340000	10.000000000000	
696.540000	10.000000000000	
696.740000	10.000000000000	
696.940000	10.000000000000	
697.140000	10.000000000000	
697.340000	10.000000000000	
697.540000	10.000000000000	
697.740000	10.000000000000	
697.940000	10.000000000000	
698.140000	10.000000000000	
698.340000	10.000000000000	
698.540000	10.000000000000	
698.740000	10.000000000000	
698.940000	10.000000000000	
699.140000	10.000000000000	
699.340000	10.000000000000	
699.540000	10.000000000000	
699.740000	10.000000000000	
699.940000	10.000000000000	
700.140000	10.000000000000	
700.340000	10.000000000000	
700.540000	10.000000000000	
700.740000	10.000000000000	
700.940000	10.000000000000	
701.140000	10.000000000000	
701.340000	10.000000000000	
701.540000	10.000000000000	
701.740000	10.000000000000	
701.940000	10.000000000000	
702.140000	10.000000000000	
702.340000	10.000000000000	
702.540000	10.000000000000	
702.740000	10.000000000000	
702.940000	10.000000000000	
703.140000	10.000000000000	
703.340000	10.000000000000	
703.540000	10.000000000000	
703.740000	10.000000000000	
703.940000	10.000000000000	
704.140000	10.000000000000	
704.340000	10.000000000000	
704.540000	10.000000000000	
704.740000	10.000000000000	
704.940000	10.000000000000	
705.140000	10.000000000000	
705.340000	10.000000000000	
705.540000	10.000000000000	
705.740000	10.000000000000	
705.940000	10.000000000000	
706.140000	10.000000000000	
706.340000	10.000000000000	
706.540000	10.000000000000	
706.740000	10.000000000000	
706.940000	10.000000000000	
707.140000	10.000000000000	
707.340000	10.000000000000	
707.540000	10.000000000000	
707.740000	10.000000000000	
707.940000	10.000000000000	
708.140000	10.000000000000	
708.340000	10.000000000000	
708.540000	10.000000000000	
708.740000	10.000000000000	
708.940000	10.000000000000	
709.140000	10.000000000000	
709.340000	10.000000000000	
709.540000	10.000000000000	
709.740000	10.000000000000	
709.940000	10.000000000000	
710.140000	10.000000000000	
710.340000	10.000000000000	
710.540000	10.000000000000	
710.740000	10.000000000000	
710.940000	10.000000000000	
711.140000	10.000000000000	
711.340000	10.000000000000	
711.540000	10.000000000000	
711.740000	10.000000000000	
711.940000	10.000000000000	
712.140000	10.000000000000	
712.340000	10.000000000000	
712.540000	10.000000000000	
712.740000	10.000000000000	
712.940000	10.000000000000	
713.140000	10.000000000000	
713.340000	10.000000000000	
713.540000	10.000000000000	
713.740000	10.000000000000	
713.940000	10.000000000000	
714.140000	10.000000000000	
714.340000	10.000000000000	
714.540000	10.000000000000	
714.740000	10.000000000000	
714.940000	10.000000000000	
715.140000	10.000000000000	
715.340000	10.000000000000	
715.540000	10.000000000000	
715.740000	10.000000000000	
715.940000	10.000000000000	
716.140000	10.000000000000	
716.340000	10.000000000000	
716.540000	10.000000000000	
716.740000	10.000000000000	
716.940000	10.000000000000	
717.140000	10.000000000000	
717.340000	10.000000000000	
717.540000	10.000000000000	
717.740000	10.000000000000	
717.940000	10.000000000000	
718.140000	10.000000000000	
718.340000	10.000000000000	
718.540000	10.000000000000	
718.740000	10.000000000000	
718.940000	10.000000000000	
719.140000	10.000000000000	
719.340000	10.000000000000	
719.540000	10.000000000000	
719.740000	10.000000000000	
719.940000	10.000000000000	
720.140000	10.000000000000	
720.340000	10.000000000000	
720.540000	10.000000000000	
720.740000	10.000000000000	
720.940000	10.000000000000	
721.140000	10.000000000000	
721.340000	10.000000000000	
721.540000	10.000000000000	
721.740000	10.000000000000	
721.940000	10.000000000000	
722.140000	10.000000000000	
722.340000	10.000000000000	
722.540000	10.000000000000	
722.740000	10.000000000000	
722.940000	10.000000000000	
723.140000	10.000000000000	
723.340000	10.000000000000	
723.540000	10.000000000000	
723.740000	10.000000000000	
723.940000	10.000000000000	
724.140000	10.000000000000	
724.340000	10.000000000000	
724.540000	10.000000000000	
724.740000	10.000000000000	
724.940000	10.000000000000	
725.140000	10.000000000000	
725.340000	10.000000000000	
725.540000	10.000000000000	
725.740000	10.000000000000	
725.940000	10.000000000000	
726.140000	10.000000000000	
726.340000	10.000000000000	
726.540000	10.000000000000	
726.740000	10.000000000000	
726.940000	10.000000000000	
727.140000	10.000000000000	
727.340000	10.000000000000	
727.540000	10.000000000000	
727.740000	10.000000000000	
727.940000	10.000000000000	
728.140000	10.000000000000	
728.340000	10.000000000000	
728.540000	10.000000000000	
728.740000	10.000000000000	
728.940000	10.000000000000	
729.140000	10.000000000000	
729.340000	10.000000000000	
729.540000	10.000000000000	
729.740000	10.000000000000	
729.940000	10.000000000000	
730.140000	10.000000000000	
730.340000	10.000000000000	
730.540000	10.000000000000	
730.740000	10.000000000000	
730.940000	10.000000000000	
731.140000	10.000000000000	
731.340000	10.000000000000	
731.540000	10.000000000000	
731.740000	10.000000000000	
731.940000	10.000000000000	
732.140000	10.000000000000	
732.340000	10.000000000000	
732.540000	10.000000000000	
732.740000	10.000000000000	
732.940000	10.000000000000	
733.140000	10.000000000000	
733.340000	10.000000000000	
733.540000	10.000000000000	
733.740000	10.000000000000	
733.940000	10.000000000000	
734.140000	10.000000000000	
734.340000	10.000000000000	
734.540000	10.000000000000	
734.740000	10.000000000000	
734.940000	10.000000000000	
735.140000	10.000000000000	
735.340000	10.000000000000	
735.540000	10.000000000000	
735.740000	10.000000000000	
735.940000	10.000000000000	
736.140000	10.000000000000	
736.340000	10.000000000000	
736.540000	10.000000000000	
736.740000	10.000000000000	
736.940000	10.000000000000	
737.140000	10.000000000000	
737.340000	10.000000000000	
737.540000	10.000000000000	
737.740000	10.000000000000	
737.940000	10.000000000000	
738.140000	10.000000000000	
738.340000	10.000000000000	
738.540000	10.000000000000	
738.740000	10.000000000000	
738.940000	10.000000000000	
739.140000	10.000000000000	
739.340000	10.000000000000	
739.540000	10.000000000000	
739.740000	10.000000000000	
739.940000	10.000000000000	
740.140000	10.000000000000	
740.340000	10.000000000000	
740.540000	10.000000000000	
740.740000	10.000000000000	
740.940000	10.000000000000	
741.140000	10.000000000000	
741.340000	10.000000000000	
741.540000	10.000000000000	
741.740000	10.000000000000	
741.940000	10.000000000000	
742.140000	10.000000000000	
742.340000	10.000000000000	
742.540000	10.000000000000	
742.740000	10.000000000000	
742.940000	10.000000000000	
743.140000	10.000000000000	
743.340000	10.000000000000	
743.540000	10.000000000000	
743.740000	10.000000000000	
743.940000	10.000000000000	
744.140000	10.000000000000	
744.340000	10.000000000000	
744.540000	10.000000000000	
744.740000	10.000000000000	
744.940000	10.000000000000	
745.140000	10.000000000000	
745.340000	10.000000000000	
745.540000	10.000000000000	
745.740000	10.000000000000	
745.940000	10.000000000000	
746.140000	10.000000000000	
746.340000	10.000000000000	
746.540000	10.000000000000	
746.740000	10.000000000000	
746.940000	10.000000000000	
747.140000	10.000000000000	
747.340000	10.000000000000	
747.540000	10.000000000000	
747.740000	10.000000000000	
747.940000	10.000000000000	
748.140000	10.000000000000	
748.340000	10.000000000000	
748.540000	10.000000000000	
748.740000	10.000000000000	
748.940000	10.000000000000	
749.140000	10.000000000000	
749.340000	10.000000000000	
749.540000	10.000000000000	
749.740000	10.000000000000	
749.940000	10.000000000000	
750.140000	10.000000000000	
750.340000	10.000000000000	
750.540000	10.000000000000	
750.740000	10.000000000000	
750.940000	10.000000000000	
751.140000	10.000000000000	
751.340000	10.000000000000	
751.540000	10.000000000000	
751.740000	10.000000000000	
751.940000	10.000000000000	
752.140000	10.000000000000	
752.340000	10.000000000000	
752.540000	10.000000000000	
752.740000	10.000000000000	
752.940000	10.000000000000	
753.140000	10.000000000000	
753.340000	10.000000000000	
753.540000	10.000000000000	
753.740000	10.000000000000	
753.940000	10.000000000000	
754.140000	10.000000000000	
754.340000	10.000000000000	
754.540000	10.000000000000	
754.740000	10.000000000000	
754.940000	10.000000000000	
755.140000	10.000000000000	
755.340000	10.000000000000	
755.540000	10.000000000000	
755.740000	10.000000000000	
755.940000	10.000000000000	
756.140000	10.000000000000	
756.340000	10.000000000000	
756.540000	10.000000000000	
756.740000	10.000000000000	
756.940000	10.000000000000	
757.140000	10.000000000000	
757.340000	10.000000000000	
757.540000	10.000000000000	
757.740000	10.000000000000	
757.940000	10.000000000000	
758.140000	10.000000000000	
758.340000	10.000000000000	
758.540000	10.000000000000	
758.740000	10.000000000000	
758.940000	10.000000000000	
759.140000	10.000000000000	
759.340000	10.000000000000	
759.540000	10.000000000000	
759.740000	10.000000000000	
759.940000	10.000000000000	
760.140000	10.000000000000	
760.340000	10.000000000000	
760.540000	10.000000000000	
760.740000	10.000000000000	
760.940000	10.000000000000	
761.140000	10.000000000000	
761.340000	10.000000000000	
761.540000	10.000000000000	
761.740000	10.000000000000	
761.940000	10.000000000000	
762.140000	10.000000000000	
762.340000	10.000000000000	
762.540000	10.000000000000	
762.740000	10.000000000000	
762.940000	10.000000000000	
763.140000	10.000000000000	
763.340000	10.000000000000	
763.540000	10.000000000000	
763.740000	10.000000000000	
763.940000	10.000000000000	
764.140000	10.000000000000	
764.340000	10.000000000000	
764.540000	10.000000000000	
764.740000	10.000000000000	
764.940000	10.000000000000	
765.140000	10.000000000000	
765.340000	10.000000000000	
765.540000	10.000000000000	
765.740000	10.000000000000	
765.940000	10.000000000000	
766.140000	10.000000000000	
766.340000	10.000000000000	
766.540000	10.000000000000	
766.740000	10.000000000000	
766.940000	10.000000000000	
767.140000	10.000000000000	
767.340000	10.000000000000	
767.540000	10.000000000000	
767.740000	10.000000000000	
767.940000	10.000000000000	
768.140000	10.000000000000	
768.340000	10.000000000000	
768.540000	10.000000000000	
768.740000	10.000000000000	
768.940000	10.000000000000	
769.140000	10.000000000000	
769.340000	10.000000000000	
769.540000	10.000000000000	
769.740000	10.000000000000	
769.940000	10.000000000000	
770.140000	10.000000000000	
770.340000	10.000000000000	
770.540000	10.000000000000	
770.740000	10.000000000000	
770.940000	10.000000000000	
771.140000	10.000000000000	
771.340000	10.000000000000	
771.540000	10.000000000000	
771.740000	10.000000000000	
771.940000	10.000000000000	
772.140000	10.000000000000	
772.340000	10.000000000000	
772.540000	10.000000000000	
772.740000	10.000000000000	
772.940000	10.000000000000	
773.140000	10.000000000000	
773.340000	10.000000000000	
773.540000	10.000000000000	
773.740000	10.000000000000	
773.940000	10.000000000000	
774.140000	10.000000000000	
774.340000	10.000000000000	
774.540000	10.000000000000	
774.740000	10.000000000000	
774.940000	10.000000000000	
775.140000	10.000000000000	
775.340000	10.000000000000	
775.540000	10.000000000000	
775.740000	10.000000000000	
775.940000	10.000000000000	
776.140000	10.000000000000	
776.340000	10.000000000000	
776.540000	10.000000000000	
776.740000	10.000000000000	
776.940000	10.000000000000	
777.140000	10.000000000000	
777.340000	10.000000000000	
777.540000	10.000000000000	
777.740000	10.000000000000	
777.940000	10.000000000000	
778.140000	10.000000000000	
778.340000	10.000000000000	
778.540000	10.000000000000	
778.740000	10.000000000000	
778.940000	10.000000000000	
779.140000	10.000000000000	
779.340000	10.000000000000	
779.540000	10.000000000000	
779.740000	10.000000000000	
779.940000	10.000000000000	
780.140000	10.000000000000	
780.340000	10.000000000000	
780.540000	10.000000000000	
780.740000	10.000000000000	
780.940000	10.000000000000	
781.140000	10.000000000000	
781.340000	10.000000000000	
781.540000	10.000000000000	
781.740000	10.000000000000	
781.940000	10.000000000000	
782.140000	10.000000000000	
782.340000	10.000000000000	
782.540000	10.000000000000	
782.740000	10.000000000000	
782.940000	10.000000000000	
783.140000	10.000000000000	
783.340000	10.000000000000	
783.540000	10.000000000000	
783.740000	10.000000000000	
783.940000	10.000000000000	
784.140000	10.000000000000	
784.340000	10.000000000000	
784.540000	10.000000000000	
784.740000	10.000000000000	
784.940000	10.000000000000	
785.140000	10.000000000000	
785.340000	10.000000000000	
785.540000	10.000000000000	
785.740000	10.000000000000	
785.940000	10.000000000000	
786.140000	10.000000000000	
786.340000	10.000000000000	
786.540000	10.000000000000	
786.740000	10.000000000000	
786.940000	10.000000000000	
787.140000	10.000000000000	
787.340000	10.000000000000	
787.540000	10.000000000000	
787.740000	10.000000000000	
787.940000	10.000000000000	
788.140000	10.000000000000	
788.340000	10.000000000000	
788.540000	10.000000000000	
788.740000	10.000000000000	
788.940000	10.000000000000	
789.140000	10.000000000000	
789.340000	10.000000000000	
789.540000	10.000000000000	
789.740000	10.000000000000	
789.940000	10.000000000000	
790.140000	10.000000000000	
790.340000	10.000000000000	
790.540000	10.000000000000	
790.740000	10.000000000000	
790.940000	10.000000000000	
791.140000	10.000000000000	
791.340000	10.000000000000	
791.540000	10.000000000000	
791.740000	10.000000000000	
791.940000	10.000000000000	
792.140000	10.000000000000	
792.340000	10.000000000000	
792.540000	10.000000000000	
792.740000	10.000000000000	
792.940000	10.000000000000	
793.140000	10.000000000000	
793.340000	10.000000000000	
793.540000	10.000000000000	
793.740000	10.000000000000	
793.940000	10.000000000000	
794.140000	10.000000000000	
794.340000	10.000000000000	
794.540000	10.000000000000	
794.740000	10.000000000000	
794.940000	10.000000000000	
795.140000	10.000000000000	
795.340000	10.000000000000	
795.540000	10.000000000000	
795.740000	10.000000000000	
795.940000	10.000000000000	
796.140000	10.000000000000	
796.340000	10.000000000000	
796.540000	10.000000000000	
796.740000	10.000000000000	
796.940000	10.000000000000	
797.140000	10.000000000000	
797.340000	10.000000000000	
797.540000	10.000000000000	
797.740000	10.000000000000	
797.940000	10.000000000000	
798.140000	10.000000000000	
798.340000	10.000000000000	
798.540000	10.000000000000	
798.740000	10.000000000000	
798.940000	10.000000000000	
799.140000	10.000000000000	
799.340000	10.000000000000	
799.540000	10.000000000000	
799.740000	10.000000000000	
799.940000	10.000000000000	
800.140000	10.000000000000	
800.340000	10.000000000000	
800.540000	10.000000000000	
800.740000	10.000000000000	
800.940000	10.000000000000	
801.140000	10.000000000000	
801.340000	10.000000000000	
801.540000	10.000000000000	
801.740000	10.000000000000	
801.940000	10.000000000000	
802.140000	10.000000000000	
802.340000	10.000000000000	
802.540000	10.000000000000	
802.740000	10.000000000000	
802.940000	10.000000000000	
803.140000	10.000000000000	
803.340000	10.000000000000	
803.540000	10.000000000000	
803.740000	10.000000000000	
803.940000	10.000000000000	
804.140000	10.000000000000	
804.340000	10.000000000000	
804.540000	10.000000000000	
804.740000	10.000000000000	
804.940000	10.000000000000	
805.140000	10.000000000000	
805.340000	10.000000000000	
805.540000	10.000000000000	
805.740000	10.000000000000	
805.940000	10.000000000000	
806.140000	10.000000000000	
806.340000	10.000000000000	
806.540000	10.000000000000	
806.740000	10.000000000000	
806.940000	10.000000000000	
807.140000	10.000000000000	
807.340000	10.000000000000	
807.540000	10.000000000000	
807.740000	10.000000000000	
807.940000	10.000000000000	
808.140000	10.000000000000	
808.340000	10.000000000000	
808.540000	10.000000000000	
808.740000	10.000000000000	
808.940000	10.000000000000	
809.140000	10.000000000000	
809.340000	10.000000000000	
809.540000	10.000000000000	
809.740000	10.000000000000	
809.940000	10.000000000000	
810.140000	10.000000000000	
810.340000	10.000000000000	
810.540000	10.000000000000	
810.740000	10.000000000000	
810.940000	10.000000000000	
811.140000	10.000000000000	
811.340000	10.000000000000	
811.540000	10.000000000000	
811.740000	10.000000000000	
811.940000	10.000000000000	
812.140000	10.000000000000	
812.340000	10.000000000000	
812.540000	10.000000000000	
812.740000	10.000000000000	
812.940000	10.000000000000	
813.140000	10.000000000000	
813.340000	10.000000000000	
813.540000	10.000000000000	
813.740000	10.000000000000	
813.940000	10.000000000000	
814.140000	10.000000000000	
814.340000	10.000000000000	
814.540000	10.000000000000	
814.740000	10.000000000000	
814.940000	10.000000000000	
815.140000	10.000000000000	
815.340000	10.000000000000	
815.540000	10.000000000000	
815.740000	10.000000000000	
815.940000	10.000000000000	
816.140000	10.000000000000	
816.340000	10.000000000000	
816.540000	10.000000000000	
816.740000	10.000000000000	
816.940000	10.000000000000	
817.140000	10.000000000000	
817.340000	10.000000000000	
817.540000	10.000000000000	
817.740000	10.000000000000	
817.940000	10.000000000000	
818.140000	10.000000000000	
818.340000	10.000000000000	
818.540000	10.000000000000	
818.740000	10.000000000000	
818.940000	10.000000000000	
819.140000	10.000000000000	
819.340000	10.000000000000	
819.540000	10.000000000000	
819.740000	10.000000000000	
819.940000	10.000000000000	
820.140000	10.000000000000	
820.340000	10.000000000000	
820.540000	10.000000000000	
820.740000	10.000000000000	
820.940000	10.000000000000	
821.140000	10.000000000000	
821.340000	10.000000000000	
821.540000	10.000000000000	
821.740000	10.000000000000	
821.940000	10.000000000000	
822.140000	10.000000000000	
822.340000	10.000000000000	
822.540000	10.000000000000	
822.740000	10.000000000000	
822.940000	10.000000000000	
823.140000	10.000000000000	
823.340000	10.000000000000	
823.540000	10.000000000000	
823.740000	10.000000000000	
823.940000	10.000000000000	
824.140000	10.000000000000	
824.340000	10.000000000000	
824.540000	10.000000000000	
824.740000	10.000000000000	
824.940000	10.000000000000	
825.140000	10.000000000000	
825.340000	10.000000000000	
825.540000	10.000000000000	
825.740000	10.000000000000	
825.940000	10.000000000000	
826.140000	10.000000000000	
826.340000	10.000000000000	
826.540000	10.000000000000	
826.740000	10.000000000000	
826.940000	10.000000000000	
827.140000	10.000000000000	
827.340000	10.000000000000	
827.540000	10.000000000000	
827.740000	10.000000000000	
827.940000	10.000000000000	
828.140000	10.000000000000	
828.340000	10.000000000000	
828.540000	10.000000000000	
828.740000	10.000000000000	
828.940000	10.000000000000	
829.140000	10.000000000000	
829.340000	10.000000000000	
829.540000	10.000000000000	
829.740000	10.000000000000	
829.940000	10.000000000000	
830.140000	10.000000000000	
850.140000	10.000000000000	
870.140000	10.000000000000	
890.140000	10.000000000000	
910.140000	10.000000000000	
930.140000	10.000000000000	
950.140000	10.000000000000	
970.140000	10.000000000000	
990.140000	10.000000000000	
1010.140000	10.000000000000	
1030.140000	10.000000000000	
1050.140000	10.000000000000	
1070.140000	10.000000000000	
1090.140000	10.000000000000	
1110.140000	10.000000000000	
1130.140000	10.000000000000	
1150.140000	10.000000000000	
1170.140000	10.000000000000	
1190.140000	10.000000000000	
1210.140000	10.000000000000	
1230.140000	10.000000000000	
1250.140000	10.000000000000	
1270.140000	10.000000000000	
1290.140000	10.000000000000	
1310.140000	10.000000000000	
1330.140000	10.000000000000	
1350.140000	10.000000000000	
1370.140000	10.000000000000	
1390.140000	10.000000000000	
1410.140000	10.000000000000	
1430.140000	10.000000000000	
1450.140000	10.000000000000	
1470.140000	10.000000000000	
1490.140000	10.000000000000	
1510.140000	10.000000000000	
1530.140000	10.000000000000	
1550.140000	10.000000000000	
1570.140000	10.000000000000	
1590.140000	10.000000000000	
1610.140000	10.000000000000	
1630.140000	10.000000000000	
1650.140000	10.000000000000	
1670.140000	10.000000000000	
1690.140000	10.000000000000	
1710.140000	10.000000000000	
1730.140000	10.000000000000	
1750.140000	10.000000000000	
1770.140000	10.000000000000	
1790.140000	10.000000000000	
1810.140000	10.000000000000	
1830.140000	10.000000000000	
1850.140000	10.000000000000	
1870.140000	10.000000000000	
1890.140000	10.000000000000	
1910.140000	10.000000000000	
1930.140000	10.000000000000	
1950.140000	10.000000000000	
1970.140000	10.000000000000	
1990.140000	10.000000000000	
2010.140000	10.000000000000	
2030.140000	10.000000000000	
2050.140000	10.000000000000	
2070.140000	10.000000000000	
2090.140000	10.000000000000	
2110.140000	10.000000000000	
2130.140000	10.000000000000	
2150.140000	10.000000000000	
2170.140000	10.000000000000	
2190.140000	10.000000000000	
2210.140000	10.000000000000	
2230.140000	10.000000000000	
2250.140000	10.000000000000	
2270.140000	10.000000000000	
2290.140000	10.000000000000	
2310.140000	10.000000000000	
2330.140000	10.000000000000	
2350.140000	10.000000000000	
2370.140000	10.000000000000	
2390.140000	10.000000000000	
2410.140000	10.000000000000	
2430.140000	10.000000000000	
2450.140000	10.000000000000	
2470.140000	10.000000000000	
2490.140000	10.000000000000	
