0.000000	0.355386676164	
20.000000	0.642027495681	
40.000000	0.643123477348	
60.000000	0.643257658079	
80.000000	0.643330707116	
100.000000	0.643367651970	
120.000000	0.774573603717	
140.000000	0.765621081116	
160.000000	0.747665047768	
180.000000	0.728939737641	
200.000000	0.710586876228	
220.000000	0.693118196807	
240.000000	0.676587225564	
260.000000	0.660932082967	
280.000000	0.646075049005	
300.000000	0.631946066222	
320.000000	0.618484803350	
340.000000	0.605068802775	
360.000000	0.592721129315	
380.000000	0.581098988420	
400.000000	0.570023848222	
420.000000	0.559407942932	
440.000000	0.549197990333	
460.000000	0.539353750268	
480.000000	0.529839695891	
500.000000	0.520621249179	
520.000000	0.504889782526	
540.000000	0.490361698018	
560.000000	0.477121303857	
580.000000	0.465045737895	
600.000000	0.453974513947	
608.400000	0.449563369923	
608.600000	0.449459637237	
608.800000	0.449355955715	
609.000000	0.449252324639	
609.200000	0.449148743279	
609.400000	0.449045210893	
609.600000	0.448941726730	
609.800000	0.448838290026	
610.000000	0.448734900004	
610.200000	0.448631555875	
610.400000	0.448528256840	
610.600000	0.448425002085	
610.800000	0.448321790784	
611.000000	0.448218622095	
611.200000	0.448115495167	
611.400000	0.448012409131	
611.600000	0.447909363105	
611.800000	0.447806356194	
612.000000	0.447703387485	
612.200000	0.447600456051	
612.400000	0.447497560951	
612.600000	0.447394701225	
612.800000	0.447291875899	
613.000000	0.447189083980	
613.200000	0.447086324459	
613.400000	0.446983596308	
613.600000	0.446880898483	
613.800000	0.446778229919	
614.000000	0.446675589535	
614.200000	0.446572976226	
614.400000	0.446470388870	
614.600000	0.446367826325	
614.800000	0.446265287426	
615.000000	0.446162770986	
615.200000	0.446060275798	
615.400000	0.445957800630	
615.600000	0.445855344229	
615.800000	0.445752905316	
616.000000	0.445650482587	
616.200000	0.445548074715	
616.400000	0.445445680344	
616.600000	0.445343298095	
616.800000	0.445240926558	
617.000000	0.445138564296	
617.200000	0.445036209845	
617.400000	0.444933861708	
617.600000	0.444831518360	
617.800000	0.444729178244	
618.000000	0.444626839769	
618.200000	0.444524501313	
618.400000	0.444422161218	
618.600000	0.444319817792	
618.800000	0.444217469307	
619.000000	0.444115113996	
619.200000	0.444012750055	
619.400000	0.443910375641	
619.600000	0.443807988869	
619.800000	0.443705587812	
620.000000	0.443603170501	
620.200000	0.443500734923	
620.400000	0.443398279016	
620.600000	0.443295800674	
620.800000	0.443193297741	
621.000000	0.443090768010	
621.200000	0.442988209224	
621.400000	0.442885619070	
621.600000	0.442782995183	
621.800000	0.442680335138	
622.000000	0.442577636452	
622.200000	0.442474896582	
622.400000	0.442372112921	
622.600000	0.442269282799	
622.800000	0.442166403477	
623.000000	0.442063472147	
623.200000	0.441960485929	
623.400000	0.441857441872	
623.600000	0.441754336943	
623.800000	0.441651168035	
624.000000	0.441547931954	
624.200000	0.441444625424	
624.400000	0.441341245080	
624.600000	0.441237787465	
624.800000	0.441134249029	
625.000000	0.441030626123	
625.200000	0.440926914995	
625.400000	0.440823111789	
625.600000	0.440719212539	
625.800000	0.440615213166	
626.000000	0.440511109473	
626.200000	0.440406897139	
626.400000	0.440302571716	
626.600000	0.440198128626	
626.800000	0.440093563151	
627.000000	0.439988870430	
627.200000	0.439884045454	
627.400000	0.439779083060	
627.600000	0.439673977921	
627.800000	0.439568724543	
628.000000	0.439463317260	
628.200000	0.439357750218	
628.400000	0.439252017377	
628.600000	0.439146112496	
628.800000	0.439040029129	
629.000000	0.438933760611	
629.200000	0.438827300053	
629.400000	0.438720640329	
629.600000	0.438613774066	
629.800000	0.438506693633	
630.000000	0.438399391129	
630.200000	0.438291858367	
630.400000	0.438184086869	
630.600000	0.438076067841	
630.800000	0.437967792166	
631.000000	0.437859250383	
631.200000	0.437750432676	
631.400000	0.437641328847	
631.600000	0.437531928305	
631.800000	0.437422220042	
632.000000	0.437312192611	
632.200000	0.437201834104	
632.400000	0.437091132127	
632.600000	0.436980073774	
632.800000	0.436868645598	
633.000000	0.436756833581	
633.200000	0.436644623103	
633.400000	0.436531998908	
633.600000	0.436418945065	
633.800000	0.436305444931	
634.000000	0.436191481107	
634.200000	0.436077035393	
634.400000	0.435962088740	
634.600000	0.435846621195	
634.800000	0.435730611849	
635.000000	0.435614038771	
635.200000	0.435496878943	
635.400000	0.435379108191	
635.600000	0.435260701107	
635.800000	0.435141630963	
636.000000	0.435021869621	
636.200000	0.434901387439	
636.400000	0.434780153155	
636.600000	0.434658133778	
636.800000	0.434535294459	
637.000000	0.434411598345	
637.200000	0.434287006437	
637.400000	0.434161477415	
637.600000	0.434034967458	
637.800000	0.433907430043	
638.000000	0.433778815721	
638.200000	0.433649071873	
638.400000	0.433518142439	
638.600000	0.433385967619	
638.800000	0.433252483540	
639.000000	0.433117621882	
639.200000	0.432981309471	
639.400000	0.432843467814	
639.600000	0.432704012581	
639.800000	0.432562853027	
640.000000	0.432419891338	
640.200000	0.432275021890	
640.400000	0.432128130418	
640.600000	0.431979093062	
640.800000	0.431827775284	
641.000000	0.431674030633	
641.200000	0.431517699323	
641.400000	0.431358606594	
641.600000	0.431196560816	
641.800000	0.431031351292	
642.000000	0.430862745687	
642.200000	0.430690487011	
642.400000	0.430514290068	
642.600000	0.430333837242	
642.800000	0.430148773473	
643.000000	0.429958700218	
643.200000	0.429763168165	
643.400000	0.429561668346	
643.600000	0.429353621232	
643.800000	0.429138363221	
644.000000	0.428915129735	
644.200000	0.428683033851	
644.400000	0.428441038954	
644.600000	0.428187923294	
644.800000	0.427922233356	
645.000000	0.427642221490	
645.200000	0.427345760919	
645.400000	0.427030227379	
645.600000	0.426692330150	
645.800000	0.426327863649	
646.000000	0.425931329306	
646.200000	0.425495335090	
646.400000	0.425009590490	
646.600000	0.424459107409	
646.800000	0.423820677681	
647.000000	0.423055046730	
647.200000	0.422085764879	
647.400000	0.420717048734	
647.600000	0.417554247636	
647.800000	0.389283575099	
648.000000	0.254370400486	
648.200000	0.000000467083	
648.400000	0.000000048465	
648.600000	0.000000181670	
648.800000	0.000002341526	
649.000000	0.000030274349	
649.200000	0.000162823124	
649.400000	0.000595264665	
649.600000	0.002032444029	
649.800000	0.006711221378	
650.000000	0.015594182237	
650.200000	0.020130912875	
650.400000	0.024167986695	
650.600000	0.028657961765	
650.800000	0.033579666597	
670.800000	0.431106394215	
678.540000	0.439423880063	
678.740000	0.439427478646	
678.940000	0.439424992332	
679.140000	0.439416649993	
679.340000	0.439402672949	
679.540000	0.439383275219	
679.740000	0.439358663760	
679.940000	0.439329038700	
680.140000	0.439294593562	
680.340000	0.439255515483	
680.540000	0.439211985423	
680.740000	0.439164178365	
680.940000	0.439112263517	
681.140000	0.439056404497	
681.340000	0.438996759519	
681.540000	0.438933481570	
681.740000	0.438866718580	
681.940000	0.438796613590	
682.140000	0.438723304911	
682.340000	0.438646926279	
682.540000	0.438567607006	
682.740000	0.438485472122	
682.940000	0.438400642519	
683.140000	0.438313235083	
683.340000	0.438223362827	
683.540000	0.438131135016	
683.740000	0.438036657290	
683.940000	0.437940031784	
684.140000	0.437841357238	
684.340000	0.437740729113	
684.540000	0.437638239693	
684.740000	0.437533978194	
684.940000	0.437428030857	
685.140000	0.437320481051	
685.340000	0.437211409364	
685.540000	0.437100893691	
685.740000	0.436989009328	
685.940000	0.436875829048	
686.140000	0.436761423191	
686.340000	0.436645859738	
686.540000	0.436529204390	
686.740000	0.436411520639	
686.940000	0.436292869845	
687.140000	0.436173311300	
687.340000	0.436052902299	
687.540000	0.435931698201	
687.740000	0.435809752496	
687.940000	0.435687116862	
688.140000	0.435563841228	
688.340000	0.435439973826	
688.540000	0.435315561249	
688.740000	0.435190648505	
688.940000	0.435065279067	
689.140000	0.434939494922	
689.340000	0.434813336621	
689.540000	0.434686843327	
689.740000	0.434560052857	
689.940000	0.434433001728	
690.140000	0.434305725200	
690.340000	0.434178257314	
690.540000	0.434050630937	
690.740000	0.433922877793	
690.940000	0.433795028509	
691.140000	0.433667112646	
691.340000	0.433539158732	
691.540000	0.433411194302	
691.740000	0.433283245927	
691.940000	0.433155339246	
692.140000	0.433027498998	
692.340000	0.432899749050	
692.540000	0.432772112429	
692.740000	0.432644611347	
692.940000	0.432517267229	
693.140000	0.432390100742	
693.340000	0.432263131815	
693.540000	0.432136379670	
693.740000	0.432009862843	
693.940000	0.431883599203	
694.140000	0.431757605985	
694.340000	0.431631899802	
694.540000	0.431506496670	
694.740000	0.431381412030	
694.940000	0.431256660764	
695.140000	0.431132257221	
695.340000	0.431008215227	
695.540000	0.430884548110	
695.740000	0.430761268715	
695.940000	0.430638389422	
696.140000	0.430515922161	
696.340000	0.430393878432	
696.540000	0.430272269314	
696.740000	0.430151105488	
696.940000	0.430030397245	
697.140000	0.429910154506	
697.340000	0.429790386832	
697.540000	0.429671103438	
697.740000	0.429552313209	
697.940000	0.429434024709	
698.140000	0.429316246196	
698.340000	0.429198985633	
698.540000	0.429082250700	
698.740000	0.428966048805	
698.940000	0.428850387096	
699.140000	0.428735272472	
699.340000	0.428620711590	
699.540000	0.428506710880	
699.740000	0.428393276553	
699.940000	0.428280414609	
700.140000	0.428168130849	
700.340000	0.428056430883	
700.540000	0.427945320138	
700.740000	0.427834803867	
700.940000	0.427724887161	
701.140000	0.427615574950	
701.340000	0.427506872018	
701.540000	0.427398783008	
701.740000	0.427291312429	
701.940000	0.427184464662	
702.140000	0.427078243972	
702.340000	0.426972654512	
702.540000	0.426867700329	
702.740000	0.426763385371	
702.940000	0.426659713497	
703.140000	0.426556688478	
703.340000	0.426454314007	
703.540000	0.426352593705	
703.740000	0.426251531124	
703.940000	0.426151129756	
704.140000	0.426051393036	
704.340000	0.425952324351	
704.540000	0.425853927040	
704.740000	0.425756204404	
704.940000	0.425659159710	
705.140000	0.425562796196	
705.340000	0.425467117073	
705.540000	0.425372125533	
705.740000	0.425277824753	
705.940000	0.425184217900	
706.140000	0.425091308134	
706.340000	0.424999098611	
706.540000	0.424907592492	
706.740000	0.424816792943	
706.940000	0.424726703139	
707.140000	0.424637326271	
707.340000	0.424548665546	
707.540000	0.424460724194	
707.740000	0.424373505467	
707.940000	0.424287012650	
708.140000	0.424201249055	
708.340000	0.424116218033	
708.540000	0.424031922969	
708.740000	0.423948367292	
708.940000	0.423865554474	
709.140000	0.423783488033	
709.340000	0.423702171539	
709.540000	0.423621608610	
709.740000	0.423541802921	
709.940000	0.423462758203	
710.140000	0.423384478247	
710.340000	0.423306966903	
710.540000	0.423230228086	
710.740000	0.423154265774	
710.940000	0.423079084012	
711.140000	0.423004686914	
711.340000	0.422931078662	
711.540000	0.422858263509	
711.740000	0.422786245780	
711.940000	0.422715029873	
712.140000	0.422644620258	
712.340000	0.422575021481	
712.540000	0.422506238162	
712.740000	0.422438274996	
712.940000	0.422371136750	
713.140000	0.422304828271	
713.340000	0.422239354477	
713.540000	0.422174720361	
713.740000	0.422110930989	
713.940000	0.422047991501	
714.140000	0.421985907107	
714.340000	0.421924683088	
714.540000	0.421864324792	
714.740000	0.421804837636	
714.940000	0.421746227100	
715.140000	0.421688498728	
715.340000	0.421631658123	
715.540000	0.421575710945	
715.740000	0.421520662909	
715.940000	0.421466519780	
716.140000	0.421413287372	
716.340000	0.421360971539	
716.540000	0.421309578178	
716.740000	0.421259113219	
716.940000	0.421209582622	
717.140000	0.421160992373	
717.340000	0.421113348478	
717.540000	0.421066656954	
717.740000	0.421020923832	
717.940000	0.420976155140	
718.140000	0.420932356904	
718.340000	0.420889535138	
718.540000	0.420847695838	
718.740000	0.420806844974	
718.940000	0.420766988483	
719.140000	0.420728132258	
719.340000	0.420690282147	
719.540000	0.420653443934	
719.740000	0.420617623340	
719.940000	0.420582826008	
720.140000	0.420549057494	
720.340000	0.420516323261	
720.540000	0.420484628664	
720.740000	0.420453978946	
720.940000	0.420424379221	
721.140000	0.420395834468	
721.340000	0.420368349520	
721.540000	0.420341929052	
721.740000	0.420316577569	
721.940000	0.420292299398	
722.140000	0.420269098673	
722.340000	0.420246979328	
722.540000	0.420225945083	
722.740000	0.420205999431	
722.940000	0.420187145632	
723.140000	0.420169386696	
723.340000	0.420152725376	
723.540000	0.420137164153	
723.740000	0.420122705229	
723.940000	0.420109350514	
724.140000	0.420097101615	
724.340000	0.420085959826	
724.540000	0.420075926118	
724.740000	0.420067001129	
724.940000	0.420059185153	
725.140000	0.420052478134	
725.340000	0.420046879653	
725.540000	0.420042388924	
725.740000	0.420039004781	
725.940000	0.420036725674	
726.140000	0.420035549661	
726.340000	0.420035474402	
726.540000	0.420036497151	
726.740000	0.420038614753	
726.940000	0.420041823640	
727.140000	0.420046119822	
727.340000	0.420051498890	
727.540000	0.420057956008	
727.740000	0.420065485915	
727.940000	0.420074082922	
728.140000	0.420083740911	
728.340000	0.420094453335	
728.540000	0.420106213221	
728.740000	0.420119013170	
728.940000	0.420132845361	
729.140000	0.420147701551	
729.340000	0.420163573086	
729.540000	0.420180450897	
729.740000	0.420198325512	
729.940000	0.420217187061	
730.140000	0.420237025283	
730.340000	0.420257829532	
730.540000	0.420279588789	
730.740000	0.420302291668	
730.940000	0.420325926429	
731.140000	0.420350480988	
731.340000	0.420375942924	
731.540000	0.420402299497	
731.740000	0.420429537659	
731.940000	0.420457644064	
732.140000	0.420486605082	
732.340000	0.420516406818	
732.540000	0.420547035119	
732.740000	0.420578475594	
732.940000	0.420610713627	
733.140000	0.420643734393	
733.340000	0.420677522874	
733.540000	0.420712063873	
733.740000	0.420747342033	
733.940000	0.420783341850	
734.140000	0.420820047692	
734.340000	0.420857443815	
734.540000	0.420895514377	
734.740000	0.420934243459	
734.940000	0.420973615074	
735.140000	0.421013613193	
735.340000	0.421054221752	
735.540000	0.421095424673	
735.740000	0.421137205879	
735.940000	0.421179549307	
736.140000	0.421222438926	
736.340000	0.421265858754	
736.540000	0.421309792864	
736.740000	0.421354225408	
736.940000	0.421399140626	
737.140000	0.421444522859	
737.340000	0.421490356563	
737.540000	0.421536626324	
737.740000	0.421583316864	
737.940000	0.421630413059	
738.140000	0.421677899948	
738.340000	0.421725762743	
738.540000	0.421773986836	
738.740000	0.421822557818	
738.940000	0.421871461476	
739.140000	0.421920683813	
739.340000	0.421970211047	
739.540000	0.422020029624	
739.740000	0.422070126223	
739.940000	0.422120487762	
740.140000	0.422171101406	
740.340000	0.422221954570	
740.540000	0.422273034926	
740.740000	0.422324330406	
740.940000	0.422375829206	
741.140000	0.422427519789	
741.340000	0.422479390892	
741.540000	0.422531431521	
741.740000	0.422583630961	
741.940000	0.422635978771	
742.140000	0.422688464790	
742.340000	0.422741079134	
742.540000	0.422793812201	
742.740000	0.422846654665	
742.940000	0.422899597481	
743.140000	0.422952631880	
743.340000	0.423005749371	
743.540000	0.423058941740	
743.740000	0.423112201044	
743.940000	0.423165519614	
744.140000	0.423218890048	
744.340000	0.423272305215	
744.540000	0.423325758245	
744.740000	0.423379242529	
744.940000	0.423432751719	
745.140000	0.423486279717	
745.340000	0.423539820681	
745.540000	0.423593369013	
745.740000	0.423646919358	
745.940000	0.423700466601	
746.140000	0.423754005864	
746.340000	0.423807532496	
746.540000	0.423861042074	
746.740000	0.423914530396	
746.940000	0.423967993479	
747.140000	0.424021427550	
747.340000	0.424074829044	
747.540000	0.424128194601	
747.740000	0.424181521056	
747.940000	0.424234805439	
748.140000	0.424288044969	
748.340000	0.424341237046	
748.540000	0.424394379251	
748.740000	0.424447469338	
748.940000	0.424500505228	
749.140000	0.424553485008	
749.340000	0.424606406923	
749.540000	0.424659269373	
749.740000	0.424712070908	
749.940000	0.424764810221	
750.140000	0.424817486146	
750.340000	0.424870097652	
750.540000	0.424922643840	
750.740000	0.424975123937	
750.940000	0.425027537290	
751.140000	0.425079883366	
751.340000	0.425132161744	
751.540000	0.425184372112	
751.740000	0.425236514263	
751.940000	0.425288588089	
752.140000	0.425340593581	
752.340000	0.425392530821	
752.540000	0.425444399980	
752.740000	0.425496201314	
752.940000	0.425547935161	
753.140000	0.425599601935	
753.340000	0.425651202125	
753.540000	0.425702736290	
753.740000	0.425754205057	
753.940000	0.425805609117	
754.140000	0.425856949221	
754.340000	0.425908226177	
754.540000	0.425959440848	
754.740000	0.426010594150	
754.940000	0.426061687047	
755.140000	0.426112720546	
755.340000	0.426163695701	
755.540000	0.426214613605	
755.740000	0.426265475389	
755.940000	0.426316282220	
756.140000	0.426367035297	
756.340000	0.426417735850	
756.540000	0.426468385140	
756.740000	0.426518984450	
756.940000	0.426569535092	
757.140000	0.426620038397	
757.340000	0.426670495717	
757.540000	0.426720908424	
757.740000	0.426771277904	
757.940000	0.426821605560	
758.140000	0.426871892808	
758.340000	0.426922141076	
758.540000	0.426972351799	
758.740000	0.427022526424	
758.940000	0.427072666404	
759.140000	0.427122773197	
759.340000	0.427172848267	
759.540000	0.427222893080	
759.740000	0.427272909103	
759.940000	0.427322897807	
760.140000	0.427372860660	
760.340000	0.427422799129	
760.540000	0.427472714680	
760.740000	0.427522608774	
760.940000	0.427572482869	
761.140000	0.427622338417	
761.340000	0.427672176866	
761.540000	0.427721999655	
761.740000	0.427771808216	
761.940000	0.427821603974	
762.140000	0.427871388346	
762.340000	0.427921162736	
762.540000	0.427970928542	
762.740000	0.428020687148	
762.940000	0.428070439931	
763.140000	0.428120188252	
763.340000	0.428169933464	
763.540000	0.428219676903	
763.740000	0.428269419897	
763.940000	0.428319163758	
764.140000	0.428368909786	
764.340000	0.428418659264	
764.540000	0.428468413465	
764.740000	0.428518173644	
764.940000	0.428567941045	
765.140000	0.428617716893	
765.340000	0.428667502402	
765.540000	0.428717298767	
765.740000	0.428767107170	
765.940000	0.428816928777	
766.140000	0.428866764738	
766.340000	0.428916616188	
766.540000	0.428966484243	
766.740000	0.429016370008	
766.940000	0.429066274569	
767.140000	0.429116198995	
767.340000	0.429166144342	
767.540000	0.429216111648	
767.740000	0.429266101934	
767.940000	0.429316116208	
768.140000	0.429366155458	
768.340000	0.429416220660	
768.540000	0.429466312771	
768.740000	0.429516432733	
768.940000	0.429566581472	
769.140000	0.429616759900	
769.340000	0.429666968911	
769.540000	0.429717209383	
769.740000	0.429767482181	
769.940000	0.429817788152	
770.140000	0.429868128130	
770.340000	0.429918502931	
770.540000	0.429968913359	
770.740000	0.430019360201	
770.940000	0.430069844230	
771.140000	0.430120366203	
771.340000	0.430170926865	
771.540000	0.430221526943	
771.740000	0.430272167153	
771.940000	0.430322848195	
772.140000	0.430373570755	
772.340000	0.430424335507	
772.540000	0.430475143110	
772.740000	0.430525994209	
772.940000	0.430576889436	
773.140000	0.430627829410	
773.340000	0.430678814738	
773.540000	0.430729846013	
773.740000	0.430780923814	
773.940000	0.430832048711	
774.140000	0.430883221259	
774.340000	0.430934442001	
774.540000	0.430985711469	
774.740000	0.431037030182	
774.940000	0.431088398649	
775.140000	0.431139817366	
775.340000	0.431191286819	
775.540000	0.431242807482	
775.740000	0.431294379817	
775.940000	0.431346004278	
776.140000	0.431397681306	
776.340000	0.431449411332	
776.540000	0.431501194778	
776.740000	0.431553032055	
776.940000	0.431604923563	
777.140000	0.431656869694	
777.340000	0.431708870830	
777.540000	0.431760927343	
777.740000	0.431813039595	
777.940000	0.431865207942	
778.140000	0.431917432726	
778.340000	0.431969714285	
778.540000	0.432022052947	
778.740000	0.432074449029	
778.940000	0.432126902843	
779.140000	0.432179414691	
779.340000	0.432231984868	
779.540000	0.432284613660	
779.740000	0.432337301346	
779.940000	0.432390048197	
780.140000	0.432442854478	
780.340000	0.432495720443	
780.540000	0.432548646344	
780.740000	0.432601632423	
780.940000	0.432654678914	
781.140000	0.432707786047	
781.340000	0.432760954043	
781.540000	0.432814183120	
781.740000	0.432867473484	
781.940000	0.432920825341	
782.140000	0.432974238887	
782.340000	0.433027714312	
782.540000	0.433081251803	
782.740000	0.433134851538	
782.940000	0.433188513691	
783.140000	0.433242238431	
783.340000	0.433296025921	
783.540000	0.433349876318	
783.740000	0.433403789774	
783.940000	0.433457766438	
784.140000	0.433511806451	
784.340000	0.433565909951	
784.540000	0.433620077071	
784.740000	0.433674307939	
784.940000	0.433728602679	
785.140000	0.433782961411	
785.340000	0.433837384248	
785.540000	0.433891871301	
785.740000	0.433946422678	
785.940000	0.434001038479	
786.140000	0.434055718805	
786.340000	0.434110463748	
786.540000	0.434165273400	
786.740000	0.434220147848	
786.940000	0.434275087174	
787.140000	0.434330091459	
787.340000	0.434385160778	
787.540000	0.434440295205	
787.740000	0.434495494809	
787.940000	0.434550759656	
788.140000	0.434606089809	
788.340000	0.434661485327	
788.540000	0.434716946268	
788.740000	0.434772472685	
788.940000	0.434828064630	
789.140000	0.434883722150	
789.340000	0.434939445290	
789.540000	0.434995234094	
789.740000	0.435051088600	
789.940000	0.435107008847	
790.140000	0.435162994868	
790.340000	0.435219046697	
790.540000	0.435275164362	
790.740000	0.435331347892	
790.940000	0.435387597311	
791.140000	0.435443912642	
791.340000	0.435500293906	
791.540000	0.435556741121	
791.740000	0.435613254304	
791.940000	0.435669833468	
792.140000	0.435726478626	
792.340000	0.435783189789	
792.540000	0.435839966964	
792.740000	0.435896810158	
792.940000	0.435953719375	
793.140000	0.436010694618	
793.340000	0.436067735889	
793.540000	0.436124843186	
793.740000	0.436182016507	
793.940000	0.436239255847	
794.140000	0.436296561202	
794.340000	0.436353932564	
794.540000	0.436411369924	
794.740000	0.436468873271	
794.940000	0.436526442594	
795.140000	0.436584077881	
795.340000	0.436641779115	
795.540000	0.436699546281	
795.740000	0.436757379362	
795.940000	0.436815278339	
796.140000	0.436873243192	
796.340000	0.436931273900	
796.540000	0.436989370440	
796.740000	0.437047532789	
796.940000	0.437105760922	
797.140000	0.437164054812	
797.340000	0.437222414434	
797.540000	0.437280839758	
797.740000	0.437339330755	
797.940000	0.437397887395	
798.140000	0.437456509646	
798.340000	0.437515197477	
798.540000	0.437573950853	
798.740000	0.437632769741	
798.940000	0.437691654105	
799.140000	0.437750603909	
799.340000	0.437809619115	
799.540000	0.437868699686	
799.740000	0.437927845583	
799.940000	0.437987056766	
800.140000	0.438046333195	
800.340000	0.438105674827	
800.540000	0.438165081622	
800.740000	0.438224553536	
800.940000	0.438284090525	
801.140000	0.438343692544	
801.340000	0.438403359550	
801.540000	0.438463091495	
801.740000	0.438522888332	
801.940000	0.438582750016	
802.140000	0.438642676497	
802.340000	0.438702667727	
802.540000	0.438762723656	
802.740000	0.438822844236	
802.940000	0.438883029414	
803.140000	0.438943279140	
803.340000	0.439003593361	
803.540000	0.439063972027	
803.740000	0.439124415083	
803.940000	0.439184922475	
804.140000	0.439245494151	
804.340000	0.439306130055	
804.540000	0.439366830132	
804.740000	0.439427594326	
804.940000	0.439488422581	
805.140000	0.439549314840	
805.340000	0.439610271046	
805.540000	0.439671291142	
805.740000	0.439732375068	
805.940000	0.439793522767	
806.140000	0.439854734179	
806.340000	0.439916009244	
806.540000	0.439977347903	
806.740000	0.440038750095	
806.940000	0.440100215758	
807.140000	0.440161744833	
807.340000	0.440223337256	
807.540000	0.440284992965	
807.740000	0.440346711899	
807.940000	0.440408493994	
808.140000	0.440470339186	
808.340000	0.440532247412	
808.540000	0.440594218607	
808.740000	0.440656252707	
808.940000	0.440718349648	
809.140000	0.440780509363	
809.340000	0.440842731787	
809.540000	0.440905016854	
809.740000	0.440967364498	
809.940000	0.441029774653	
810.140000	0.441092247250	
810.340000	0.441154782223	
810.540000	0.441217379504	
810.740000	0.441280039025	
810.940000	0.441342760718	
811.140000	0.441405544514	
811.340000	0.441468390345	
811.540000	0.441531298140	
811.740000	0.441594267830	
811.940000	0.441657299346	
812.140000	0.441720392618	
812.340000	0.441783547575	
812.540000	0.441846764146	
812.740000	0.441910042260	
812.940000	0.441973381847	
813.140000	0.442036782834	
813.340000	0.442100245151	
813.540000	0.442163768724	
813.740000	0.442227353482	
813.940000	0.442290999351	
814.140000	0.442354706260	
814.340000	0.442418474136	
814.540000	0.442482302904	
814.740000	0.442546192492	
814.940000	0.442610142825	
815.140000	0.442674153830	
815.340000	0.442738225433	
815.540000	0.442802357558	
815.740000	0.442866550132	
815.940000	0.442930803079	
816.140000	0.442995116324	
816.340000	0.443059489792	
816.540000	0.443123923408	
816.740000	0.443188417095	
816.940000	0.443252970777	
817.140000	0.443317584378	
817.340000	0.443382257823	
817.540000	0.443446991033	
817.740000	0.443511783933	
817.940000	0.443576636444	
818.140000	0.443641548491	
818.340000	0.443706519996	
818.540000	0.443771550880	
818.740000	0.443836641066	
818.940000	0.443901790477	
819.140000	0.443966999033	
819.340000	0.444032266657	
819.540000	0.444097593270	
819.740000	0.444162978792	
819.940000	0.444228423146	
820.140000	0.444293926253	
820.340000	0.444359488032	
820.540000	0.444425108404	
820.740000	0.444490787291	
820.940000	0.444556524611	
821.140000	0.444622320285	
821.340000	0.444688174233	
821.540000	0.444754086375	
821.740000	0.444820056630	
821.940000	0.444886084918	
822.140000	0.444952171158	
822.340000	0.445018315268	
822.540000	0.445084517168	
822.740000	0.445150776777	
822.940000	0.445217094013	
823.140000	0.445283468795	
823.340000	0.445349901041	
823.540000	0.445416390669	
823.740000	0.445482937597	
823.940000	0.445549541743	
824.140000	0.445616203026	
824.340000	0.445682921362	
824.540000	0.445749696668	
824.740000	0.445816528863	
824.940000	0.445883417864	
825.140000	0.445950363587	
825.340000	0.446017365949	
825.540000	0.446084424868	
825.740000	0.446151540260	
825.940000	0.446218712041	
826.140000	0.446285940128	
826.340000	0.446353224438	
826.540000	0.446420564885	
826.740000	0.446487961388	
826.940000	0.446555413860	
827.140000	0.446622922219	
827.340000	0.446690486379	
827.540000	0.446758106257	
827.740000	0.446825781767	
827.940000	0.446893512826	
828.140000	0.446961299348	
828.340000	0.447029141248	
828.540000	0.447097038442	
828.740000	0.447164990845	
828.940000	0.447232998370	
829.140000	0.447301060933	
829.340000	0.447369178449	
829.540000	0.447437350831	
829.740000	0.447505577995	
829.940000	0.447573859853	
830.140000	0.447642196322	
850.140000	0.454736521193	
870.140000	0.462286465141	
890.140000	0.470200680067	
910.140000	0.478389831781	
930.140000	0.486768964125	
950.140000	0.495258664718	
970.140000	0.503785585099	
990.140000	0.512282581157	
1010.140000	0.520688688748	
1030.140000	0.528949028465	
1050.140000	0.537014703468	
1070.140000	0.544842699193	
1090.140000	0.552395808394	
1110.140000	0.559642426835	
1130.140000	0.566556625883	
1150.140000	0.573117997505	
1170.140000	0.579311425911	
1190.140000	0.585127021419	
1210.140000	0.590559837958	
1230.140000	0.595609535378	
1250.140000	0.600280002309	
1270.140000	0.604578912987	
1290.140000	0.608517238960	
1310.140000	0.612108729531	
1330.140000	0.615369378752	
1350.140000	0.618316897427	
1370.140000	0.620970207354	
1390.140000	0.623348972408	
1410.140000	0.625473177558	
1430.140000	0.627362763037	
1450.140000	0.629037317072	
1470.140000	0.630515827180	
1490.140000	0.631816487350	
1510.140000	0.632956556442	
1530.140000	0.633952261912	
1550.140000	0.634818742382	
1570.140000	0.635570022515	
1590.140000	0.636219013975	
1610.140000	0.636777536756	
1630.140000	0.637256355927	
1650.140000	0.637665229499	
1670.140000	0.638012963871	
1690.140000	0.638307473959	
1710.140000	0.638555845720	
1730.140000	0.638764399270	
1750.140000	0.638938751239	
1770.140000	0.639083875338	
1790.140000	0.639204160439	
1810.140000	0.639303465651	
1830.140000	0.639385172102	
1850.140000	0.639452231238	
1870.140000	0.639507209591	
1890.140000	0.639552330031	
1910.140000	0.639589509593	
1930.140000	0.639620393994	
1950.140000	0.639646389009	
1970.140000	0.639668688874	
1990.140000	0.639688301918	
2010.140000	0.639706073603	
2030.140000	0.639722707180	
2050.140000	0.639738782146	
2070.140000	0.639754770689	
2090.140000	0.639771052301	
2110.140000	0.639787926729	
2130.140000	0.639805625410	
2150.140000	0.639824321558	
2170.140000	0.639844139017	
2190.140000	0.639865160031	
2210.140000	0.639887432024	
2230.140000	0.639910973514	
2250.140000	0.639935779243	
2270.140000	0.639961824623	
2290.140000	0.639989069569	
2310.140000	0.640017461796	
2330.140000	0.640046939635	
2350.140000	0.640077434442	
2370.140000	0.640108872630	
2390.140000	0.640141177390	
2410.140000	0.640174270130	
2430.140000	0.640208071670	
2450.140000	0.640242503228	
2470.140000	0.640277487226	
2490.140000	0.640312947931	
