0.000000	0.000000000000	
20.000000	0.000000000001	
40.000000	0.000000000002	
60.000000	0.000000000003	
80.000000	0.000000000004	
100.000000	0.000000000005	
120.000000	0.000000000000	
140.000000	0.000000000000	
160.000000	0.000000000000	
180.000000	0.000000000000	
200.000000	0.000000000000	
220.000000	0.000000000000	
240.000000	0.000000000000	
260.000000	0.000000000000	
280.000000	0.000000000000	
300.000000	0.000000000000	
320.000000	0.000000000000	
340.000000	0.000000000000	
360.000000	0.000000000000	
380.000000	0.000000000006	
400.000000	0.000000000031	
420.000000	0.000000000060	
440.000000	0.000000000091	
460.000000	0.000000000124	
480.000000	0.000000000160	
500.000000	0.000000000199	
520.000000	0.000000000242	
540.000000	0.000000000292	
560.000000	0.000000000350	
567.640000	0.000000000375	
567.840000	0.000000000375	
568.040000	0.000000000376	
568.240000	0.000000000377	
568.440000	0.000000000377	
568.640000	0.000000000378	
568.840000	0.000000000379	
569.040000	0.000000000380	
569.240000	0.000000000380	
569.440000	0.000000000381	
569.640000	0.000000000382	
569.840000	0.000000000382	
570.040000	0.000000000383	
570.240000	0.000000000384	
570.440000	0.000000000384	
570.640000	0.000000000385	
570.840000	0.000000000386	
571.040000	0.000000000387	
571.240000	0.000000000389	
571.440000	0.000000000605	
571.640000	0.000000004365	
571.840000	0.000000014028	
572.040000	0.000000029977	
572.240000	0.000000050937	
572.440000	0.000000074360	
572.640000	0.000000097670	
572.840000	0.000000118590	
573.040000	0.000000135262	
573.240000	0.000000147081	
573.440000	0.000000155135	
573.640000	0.000000160906	
573.840000	0.000000165378	
593.840000	0.000000178630	
602.340000	0.000000172222	
602.540000	0.000000172073	
602.740000	0.000000171924	
602.940000	0.000000171775	
603.140000	0.000000171626	
603.340000	0.000000171477	
603.540000	0.000000171328	
603.740000	0.000000171180	
603.940000	0.000000171031	
604.140000	0.000000170883	
604.340000	0.000000170734	
604.540000	0.000000170586	
604.740000	0.000000170438	
604.940000	0.000000170290	
605.140000	0.000000170142	
605.340000	0.000000169994	
605.540000	0.000000169846	
605.740000	0.000000169698	
605.940000	0.000000169550	
606.140000	0.000000169403	
606.340000	0.000000169255	
606.540000	0.000000169108	
606.740000	0.000000168960	
606.940000	0.000000168813	
607.140000	0.000000168666	
607.340000	0.000000168518	
607.540000	0.000000168371	
607.740000	0.000000168224	
607.940000	0.000000168078	
608.140000	0.000000167931	
608.340000	0.000000167784	
608.540000	0.000000167637	
608.740000	0.000000167491	
608.940000	0.000000167344	
609.140000	0.000000167198	
609.340000	0.000000167052	
609.540000	0.000000166905	
609.740000	0.000000166759	
609.940000	0.000000166613	
610.140000	0.000000166467	
610.340000	0.000000166321	
610.540000	0.000000166176	
610.740000	0.000000166030	
610.940000	0.000000165884	
611.140000	0.000000165739	
611.340000	0.000000165593	
611.540000	0.000000165448	
611.740000	0.000000165303	
611.940000	0.000000165157	
612.140000	0.000000165012	
612.340000	0.000000164867	
612.540000	0.000000164722	
612.740000	0.000000164578	
612.940000	0.000000164433	
613.140000	0.000000164288	
613.340000	0.000000164144	
613.540000	0.000000163999	
613.740000	0.000000163855	
613.940000	0.000000163712	
614.140000	0.000000163632	
614.340000	0.000000166204	
614.540000	0.000000174205	
614.740000	0.000000188390	
614.940000	0.000000207944	
615.140000	0.000000230564	
615.340000	0.000000253548	
615.540000	0.000000274632	
615.740000	0.000000291985	
615.940000	0.000000304742	
616.140000	0.000000313553	
616.340000	0.000000319793	
616.540000	0.000000324539	
616.740000	0.000000328361	
636.740000	0.000000325950	
636.940000	0.000000325664	
637.140000	0.000000325379	
637.340000	0.000000325094	
637.540000	0.000000324809	
637.740000	0.000000324524	
637.940000	0.000000324239	
638.140000	0.000000323955	
638.340000	0.000000323670	
638.540000	0.000000323386	
638.740000	0.000000323102	
638.940000	0.000000322818	
639.140000	0.000000322534	
639.340000	0.000000322251	
639.540000	0.000000321967	
639.740000	0.000000321684	
639.940000	0.000000321401	
640.140000	0.000000321118	
640.340000	0.000000320836	
640.540000	0.000000320553	
640.740000	0.000000320271	
640.940000	0.000000319989	
641.140000	0.000000319707	
641.340000	0.000000319425	
641.540000	0.000000319143	
641.740000	0.000000318861	
641.940000	0.000000318580	
642.140000	0.000000318299	
642.340000	0.000000318018	
642.540000	0.000000317737	
642.740000	0.000000317456	
642.940000	0.000000317176	
643.140000	0.000000316896	
643.340000	0.000000316615	
643.540000	0.000000316335	
643.740000	0.000000316056	
643.940000	0.000000315776	
644.140000	0.000000315497	
644.340000	0.000000315217	
644.540000	0.000000314938	
644.740000	0.000000314659	
644.940000	0.000000314380	
645.140000	0.000000314102	
645.340000	0.000000313823	
645.540000	0.000000313545	
645.740000	0.000000313267	
645.940000	0.000000312989	
646.140000	0.000000312711	
646.340000	0.000000312434	
646.540000	0.000000312156	
646.740000	0.000000311879	
646.940000	0.000000311602	
647.140000	0.000000311325	
647.340000	0.000000311049	
647.540000	0.000000310772	
647.740000	0.000000310496	
647.940000	0.000000310220	
648.140000	0.000000309944	
648.340000	0.000000309668	
648.540000	0.000000309392	
648.740000	0.000000309117	
648.940000	0.000000308842	
649.140000	0.000000308566	
649.340000	0.000000308292	
649.540000	0.000000308017	
649.740000	0.000000307742	
649.940000	0.000000307468	
650.140000	0.000000307194	
650.340000	0.000000306920	
650.540000	0.000000306646	
650.740000	0.000000306372	
650.940000	0.000000306099	
651.140000	0.000000305825	
651.340000	0.000000305552	
651.540000	0.000000305279	
651.740000	0.000000305007	
651.940000	0.000000304734	
652.140000	0.000000304462	
652.340000	0.000000304198	
652.540000	0.000000305312	
652.740000	0.000000311201	
652.940000	0.000000322992	
653.140000	0.000000340558	
653.340000	0.000000362053	
653.540000	0.000000384697	
653.740000	0.000000406090	
653.940000	0.000000424326	
654.140000	0.000000438274	
654.340000	0.000000448105	
654.540000	0.000000455001	
654.740000	0.000000460123	
654.940000	0.000000464174	
655.140000	0.000000467501	
655.340000	0.000000470286	
671.880000	0.000000457932	
672.080000	0.000000457527	
672.280000	0.000000457122	
672.480000	0.000000456718	
672.680000	0.000000456314	
672.880000	0.000000455910	
673.080000	0.000000455507	
673.280000	0.000000455104	
673.480000	0.000000454701	
673.680000	0.000000454298	
673.880000	0.000000453895	
674.080000	0.000000453493	
674.280000	0.000000453091	
674.480000	0.000000452689	
674.680000	0.000000452288	
674.880000	0.000000451886	
675.080000	0.000000451485	
675.280000	0.000000451085	
675.480000	0.000000450684	
675.680000	0.000000450284	
675.880000	0.000000449884	
676.080000	0.000000449484	
676.280000	0.000000449085	
676.480000	0.000000448685	
676.680000	0.000000448286	
676.880000	0.000000447888	
677.080000	0.000000447489	
677.280000	0.000000447091	
677.480000	0.000000446693	
677.680000	0.000000446295	
677.880000	0.000000445898	
678.080000	0.000000445501	
678.280000	0.000000445104	
678.480000	0.000000444707	
678.680000	0.000000444311	
678.880000	0.000000443914	
679.080000	0.000000443519	
679.280000	0.000000443123	
679.480000	0.000000442727	
679.680000	0.000000442332	
679.880000	0.000000441937	
680.080000	0.000000441543	
680.280000	0.000000441148	
680.480000	0.000000440754	
680.680000	0.000000440361	
680.880000	0.000000439967	
681.080000	0.000000439574	
681.280000	0.000000439181	
681.480000	0.000000438788	
681.680000	0.000000438395	
681.880000	0.000000438003	
682.080000	0.000000437611	
682.280000	0.000000437219	
682.480000	0.000000436828	
682.680000	0.000000436436	
682.880000	0.000000436045	
683.080000	0.000000435655	
683.280000	0.000000435264	
683.480000	0.000000434874	
683.680000	0.000000434484	
683.880000	0.000000434094	
684.080000	0.000000433705	
684.280000	0.000000433316	
684.480000	0.000000432927	
684.680000	0.000000432538	
684.880000	0.000000432150	
685.080000	0.000000431762	
685.280000	0.000000431374	
685.480000	0.000000430986	
685.680000	0.000000430599	
685.880000	0.000000430212	
686.080000	0.000000429825	
686.280000	0.000000429439	
686.480000	0.000000429052	
686.680000	0.000000428666	
686.880000	0.000000428281	
687.080000	0.000000427895	
687.280000	0.000000427510	
687.480000	0.000000427125	
687.680000	0.000000426740	
687.880000	0.000000426356	
688.080000	0.000000425972	
688.280000	0.000000425588	
688.480000	0.000000425204	
688.680000	0.000000424821	
688.880000	0.000000424438	
689.080000	0.000000424055	
689.280000	0.000000423673	
689.480000	0.000000423291	
689.680000	0.000000422910	
689.880000	0.000000422754	
690.080000	0.000000425896	
690.280000	0.000000434324	
690.480000	0.000000448769	
690.680000	0.000000468275	
690.880000	0.000000490367	
691.080000	0.000000512309	
691.280000	0.000000531959	
691.480000	0.000000547825	
691.680000	0.000000559456	
691.880000	0.000000567615	
692.080000	0.000000573501	
692.280000	0.000000578027	
692.480000	0.000000581679	
692.680000	0.000000584701	
692.880000	0.000000587233	
708.420000	0.000000568052	
708.620000	0.000000567546	
708.820000	0.000000567040	
709.020000	0.000000566535	
709.220000	0.000000566030	
709.420000	0.000000565526	
709.620000	0.000000565021	
709.820000	0.000000564517	
710.020000	0.000000564014	
710.220000	0.000000563511	
710.420000	0.000000563008	
710.620000	0.000000562505	
710.820000	0.000000562003	
711.020000	0.000000561501	
711.220000	0.000000560999	
711.420000	0.000000560498	
711.620000	0.000000559997	
711.820000	0.000000559496	
712.020000	0.000000558996	
712.220000	0.000000558496	
712.420000	0.000000557996	
712.620000	0.000000557497	
712.820000	0.000000556998	
713.020000	0.000000556500	
713.220000	0.000000556001	
713.420000	0.000000555503	
713.620000	0.000000555006	
713.820000	0.000000554509	
714.020000	0.000000554012	
714.220000	0.000000553515	
714.420000	0.000000553019	
714.620000	0.000000552523	
714.820000	0.000000552027	
715.020000	0.000000551532	
715.220000	0.000000551037	
715.420000	0.000000550542	
715.620000	0.000000550048	
715.820000	0.000000549554	
716.020000	0.000000549061	
716.220000	0.000000548567	
716.420000	0.000000548074	
716.620000	0.000000547582	
716.820000	0.000000547090	
717.020000	0.000000546598	
717.220000	0.000000546106	
717.420000	0.000000545615	
717.620000	0.000000545124	
717.820000	0.000000544633	
718.020000	0.000000544143	
718.220000	0.000000543653	
718.420000	0.000000543164	
718.620000	0.000000542674	
718.820000	0.000000542186	
719.020000	0.000000541697	
719.220000	0.000000541209	
719.420000	0.000000540721	
719.620000	0.000000540233	
719.820000	0.000000539746	
720.020000	0.000000539259	
720.220000	0.000000538773	
720.420000	0.000000538287	
720.620000	0.000000537801	
720.820000	0.000000537315	
721.020000	0.000000536830	
721.220000	0.000000536345	
721.420000	0.000000535861	
721.620000	0.000000535377	
721.820000	0.000000534893	
722.020000	0.000000534410	
722.220000	0.000000533926	
722.420000	0.000000533444	
722.620000	0.000000532961	
722.820000	0.000000532479	
723.020000	0.000000531997	
723.220000	0.000000531516	
723.420000	0.000000531035	
723.620000	0.000000530554	
723.820000	0.000000530074	
724.020000	0.000000529594	
724.220000	0.000000529114	
724.420000	0.000000528635	
724.620000	0.000000528156	
724.820000	0.000000527677	
725.020000	0.000000527199	
725.220000	0.000000526721	
725.420000	0.000000526243	
725.620000	0.000000525766	
725.820000	0.000000525289	
726.020000	0.000000524813	
726.220000	0.000000524336	
726.420000	0.000000523860	
726.620000	0.000000523385	
726.820000	0.000000522910	
727.020000	0.000000522435	
727.220000	0.000000521960	
727.420000	0.000000521486	
727.620000	0.000000521012	
727.820000	0.000000520539	
728.020000	0.000000520066	
728.220000	0.000000519593	
728.420000	0.000000519121	
728.620000	0.000000518665	
728.820000	0.000000519989	
729.020000	0.000000526034	
729.220000	0.000000537865	
729.420000	0.000000555388	
729.620000	0.000000576663	
729.820000	0.000000598782	
730.020000	0.000000619324	
730.220000	0.000000636562	
730.420000	0.000000649668	
730.620000	0.000000658996	
730.820000	0.000000665654	
731.020000	0.000000670666	
731.220000	0.000000674652	
731.420000	0.000000677922	
731.620000	0.000000680645	
731.820000	0.000000682924	
748.080000	0.000000654008	
748.280000	0.000000653422	
748.480000	0.000000652835	
748.680000	0.000000652250	
748.880000	0.000000651664	
749.080000	0.000000651079	
749.280000	0.000000650495	
749.480000	0.000000649910	
749.680000	0.000000649326	
749.880000	0.000000648743	
750.080000	0.000000648160	
750.280000	0.000000647577	
750.480000	0.000000646995	
750.680000	0.000000646413	
750.880000	0.000000645832	
751.080000	0.000000645251	
751.280000	0.000000644670	
751.480000	0.000000644090	
751.680000	0.000000643510	
751.880000	0.000000642931	
752.080000	0.000000642352	
752.280000	0.000000641773	
752.480000	0.000000641195	
752.680000	0.000000640617	
752.880000	0.000000640040	
753.080000	0.000000639463	
753.280000	0.000000638886	
753.480000	0.000000638310	
753.680000	0.000000637734	
753.880000	0.000000637159	
754.080000	0.000000636584	
754.280000	0.000000636009	
754.480000	0.000000635435	
754.680000	0.000000634861	
754.880000	0.000000634288	
755.080000	0.000000633715	
755.280000	0.000000633142	
755.480000	0.000000632570	
755.680000	0.000000631999	
755.880000	0.000000631427	
756.080000	0.000000630856	
756.280000	0.000000630286	
756.480000	0.000000629716	
756.680000	0.000000629146	
756.880000	0.000000628577	
757.080000	0.000000628008	
757.280000	0.000000627439	
757.480000	0.000000626871	
757.680000	0.000000626303	
757.880000	0.000000625736	
758.080000	0.000000625169	
758.280000	0.000000624603	
758.480000	0.000000624037	
758.680000	0.000000623471	
758.880000	0.000000622906	
759.080000	0.000000622341	
759.280000	0.000000621776	
759.480000	0.000000621212	
759.680000	0.000000620649	
759.880000	0.000000620086	
760.080000	0.000000619523	
760.280000	0.000000618960	
760.480000	0.000000618398	
760.680000	0.000000617837	
760.880000	0.000000617275	
761.080000	0.000000616715	
761.280000	0.000000616154	
761.480000	0.000000615594	
761.680000	0.000000615035	
761.880000	0.000000614476	
762.080000	0.000000613917	
762.280000	0.000000613359	
762.480000	0.000000612801	
762.680000	0.000000612243	
762.880000	0.000000611686	
763.080000	0.000000611129	
763.280000	0.000000610573	
763.480000	0.000000610017	
763.680000	0.000000609462	
763.880000	0.000000608907	
764.080000	0.000000608352	
764.280000	0.000000607798	
764.480000	0.000000607244	
764.680000	0.000000606690	
764.880000	0.000000606137	
765.080000	0.000000605585	
765.280000	0.000000605032	
765.480000	0.000000604481	
765.680000	0.000000603929	
765.880000	0.000000603378	
766.080000	0.000000602828	
766.280000	0.000000602278	
766.480000	0.000000601728	
766.680000	0.000000601178	
766.880000	0.000000600630	
767.080000	0.000000600081	
767.280000	0.000000599533	
767.480000	0.000000598985	
767.680000	0.000000598438	
767.880000	0.000000597891	
768.080000	0.000000597345	
768.280000	0.000000596799	
768.480000	0.000000596253	
768.680000	0.000000595708	
768.880000	0.000000595163	
769.080000	0.000000594618	
769.280000	0.000000594074	
769.480000	0.000000593531	
769.680000	0.000000592988	
769.880000	0.000000592445	
770.080000	0.000000591903	
770.280000	0.000000591361	
770.480000	0.000000590819	
770.680000	0.000000590278	
770.880000	0.000000589738	
771.080000	0.000000589197	
771.280000	0.000000588658	
771.480000	0.000000588118	
771.680000	0.000000587582	
771.880000	0.000000587638	
772.080000	0.000000591565	
772.280000	0.000000600796	
772.480000	0.000000616019	
772.680000	0.000000636048	
772.880000	0.000000658145	
773.080000	0.000000679501	
773.280000	0.000000698098	
773.480000	0.000000712769	
773.680000	0.000000723454	
773.880000	0.000000731072	
774.080000	0.000000736711	
774.280000	0.000000741131	
774.480000	0.000000744728	
774.680000	0.000000747709	
774.880000	0.000000750198	
775.080000	0.000000752277	
794.200000	0.000000708185	
794.400000	0.000000707544	
794.600000	0.000000706904	
794.800000	0.000000706265	
795.000000	0.000000705625	
795.200000	0.000000704987	
795.400000	0.000000704349	
795.600000	0.000000703711	
795.800000	0.000000703074	
796.000000	0.000000702437	
796.200000	0.000000701800	
796.400000	0.000000701165	
796.600000	0.000000700529	
796.800000	0.000000699894	
797.000000	0.000000699260	
797.200000	0.000000698626	
797.400000	0.000000697992	
797.600000	0.000000697359	
797.800000	0.000000696726	
798.000000	0.000000696094	
798.200000	0.000000695462	
798.400000	0.000000694831	
798.600000	0.000000694200	
798.800000	0.000000693570	
799.000000	0.000000692940	
799.200000	0.000000692310	
799.400000	0.000000691681	
799.600000	0.000000691053	
799.800000	0.000000690425	
800.000000	0.000000689797	
800.200000	0.000000689170	
800.400000	0.000000688543	
800.600000	0.000000687917	
800.800000	0.000000687291	
801.000000	0.000000686666	
801.200000	0.000000686041	
801.400000	0.000000685416	
801.600000	0.000000684792	
801.800000	0.000000684169	
802.000000	0.000000683546	
802.200000	0.000000682923	
802.400000	0.000000682301	
802.600000	0.000000681679	
802.800000	0.000000681058	
803.000000	0.000000680437	
803.200000	0.000000679817	
803.400000	0.000000679197	
803.600000	0.000000678578	
803.800000	0.000000677959	
804.000000	0.000000677341	
804.200000	0.000000676723	
804.400000	0.000000676105	
804.600000	0.000000675488	
804.800000	0.000000674871	
805.000000	0.000000674255	
805.200000	0.000000673640	
805.400000	0.000000673024	
805.600000	0.000000672410	
805.800000	0.000000671795	
806.000000	0.000000671181	
806.200000	0.000000670568	
806.400000	0.000000669955	
806.600000	0.000000669343	
806.800000	0.000000668731	
807.000000	0.000000668119	
807.200000	0.000000667508	
807.400000	0.000000666897	
807.600000	0.000000666287	
807.800000	0.000000665677	
808.000000	0.000000665068	
808.200000	0.000000664459	
808.400000	0.000000663851	
808.600000	0.000000663243	
808.800000	0.000000662636	
809.000000	0.000000662029	
809.200000	0.000000661422	
809.400000	0.000000660816	
809.600000	0.000000660211	
809.800000	0.000000659605	
810.000000	0.000000659001	
810.200000	0.000000658397	
810.400000	0.000000657793	
810.600000	0.000000657190	
810.800000	0.000000656587	
811.000000	0.000000655984	
811.200000	0.000000655382	
811.400000	0.000000654781	
811.600000	0.000000654180	
811.800000	0.000000653580	
812.000000	0.000000652979	
812.200000	0.000000652380	
812.400000	0.000000651781	
812.600000	0.000000651182	
812.800000	0.000000650584	
813.000000	0.000000649986	
813.200000	0.000000649389	
813.400000	0.000000648792	
813.600000	0.000000648196	
813.800000	0.000000647600	
814.000000	0.000000647004	
814.200000	0.000000646409	
814.400000	0.000000645815	
814.600000	0.000000645220	
814.800000	0.000000644627	
815.000000	0.000000644034	
815.200000	0.000000643441	
815.400000	0.000000642849	
815.600000	0.000000642257	
815.800000	0.000000641666	
816.000000	0.000000641075	
816.200000	0.000000640484	
816.400000	0.000000639894	
816.600000	0.000000639305	
816.800000	0.000000638716	
817.000000	0.000000638127	
817.200000	0.000000637539	
817.400000	0.000000636951	
817.600000	0.000000636364	
817.800000	0.000000635777	
818.000000	0.000000635191	
818.200000	0.000000634605	
818.400000	0.000000634020	
818.600000	0.000000633435	
818.800000	0.000000632851	
819.000000	0.000000632267	
819.200000	0.000000631683	
819.400000	0.000000631100	
819.600000	0.000000630517	
819.800000	0.000000629935	
820.000000	0.000000629354	
820.200000	0.000000628772	
820.400000	0.000000628191	
820.600000	0.000000627611	
820.800000	0.000000627031	
821.000000	0.000000626452	
821.200000	0.000000625873	
821.400000	0.000000625294	
821.600000	0.000000624716	
821.800000	0.000000624139	
822.000000	0.000000623562	
822.200000	0.000000622985	
822.400000	0.000000622409	
822.600000	0.000000621833	
822.800000	0.000000621258	
823.000000	0.000000620683	
823.200000	0.000000620108	
823.400000	0.000000619535	
823.600000	0.000000618961	
823.800000	0.000000618388	
824.000000	0.000000617815	
824.200000	0.000000617243	
824.400000	0.000000616672	
824.600000	0.000000616101	
824.800000	0.000000615530	
825.000000	0.000000614960	
825.200000	0.000000614390	
825.400000	0.000000613820	
825.600000	0.000000613251	
825.800000	0.000000612683	
826.000000	0.000000612115	
826.200000	0.000000611547	
826.400000	0.000000610980	
826.600000	0.000000610414	
826.800000	0.000000609848	
827.000000	0.000000609282	
827.200000	0.000000608717	
827.400000	0.000000608152	
827.600000	0.000000607588	
827.800000	0.000000607024	
828.000000	0.000000606460	
828.200000	0.000000605897	
828.400000	0.000000605335	
828.600000	0.000000604773	
828.800000	0.000000604211	
829.000000	0.000000603650	
829.200000	0.000000603089	
829.400000	0.000000602529	
829.600000	0.000000601969	
829.800000	0.000000601410	
830.000000	0.000000600851	
830.200000	0.000000600293	
830.400000	0.000000599735	
830.600000	0.000000599178	
830.800000	0.000000598654	
831.000000	0.000000600298	
831.200000	0.000000606649	
831.400000	0.000000618807	
831.600000	0.000000636766	
831.800000	0.000000658468	
832.000000	0.000000680780	
832.200000	0.000000701164	
832.400000	0.000000718016	
832.600000	0.000000730759	
832.800000	0.000000739940	
833.000000	0.000000746654	
833.200000	0.000000751824	
833.400000	0.000000755994	
833.600000	0.000000759439	
833.800000	0.000000762317	
834.000000	0.000000764728	
854.000000	0.000000718500	
863.280000	0.000000688635	
863.480000	0.000000688003	
863.680000	0.000000687371	
863.880000	0.000000686740	
864.080000	0.000000686109	
864.280000	0.000000685479	
864.480000	0.000000684849	
864.680000	0.000000684220	
864.880000	0.000000683591	
865.080000	0.000000682963	
865.280000	0.000000682335	
865.480000	0.000000681708	
865.680000	0.000000681081	
865.880000	0.000000680455	
866.080000	0.000000679829	
866.280000	0.000000679204	
866.480000	0.000000678579	
866.680000	0.000000677954	
866.880000	0.000000677331	
867.080000	0.000000676707	
867.280000	0.000000676084	
867.480000	0.000000675462	
867.680000	0.000000674840	
867.880000	0.000000674218	
868.080000	0.000000673597	
868.280000	0.000000672977	
868.480000	0.000000672357	
868.680000	0.000000671737	
868.880000	0.000000671118	
869.080000	0.000000670499	
869.280000	0.000000669881	
869.480000	0.000000669264	
869.680000	0.000000668646	
869.880000	0.000000668030	
870.080000	0.000000667414	
870.280000	0.000000666798	
870.480000	0.000000666183	
870.680000	0.000000665568	
870.880000	0.000000664954	
871.080000	0.000000664340	
871.280000	0.000000663727	
871.480000	0.000000663114	
871.680000	0.000000662501	
871.880000	0.000000661890	
872.080000	0.000000661278	
872.280000	0.000000660667	
872.480000	0.000000660057	
872.680000	0.000000659447	
872.880000	0.000000658838	
873.080000	0.000000658229	
873.280000	0.000000657620	
873.480000	0.000000657012	
873.680000	0.000000656405	
873.880000	0.000000655797	
874.080000	0.000000655191	
874.280000	0.000000654585	
874.480000	0.000000653979	
874.680000	0.000000653374	
874.880000	0.000000652769	
875.080000	0.000000652165	
875.280000	0.000000651562	
875.480000	0.000000650958	
875.680000	0.000000650356	
875.880000	0.000000649753	
876.080000	0.000000649152	
876.280000	0.000000648550	
876.480000	0.000000647949	
876.680000	0.000000647349	
876.880000	0.000000646749	
877.080000	0.000000646150	
877.280000	0.000000645551	
877.480000	0.000000644952	
877.680000	0.000000644355	
877.880000	0.000000643757	
878.080000	0.000000643160	
878.280000	0.000000642564	
878.480000	0.000000641968	
878.680000	0.000000641372	
878.880000	0.000000640777	
879.080000	0.000000640182	
879.280000	0.000000639588	
879.480000	0.000000638994	
879.680000	0.000000638401	
879.880000	0.000000637809	
880.080000	0.000000637216	
880.280000	0.000000636625	
880.480000	0.000000636033	
880.680000	0.000000635442	
880.880000	0.000000634852	
881.080000	0.000000634262	
881.280000	0.000000633673	
881.480000	0.000000633084	
881.680000	0.000000632496	
881.880000	0.000000631908	
882.080000	0.000000631320	
882.280000	0.000000630733	
882.480000	0.000000630147	
882.680000	0.000000629561	
882.880000	0.000000628975	
883.080000	0.000000628390	
883.280000	0.000000627805	
883.480000	0.000000627221	
883.680000	0.000000626637	
883.880000	0.000000626054	
884.080000	0.000000625471	
884.280000	0.000000624889	
884.480000	0.000000624307	
884.680000	0.000000623726	
884.880000	0.000000623145	
885.080000	0.000000622565	
885.280000	0.000000621985	
885.480000	0.000000621406	
885.680000	0.000000620827	
885.880000	0.000000620248	
886.080000	0.000000619670	
886.280000	0.000000619093	
886.480000	0.000000618515	
886.680000	0.000000617939	
886.880000	0.000000617363	
887.080000	0.000000616787	
887.280000	0.000000616212	
887.480000	0.000000615637	
887.680000	0.000000615063	
887.880000	0.000000614489	
888.080000	0.000000613916	
888.280000	0.000000613343	
888.480000	0.000000612771	
888.680000	0.000000612199	
888.880000	0.000000611627	
889.080000	0.000000611056	
889.280000	0.000000610486	
889.480000	0.000000609916	
889.680000	0.000000609346	
889.880000	0.000000608777	
890.080000	0.000000608209	
890.280000	0.000000607640	
890.480000	0.000000607073	
890.680000	0.000000606505	
890.880000	0.000000605939	
891.080000	0.000000605372	
891.280000	0.000000604807	
891.480000	0.000000604241	
891.680000	0.000000603676	
891.880000	0.000000603112	
892.080000	0.000000602548	
892.280000	0.000000601985	
892.480000	0.000000601422	
892.680000	0.000000600859	
892.880000	0.000000600297	
893.080000	0.000000599735	
893.280000	0.000000599174	
893.480000	0.000000598613	
893.680000	0.000000598053	
893.880000	0.000000597493	
894.080000	0.000000596934	
894.280000	0.000000596375	
894.480000	0.000000595817	
894.680000	0.000000595259	
894.880000	0.000000594702	
895.080000	0.000000594145	
895.280000	0.000000593588	
895.480000	0.000000593032	
895.680000	0.000000592477	
895.880000	0.000000591921	
896.080000	0.000000591367	
896.280000	0.000000590813	
896.480000	0.000000590259	
896.680000	0.000000589706	
896.880000	0.000000589153	
897.080000	0.000000588600	
897.280000	0.000000588048	
897.480000	0.000000587497	
897.680000	0.000000586946	
897.880000	0.000000586396	
898.080000	0.000000585846	
898.280000	0.000000585296	
898.480000	0.000000584747	
898.680000	0.000000584198	
898.880000	0.000000583650	
899.080000	0.000000583102	
899.280000	0.000000582555	
899.480000	0.000000582008	
899.680000	0.000000581462	
899.880000	0.000000580916	
900.080000	0.000000580370	
900.280000	0.000000579825	
900.480000	0.000000579281	
900.680000	0.000000578737	
900.880000	0.000000578193	
901.080000	0.000000577650	
901.280000	0.000000577107	
901.480000	0.000000576565	
901.680000	0.000000576023	
901.880000	0.000000575482	
902.080000	0.000000574941	
902.280000	0.000000574401	
902.480000	0.000000573861	
902.680000	0.000000573321	
902.880000	0.000000572782	
903.080000	0.000000572243	
903.280000	0.000000571705	
903.480000	0.000000571168	
903.680000	0.000000570630	
903.880000	0.000000570094	
904.080000	0.000000569557	
904.280000	0.000000569021	
904.480000	0.000000568486	
904.680000	0.000000567951	
904.880000	0.000000567416	
905.080000	0.000000566882	
905.280000	0.000000566349	
905.480000	0.000000565816	
905.680000	0.000000565283	
905.880000	0.000000564751	
906.080000	0.000000564219	
906.280000	0.000000563688	
906.480000	0.000000563157	
906.680000	0.000000562626	
906.880000	0.000000562096	
907.080000	0.000000561567	
907.280000	0.000000561038	
907.480000	0.000000560509	
907.680000	0.000000559981	
907.880000	0.000000559453	
908.080000	0.000000558926	
908.280000	0.000000558399	
908.480000	0.000000557873	
908.680000	0.000000557347	
908.880000	0.000000556821	
909.080000	0.000000556296	
909.280000	0.000000555771	
909.480000	0.000000555247	
909.680000	0.000000554724	
909.880000	0.000000554200	
910.080000	0.000000553678	
910.280000	0.000000553155	
910.480000	0.000000552633	
910.680000	0.000000552112	
910.880000	0.000000551591	
911.080000	0.000000551070	
911.280000	0.000000550550	
911.480000	0.000000550030	
911.680000	0.000000549511	
911.880000	0.000000548992	
912.080000	0.000000548474	
912.280000	0.000000547956	
912.480000	0.000000547439	
912.680000	0.000000546922	
912.880000	0.000000546405	
913.080000	0.000000545889	
913.280000	0.000000545373	
913.480000	0.000000544858	
913.680000	0.000000544343	
913.880000	0.000000543829	
914.080000	0.000000543315	
914.280000	0.000000542802	
914.480000	0.000000542289	
914.680000	0.000000541776	
914.880000	0.000000541264	
915.080000	0.000000540752	
915.280000	0.000000540241	
915.480000	0.000000539730	
915.680000	0.000000539220	
915.880000	0.000000538710	
916.080000	0.000000538200	
916.280000	0.000000537691	
916.480000	0.000000537183	
916.680000	0.000000536675	
916.880000	0.000000536167	
917.080000	0.000000535660	
917.280000	0.000000535153	
917.480000	0.000000534646	
937.480000	0.000000486177	
957.480000	0.000000441828	
977.480000	0.000000401324	
997.480000	0.000000364383	
1017.480000	0.000000330730	
1037.480000	0.000000300097	
1057.480000	0.000000272235	
1077.480000	0.000000246906	
1097.480000	0.000000223892	
1117.480000	0.000000202990	
1137.480000	0.000000184011	
1157.480000	0.000000166785	
1177.480000	0.000000151153	
1197.480000	0.000000136971	
1217.480000	0.000000124106	
1237.480000	0.000000112440	
1257.480000	0.000000101861	
1277.480000	0.000000092269	
1297.480000	0.000000083575	
1317.480000	0.000000075694	
1337.480000	0.000000068552	
1357.480000	0.000000062080	
1377.480000	0.000000056215	
1397.480000	0.000000050902	
1417.480000	0.000000046088	
1437.480000	0.000000041728	
1457.480000	0.000000037779	
1477.480000	0.000000034201	
1497.480000	0.000000030962	
1517.480000	0.000000028028	
1537.480000	0.000000025371	
1557.480000	0.000000022965	
1577.480000	0.000000020787	
1597.480000	0.000000018815	
1617.480000	0.000000017030	
1637.480000	0.000000015414	
1657.480000	0.000000013951	
1677.480000	0.000000012626	
1697.480000	0.000000011427	
1717.480000	0.000000010342	
1737.480000	0.000000009360	
1757.480000	0.000000008472	
1777.480000	0.000000007667	
1797.480000	0.000000006939	
1817.480000	0.000000006280	
1837.480000	0.000000005684	
1857.480000	0.000000005145	
1877.480000	0.000000004657	
1897.480000	0.000000004215	
1917.480000	0.000000003816	
1937.480000	0.000000003454	
1957.480000	0.000000003127	
1977.480000	0.000000002831	
1997.480000	0.000000002563	
2017.480000	0.000000002321	
2037.480000	0.000000002102	
2057.480000	0.000000001904	
2077.480000	0.000000001724	
2097.480000	0.000000001562	
2117.480000	0.000000001415	
2137.480000	0.000000001282	
2157.480000	0.000000001162	
2177.480000	0.000000001054	
2197.480000	0.000000000955	
2217.480000	0.000000000866	
2237.480000	0.000000000786	
2257.480000	0.000000000713	
2277.480000	0.000000000647	
2297.480000	0.000000000588	
2317.480000	0.000000000534	
2337.480000	0.000000000485	
2357.480000	0.000000000441	
2377.480000	0.000000000401	
2397.480000	0.000000000365	
2417.480000	0.000000000333	
2437.480000	0.000000000303	
2457.480000	0.000000000277	
2477.480000	0.000000000252	
2497.480000	0.000000000230	
