0.000000	4.500000000000	
20.000000	4.500007219738	
40.000000	4.500021967704	
60.000000	4.500038063061	
80.000000	4.500054241137	
100.000000	4.500070414453	
120.000000	4.517863693566	
140.000000	4.550019130197	
160.000000	4.589629929952	
180.000000	4.633634223393	
200.000000	4.679977695224	
220.000000	4.727820076109	
240.000000	4.776755173182	
260.000000	4.826539628658	
280.000000	4.877000614255	
300.000000	4.928002260714	
320.000000	4.979432007059	
340.000000	5.030798181600	
360.000000	5.082140610377	
380.000000	5.133548057779	
400.000000	5.185023375504	
420.000000	5.236539166966	
440.000000	5.288060167321	
460.000000	5.339551793695	
480.000000	5.390983357331	
500.000000	5.442329433965	
520.000000	5.490652045775	
540.000000	5.534959460014	
560.000000	5.575527459957	
567.640000	5.590143483625	
567.840000	5.590520924069	
568.040000	5.590898183625	
568.240000	5.591275277692	
568.440000	5.591652224393	
568.640000	5.592029045343	
568.840000	5.592405766724	
569.040000	5.592782420827	
569.240000	5.593159048363	
569.440000	5.593535702047	
569.640000	5.593912452473	
569.840000	5.594289398410	
570.040000	5.594666686511	
570.240000	5.595044554193	
570.440000	5.595423443407	
570.640000	5.595804441182	
570.840000	5.596195717122	
571.040000	5.596657030526	
571.240000	5.597220444884	
571.440000	5.598129515560	
571.640000	5.599425590077	
571.840000	5.600771292627	
572.040000	5.602034084929	
572.240000	5.603184950604	
572.440000	5.604251529988	
572.640000	5.605256030724	
572.840000	5.606195319806	
573.040000	5.607053952265	
573.240000	5.607808257751	
573.440000	5.608442582074	
573.640000	5.609002696157	
573.840000	5.609520408857	
593.840000	5.650170154974	
602.340000	5.664902814807	
602.540000	5.665237419032	
602.740000	5.665571530392	
602.940000	5.665905152840	
603.140000	5.666238290327	
603.340000	5.666570946807	
603.540000	5.666903126238	
603.740000	5.667234832586	
603.940000	5.667566069825	
604.140000	5.667896841940	
604.340000	5.668227152934	
604.540000	5.668557006827	
604.740000	5.668886407663	
604.940000	5.669215359511	
605.140000	5.669543866472	
605.340000	5.669871932683	
605.540000	5.670199562320	
605.740000	5.670526759609	
605.940000	5.670853528826	
606.140000	5.671179874309	
606.340000	5.671505800463	
606.540000	5.671831311771	
606.740000	5.672156412801	
606.940000	5.672481108218	
607.140000	5.672805402798	
607.340000	5.673129301437	
607.540000	5.673452809173	
607.740000	5.673775931197	
607.940000	5.674098672879	
608.140000	5.674421039786	
608.340000	5.674743037714	
608.540000	5.675064672713	
608.740000	5.675385951128	
608.940000	5.675706879640	
609.140000	5.676027465314	
609.340000	5.676347715661	
609.540000	5.676667638707	
609.740000	5.676987243082	
609.940000	5.677306538122	
610.140000	5.677625533999	
610.340000	5.677944241884	
610.540000	5.678262674149	
610.740000	5.678580844623	
610.940000	5.678898768936	
611.140000	5.679216464956	
611.340000	5.679533953394	
611.540000	5.679851258626	
611.740000	5.680168409861	
611.940000	5.680485442849	
612.140000	5.680802402472	
612.340000	5.681119346859	
612.540000	5.681436354352	
612.740000	5.681753536203	
612.940000	5.682071062411	
613.140000	5.682389223449	
613.340000	5.682708624650	
613.540000	5.683031401772	
613.740000	5.683387323103	
613.940000	5.683823468634	
614.140000	5.684483973445	
614.340000	5.685518817890	
614.540000	5.686631580109	
614.740000	5.687688861486	
614.940000	5.688654273664	
615.140000	5.689543158791	
615.340000	5.690381920837	
615.540000	5.691174365607	
615.740000	5.691911980481	
615.940000	5.692579703450	
616.140000	5.693157064821	
616.340000	5.693665105145	
616.540000	5.694133491737	
616.740000	5.694577132000	
636.740000	5.729523149537	
636.940000	5.729824375702	
637.140000	5.730124924116	
637.340000	5.730424800645	
637.540000	5.730724011111	
637.740000	5.731022561301	
637.940000	5.731320456961	
638.140000	5.731617703800	
638.340000	5.731914307490	
638.540000	5.732210273668	
638.740000	5.732505607937	
638.940000	5.732800315865	
639.140000	5.733094402989	
639.340000	5.733387874816	
639.540000	5.733680736821	
639.740000	5.733972994453	
639.940000	5.734264653131	
640.140000	5.734555718252	
640.340000	5.734846195186	
640.540000	5.735136089281	
640.740000	5.735425405866	
640.940000	5.735714150249	
641.140000	5.736002327721	
641.340000	5.736289943559	
641.540000	5.736577003026	
641.740000	5.736863511374	
641.940000	5.737149473847	
642.140000	5.737434895683	
642.340000	5.737719782118	
642.540000	5.738004138387	
642.740000	5.738287969727	
642.940000	5.738571281384	
643.140000	5.738854078612	
643.340000	5.739136366683	
643.540000	5.739418150883	
643.740000	5.739699436526	
643.940000	5.739980228953	
644.140000	5.740260533541	
644.340000	5.740540355707	
644.540000	5.740819700918	
644.740000	5.741098574695	
644.940000	5.741376982628	
645.140000	5.741654930376	
645.340000	5.741932423689	
645.540000	5.742209468413	
645.740000	5.742486070503	
645.940000	5.742762236045	
646.140000	5.743037971269	
646.340000	5.743313282568	
646.540000	5.743588176526	
646.740000	5.743862659941	
646.940000	5.744136739858	
647.140000	5.744410423606	
647.340000	5.744683718837	
647.540000	5.744956633581	
647.740000	5.745229176304	
647.940000	5.745501355980	
648.140000	5.745773182178	
648.340000	5.746044665173	
648.540000	5.746315816071	
648.740000	5.746586646983	
648.940000	5.746857171225	
649.140000	5.747127403595	
649.340000	5.747397360719	
649.540000	5.747667061518	
649.740000	5.747936527845	
649.940000	5.748205785364	
650.140000	5.748474864816	
650.340000	5.748743803898	
650.540000	5.749012650167	
650.740000	5.749281465783	
650.940000	5.749550335790	
651.140000	5.749819383987	
651.340000	5.750088807564	
651.540000	5.750358970326	
651.740000	5.750630781409	
651.940000	5.750912357614	
652.140000	5.751249133351	
652.340000	5.751704473627	
652.540000	5.752502018529	
652.740000	5.753431237138	
652.940000	5.754339012676	
653.140000	5.755173973744	
653.340000	5.755936954177	
653.540000	5.756654264919	
653.740000	5.757336629627	
653.940000	5.757980919710	
654.140000	5.758577903584	
654.340000	5.759110719507	
654.540000	5.759579347249	
654.740000	5.760009265857	
654.940000	5.760414396783	
655.140000	5.760803808945	
655.340000	5.761183685308	
671.880000	5.786943448169	
672.080000	5.787210883625	
672.280000	5.787477539042	
672.480000	5.787743421511	
672.680000	5.788008538065	
672.880000	5.788272895680	
673.080000	5.788536501277	
673.280000	5.788799361721	
673.480000	5.789061483824	
673.680000	5.789322874344	
673.880000	5.789583539985	
674.080000	5.789843487402	
674.280000	5.790102723199	
674.480000	5.790361253928	
674.680000	5.790619086095	
674.880000	5.790876226157	
675.080000	5.791132680523	
675.280000	5.791388455559	
675.480000	5.791643557581	
675.680000	5.791897992867	
675.880000	5.792151767646	
676.080000	5.792404888110	
676.280000	5.792657360408	
676.480000	5.792909190648	
676.680000	5.793160384902	
676.880000	5.793410949202	
677.080000	5.793660889547	
677.280000	5.793910211898	
677.480000	5.794158922184	
677.680000	5.794407026303	
677.880000	5.794654530120	
678.080000	5.794901439473	
678.280000	5.795147760172	
678.480000	5.795393498002	
678.680000	5.795638658723	
678.880000	5.795883248076	
679.080000	5.796127271779	
679.280000	5.796370735534	
679.480000	5.796613645029	
679.680000	5.796856005939	
679.880000	5.797097823927	
680.080000	5.797339104653	
680.280000	5.797579853770	
680.480000	5.797820076933	
680.680000	5.798059779798	
680.880000	5.798298968030	
681.080000	5.798537647305	
681.280000	5.798775823316	
681.480000	5.799013501777	
681.680000	5.799250688430	
681.880000	5.799487389048	
682.080000	5.799723609448	
682.280000	5.799959355492	
682.480000	5.800194633101	
682.680000	5.800429448258	
682.880000	5.800663807027	
683.080000	5.800897715557	
683.280000	5.801131180100	
683.480000	5.801364207025	
683.680000	5.801596802834	
683.880000	5.801828974183	
684.080000	5.802060727907	
684.280000	5.802292071038	
684.480000	5.802523010846	
684.680000	5.802753554867	
684.880000	5.802983710947	
685.080000	5.803213487290	
685.280000	5.803442892519	
685.480000	5.803671935746	
685.680000	5.803900626656	
685.880000	5.804128975615	
686.080000	5.804356993796	
686.280000	5.804584693349	
686.480000	5.804812087599	
686.680000	5.805039191324	
686.880000	5.805266021095	
687.080000	5.805492595752	
687.280000	5.805718937046	
687.480000	5.805945070530	
687.680000	5.806171026872	
687.880000	5.806396843803	
688.080000	5.806622569198	
688.280000	5.806848266200	
688.480000	5.807074022436	
688.680000	5.807299968397	
688.880000	5.807526320260	
689.080000	5.807753509524	
689.280000	5.807982914959	
689.480000	5.808233258591	
689.680000	5.808545823339	
689.880000	5.809064297363	
690.080000	5.809811950106	
690.280000	5.810593765293	
690.480000	5.811329776368	
690.680000	5.812001181752	
690.880000	5.812623467416	
691.080000	5.813216169244	
691.280000	5.813782510532	
691.480000	5.814317651994	
691.680000	5.814811415469	
691.880000	5.815251317568	
692.080000	5.815649796749	
692.280000	5.816022966302	
692.480000	5.816379013230	
692.680000	5.816724199952	
692.880000	5.817062498285	
708.420000	5.838425882669	
708.620000	5.838657996423	
708.820000	5.838889294917	
709.020000	5.839119785786	
709.220000	5.839349476602	
709.420000	5.839578374868	
709.620000	5.839806488022	
709.820000	5.840033823438	
710.020000	5.840260388427	
710.220000	5.840486190238	
710.420000	5.840711236056	
710.620000	5.840935533007	
710.820000	5.841159088155	
711.020000	5.841381908507	
711.220000	5.841604001009	
711.420000	5.841825372550	
711.620000	5.842046029962	
711.820000	5.842265980020	
712.020000	5.842485229444	
712.220000	5.842703784899	
712.420000	5.842921652995	
712.620000	5.843138840289	
712.820000	5.843355353286	
713.020000	5.843571198439	
713.220000	5.843786382149	
713.420000	5.844000910768	
713.620000	5.844214790599	
713.820000	5.844428027894	
714.020000	5.844640628860	
714.220000	5.844852599657	
714.420000	5.845063946397	
714.620000	5.845274675148	
714.820000	5.845484791937	
715.020000	5.845694302744	
715.220000	5.845903213508	
715.420000	5.846111530130	
715.620000	5.846319258468	
715.820000	5.846526404342	
716.020000	5.846732973537	
716.220000	5.846938971799	
716.420000	5.847144404840	
716.620000	5.847349278341	
716.820000	5.847553597947	
717.020000	5.847757369276	
717.220000	5.847960597915	
717.420000	5.848163289426	
717.620000	5.848365449343	
717.820000	5.848567083179	
718.020000	5.848768196424	
718.220000	5.848968794550	
718.420000	5.849168883010	
718.620000	5.849368467245	
718.820000	5.849567552682	
719.020000	5.849766144739	
719.220000	5.849964248829	
719.420000	5.850161870361	
719.620000	5.850359014747	
719.820000	5.850555687400	
720.020000	5.850751893744	
720.220000	5.850947639216	
720.420000	5.851142929269	
720.620000	5.851337769384	
720.820000	5.851532165068	
721.020000	5.851726121864	
721.220000	5.851919645362	
721.420000	5.852112741201	
721.620000	5.852305415081	
721.820000	5.852497672774	
722.020000	5.852689520134	
722.220000	5.852880963111	
722.420000	5.853072007765	
722.620000	5.853262660281	
722.820000	5.853452926994	
723.020000	5.853642814402	
723.220000	5.853832329199	
723.420000	5.854021478303	
723.620000	5.854210268888	
723.820000	5.854398708426	
724.020000	5.854586804736	
724.220000	5.854774566043	
724.420000	5.854962001044	
724.620000	5.855149118998	
724.820000	5.855335929828	
725.020000	5.855522444250	
725.220000	5.855708673940	
725.420000	5.855894631743	
725.620000	5.856080331943	
725.820000	5.856265790625	
726.020000	5.856451026160	
726.220000	5.856636059873	
726.420000	5.856820917003	
726.620000	5.857005628097	
726.820000	5.857190231164	
727.020000	5.857374775137	
727.220000	5.857559325840	
727.420000	5.857743977219	
727.620000	5.857928875333	
727.820000	5.858114280874	
728.020000	5.858300808248	
728.220000	5.858493015145	
728.420000	5.858723152688	
728.620000	5.859054088477	
728.820000	5.859626710220	
729.020000	5.860277846451	
729.220000	5.860911037484	
729.420000	5.861493796337	
729.620000	5.862028686499	
729.820000	5.862535996161	
730.020000	5.863024405249	
730.220000	5.863492192600	
730.420000	5.863932943561	
730.620000	5.864335134320	
730.820000	5.864698854610	
731.020000	5.865038356916	
731.220000	5.865361362018	
731.420000	5.865673295334	
731.620000	5.865978049368	
731.820000	5.866277948290	
748.080000	5.885538819928	
748.280000	5.885732114381	
748.480000	5.885924625927	
748.680000	5.886116362056	
748.880000	5.886307330190	
749.080000	5.886497537682	
749.280000	5.886686991819	
749.480000	5.886875699821	
749.680000	5.887063668841	
749.880000	5.887250905969	
750.080000	5.887437418228	
750.280000	5.887623212578	
750.480000	5.887808295915	
750.680000	5.887992675072	
750.880000	5.888176356821	
751.080000	5.888359347869	
751.280000	5.888541654865	
751.480000	5.888723284396	
751.680000	5.888904242990	
751.880000	5.889084537112	
752.080000	5.889264173173	
752.280000	5.889443157523	
752.480000	5.889621496452	
752.680000	5.889799196198	
752.880000	5.889976262937	
753.080000	5.890152702794	
753.280000	5.890328521833	
753.480000	5.890503726067	
753.680000	5.890678321454	
753.880000	5.890852313896	
754.080000	5.891025709246	
754.280000	5.891198513301	
754.480000	5.891370731806	
754.680000	5.891542370458	
754.880000	5.891713434899	
755.080000	5.891883930725	
755.280000	5.892053863480	
755.480000	5.892223238660	
755.680000	5.892392061713	
755.880000	5.892560338040	
756.080000	5.892728072996	
756.280000	5.892895271888	
756.480000	5.893061939980	
756.680000	5.893228082491	
756.880000	5.893393704595	
757.080000	5.893558811425	
757.280000	5.893723408071	
757.480000	5.893887499583	
757.680000	5.894051090968	
757.880000	5.894214187197	
758.080000	5.894376793199	
758.280000	5.894538913868	
758.480000	5.894700554061	
758.680000	5.894861718598	
758.880000	5.895022412265	
759.080000	5.895182639815	
759.280000	5.895342405970	
759.480000	5.895501715416	
759.680000	5.895660572815	
759.880000	5.895818982797	
760.080000	5.895976949964	
760.280000	5.896134478895	
760.480000	5.896291574142	
760.680000	5.896448240235	
760.880000	5.896604481684	
761.080000	5.896760302977	
761.280000	5.896915708587	
761.480000	5.897070702970	
761.680000	5.897225290569	
761.880000	5.897379475816	
762.080000	5.897533263134	
762.280000	5.897686656939	
762.480000	5.897839661646	
762.680000	5.897992281666	
762.880000	5.898144521417	
763.080000	5.898296385320	
763.280000	5.898447877808	
763.480000	5.898599003328	
763.680000	5.898749766348	
763.880000	5.898900171357	
764.080000	5.899050222875	
764.280000	5.899199925459	
764.480000	5.899349283708	
764.680000	5.899498302272	
764.880000	5.899646985857	
765.080000	5.899795339241	
765.280000	5.899943367280	
765.480000	5.900091074920	
765.680000	5.900238467213	
765.880000	5.900385549331	
766.080000	5.900532326586	
766.280000	5.900678804448	
766.480000	5.900824988570	
766.680000	5.900970884820	
766.880000	5.901116499307	
767.080000	5.901261838424	
767.280000	5.901406908896	
767.480000	5.901551717833	
767.680000	5.901696272795	
767.880000	5.901840581883	
768.080000	5.901984653830	
768.280000	5.902128498139	
768.480000	5.902272125237	
768.680000	5.902415546687	
768.880000	5.902558775458	
769.080000	5.902701826291	
769.280000	5.902844716189	
769.480000	5.902987465114	
769.680000	5.903130096984	
769.880000	5.903272641170	
770.080000	5.903415134843	
770.280000	5.903557626874	
770.480000	5.903700184832	
770.680000	5.903842908945	
770.880000	5.903985964727	
771.080000	5.904129683120	
771.280000	5.904275167884	
771.480000	5.904437269738	
771.680000	5.904649397321	
771.880000	5.905036014565	
772.080000	5.905549425221	
772.280000	5.906074270019	
772.480000	5.906566885233	
772.680000	5.907018470601	
772.880000	5.907442862497	
773.080000	5.907853399881	
773.280000	5.908251612969	
773.480000	5.908633348718	
773.680000	5.908990297597	
773.880000	5.909315812770	
774.080000	5.909618589188	
774.280000	5.909906333126	
774.480000	5.910183633775	
774.680000	5.910454019710	
774.880000	5.910719664078	
775.080000	5.910981828973	
794.200000	5.929554557409	
794.400000	5.929702604768	
794.600000	5.929849981108	
794.800000	5.929996692939	
795.000000	5.930142746704	
795.200000	5.930288148781	
795.400000	5.930432905488	
795.600000	5.930577023075	
795.800000	5.930720507734	
796.000000	5.930863365590	
796.200000	5.931005602710	
796.400000	5.931147225099	
796.600000	5.931288238698	
796.800000	5.931428649390	
797.000000	5.931568462999	
797.200000	5.931707685288	
797.400000	5.931846321960	
797.600000	5.931984378660	
797.800000	5.932121860976	
798.000000	5.932258774436	
798.200000	5.932395124513	
798.400000	5.932530916621	
798.600000	5.932666156120	
798.800000	5.932800848311	
799.000000	5.932934998441	
799.200000	5.933068611703	
799.400000	5.933201693234	
799.600000	5.933334248116	
799.800000	5.933466281379	
800.000000	5.933597798000	
800.200000	5.933728802900	
800.400000	5.933859300951	
800.600000	5.933989296971	
800.800000	5.934118795728	
801.000000	5.934247801938	
801.200000	5.934376320267	
801.400000	5.934504355329	
801.600000	5.934631911690	
801.800000	5.934758993867	
802.000000	5.934885606328	
802.200000	5.935011753490	
802.400000	5.935137439726	
802.600000	5.935262669359	
802.800000	5.935387446665	
803.000000	5.935511775875	
803.200000	5.935635661172	
803.400000	5.935759106693	
803.600000	5.935882116533	
803.800000	5.936004694738	
804.000000	5.936126845311	
804.200000	5.936248572213	
804.400000	5.936369879358	
804.600000	5.936490770620	
804.800000	5.936611249828	
805.000000	5.936731320770	
805.200000	5.936850987192	
805.400000	5.936970252798	
805.600000	5.937089121252	
805.800000	5.937207596177	
806.000000	5.937325681155	
806.200000	5.937443379729	
806.400000	5.937560695404	
806.600000	5.937677631644	
806.800000	5.937794191876	
807.000000	5.937910379489	
807.200000	5.938026197833	
807.400000	5.938141650223	
807.600000	5.938256739936	
807.800000	5.938371470212	
808.000000	5.938485844257	
808.200000	5.938599865241	
808.400000	5.938713536297	
808.600000	5.938826860526	
808.800000	5.938939840994	
809.000000	5.939052480732	
809.200000	5.939164782739	
809.400000	5.939276749981	
809.600000	5.939388385390	
809.800000	5.939499691868	
810.000000	5.939610672285	
810.200000	5.939721329477	
810.400000	5.939831666252	
810.600000	5.939941685387	
810.800000	5.940051389629	
811.000000	5.940160781694	
811.200000	5.940269864271	
811.400000	5.940378640018	
811.600000	5.940487111567	
811.800000	5.940595281520	
812.000000	5.940703152452	
812.200000	5.940810726912	
812.400000	5.940918007422	
812.600000	5.941024996477	
812.800000	5.941131696546	
813.000000	5.941238110075	
813.200000	5.941344239482	
813.400000	5.941450087162	
813.600000	5.941555655488	
813.800000	5.941660946805	
814.000000	5.941765963438	
814.200000	5.941870707690	
814.400000	5.941975181840	
814.600000	5.942079388146	
814.800000	5.942183328844	
815.000000	5.942287006152	
815.200000	5.942390422264	
815.400000	5.942493579357	
815.600000	5.942596479588	
815.800000	5.942699125096	
816.000000	5.942801518001	
816.200000	5.942903660406	
816.400000	5.943005554396	
816.600000	5.943107202042	
816.800000	5.943208605397	
817.000000	5.943309766499	
817.200000	5.943410687373	
817.400000	5.943511370030	
817.600000	5.943611816466	
817.800000	5.943712028666	
818.000000	5.943812008604	
818.200000	5.943911758240	
818.400000	5.944011279529	
818.600000	5.944110574411	
818.800000	5.944209644823	
819.000000	5.944308492690	
819.200000	5.944407119934	
819.400000	5.944505528469	
819.600000	5.944603720207	
819.800000	5.944701697054	
820.000000	5.944799460918	
820.200000	5.944897013702	
820.400000	5.944994357314	
820.600000	5.945091493660	
820.800000	5.945188424653	
821.000000	5.945285152210	
821.200000	5.945381678257	
821.400000	5.945478004728	
821.600000	5.945574133568	
821.800000	5.945670066738	
822.000000	5.945765806214	
822.200000	5.945861353992	
822.400000	5.945956712088	
822.600000	5.946051882548	
822.800000	5.946146867443	
823.000000	5.946241668880	
823.200000	5.946336289002	
823.400000	5.946430729997	
823.600000	5.946524994099	
823.800000	5.946619083597	
824.000000	5.946713000844	
824.200000	5.946806748258	
824.400000	5.946900328340	
824.600000	5.946993743675	
824.800000	5.947086996949	
825.000000	5.947180090964	
825.200000	5.947273028644	
825.400000	5.947365813064	
825.600000	5.947458447461	
825.800000	5.947550935265	
826.000000	5.947643280121	
826.200000	5.947735485926	
826.400000	5.947827556870	
826.600000	5.947919497479	
826.800000	5.948011312679	
827.000000	5.948103007866	
827.200000	5.948194588994	
827.400000	5.948286062689	
827.600000	5.948377436392	
827.800000	5.948468718543	
828.000000	5.948559918829	
828.200000	5.948651048509	
828.400000	5.948742120868	
828.600000	5.948833151857	
828.800000	5.948924161029	
829.000000	5.949015172964	
829.200000	5.949106219550	
829.400000	5.949197343884	
829.600000	5.949288607533	
829.800000	5.949380105860	
830.000000	5.949472007315	
830.200000	5.949564699862	
830.400000	5.949660864992	
830.600000	5.949780981551	
830.800000	5.949974618760	
831.000000	5.950317288233	
831.200000	5.950705357636	
831.400000	5.951085150300	
831.600000	5.951438407726	
831.800000	5.951767425930	
832.000000	5.952085957486	
832.200000	5.952399887676	
832.400000	5.952707414332	
832.600000	5.953003209591	
832.800000	5.953279429854	
833.000000	5.953536513222	
833.200000	5.953781012989	
833.400000	5.954016464412	
833.600000	5.954245683809	
833.800000	5.954470554564	
834.000000	5.954692177859	
854.000000	5.969945815945	
863.280000	5.974290288860	
863.480000	5.974372749246	
863.680000	5.974454807638	
863.880000	5.974536467731	
864.080000	5.974617733177	
864.280000	5.974698607585	
864.480000	5.974779094521	
864.680000	5.974859197505	
864.880000	5.974938920019	
865.080000	5.975018265499	
865.280000	5.975097237342	
865.480000	5.975175838903	
865.680000	5.975254073495	
865.880000	5.975331944393	
866.080000	5.975409454829	
866.280000	5.975486607999	
866.480000	5.975563407056	
866.680000	5.975639855119	
866.880000	5.975715955263	
867.080000	5.975791710530	
867.280000	5.975867123922	
867.480000	5.975942198404	
867.680000	5.976016936905	
867.880000	5.976091342317	
868.080000	5.976165417496	
868.280000	5.976239165265	
868.480000	5.976312588407	
868.680000	5.976385689674	
868.880000	5.976458471782	
869.080000	5.976530937414	
869.280000	5.976603089219	
869.480000	5.976674929813	
869.680000	5.976746461777	
869.880000	5.976817687662	
870.080000	5.976888609986	
870.280000	5.976959231235	
870.480000	5.977029553864	
870.680000	5.977099580296	
870.880000	5.977169312926	
871.080000	5.977238754114	
871.280000	5.977307906194	
871.480000	5.977376771469	
871.680000	5.977445352212	
871.880000	5.977513650669	
872.080000	5.977581669054	
872.280000	5.977649409557	
872.480000	5.977716874336	
872.680000	5.977784065524	
872.880000	5.977850985226	
873.080000	5.977917635520	
873.280000	5.977984018458	
873.480000	5.978050136064	
873.680000	5.978115990337	
873.880000	5.978181583251	
874.080000	5.978246916754	
874.280000	5.978311992769	
874.480000	5.978376813195	
874.680000	5.978441379905	
874.880000	5.978505694749	
875.080000	5.978569759553	
875.280000	5.978633576119	
875.480000	5.978697146228	
875.680000	5.978760471635	
875.880000	5.978823554074	
876.080000	5.978886395256	
876.280000	5.978948996871	
876.480000	5.979011360586	
876.680000	5.979073488049	
876.880000	5.979135380882	
877.080000	5.979197040691	
877.280000	5.979258469059	
877.480000	5.979319667549	
877.680000	5.979380637704	
877.880000	5.979441381046	
878.080000	5.979501899080	
878.280000	5.979562193289	
878.480000	5.979622265138	
878.680000	5.979682116074	
878.880000	5.979741747524	
879.080000	5.979801160898	
879.280000	5.979860357588	
879.480000	5.979919338965	
879.680000	5.979978106388	
879.880000	5.980036661193	
880.080000	5.980095004704	
880.280000	5.980153138223	
880.480000	5.980211063040	
880.680000	5.980268780426	
880.880000	5.980326291637	
881.080000	5.980383597912	
881.280000	5.980440700475	
881.480000	5.980497600534	
881.680000	5.980554299283	
881.880000	5.980610797898	
882.080000	5.980667097544	
882.280000	5.980723199369	
882.480000	5.980779104507	
882.680000	5.980834814077	
882.880000	5.980890329186	
883.080000	5.980945650924	
883.280000	5.981000780371	
883.480000	5.981055718592	
883.680000	5.981110466637	
883.880000	5.981165025546	
884.080000	5.981219396343	
884.280000	5.981273580043	
884.480000	5.981327577644	
884.680000	5.981381390136	
884.880000	5.981435018495	
885.080000	5.981488463684	
885.280000	5.981541726655	
885.480000	5.981594808349	
885.680000	5.981647709696	
885.880000	5.981700431612	
886.080000	5.981752975005	
886.280000	5.981805340770	
886.480000	5.981857529793	
886.680000	5.981909542946	
886.880000	5.981961381096	
887.080000	5.982013045093	
887.280000	5.982064535783	
887.480000	5.982115853997	
887.680000	5.982167000560	
887.880000	5.982217976285	
888.080000	5.982268781976	
888.280000	5.982319418427	
888.480000	5.982369886423	
888.680000	5.982420186741	
888.880000	5.982470320147	
889.080000	5.982520287399	
889.280000	5.982570089247	
889.480000	5.982619726431	
889.680000	5.982669199683	
889.880000	5.982718509727	
890.080000	5.982767657277	
890.280000	5.982816643042	
890.480000	5.982865467720	
890.680000	5.982914132002	
890.880000	5.982962636571	
891.080000	5.983010982104	
891.280000	5.983059169268	
891.480000	5.983107198724	
891.680000	5.983155071126	
891.880000	5.983202787118	
892.080000	5.983250347340	
892.280000	5.983297752424	
892.480000	5.983345002993	
892.680000	5.983392099668	
892.880000	5.983439043057	
893.080000	5.983485833767	
893.280000	5.983532472394	
893.480000	5.983578959531	
893.680000	5.983625295762	
893.880000	5.983671481667	
894.080000	5.983717517818	
894.280000	5.983763404781	
894.480000	5.983809143117	
894.680000	5.983854733381	
894.880000	5.983900176121	
895.080000	5.983945471881	
895.280000	5.983990621197	
895.480000	5.984035624602	
895.680000	5.984080482621	
895.880000	5.984125195775	
896.080000	5.984169764580	
896.280000	5.984214189546	
896.480000	5.984258471176	
896.680000	5.984302609972	
896.880000	5.984346606428	
897.080000	5.984390461033	
897.280000	5.984434174272	
897.480000	5.984477746625	
897.680000	5.984521178566	
897.880000	5.984564470566	
898.080000	5.984607623091	
898.280000	5.984650636600	
898.480000	5.984693511552	
898.680000	5.984736248398	
898.880000	5.984778847584	
899.080000	5.984821309555	
899.280000	5.984863634749	
899.480000	5.984905823600	
899.680000	5.984947876540	
899.880000	5.984989793994	
900.080000	5.985031576384	
900.280000	5.985073224128	
900.480000	5.985114737641	
900.680000	5.985156117333	
900.880000	5.985197363610	
901.080000	5.985238476875	
901.280000	5.985279457526	
901.480000	5.985320305959	
901.680000	5.985361022565	
901.880000	5.985401607731	
902.080000	5.985442061842	
902.280000	5.985482385278	
902.480000	5.985522578416	
902.680000	5.985562641631	
902.880000	5.985602575293	
903.080000	5.985642379767	
903.280000	5.985682055419	
903.480000	5.985721602608	
903.680000	5.985761021692	
903.880000	5.985800313025	
904.080000	5.985839476956	
904.280000	5.985878513835	
904.480000	5.985917424005	
904.680000	5.985956207809	
904.880000	5.985994865584	
905.080000	5.986033397667	
905.280000	5.986071804391	
905.480000	5.986110086084	
905.680000	5.986148243074	
905.880000	5.986186275686	
906.080000	5.986224184241	
906.280000	5.986261969057	
906.480000	5.986299630450	
906.680000	5.986337168735	
906.880000	5.986374584220	
907.080000	5.986411877215	
907.280000	5.986449048025	
907.480000	5.986486096953	
907.680000	5.986523024299	
907.880000	5.986559830361	
908.080000	5.986596515435	
908.280000	5.986633079813	
908.480000	5.986669523787	
908.680000	5.986705847645	
908.880000	5.986742051672	
909.080000	5.986778136152	
909.280000	5.986814101366	
909.480000	5.986849947595	
909.680000	5.986885675114	
909.880000	5.986921284198	
910.080000	5.986956775119	
910.280000	5.986992148149	
910.480000	5.987027403554	
910.680000	5.987062541602	
910.880000	5.987097562557	
911.080000	5.987132466679	
911.280000	5.987167254230	
911.480000	5.987201925467	
911.680000	5.987236480646	
911.880000	5.987270920021	
912.080000	5.987305243844	
912.280000	5.987339452366	
912.480000	5.987373545834	
912.680000	5.987407524495	
912.880000	5.987441388594	
913.080000	5.987475138374	
913.280000	5.987508774074	
913.480000	5.987542295935	
913.680000	5.987575704194	
913.880000	5.987608999086	
914.080000	5.987642180846	
914.280000	5.987675249705	
914.480000	5.987708205894	
914.680000	5.987741049642	
914.880000	5.987773781177	
915.080000	5.987806400723	
915.280000	5.987838908505	
915.480000	5.987871304746	
915.680000	5.987903589666	
915.880000	5.987935763484	
916.080000	5.987967826418	
916.280000	5.987999778685	
916.480000	5.988031620498	
916.680000	5.988063352073	
916.880000	5.988094973619	
917.080000	5.988126485348	
917.280000	5.988157887469	
917.480000	5.988189180188	
937.480000	5.990796560411	
957.480000	5.992463817357	
977.480000	5.993296705618	
997.480000	5.993377468194	
1017.480000	5.992775687075	
1037.480000	5.991552245681	
1057.480000	5.989761189697	
1077.480000	5.987450843066	
1097.480000	5.984664599845	
1117.480000	5.981441543230	
1137.480000	5.977816956636	
1157.480000	5.973822759454	
1177.480000	5.969487877278	
1197.480000	5.964838569255	
1217.480000	5.959898716503	
1237.480000	5.954690075070	
1257.480000	5.949232499320	
1277.480000	5.943544139906	
1297.480000	5.937641619500	
1317.480000	5.931540189080	
1337.480000	5.925253867121	
1357.480000	5.918795563739	
1377.480000	5.912177191522	
1397.480000	5.905409764552	
1417.480000	5.898503486910	
1437.480000	5.891467831800	
1457.480000	5.884311612266	
1477.480000	5.877043044383	
1497.480000	5.869669803694	
1517.480000	5.862199075588	
1537.480000	5.854637600255	
1557.480000	5.846991712782	
1577.480000	5.839267378910	
1597.480000	5.831470226926	
1617.480000	5.823605576113	
1637.480000	5.815678462137	
1657.480000	5.807693659734	
1677.480000	5.799655702985	
1697.480000	5.791568903470	
1717.480000	5.783437366547	
1737.480000	5.775265005967	
1757.480000	5.767055557017	
1777.480000	5.758812588375	
1797.480000	5.750539512805	
1817.480000	5.742239596841	
1837.480000	5.733915969569	
1857.480000	5.725571630604	
1877.480000	5.717209457358	
1897.480000	5.708832211676	
1917.480000	5.700442545903	
1937.480000	5.692043008449	
1957.480000	5.683636048902	
1977.480000	5.675224022741	
1997.480000	5.666809195677	
2017.480000	5.658393747680	
2037.480000	5.649979776702	
2057.480000	5.641569302147	
2077.480000	5.633164268090	
2097.480000	5.624766546291	
2117.480000	5.616377939010	
2137.480000	5.608000181641	
2157.480000	5.599634945191	
2177.480000	5.591283838612	
2197.480000	5.582948410994	
2217.480000	5.574630153645	
2237.480000	5.566330502053	
2257.480000	5.558050837748	
2277.480000	5.549792490074	
2297.480000	5.541556737872	
2317.480000	5.533344811083	
2337.480000	5.525157892284	
2357.480000	5.516997118148	
2377.480000	5.508863580852	
2397.480000	5.500758329419	
2417.480000	5.492682371015	
2437.480000	5.484636672182	
2457.480000	5.476622160045	
2477.480000	5.468639723457	
2497.480000	5.460690214111	
