0.000000	-90.306307519297	
20.000000	-90.306255818170	
40.000000	-90.306150042154	
60.000000	-90.306034580646	
80.000000	-90.305918523092	
100.000000	-90.305802500028	
120.000000	-90.178520990482	
140.000000	-89.949273633881	
160.000000	-89.668542767242	
180.000000	-89.358844899213	
200.000000	-89.035123504286	
220.000000	-88.703511211176	
240.000000	-88.366981028306	
260.000000	-88.027307685973	
280.000000	-87.685735124851	
300.000000	-87.343221029120	
320.000000	-87.000538076160	
340.000000	-86.660929070223	
360.000000	-86.324071129487	
380.000000	-85.989327267335	
400.000000	-85.656633287688	
420.000000	-85.326120422163	
440.000000	-84.997966072089	
460.000000	-84.672338297729	
480.000000	-84.349376124334	
500.000000	-84.029182124073	
520.000000	-83.729822914596	
540.000000	-83.457020798829	
560.000000	-83.208635196730	
567.640000	-83.119469610970	
567.840000	-83.117169324497	
568.040000	-83.114870261414	
568.240000	-83.112572329092	
568.440000	-83.110275418693	
568.640000	-83.107979400643	
568.840000	-83.105684118321	
569.040000	-83.103389378984	
569.240000	-83.101094940291	
569.440000	-83.098800489435	
569.640000	-83.096505609158	
569.840000	-83.094209718663	
570.040000	-83.091911961592	
570.240000	-83.089610966034	
570.440000	-83.087304223442	
570.640000	-83.084985809818	
570.840000	-83.082619943915	
571.040000	-83.079865690301	
571.240000	-83.076514808042	
571.440000	-83.071307912857	
571.640000	-83.063521210875	
571.840000	-83.055304372943	
572.040000	-83.047549806171	
572.240000	-83.040478472654	
572.440000	-83.033944253408	
572.640000	-83.027793804760	
572.840000	-83.022034583026	
573.040000	-83.016756326060	
573.240000	-83.012094357782	
573.440000	-83.008172793717	
573.640000	-83.004732694871	
573.840000	-83.001564331081	
593.840000	-82.754980668600	
602.340000	-82.665954199678	
602.540000	-82.663934293900	
602.740000	-82.661917453571	
602.940000	-82.659903654425	
603.140000	-82.657892872205	
603.340000	-82.655885082651	
603.540000	-82.653880261482	
603.740000	-82.651878384382	
603.940000	-82.649879426989	
604.140000	-82.647883364868	
604.340000	-82.645890173502	
604.540000	-82.643899828264	
604.740000	-82.641912304398	
604.940000	-82.639927576996	
605.140000	-82.637945620969	
605.340000	-82.635966411022	
605.540000	-82.633989921618	
605.740000	-82.632016126946	
605.940000	-82.630045000885	
606.140000	-82.628076516958	
606.340000	-82.626110648289	
606.540000	-82.624147367546	
606.740000	-82.622186646893	
606.940000	-82.620228457914	
607.140000	-82.618272771549	
607.340000	-82.616319558009	
607.540000	-82.614368786685	
607.740000	-82.612420426040	
607.940000	-82.610474443493	
608.140000	-82.608530805277	
608.340000	-82.606589476286	
608.540000	-82.604650419888	
608.740000	-82.602713597710	
608.940000	-82.600778969388	
609.140000	-82.598846492274	
609.340000	-82.596916121079	
609.540000	-82.594987807455	
609.740000	-82.593061499485	
609.940000	-82.591137141063	
610.140000	-82.589214671130	
610.340000	-82.587294022730	
610.540000	-82.585375121808	
610.740000	-82.583457885689	
610.940000	-82.581542221103	
611.140000	-82.579628021579	
611.340000	-82.577715163945	
611.540000	-82.575803503517	
611.740000	-82.573892867308	
611.940000	-82.571983044140	
612.140000	-82.570073769702	
612.340000	-82.568164702895	
612.540000	-82.566255386164	
612.740000	-82.564345173704	
612.940000	-82.562433087280	
613.140000	-82.560517478463	
613.340000	-82.558595003330	
613.540000	-82.556654933804	
613.740000	-82.554549384497	
613.940000	-82.551979098776	
614.140000	-82.548247547346	
614.340000	-82.542138243914	
614.540000	-82.535432558405	
614.740000	-82.529014237342	
614.940000	-82.523144157456	
615.140000	-82.517754953778	
615.340000	-82.512677439855	
615.540000	-82.507877392870	
615.740000	-82.503401091064	
615.940000	-82.499334096769	
616.140000	-82.495805594558	
616.340000	-82.492717582569	
616.540000	-82.489880562411	
616.740000	-82.487200283583	
636.740000	-82.277418768492	
636.940000	-82.275615057485	
637.140000	-82.273815479746	
637.340000	-82.272019999643	
637.540000	-82.270228581791	
637.740000	-82.268441191046	
637.940000	-82.266657792507	
638.140000	-82.264878351501	
638.340000	-82.263102833582	
638.540000	-82.261331204523	
638.740000	-82.259563430310	
638.940000	-82.257799477136	
639.140000	-82.256039311392	
639.340000	-82.254282899662	
639.540000	-82.252530208714	
639.740000	-82.250781205494	
639.940000	-82.249035857114	
640.140000	-82.247294130848	
640.340000	-82.245555994119	
640.540000	-82.243821414493	
640.740000	-82.242090359667	
640.940000	-82.240362797457	
641.140000	-82.238638695789	
641.340000	-82.236918022687	
641.540000	-82.235200746261	
641.740000	-82.233486834690	
641.940000	-82.231776256210	
642.140000	-82.230068979101	
642.340000	-82.228364971666	
642.540000	-82.226664202215	
642.740000	-82.224966639048	
642.940000	-82.223272250431	
643.140000	-82.221581004576	
643.340000	-82.219892869614	
643.540000	-82.218207813573	
643.740000	-82.216525804345	
643.940000	-82.214846809657	
644.140000	-82.213170797036	
644.340000	-82.211497733769	
644.540000	-82.209827586864	
644.740000	-82.208160323001	
644.940000	-82.206495908482	
645.140000	-82.204834309175	
645.340000	-82.203175490443	
645.540000	-82.201519417081	
645.740000	-82.199866053228	
645.940000	-82.198215362277	
646.140000	-82.196567306770	
646.340000	-82.194921848278	
646.540000	-82.193278947267	
646.740000	-82.191638562935	
646.940000	-82.190000653031	
647.140000	-82.188365173642	
647.340000	-82.186732078941	
647.540000	-82.185101320888	
647.740000	-82.183472848882	
647.940000	-82.181846609331	
648.140000	-82.180222545146	
648.340000	-82.178600595108	
648.540000	-82.176980693099	
648.740000	-82.175362767135	
648.940000	-82.173746738146	
649.140000	-82.172132518411	
649.340000	-82.170520009515	
649.540000	-82.168909099642	
649.740000	-82.167299659907	
649.940000	-82.165691539252	
650.140000	-82.164084557170	
650.340000	-82.162478492931	
650.540000	-82.160873069000	
650.740000	-82.159267924110	
650.940000	-82.157662566606	
651.140000	-82.156056286021	
651.340000	-82.154447963001	
651.540000	-82.152835571200	
651.740000	-82.151214272040	
651.940000	-82.149548751436	
652.140000	-82.147579724487	
652.340000	-82.144990394801	
652.540000	-82.140408078034	
652.740000	-82.134881199456	
652.940000	-82.129424382173	
653.140000	-82.124390009469	
653.340000	-82.119797282620	
653.540000	-82.115491566039	
653.740000	-82.111396530660	
653.940000	-82.107525351408	
654.140000	-82.103929929962	
654.340000	-82.100707148911	
654.540000	-82.097879485569	
654.740000	-82.095295992985	
654.940000	-82.092866829443	
655.140000	-82.090536393962	
655.340000	-82.088265887118	
671.880000	-81.934824005822	
672.080000	-81.933234067734	
672.280000	-81.931648828821	
672.480000	-81.930068246389	
672.680000	-81.928492278092	
672.880000	-81.926920881935	
673.080000	-81.925354016258	
673.280000	-81.923791639741	
673.480000	-81.922233711390	
673.680000	-81.920680190536	
673.880000	-81.919131036829	
674.080000	-81.917586210233	
674.280000	-81.916045671017	
674.480000	-81.914509379756	
674.680000	-81.912977297320	
674.880000	-81.911449384872	
675.080000	-81.909925603858	
675.280000	-81.908405916007	
675.480000	-81.906890283321	
675.680000	-81.905378668070	
675.880000	-81.903871032787	
676.080000	-81.902367340259	
676.280000	-81.900867553525	
676.480000	-81.899371635865	
676.680000	-81.897879550794	
676.880000	-81.896391262056	
677.080000	-81.894906733617	
677.280000	-81.893425929654	
677.480000	-81.891948814551	
677.680000	-81.890475352887	
677.880000	-81.889005509430	
678.080000	-81.887539249124	
678.280000	-81.886076537083	
678.480000	-81.884617338578	
678.680000	-81.883161619027	
678.880000	-81.881709343985	
679.080000	-81.880260479125	
679.280000	-81.878814990236	
679.480000	-81.877372843196	
679.680000	-81.875934003969	
679.880000	-81.874498438581	
680.080000	-81.873066113105	
680.280000	-81.871636993644	
680.480000	-81.870211046308	
680.680000	-81.868788237195	
680.880000	-81.867368532366	
681.080000	-81.865951897821	
681.280000	-81.864538299469	
681.480000	-81.863127703099	
681.680000	-81.861720074345	
681.880000	-81.860315378654	
682.080000	-81.858913581237	
682.280000	-81.857514647034	
682.480000	-81.856118540656	
682.680000	-81.854725226334	
682.880000	-81.853334667857	
683.080000	-81.851946828501	
683.280000	-81.850561670949	
683.480000	-81.849179157206	
683.680000	-81.847799248495	
683.880000	-81.846421905144	
684.080000	-81.845047086451	
684.280000	-81.843674750533	
684.480000	-81.842304854149	
684.680000	-81.840937352492	
684.880000	-81.839572198947	
685.080000	-81.838209344802	
685.280000	-81.836848738907	
685.480000	-81.835490327262	
685.680000	-81.834134052517	
685.880000	-81.832779853361	
686.080000	-81.831427663766	
686.280000	-81.830077412041	
686.480000	-81.828729019630	
686.680000	-81.827382399569	
686.880000	-81.826037454457	
687.080000	-81.824694073760	
687.280000	-81.823352130125	
687.480000	-81.822011474223	
687.680000	-81.820671927311	
687.880000	-81.819333270106	
688.080000	-81.817995225369	
688.280000	-81.816657429078	
688.480000	-81.815319379054	
688.680000	-81.813980333701	
688.880000	-81.812639080566	
689.080000	-81.811293259463	
689.280000	-81.809935921673	
689.480000	-81.808477232364	
689.680000	-81.806672222929	
689.880000	-81.803784674046	
690.080000	-81.799415181343	
690.280000	-81.794767536152	
690.480000	-81.790365296002	
690.680000	-81.786346024193	
690.880000	-81.782633544932	
691.080000	-81.779103500309	
691.280000	-81.775729135107	
691.480000	-81.772536053123	
691.680000	-81.769580451396	
691.880000	-81.766941826942	
692.080000	-81.764561497054	
692.280000	-81.762337823769	
692.480000	-81.760220117860	
692.680000	-81.758170012409	
692.880000	-81.756162670152	
708.420000	-81.629752121306	
708.620000	-81.628381029669	
708.820000	-81.627014803768	
709.020000	-81.625653397987	
709.220000	-81.624296767113	
709.420000	-81.622944866330	
709.620000	-81.621597651215	
709.820000	-81.620255077733	
710.020000	-81.618917102229	
710.220000	-81.617583681426	
710.420000	-81.616254772418	
710.620000	-81.614930332668	
710.820000	-81.613610320000	
711.020000	-81.612294692596	
711.220000	-81.610983408990	
711.420000	-81.609676428068	
711.620000	-81.608373709056	
711.820000	-81.607075211523	
712.020000	-81.605780895369	
712.220000	-81.604490720830	
712.420000	-81.603204648462	
712.620000	-81.601922639145	
712.820000	-81.600644654077	
713.020000	-81.599370654764	
713.220000	-81.598100603023	
713.420000	-81.596834460970	
713.620000	-81.595572191020	
713.820000	-81.594313755879	
714.020000	-81.593059118540	
714.220000	-81.591808242279	
714.420000	-81.590561090646	
714.620000	-81.589317627464	
714.820000	-81.588077816817	
715.020000	-81.586841623052	
715.220000	-81.585609010766	
715.420000	-81.584379944803	
715.620000	-81.583154390246	
715.820000	-81.581932312411	
716.020000	-81.580713676841	
716.220000	-81.579498449294	
716.420000	-81.578286595742	
716.620000	-81.577078082357	
716.820000	-81.575872875505	
717.020000	-81.574670941736	
717.220000	-81.573472247776	
717.420000	-81.572276760517	
717.620000	-81.571084447003	
717.820000	-81.569895274424	
718.020000	-81.568709210101	
718.220000	-81.567526221472	
718.420000	-81.566346276085	
718.620000	-81.565169341574	
718.820000	-81.563995385652	
719.020000	-81.562824376092	
719.220000	-81.561656280705	
719.420000	-81.560491067329	
719.620000	-81.559328703800	
719.820000	-81.558169157935	
720.020000	-81.557012397505	
720.220000	-81.555858390212	
720.420000	-81.554707103652	
720.620000	-81.553558505294	
720.820000	-81.552412562434	
721.020000	-81.551269242165	
721.220000	-81.550128511329	
721.420000	-81.548990336471	
721.620000	-81.547854683784	
721.820000	-81.546721519055	
722.020000	-81.545590807590	
722.220000	-81.544462514145	
722.420000	-81.543336602840	
722.620000	-81.542213037056	
722.820000	-81.541091779332	
723.020000	-81.539972791230	
723.220000	-81.538856033192	
723.420000	-81.537741464366	
723.620000	-81.536629042405	
723.820000	-81.535518723229	
724.020000	-81.534410460748	
724.220000	-81.533304206524	
724.420000	-81.532199909366	
724.620000	-81.531097514838	
724.820000	-81.529996964656	
725.020000	-81.528898195934	
725.220000	-81.527801140242	
725.420000	-81.526705722394	
725.620000	-81.525611858891	
725.820000	-81.524519455854	
726.020000	-81.523428406248	
726.220000	-81.522338586057	
726.420000	-81.521249848858	
726.620000	-81.520162017873	
726.820000	-81.519074873851	
727.020000	-81.517988135631	
727.220000	-81.516901426912	
727.420000	-81.515814214331	
727.620000	-81.514725677205	
727.820000	-81.513634376452	
728.020000	-81.512537056469	
728.220000	-81.511414219420	
728.420000	-81.510089637249	
728.620000	-81.508253188210	
728.820000	-81.504984613241	
729.020000	-81.501157565131	
729.220000	-81.497400557914	
729.420000	-81.493933081278	
729.620000	-81.490757170592	
729.820000	-81.487754606108	
730.020000	-81.484865215498	
730.220000	-81.482095132885	
730.420000	-81.479479562484	
730.620000	-81.477084775567	
730.820000	-81.474923647148	
731.020000	-81.472912402479	
731.220000	-81.471002003807	
731.420000	-81.469159856212	
731.620000	-81.467361931102	
731.820000	-81.465593756032	
748.080000	-81.352305054246	
748.280000	-81.351170090276	
748.480000	-81.350039762615	
748.680000	-81.348914026845	
748.880000	-81.347792838957	
749.080000	-81.346676155349	
749.280000	-81.345563932817	
749.480000	-81.344456128558	
749.680000	-81.343352700160	
749.880000	-81.342253605600	
750.080000	-81.341158803243	
750.280000	-81.340068251836	
750.480000	-81.338981910503	
750.680000	-81.337899738744	
750.880000	-81.336821696433	
751.080000	-81.335747743808	
751.280000	-81.334677841477	
751.480000	-81.333611950404	
751.680000	-81.332550031915	
751.880000	-81.331492047689	
752.080000	-81.330437959756	
752.280000	-81.329387730495	
752.480000	-81.328341322629	
752.680000	-81.327298699221	
752.880000	-81.326259823673	
753.080000	-81.325224659720	
753.280000	-81.324193171428	
753.480000	-81.323165323191	
753.680000	-81.322141079724	
753.880000	-81.321120406066	
754.080000	-81.320103267569	
754.280000	-81.319089629899	
754.480000	-81.318079459032	
754.680000	-81.317072721248	
754.880000	-81.316069383130	
755.080000	-81.315069411556	
755.280000	-81.314072773702	
755.480000	-81.313079437031	
755.680000	-81.312089369292	
755.880000	-81.311102538516	
756.080000	-81.310118913013	
756.280000	-81.309138461364	
756.480000	-81.308161152420	
756.680000	-81.307186955298	
756.880000	-81.306215839372	
757.080000	-81.305247774272	
757.280000	-81.304282729881	
757.480000	-81.303320676325	
757.680000	-81.302361583970	
757.880000	-81.301405423419	
758.080000	-81.300452165504	
758.280000	-81.299501781281	
758.480000	-81.298554242025	
758.680000	-81.297609519224	
758.880000	-81.296667584572	
759.080000	-81.295728409963	
759.280000	-81.294791967484	
759.480000	-81.293858229409	
759.680000	-81.292927168192	
759.880000	-81.291998756458	
760.080000	-81.291072966996	
760.280000	-81.290149772749	
760.480000	-81.289229146809	
760.680000	-81.288311062404	
760.880000	-81.287395492890	
761.080000	-81.286482411742	
761.280000	-81.285571792540	
761.480000	-81.284663608958	
761.680000	-81.283757834755	
761.880000	-81.282854443758	
762.080000	-81.281953409850	
762.280000	-81.281054706953	
762.480000	-81.280158309013	
762.680000	-81.279264189983	
762.880000	-81.278372323802	
763.080000	-81.277482684377	
763.280000	-81.276595245557	
763.480000	-81.275709981112	
763.680000	-81.274826864704	
763.880000	-81.273945869858	
764.080000	-81.273066969931	
764.280000	-81.272190138072	
764.480000	-81.271315347189	
764.680000	-81.270442569898	
764.880000	-81.269571778480	
765.080000	-81.268702944821	
765.280000	-81.267836040349	
765.480000	-81.266971035971	
765.680000	-81.266107901985	
765.880000	-81.265246607993	
766.080000	-81.264387122796	
766.280000	-81.263529414276	
766.480000	-81.262673449252	
766.680000	-81.261819193321	
766.880000	-81.260966610669	
767.080000	-81.260115663842	
767.280000	-81.259266313484	
767.480000	-81.258418518009	
767.680000	-81.257572233220	
767.880000	-81.256727411830	
768.080000	-81.255884002877	
768.280000	-81.255041950994	
768.480000	-81.254201195481	
768.680000	-81.253361669115	
768.880000	-81.252523296600	
769.080000	-81.251685992495	
769.280000	-81.250849658402	
769.480000	-81.250014179047	
769.680000	-81.249179416627	
769.880000	-81.248345202396	
770.080000	-81.247511323527	
770.280000	-81.246677501417	
770.480000	-81.245843353105	
770.680000	-81.245008315255	
770.880000	-81.244171469915	
771.080000	-81.243331028729	
771.280000	-81.242481556574	
771.480000	-81.241551518023	
771.680000	-81.240353077366	
771.880000	-81.238214666315	
772.080000	-81.235237674586	
772.280000	-81.232150659407	
772.480000	-81.229238570150	
772.680000	-81.226569100527	
772.880000	-81.224070431426	
773.080000	-81.221657330336	
773.280000	-81.219315542267	
773.480000	-81.217067186340	
773.680000	-81.214958238944	
773.880000	-81.213034064645	
774.080000	-81.211249873784	
774.280000	-81.209557036336	
774.480000	-81.207928013445	
774.680000	-81.206341284457	
774.880000	-81.204783406748	
775.080000	-81.203246556932	
794.200000	-81.094620372731	
794.400000	-81.093756223189	
794.600000	-81.092896019859	
794.800000	-81.092039724413	
795.000000	-81.091187298903	
795.200000	-81.090338705761	
795.400000	-81.089493907796	
795.600000	-81.088652868189	
795.800000	-81.087815550493	
796.000000	-81.086981918628	
796.200000	-81.086151936882	
796.400000	-81.085325569904	
796.600000	-81.084502782701	
796.800000	-81.083683540641	
797.000000	-81.082867809444	
797.200000	-81.082055555184	
797.400000	-81.081246744281	
797.600000	-81.080441343505	
797.800000	-81.079639319968	
798.000000	-81.078840641124	
798.200000	-81.078045274764	
798.400000	-81.077253189016	
798.600000	-81.076464352342	
798.800000	-81.075678733532	
799.000000	-81.074896301707	
799.200000	-81.074117026309	
799.400000	-81.073340877107	
799.600000	-81.072567824187	
799.800000	-81.071797837953	
800.000000	-81.071030889122	
800.200000	-81.070266948726	
800.400000	-81.069505988102	
800.600000	-81.068747978898	
800.800000	-81.067992893062	
801.000000	-81.067240702845	
801.200000	-81.066491380797	
801.400000	-81.065744899763	
801.600000	-81.065001232881	
801.800000	-81.064260353581	
802.000000	-81.063522235579	
802.200000	-81.062786852879	
802.400000	-81.062054179765	
802.600000	-81.061324190802	
802.800000	-81.060596860834	
803.000000	-81.059872164979	
803.200000	-81.059150078625	
803.400000	-81.058430577434	
803.600000	-81.057713637331	
803.800000	-81.056999234508	
804.000000	-81.056287345418	
804.200000	-81.055577946773	
804.400000	-81.054871015542	
804.600000	-81.054166528949	
804.800000	-81.053464464468	
805.000000	-81.052764799824	
805.200000	-81.052067512986	
805.400000	-81.051372582169	
805.600000	-81.050679985829	
805.800000	-81.049989702659	
806.000000	-81.049301711591	
806.200000	-81.048615991789	
806.400000	-81.047932522649	
806.600000	-81.047251283795	
806.800000	-81.046572255079	
807.000000	-81.045895416574	
807.200000	-81.045220748576	
807.400000	-81.044548231600	
807.600000	-81.043877846376	
807.800000	-81.043209573850	
808.000000	-81.042543395175	
808.200000	-81.041879291718	
808.400000	-81.041217245049	
808.600000	-81.040557236942	
808.800000	-81.039899249374	
809.000000	-81.039243264519	
809.200000	-81.038589264750	
809.400000	-81.037937232632	
809.600000	-81.037287150921	
809.800000	-81.036639002565	
810.000000	-81.035992770695	
810.200000	-81.035348438629	
810.400000	-81.034705989866	
810.600000	-81.034065408083	
810.800000	-81.033426677136	
811.000000	-81.032789781053	
811.200000	-81.032154704036	
811.400000	-81.031521430455	
811.600000	-81.030889944847	
811.800000	-81.030260231915	
812.000000	-81.029632276520	
812.200000	-81.029006063688	
812.400000	-81.028381578597	
812.600000	-81.027758806582	
812.800000	-81.027137733128	
813.000000	-81.026518343871	
813.200000	-81.025900624592	
813.400000	-81.025284561218	
813.600000	-81.024670139815	
813.800000	-81.024057346590	
814.000000	-81.023446167882	
814.200000	-81.022836590169	
814.400000	-81.022228600055	
814.600000	-81.021622184274	
814.800000	-81.021017329684	
815.000000	-81.020414023264	
815.200000	-81.019812252114	
815.400000	-81.019212003449	
815.600000	-81.018613264598	
815.800000	-81.018016022998	
816.000000	-81.017420266194	
816.200000	-81.016825981835	
816.400000	-81.016233157668	
816.600000	-81.015641781540	
816.800000	-81.015051841387	
817.000000	-81.014463325239	
817.200000	-81.013876221207	
817.400000	-81.013290517489	
817.600000	-81.012706202356	
817.800000	-81.012123264156	
818.000000	-81.011541691305	
818.200000	-81.010961472284	
818.400000	-81.010382595634	
818.600000	-81.009805049952	
818.800000	-81.009228823884	
819.000000	-81.008653906121	
819.200000	-81.008080285393	
819.400000	-81.007507950463	
819.600000	-81.006936890120	
819.800000	-81.006367093172	
820.000000	-81.005798548443	
820.200000	-81.005231244759	
820.400000	-81.004665170943	
820.600000	-81.004100315808	
820.800000	-81.003536668145	
821.000000	-81.002974216715	
821.200000	-81.002412950235	
821.400000	-81.001852857372	
821.600000	-81.001293926725	
821.800000	-81.000736146815	
822.000000	-81.000179506068	
822.200000	-80.999623992801	
822.400000	-80.999069595201	
822.600000	-80.998516301312	
822.800000	-80.997964099006	
823.000000	-80.997412975964	
823.200000	-80.996862919652	
823.400000	-80.996313917288	
823.600000	-80.995765955810	
823.800000	-80.995219021844	
824.000000	-80.994673101662	
824.200000	-80.994128181137	
824.400000	-80.993584245688	
824.600000	-80.993041280230	
824.800000	-80.992499269100	
825.000000	-80.991958195989	
825.200000	-80.991418043846	
825.400000	-80.990878794785	
825.600000	-80.990340429965	
825.800000	-80.989802929452	
826.000000	-80.989266272058	
826.200000	-80.988730435150	
826.400000	-80.988195394423	
826.600000	-80.987661123619	
826.800000	-80.987127594197	
827.000000	-80.986594774921	
827.200000	-80.986062631348	
827.400000	-80.985531125185	
827.600000	-80.985000213481	
827.800000	-80.984469847562	
828.000000	-80.983939971651	
828.200000	-80.983410521006	
828.400000	-80.982881419362	
828.600000	-80.982352575328	
828.800000	-80.981823877136	
829.000000	-80.981295184677	
829.200000	-80.980766316823	
829.400000	-80.980237029929	
829.600000	-80.979706978170	
829.800000	-80.979175631097	
830.000000	-80.978642067383	
830.200000	-80.978104246257	
830.400000	-80.977550785243	
830.600000	-80.976872390219	
830.800000	-80.975825876236	
831.000000	-80.973886501829	
831.200000	-80.971631044750	
831.400000	-80.969404617083	
831.600000	-80.967328391511	
831.800000	-80.965399831011	
832.000000	-80.963539638527	
832.200000	-80.961707224961	
832.400000	-80.959910082923	
832.600000	-80.958177490889	
832.800000	-80.956555294683	
833.000000	-80.955048429073	
833.200000	-80.953617941650	
833.400000	-80.952242105531	
833.600000	-80.950904099742	
833.800000	-80.949592366446	
834.000000	-80.948300112858	
854.000000	-80.859575542969	
863.280000	-80.834389657203	
863.480000	-80.833912103201	
863.680000	-80.833436896656	
863.880000	-80.832964015954	
864.080000	-80.832493439738	
864.280000	-80.832025146909	
864.480000	-80.831559116621	
864.680000	-80.831095328280	
864.880000	-80.830633761539	
865.080000	-80.830174396299	
865.280000	-80.829717212702	
865.480000	-80.829262191135	
865.680000	-80.828809312220	
865.880000	-80.828358556817	
866.080000	-80.827909906020	
866.280000	-80.827463341154	
866.480000	-80.827018843773	
866.680000	-80.826576395658	
866.880000	-80.826135978814	
867.080000	-80.825697575468	
867.280000	-80.825261168067	
867.480000	-80.824826739273	
867.680000	-80.824394271965	
867.880000	-80.823963749236	
868.080000	-80.823535154384	
868.280000	-80.823108470921	
868.480000	-80.822683682561	
868.680000	-80.822260773223	
868.880000	-80.821839727025	
869.080000	-80.821420528288	
869.280000	-80.821003161525	
869.480000	-80.820587611448	
869.680000	-80.820173862957	
869.880000	-80.819761901147	
870.080000	-80.819351711297	
870.280000	-80.818943278875	
870.480000	-80.818536589530	
870.680000	-80.818131629094	
870.880000	-80.817728383580	
871.080000	-80.817326839175	
871.280000	-80.816926982246	
871.480000	-80.816528799330	
871.680000	-80.816132277136	
871.880000	-80.815737402543	
872.080000	-80.815344162597	
872.280000	-80.814952544510	
872.480000	-80.814562535656	
872.680000	-80.814174123572	
872.880000	-80.813787295954	
873.080000	-80.813402040655	
873.280000	-80.813018345685	
873.480000	-80.812636199205	
873.680000	-80.812255589531	
873.880000	-80.811876505127	
874.080000	-80.811498934606	
874.280000	-80.811122866728	
874.480000	-80.810748290396	
874.680000	-80.810375194657	
874.880000	-80.810003568698	
875.080000	-80.809633401846	
875.280000	-80.809264683565	
875.480000	-80.808897403454	
875.680000	-80.808531551247	
875.880000	-80.808167116810	
876.080000	-80.807804090140	
876.280000	-80.807442461360	
876.480000	-80.807082220725	
876.680000	-80.806723358612	
876.880000	-80.806365865522	
877.080000	-80.806009732080	
877.280000	-80.805654949032	
877.480000	-80.805301507240	
877.680000	-80.804949397686	
877.880000	-80.804598611469	
878.080000	-80.804249139800	
878.280000	-80.803900974004	
878.480000	-80.803554105517	
878.680000	-80.803208525886	
878.880000	-80.802864226765	
879.080000	-80.802521199916	
879.280000	-80.802179437207	
879.480000	-80.801838930608	
879.680000	-80.801499672194	
879.880000	-80.801161654140	
880.080000	-80.800824868721	
880.280000	-80.800489308311	
880.480000	-80.800154965381	
880.680000	-80.799821832497	
880.880000	-80.799489902321	
881.080000	-80.799159167607	
881.280000	-80.798829621201	
881.480000	-80.798501256040	
881.680000	-80.798174065151	
881.880000	-80.797848041647	
882.080000	-80.797523178730	
882.280000	-80.797199469687	
882.480000	-80.796876907888	
882.680000	-80.796555486788	
882.880000	-80.796235199923	
883.080000	-80.795916040910	
883.280000	-80.795598003447	
883.480000	-80.795281081309	
883.680000	-80.794965268348	
883.880000	-80.794650558494	
884.080000	-80.794336945752	
884.280000	-80.794024424200	
884.480000	-80.793712987990	
884.680000	-80.793402631345	
884.880000	-80.793093348561	
885.080000	-80.792785134002	
885.280000	-80.792477982102	
885.480000	-80.792171887362	
885.680000	-80.791866844351	
885.880000	-80.791562847704	
886.080000	-80.791259892120	
886.280000	-80.790957972363	
886.480000	-80.790657083259	
886.680000	-80.790357219698	
886.880000	-80.790058376631	
887.080000	-80.789760549067	
887.280000	-80.789463732077	
887.480000	-80.789167920791	
887.680000	-80.788873110395	
887.880000	-80.788579296132	
888.080000	-80.788286473303	
888.280000	-80.787994637263	
888.480000	-80.787703783422	
888.680000	-80.787413907242	
888.880000	-80.787125004241	
889.080000	-80.786837069986	
889.280000	-80.786550100097	
889.480000	-80.786264090246	
889.680000	-80.785979036151	
889.880000	-80.785694933583	
890.080000	-80.785411778360	
890.280000	-80.785129566346	
890.480000	-80.784848293455	
890.680000	-80.784567955646	
890.880000	-80.784288548922	
891.080000	-80.784010069335	
891.280000	-80.783732512977	
891.480000	-80.783455875987	
891.680000	-80.783180154544	
891.880000	-80.782905344873	
892.080000	-80.782631443239	
892.280000	-80.782358445946	
892.480000	-80.782086349343	
892.680000	-80.781815149816	
892.880000	-80.781544843792	
893.080000	-80.781275427735	
893.280000	-80.781006898150	
893.480000	-80.780739251577	
893.680000	-80.780472484595	
893.880000	-80.780206593819	
894.080000	-80.779941575901	
894.280000	-80.779677427529	
894.480000	-80.779414145423	
894.680000	-80.779151726342	
894.880000	-80.778890167076	
895.080000	-80.778629464450	
895.280000	-80.778369615323	
895.480000	-80.778110616584	
895.680000	-80.777852465158	
895.880000	-80.777595157998	
896.080000	-80.777338692092	
896.280000	-80.777083064457	
896.480000	-80.776828272139	
896.680000	-80.776574312218	
896.880000	-80.776321181801	
897.080000	-80.776068878024	
897.280000	-80.775817398054	
897.480000	-80.775566739084	
897.680000	-80.775316898336	
897.880000	-80.775067873062	
898.080000	-80.774819660537	
898.280000	-80.774572258066	
898.480000	-80.774325662980	
898.680000	-80.774079872636	
898.880000	-80.773834884417	
899.080000	-80.773590695731	
899.280000	-80.773347304012	
899.480000	-80.773104706717	
899.680000	-80.772862901331	
899.880000	-80.772621885360	
900.080000	-80.772381656335	
900.280000	-80.772142211811	
900.480000	-80.771903549364	
900.680000	-80.771665666597	
900.880000	-80.771428561132	
901.080000	-80.771192230615	
901.280000	-80.770956672713	
901.480000	-80.770721885116	
901.680000	-80.770487865534	
901.880000	-80.770254611700	
902.080000	-80.770022121367	
902.280000	-80.769790392307	
902.480000	-80.769559422316	
902.680000	-80.769329209207	
902.880000	-80.769099750814	
903.080000	-80.768871044990	
903.280000	-80.768643089609	
903.480000	-80.768415882562	
903.680000	-80.768189421761	
903.880000	-80.767963705134	
904.080000	-80.767738730629	
904.280000	-80.767514496213	
904.480000	-80.767290999870	
904.680000	-80.767068239600	
904.880000	-80.766846213424	
905.080000	-80.766624919377	
905.280000	-80.766404355513	
905.480000	-80.766184519903	
905.680000	-80.765965410632	
905.880000	-80.765747025805	
906.080000	-80.765529363542	
906.280000	-80.765312421976	
906.480000	-80.765096199261	
906.680000	-80.764880693563	
906.880000	-80.764665903065	
907.080000	-80.764451825964	
907.280000	-80.764238460473	
907.480000	-80.764025804820	
907.680000	-80.763813857246	
907.880000	-80.763602616011	
908.080000	-80.763392079383	
908.280000	-80.763182245649	
908.480000	-80.762973113109	
908.680000	-80.762764680075	
908.880000	-80.762556944874	
909.080000	-80.762349905848	
909.280000	-80.762143561350	
909.480000	-80.761937909746	
909.680000	-80.761732949417	
909.880000	-80.761528678757	
910.080000	-80.761325096170	
910.280000	-80.761122200074	
910.480000	-80.760919988901	
910.680000	-80.760718461094	
910.880000	-80.760517615107	
911.080000	-80.760317449407	
911.280000	-80.760117962474	
911.480000	-80.759919152798	
911.680000	-80.759721018882	
911.880000	-80.759523559238	
912.080000	-80.759326772393	
912.280000	-80.759130656881	
912.480000	-80.758935211251	
912.680000	-80.758740434061	
912.880000	-80.758546323879	
913.080000	-80.758352879285	
913.280000	-80.758160098869	
913.480000	-80.757967981231	
913.680000	-80.757776524983	
913.880000	-80.757585728745	
914.080000	-80.757395591149	
914.280000	-80.757206110836	
914.480000	-80.757017286456	
914.680000	-80.756829116670	
914.880000	-80.756641600148	
915.080000	-80.756454735571	
915.280000	-80.756268521626	
915.480000	-80.756082957013	
915.680000	-80.755898040439	
915.880000	-80.755713770621	
916.080000	-80.755530146284	
916.280000	-80.755347166163	
916.480000	-80.755164829001	
916.680000	-80.754983133550	
916.880000	-80.754802078570	
917.080000	-80.754621662831	
917.280000	-80.754441885110	
917.480000	-80.754262744193	
937.480000	-80.739385521762	
957.480000	-80.729975853988	
977.480000	-80.725415594040	
997.480000	-80.725225062871	
1017.480000	-80.728999429420	
1037.480000	-80.736385327054	
1057.480000	-80.747069784500	
1077.480000	-80.760773549695	
1097.480000	-80.777246343422	
1117.480000	-80.796263152066	
1137.480000	-80.817621174174	
1157.480000	-80.841137225220	
1177.480000	-80.866645538980	
1197.480000	-80.893995830369	
1217.480000	-80.923051593795	
1237.480000	-80.953688614865	
1257.480000	-80.985793659438	
1277.480000	-81.019263314575	
1297.480000	-81.054002961912	
1317.480000	-81.089925866426	
1337.480000	-81.126952366243	
1357.480000	-81.165009151196	
1377.480000	-81.204028619625	
1397.480000	-81.243948304431	
1417.480000	-81.284710360613	
1437.480000	-81.326261107609	
1457.480000	-81.368550620570	
1477.480000	-81.411532365445	
1497.480000	-81.455162873303	
1517.480000	-81.499401449800	
1537.480000	-81.544209916125	
1557.480000	-81.589552378081	
1577.480000	-81.635395020304	
1597.480000	-81.681705922871	
1617.480000	-81.728454897836	
1637.480000	-81.775613343463	
1657.480000	-81.823154114145	
1677.480000	-81.871051404224	
1697.480000	-81.919280644104	
1717.480000	-81.967818407237	
1737.480000	-82.016642326719	
1757.480000	-82.065731020378	
1777.480000	-82.115064023382	
1797.480000	-82.164621727487	
1817.480000	-82.214385326181	
1837.480000	-82.264336765041	
1857.480000	-82.314458696727	
1877.480000	-82.364734440095	
1897.480000	-82.415147942966	
1917.480000	-82.465683748179	
1937.480000	-82.516326962539	
1957.480000	-82.567063228389	
1977.480000	-82.617878697508	
1997.480000	-82.668760007103	
2017.480000	-82.719694257680	
2037.480000	-82.770668992606	
2057.480000	-82.821672179193	
2077.480000	-82.872692191154	
2097.480000	-82.923717792298	
2117.480000	-82.974738121349	
2137.480000	-83.025742677773	
2157.480000	-83.076721308533	
2177.480000	-83.127664195672	
2197.480000	-83.178561844662	
2217.480000	-83.229405073439	
2237.480000	-83.280185002067	
2257.480000	-83.330893042985	
2277.480000	-83.381520891767	
2297.480000	-83.432060518374	
2317.480000	-83.482504158839	
2337.480000	-83.532844307361	
2357.480000	-83.583073708767	
2377.480000	-83.633185351321	
2397.480000	-83.683172459841	
2417.480000	-83.733028489120	
2437.480000	-83.782747117600	
2457.480000	-83.832322241312	
2477.480000	-83.881747968039	
2497.480000	-83.931018611698	
