0.000000	0.000000000000	
20.000000	0.000000000000	
40.000000	0.000000000000	
60.000000	0.000000000000	
80.000000	0.000000000000	
100.000000	0.000000000000	
120.000000	0.039166432038	
140.000000	0.058349105508	
160.000000	0.068494045097	
180.000000	0.074028422409	
200.000000	0.077255174793	
220.000000	0.079580644857	
240.000000	0.081453587888	
260.000000	0.083035626629	
280.000000	0.084398750850	
300.000000	0.085583948005	
320.000000	0.086578955435	
340.000000	0.086572505596	
360.000000	0.087012190207	
380.000000	0.087568906793	
400.000000	0.088123262817	
420.000000	0.088638623927	
440.000000	0.089108002967	
460.000000	0.089534844273	
480.000000	0.089926483138	
500.000000	0.090292364566	
520.000000	0.083138500414	
540.000000	0.076480858053	
560.000000	0.070514103428	
567.640000	0.068738891348	
567.840000	0.068711434919	
568.040000	0.068686821224	
568.240000	0.068665538533	
568.440000	0.068648207316	
568.640000	0.068635630812	
568.840000	0.068628871710	
569.040000	0.068629372673	
569.240000	0.068639154090	
569.440000	0.068661156040	
569.640000	0.068699869691	
569.840000	0.068762605994	
570.040000	0.068862352430	
570.240000	0.069025348109	
570.440000	0.069317150626	
570.640000	0.069993065817	
570.840000	0.076499251566	
571.040000	0.095548549233	
571.240000	0.123716573884	
571.440000	0.237777942172	
571.640000	0.255681201616	
571.840000	0.243184508741	
572.040000	0.219118556271	
572.240000	0.195889862715	
572.440000	0.180981859129	
572.640000	0.168182199275	
572.840000	0.153981765343	
573.040000	0.135510651366	
573.240000	0.108860346843	
573.440000	0.086977663258	
573.640000	0.075614036012	
573.840000	0.068846670119	
593.840000	0.057707871331	
602.340000	0.056690588091	
602.540000	0.056664588142	
602.740000	0.056638579043	
602.940000	0.056612568884	
603.140000	0.056586566106	
603.340000	0.056560579526	
603.540000	0.056534618368	
603.740000	0.056508692302	
603.940000	0.056482811481	
604.140000	0.056456986583	
604.340000	0.056431228860	
604.540000	0.056405550196	
604.740000	0.056379963158	
604.940000	0.056354481076	
605.140000	0.056329118106	
605.340000	0.056303889324	
605.540000	0.056278810822	
605.740000	0.056253899810	
605.940000	0.056229174749	
606.140000	0.056204655486	
606.340000	0.056180363417	
606.540000	0.056156321674	
606.740000	0.056132555334	
606.940000	0.056109091671	
607.140000	0.056085960434	
607.340000	0.056063194187	
607.540000	0.056040828694	
607.740000	0.056018903380	
607.940000	0.055997461874	
608.140000	0.055976552651	
608.340000	0.055956229806	
608.540000	0.055936553984	
608.740000	0.055917593505	
608.940000	0.055899425742	
609.140000	0.055882138815	
609.340000	0.055865833695	
609.540000	0.055850626842	
609.740000	0.055836653543	
609.940000	0.055824072194	
610.140000	0.055813069839	
610.340000	0.055803869463	
610.540000	0.055796739708	
610.740000	0.055792008066	
610.940000	0.055790079115	
611.140000	0.055791460291	
611.340000	0.055796799196	
611.540000	0.055806939206	
611.740000	0.055823005112	
611.940000	0.055846540409	
612.140000	0.055879738134	
612.340000	0.055925852716	
612.540000	0.055989992247	
612.740000	0.056080801926	
612.940000	0.056214572431	
613.140000	0.056427604941	
613.340000	0.056830090862	
613.540000	0.058240014981	
613.740000	0.072101320657	
613.940000	0.091744370592	
614.140000	0.180677236795	
614.340000	0.207627088868	
614.540000	0.201141516480	
614.740000	0.182173534930	
614.940000	0.161264588469	
615.140000	0.147346714881	
615.340000	0.136769076227	
615.540000	0.126069334080	
615.740000	0.113074079875	
615.940000	0.094969154384	
616.140000	0.075443007985	
616.340000	0.064717652252	
616.540000	0.058156513191	
616.740000	0.054292219805	
636.740000	0.046966068995	
636.940000	0.046953827901	
637.140000	0.046941441267	
637.340000	0.046928912429	
637.540000	0.046916244884	
637.740000	0.046903442293	
637.940000	0.046890508482	
638.140000	0.046877447447	
638.340000	0.046864263355	
638.540000	0.046850960547	
638.740000	0.046837543543	
638.940000	0.046824017052	
639.140000	0.046810385971	
639.340000	0.046796655396	
639.540000	0.046782830632	
639.740000	0.046768917198	
639.940000	0.046754920841	
640.140000	0.046740847547	
640.340000	0.046726703550	
640.540000	0.046712495353	
640.740000	0.046698229740	
640.940000	0.046683913793	
641.140000	0.046669554916	
641.340000	0.046655160853	
641.540000	0.046640739715	
641.740000	0.046626300007	
641.940000	0.046611850657	
642.140000	0.046597401049	
642.340000	0.046582961064	
642.540000	0.046568541119	
642.740000	0.046554152213	
642.940000	0.046539805983	
643.140000	0.046525514758	
643.340000	0.046511291629	
643.540000	0.046497150518	
643.740000	0.046483106269	
643.940000	0.046469174733	
644.140000	0.046455372883	
644.340000	0.046441718932	
644.540000	0.046428232473	
644.740000	0.046414934637	
644.940000	0.046401848278	
645.140000	0.046388998179	
645.340000	0.046376411303	
645.540000	0.046364117066	
645.740000	0.046352147676	
645.940000	0.046340538515	
646.140000	0.046329328600	
646.340000	0.046318561116	
646.540000	0.046308284068	
646.740000	0.046298551048	
646.940000	0.046289422168	
647.140000	0.046280965192	
647.340000	0.046273256921	
647.540000	0.046266384904	
647.740000	0.046260449572	
647.940000	0.046255566912	
648.140000	0.046251871882	
648.340000	0.046249522789	
648.540000	0.046248707001	
648.740000	0.046249648491	
648.940000	0.046252617970	
649.140000	0.046257946736	
649.340000	0.046266045993	
649.540000	0.046277434413	
649.740000	0.046292778544	
649.940000	0.046312953865	
650.140000	0.046339140484	
650.340000	0.046372979817	
650.540000	0.046416845127	
650.740000	0.046474341002	
650.940000	0.046551308964	
651.140000	0.046658104337	
651.340000	0.046815707971	
651.540000	0.047077344136	
651.740000	0.047663780860	
651.940000	0.053713052191	
652.140000	0.068388745358	
652.340000	0.116633509910	
652.540000	0.169881988989	
652.740000	0.170617943122	
652.940000	0.156837807283	
653.140000	0.138611744811	
653.340000	0.124320841381	
653.540000	0.114843106824	
653.740000	0.106269052949	
653.940000	0.096675678528	
654.140000	0.084209517628	
654.340000	0.068027038359	
654.540000	0.057010120674	
654.740000	0.050648276107	
654.940000	0.046518936315	
655.140000	0.044105505950	
655.340000	0.042709289695	
671.880000	0.038906777206	
672.080000	0.038901835662	
672.280000	0.038896747648	
672.480000	0.038891513340	
672.680000	0.038886133150	
672.880000	0.038880607711	
673.080000	0.038874937872	
673.280000	0.038869124692	
673.480000	0.038863169428	
673.680000	0.038857073536	
673.880000	0.038850838664	
674.080000	0.038844466644	
674.280000	0.038837959496	
674.480000	0.038831319418	
674.680000	0.038824548789	
674.880000	0.038817650165	
675.080000	0.038810626281	
675.280000	0.038803480047	
675.480000	0.038796214551	
675.680000	0.038788833063	
675.880000	0.038781339033	
676.080000	0.038773736094	
676.280000	0.038766028069	
676.480000	0.038758218973	
676.680000	0.038750313018	
676.880000	0.038742314621	
677.080000	0.038734228410	
677.280000	0.038726059233	
677.480000	0.038717812165	
677.680000	0.038709492521	
677.880000	0.038701105870	
678.080000	0.038692658042	
678.280000	0.038684155148	
678.480000	0.038675603595	
678.680000	0.038667010105	
678.880000	0.038658381734	
679.080000	0.038649725898	
679.280000	0.038641050394	
679.480000	0.038632363435	
679.680000	0.038623673675	
679.880000	0.038614990250	
680.080000	0.038606322813	
680.280000	0.038597681581	
680.480000	0.038589077386	
680.680000	0.038580521725	
680.880000	0.038572026829	
681.080000	0.038563605730	
681.280000	0.038555272342	
681.480000	0.038547041550	
681.680000	0.038538929311	
681.880000	0.038530952775	
682.080000	0.038523130413	
682.280000	0.038515482172	
682.480000	0.038508029649	
682.680000	0.038500796294	
682.880000	0.038493807639	
683.080000	0.038487091579	
683.280000	0.038480678679	
683.480000	0.038474602556	
683.680000	0.038468900310	
683.880000	0.038463613054	
684.080000	0.038458786530	
684.280000	0.038454471857	
684.480000	0.038450726436	
684.680000	0.038447615047	
684.880000	0.038445211194	
685.080000	0.038443598777	
685.280000	0.038442874170	
685.480000	0.038443148846	
685.680000	0.038444552727	
685.880000	0.038447238497	
686.080000	0.038451387250	
686.280000	0.038457215988	
686.480000	0.038464987729	
686.680000	0.038475025409	
686.880000	0.038487731394	
687.080000	0.038503615556	
687.280000	0.038523336780	
687.480000	0.038547766420	
687.680000	0.038578089090	
687.880000	0.038615970502	
688.080000	0.038663853592	
688.280000	0.038725520848	
688.480000	0.038807270816	
688.680000	0.038920733689	
688.880000	0.039091119576	
689.080000	0.039391574954	
689.280000	0.040295015839	
689.480000	0.049704714345	
689.680000	0.066848875391	
689.880000	0.132343068355	
690.080000	0.144405947912	
690.280000	0.137840703035	
690.480000	0.123452526205	
690.680000	0.108398335292	
690.880000	0.098610289024	
691.080000	0.091222695369	
691.280000	0.083905351118	
691.480000	0.075264088998	
691.680000	0.063589323396	
691.880000	0.051778533888	
692.080000	0.045014226788	
692.280000	0.040600879439	
692.480000	0.037816627258	
692.680000	0.036167424122	
692.880000	0.035177867054	
708.420000	0.032079794577	
708.620000	0.032078151616	
708.820000	0.032076381236	
709.020000	0.032074481837	
709.220000	0.032072452084	
709.420000	0.032070290891	
709.620000	0.032067997410	
709.820000	0.032065571019	
710.020000	0.032063011310	
710.220000	0.032060318082	
710.420000	0.032057491331	
710.620000	0.032054531240	
710.820000	0.032051438172	
711.020000	0.032048212666	
711.220000	0.032044855430	
711.420000	0.032041367332	
711.620000	0.032037749399	
711.820000	0.032034002813	
712.020000	0.032030128903	
712.220000	0.032026129146	
712.420000	0.032022005162	
712.620000	0.032017758714	
712.820000	0.032013391703	
713.020000	0.032008906167	
713.220000	0.032004304286	
713.420000	0.031999588372	
713.620000	0.031994760877	
713.820000	0.031989824391	
714.020000	0.031984781642	
714.220000	0.031979635498	
714.420000	0.031974388971	
714.620000	0.031969045219	
714.820000	0.031963607546	
715.020000	0.031958079413	
715.220000	0.031952464433	
715.420000	0.031946766387	
715.620000	0.031940989221	
715.820000	0.031935137056	
716.020000	0.031929214199	
716.220000	0.031923225145	
716.420000	0.031917174593	
716.620000	0.031911067453	
716.820000	0.031904908857	
717.020000	0.031898704176	
717.220000	0.031892459032	
717.420000	0.031886179314	
717.620000	0.031879871198	
717.820000	0.031873541165	
718.020000	0.031867196024	
718.220000	0.031860842936	
718.420000	0.031854489445	
718.620000	0.031848143502	
718.820000	0.031841813504	
719.020000	0.031835508332	
719.220000	0.031829237388	
719.420000	0.031823010650	
719.620000	0.031816838721	
719.820000	0.031810732886	
720.020000	0.031804705187	
720.220000	0.031798768493	
720.420000	0.031792936588	
720.620000	0.031787224269	
720.820000	0.031781647458	
721.020000	0.031776223331	
721.220000	0.031770970459	
721.420000	0.031765908983	
721.620000	0.031761060803	
721.820000	0.031756449807	
722.020000	0.031752102130	
722.220000	0.031748046464	
722.420000	0.031744314420	
722.620000	0.031740940952	
722.820000	0.031737964865	
723.020000	0.031735429425	
723.220000	0.031733383084	
723.420000	0.031731880371	
723.620000	0.031730982967	
723.820000	0.031730761040	
724.020000	0.031731294889	
724.220000	0.031732677021	
724.420000	0.031735014766	
724.620000	0.031738433638	
724.820000	0.031743081687	
725.020000	0.031749135236	
725.220000	0.031756806532	
725.420000	0.031766354165	
725.620000	0.031778097509	
725.820000	0.031792437210	
726.020000	0.031809885015	
726.220000	0.031831108528	
726.420000	0.031857000787	
726.620000	0.031888793154	
726.820000	0.031928248261	
727.020000	0.031978012005	
727.220000	0.032042312216	
727.420000	0.032128512811	
727.620000	0.032251188033	
727.820000	0.032446024171	
728.020000	0.032850446693	
728.220000	0.036405137521	
728.420000	0.047460982859	
728.620000	0.089934591216	
728.820000	0.118536699584	
729.020000	0.118001001002	
729.220000	0.107793630458	
729.420000	0.094440587557	
729.620000	0.084012622628	
729.820000	0.077211586597	
730.020000	0.071254020176	
730.220000	0.064750471776	
730.420000	0.056460551720	
730.620000	0.046234177343	
730.820000	0.039280813860	
731.020000	0.035036715254	
731.220000	0.032168490750	
731.420000	0.030416503540	
731.620000	0.029348065222	
731.820000	0.028678055572	
748.080000	0.026113117841	
748.280000	0.026112264853	
748.480000	0.026111288381	
748.680000	0.026110187068	
748.880000	0.026108959746	
749.080000	0.026107605421	
749.280000	0.026106123269	
749.480000	0.026104512622	
749.680000	0.026102772967	
749.880000	0.026100903930	
750.080000	0.026098905276	
750.280000	0.026096776901	
750.480000	0.026094518823	
750.680000	0.026092131181	
750.880000	0.026089614224	
751.080000	0.026086968313	
751.280000	0.026084193912	
751.480000	0.026081291585	
751.680000	0.026078261994	
751.880000	0.026075105892	
752.080000	0.026071824123	
752.280000	0.026068417618	
752.480000	0.026064887390	
752.680000	0.026061234536	
752.880000	0.026057460233	
753.080000	0.026053565733	
753.280000	0.026049552366	
753.480000	0.026045421534	
753.680000	0.026041174715	
753.880000	0.026036813456	
754.080000	0.026032339376	
754.280000	0.026027754165	
754.480000	0.026023059581	
754.680000	0.026018257453	
754.880000	0.026013349677	
755.080000	0.026008338222	
755.280000	0.026003225122	
755.480000	0.025998012487	
755.680000	0.025992702492	
755.880000	0.025987297390	
756.080000	0.025981799502	
756.280000	0.025976211229	
756.480000	0.025970535043	
756.680000	0.025964773501	
756.880000	0.025958929236	
757.080000	0.025953004966	
757.280000	0.025947003498	
757.480000	0.025940927727	
757.680000	0.025934780641	
757.880000	0.025928565329	
758.080000	0.025922284978	
758.280000	0.025915942888	
758.480000	0.025909542466	
758.680000	0.025903087244	
758.880000	0.025896580875	
759.080000	0.025890027149	
759.280000	0.025883429994	
759.480000	0.025876793491	
759.680000	0.025870121879	
759.880000	0.025863419568	
760.080000	0.025856691150	
760.280000	0.025849941412	
760.480000	0.025843175353	
760.680000	0.025836398192	
760.880000	0.025829615395	
761.080000	0.025822832686	
761.280000	0.025816056071	
761.480000	0.025809291864	
761.680000	0.025802546707	
761.880000	0.025795827603	
762.080000	0.025789141947	
762.280000	0.025782497558	
762.480000	0.025775902724	
762.680000	0.025769366241	
762.880000	0.025762897467	
763.080000	0.025756506373	
763.280000	0.025750203610	
763.480000	0.025744000579	
763.680000	0.025737909507	
763.880000	0.025731943544	
764.080000	0.025726116867	
764.280000	0.025720444792	
764.480000	0.025714943920	
764.680000	0.025709632288	
764.880000	0.025704529555	
765.080000	0.025699657211	
765.280000	0.025695038825	
765.480000	0.025690700338	
765.680000	0.025686670399	
765.880000	0.025682980773	
766.080000	0.025679666822	
766.280000	0.025676768084	
766.480000	0.025674328970	
766.680000	0.025672399611	
766.880000	0.025671036902	
767.080000	0.025670305779	
767.280000	0.025670280825	
767.480000	0.025671048282	
767.680000	0.025672708621	
767.880000	0.025675379840	
768.080000	0.025679201786	
768.280000	0.025684341865	
768.480000	0.025691002740	
768.680000	0.025699432893	
768.880000	0.025709941422	
769.080000	0.025722919280	
769.280000	0.025738870627	
769.480000	0.025758460654	
769.680000	0.025782591424	
769.880000	0.025812527965	
770.080000	0.025850120518	
770.280000	0.025898226535	
770.480000	0.025961594774	
770.680000	0.026048990057	
770.880000	0.026179481682	
771.080000	0.026409344240	
771.280000	0.027143497422	
771.480000	0.034179762223	
771.680000	0.050262203243	
771.880000	0.092649681319	
772.080000	0.097768862770	
772.280000	0.091968772816	
772.480000	0.081443440536	
772.680000	0.070976701038	
772.880000	0.064321308398	
773.080000	0.059278603121	
773.280000	0.054269983145	
773.480000	0.048308982304	
773.680000	0.040470606357	
773.880000	0.033608237330	
774.080000	0.029550166428	
774.280000	0.026784697618	
774.480000	0.025046816967	
774.680000	0.023973931124	
774.880000	0.023291937468	
775.080000	0.022841682432	
794.200000	0.020651092715	
794.400000	0.020648957740	
794.600000	0.020646696193	
794.800000	0.020644307896	
795.000000	0.020641792742	
795.200000	0.020639150693	
795.400000	0.020636381779	
795.600000	0.020633486091	
795.800000	0.020630463777	
796.000000	0.020627315045	
796.200000	0.020624040153	
796.400000	0.020620639409	
796.600000	0.020617113170	
796.800000	0.020613461840	
797.000000	0.020609685861	
797.200000	0.020605785721	
797.400000	0.020601761942	
797.600000	0.020597615086	
797.800000	0.020593345747	
798.000000	0.020588954553	
798.200000	0.020584442164	
798.400000	0.020579809268	
798.600000	0.020575056580	
798.800000	0.020570184843	
799.000000	0.020565194824	
799.200000	0.020560087315	
799.400000	0.020554863129	
799.600000	0.020549523099	
799.800000	0.020544068080	
800.000000	0.020538498945	
800.200000	0.020532816584	
800.400000	0.020527021905	
800.600000	0.020521115830	
800.800000	0.020515099298	
801.000000	0.020508973260	
801.200000	0.020502738681	
801.400000	0.020496396538	
801.600000	0.020489947820	
801.800000	0.020483393528	
802.000000	0.020476734671	
802.200000	0.020469972269	
802.400000	0.020463107350	
802.600000	0.020456140953	
802.800000	0.020449074122	
803.000000	0.020441907910	
803.200000	0.020434643376	
803.400000	0.020427281587	
803.600000	0.020419823615	
803.800000	0.020412270538	
804.000000	0.020404623439	
804.200000	0.020396883408	
804.400000	0.020389051537	
804.600000	0.020381128924	
804.800000	0.020373116671	
805.000000	0.020365015885	
805.200000	0.020356827674	
805.400000	0.020348553152	
805.600000	0.020340193436	
805.800000	0.020331749647	
806.000000	0.020323222907	
806.200000	0.020314614342	
806.400000	0.020305925083	
806.600000	0.020297156261	
806.800000	0.020288309012	
807.000000	0.020279384474	
807.200000	0.020270383788	
807.400000	0.020261308098	
807.600000	0.020252158551	
807.800000	0.020242936297	
808.000000	0.020233642490	
808.200000	0.020224278287	
808.400000	0.020214844847	
808.600000	0.020205343335	
808.800000	0.020195774918	
809.000000	0.020186140769	
809.200000	0.020176442062	
809.400000	0.020166679980	
809.600000	0.020156855707	
809.800000	0.020146970435	
810.000000	0.020137025360	
810.200000	0.020127021684	
810.400000	0.020116960616	
810.600000	0.020106843372	
810.800000	0.020096671175	
811.000000	0.020086445256	
811.200000	0.020076166853	
811.400000	0.020065837217	
811.600000	0.020055457604	
811.800000	0.020045029283	
812.000000	0.020034553533	
812.200000	0.020024031647	
812.400000	0.020013464929	
812.600000	0.020002854695	
812.800000	0.019992202280	
813.000000	0.019981509030	
813.200000	0.019970776311	
813.400000	0.019960005506	
813.600000	0.019949198017	
813.800000	0.019938355265	
814.000000	0.019927478695	
814.200000	0.019916569774	
814.400000	0.019905629996	
814.600000	0.019894660878	
814.800000	0.019883663970	
815.000000	0.019872640848	
815.200000	0.019861593125	
815.400000	0.019850522445	
815.600000	0.019839430492	
815.800000	0.019828318988	
816.000000	0.019817189699	
816.200000	0.019806044436	
816.400000	0.019794885059	
816.600000	0.019783713481	
816.800000	0.019772531669	
817.000000	0.019761341652	
817.200000	0.019750145522	
817.400000	0.019738945441	
817.600000	0.019727743645	
817.800000	0.019716542450	
818.000000	0.019705344256	
818.200000	0.019694151555	
818.400000	0.019682966940	
818.600000	0.019671793109	
818.800000	0.019660632875	
819.000000	0.019649489175	
819.200000	0.019638365080	
819.400000	0.019627263806	
819.600000	0.019616188723	
819.800000	0.019605143374	
820.000000	0.019594131483	
820.200000	0.019583156976	
820.400000	0.019572223993	
820.600000	0.019561336912	
820.800000	0.019550500369	
821.000000	0.019539719280	
821.200000	0.019528998867	
821.400000	0.019518344691	
821.600000	0.019507762680	
821.800000	0.019497259169	
822.000000	0.019486840940	
822.200000	0.019476515268	
822.400000	0.019466289971	
822.600000	0.019456173474	
822.800000	0.019446174872	
823.000000	0.019436304006	
823.200000	0.019426571552	
823.400000	0.019416989121	
823.600000	0.019407569371	
823.800000	0.019398326143	
824.000000	0.019389274609	
824.200000	0.019380431458	
824.400000	0.019371815099	
824.600000	0.019363445911	
824.800000	0.019355346528	
825.000000	0.019347542192	
825.200000	0.019340061155	
825.400000	0.019332935184	
825.600000	0.019326200153	
825.800000	0.019319896782	
826.000000	0.019314071529	
826.200000	0.019308777713	
826.400000	0.019304076901	
826.600000	0.019300040684	
826.800000	0.019296752924	
827.000000	0.019294312684	
827.200000	0.019292838060	
827.400000	0.019292471296	
827.600000	0.019293385721	
827.800000	0.019295795333	
828.000000	0.019299968356	
828.200000	0.019306246901	
828.400000	0.019315076333	
828.600000	0.019327050722	
828.800000	0.019342986191	
829.000000	0.019364045532	
829.200000	0.019391964008	
829.400000	0.019429494029	
829.600000	0.019481385129	
829.800000	0.019556923493	
830.000000	0.019678462205	
830.200000	0.019929561324	
830.400000	0.022028425888	
830.600000	0.029290116283	
830.800000	0.059437294436	
831.000000	0.073510563657	
831.200000	0.072783019670	
831.400000	0.066237089074	
831.600000	0.057535147644	
831.800000	0.050620180860	
832.000000	0.046206145488	
832.200000	0.042464551567	
832.400000	0.038410828708	
832.600000	0.033266388146	
832.800000	0.027386143678	
833.000000	0.023534389878	
833.200000	0.021014583705	
833.400000	0.019342915538	
833.600000	0.018296977888	
833.800000	0.017624888547	
834.000000	0.017174551228	
854.000000	0.014881975543	
863.280000	0.014668935131	
863.480000	0.014661940451	
863.680000	0.014654853425	
863.880000	0.014647674718	
864.080000	0.014640404998	
864.280000	0.014633044938	
864.480000	0.014625595212	
864.680000	0.014618056497	
864.880000	0.014610429473	
865.080000	0.014602714821	
865.280000	0.014594913224	
865.480000	0.014587025366	
865.680000	0.014579051935	
865.880000	0.014570993615	
866.080000	0.014562851096	
866.280000	0.014554625065	
866.480000	0.014546316213	
866.680000	0.014537925227	
866.880000	0.014529452799	
867.080000	0.014520899617	
867.280000	0.014512266371	
867.480000	0.014503553750	
867.680000	0.014494762444	
867.880000	0.014485893141	
868.080000	0.014476946529	
868.280000	0.014467923296	
868.480000	0.014458824129	
868.680000	0.014449649712	
868.880000	0.014440400731	
869.080000	0.014431077871	
869.280000	0.014421681813	
869.480000	0.014412213240	
869.680000	0.014402672833	
869.880000	0.014393061270	
870.080000	0.014383379230	
870.280000	0.014373627390	
870.480000	0.014363806424	
870.680000	0.014353917008	
870.880000	0.014343959812	
871.080000	0.014333935509	
871.280000	0.014323844768	
871.480000	0.014313688257	
871.680000	0.014303466641	
871.880000	0.014293180587	
872.080000	0.014282830756	
872.280000	0.014272417811	
872.480000	0.014261942411	
872.680000	0.014251405215	
872.880000	0.014240806879	
873.080000	0.014230148057	
873.280000	0.014219429403	
873.480000	0.014208651569	
873.680000	0.014197815203	
873.880000	0.014186920955	
874.080000	0.014175969469	
874.280000	0.014164961391	
874.480000	0.014153897363	
874.680000	0.014142778026	
874.880000	0.014131604019	
875.080000	0.014120375980	
875.280000	0.014109094545	
875.480000	0.014097760346	
875.680000	0.014086374017	
875.880000	0.014074936188	
876.080000	0.014063447487	
876.280000	0.014051908540	
876.480000	0.014040319973	
876.680000	0.014028682409	
876.880000	0.014016996469	
877.080000	0.014005262772	
877.280000	0.013993481937	
877.480000	0.013981654578	
877.680000	0.013969781309	
877.880000	0.013957862744	
878.080000	0.013945899491	
878.280000	0.013933892159	
878.480000	0.013921841354	
878.680000	0.013909747680	
878.880000	0.013897611741	
879.080000	0.013885434136	
879.280000	0.013873215464	
879.480000	0.013860956321	
879.680000	0.013848657302	
879.880000	0.013836318999	
880.080000	0.013823942002	
880.280000	0.013811526901	
880.480000	0.013799074279	
880.680000	0.013786584723	
880.880000	0.013774058813	
881.080000	0.013761497129	
881.280000	0.013748900248	
881.480000	0.013736268746	
881.680000	0.013723603195	
881.880000	0.013710904166	
882.080000	0.013698172227	
882.280000	0.013685407943	
882.480000	0.013672611878	
882.680000	0.013659784592	
882.880000	0.013646926644	
883.080000	0.013634038591	
883.280000	0.013621120984	
883.480000	0.013608174374	
883.680000	0.013595199310	
883.880000	0.013582196337	
884.080000	0.013569165997	
884.280000	0.013556108830	
884.480000	0.013543025373	
884.680000	0.013529916161	
884.880000	0.013516781723	
885.080000	0.013503622589	
885.280000	0.013490439284	
885.480000	0.013477232330	
885.680000	0.013464002246	
885.880000	0.013450749548	
886.080000	0.013437474750	
886.280000	0.013424178361	
886.480000	0.013410860888	
886.680000	0.013397522834	
886.880000	0.013384164699	
887.080000	0.013370786979	
887.280000	0.013357390168	
887.480000	0.013343974755	
887.680000	0.013330541228	
887.880000	0.013317090068	
888.080000	0.013303621754	
888.280000	0.013290136764	
888.480000	0.013276635568	
888.680000	0.013263118635	
888.880000	0.013249586430	
889.080000	0.013236039414	
889.280000	0.013222478043	
889.480000	0.013208902772	
889.680000	0.013195314049	
889.880000	0.013181712321	
890.080000	0.013168098029	
890.280000	0.013154471612	
890.480000	0.013140833503	
890.680000	0.013127184132	
890.880000	0.013113523924	
891.080000	0.013099853303	
891.280000	0.013086172686	
891.480000	0.013072482487	
891.680000	0.013058783115	
891.880000	0.013045074975	
892.080000	0.013031358471	
892.280000	0.013017633998	
892.480000	0.013003901950	
892.680000	0.012990162716	
892.880000	0.012976416680	
893.080000	0.012962664224	
893.280000	0.012948905723	
893.480000	0.012935141550	
893.680000	0.012921372072	
893.880000	0.012907597654	
894.080000	0.012893818654	
894.280000	0.012880035427	
894.480000	0.012866248325	
894.680000	0.012852457693	
894.880000	0.012838663875	
895.080000	0.012824867208	
895.280000	0.012811068027	
895.480000	0.012797266660	
895.680000	0.012783463433	
895.880000	0.012769658667	
896.080000	0.012755852678	
896.280000	0.012742045780	
896.480000	0.012728238281	
896.680000	0.012714430484	
896.880000	0.012700622690	
897.080000	0.012686815195	
897.280000	0.012673008289	
897.480000	0.012659202260	
897.680000	0.012645397393	
897.880000	0.012631593964	
898.080000	0.012617792251	
898.280000	0.012603992523	
898.480000	0.012590195047	
898.680000	0.012576400087	
898.880000	0.012562607900	
899.080000	0.012548818743	
899.280000	0.012535032864	
899.480000	0.012521250512	
899.680000	0.012507471929	
899.880000	0.012493697354	
900.080000	0.012479927023	
900.280000	0.012466161165	
900.480000	0.012452400010	
900.680000	0.012438643780	
900.880000	0.012424892695	
901.080000	0.012411146971	
901.280000	0.012397406821	
901.480000	0.012383672454	
901.680000	0.012369944075	
901.880000	0.012356221884	
902.080000	0.012342506080	
902.280000	0.012328796858	
902.480000	0.012315094407	
902.680000	0.012301398916	
902.880000	0.012287710569	
903.080000	0.012274029545	
903.280000	0.012260356023	
903.480000	0.012246690175	
903.680000	0.012233032173	
903.880000	0.012219382183	
904.080000	0.012205740370	
904.280000	0.012192106894	
904.480000	0.012178481914	
904.680000	0.012164865583	
904.880000	0.012151258053	
905.080000	0.012137659472	
905.280000	0.012124069987	
905.480000	0.012110489739	
905.680000	0.012096918867	
905.880000	0.012083357510	
906.080000	0.012069805799	
906.280000	0.012056263867	
906.480000	0.012042731841	
906.680000	0.012029209846	
906.880000	0.012015698006	
907.080000	0.012002196441	
907.280000	0.011988705268	
907.480000	0.011975224601	
907.680000	0.011961754553	
907.880000	0.011948295234	
908.080000	0.011934846750	
908.280000	0.011921409208	
908.480000	0.011907982708	
908.680000	0.011894567351	
908.880000	0.011881163235	
909.080000	0.011867770455	
909.280000	0.011854389104	
909.480000	0.011841019273	
909.680000	0.011827661051	
909.880000	0.011814314523	
910.080000	0.011800979775	
910.280000	0.011787656889	
910.480000	0.011774345944	
910.680000	0.011761047020	
910.880000	0.011747760192	
911.080000	0.011734485534	
911.280000	0.011721223118	
911.480000	0.011707973016	
911.680000	0.011694735296	
911.880000	0.011681510023	
912.080000	0.011668297264	
912.280000	0.011655097081	
912.480000	0.011641909536	
912.680000	0.011628734688	
912.880000	0.011615572595	
913.080000	0.011602423314	
913.280000	0.011589286900	
913.480000	0.011576163405	
913.680000	0.011563052882	
913.880000	0.011549955380	
914.080000	0.011536870947	
914.280000	0.011523799632	
914.480000	0.011510741479	
914.680000	0.011497696533	
914.880000	0.011484664837	
915.080000	0.011471646432	
915.280000	0.011458641358	
915.480000	0.011445649655	
915.680000	0.011432671359	
915.880000	0.011419706507	
916.080000	0.011406755134	
916.280000	0.011393817274	
916.480000	0.011380892960	
916.680000	0.011367982222	
916.880000	0.011355085092	
917.080000	0.011342201598	
917.280000	0.011329331769	
917.480000	0.011316475631	
937.480000	0.010101461327	
957.480000	0.009020903298	
977.480000	0.008060548996	
997.480000	0.007206589595	
1017.480000	0.006447024578	
1037.480000	0.005771341764	
1057.480000	0.005170246574	
1077.480000	0.004635479663	
1097.480000	0.004159683785	
1117.480000	0.003736298430	
1137.480000	0.003359471754	
1157.480000	0.003023985147	
1177.480000	0.002725186731	
1197.480000	0.002458931554	
1217.480000	0.002221529071	
1237.480000	0.002009696190	
1257.480000	0.001820515449	
1277.480000	0.001651397241	
1297.480000	0.001500045808	
1317.480000	0.001364428539	
1337.480000	0.001242748159	
1357.480000	0.001133417499	
1377.480000	0.001035036579	
1397.480000	0.000946371793	
1417.480000	0.000866337038	
1437.480000	0.000793976632	
1457.480000	0.000728449914	
1477.480000	0.000669017415	
1497.480000	0.000615028490	
1517.480000	0.000565910321	
1537.480000	0.000521158168	
1557.480000	0.000480326775	
1577.480000	0.000443022829	
1597.480000	0.000408898347	
1617.480000	0.000377644924	
1637.480000	0.000348988713	
1657.480000	0.000322686076	
1677.480000	0.000298519803	
1697.480000	0.000276295846	
1717.480000	0.000255840481	
1737.480000	0.000236997857	
1757.480000	0.000219627870	
1777.480000	0.000203604315	
1797.480000	0.000188813293	
1817.480000	0.000175151809	
1837.480000	0.000162526572	
1857.480000	0.000150852925	
1877.480000	0.000140053931	
1897.480000	0.000130059558	
1917.480000	0.000120805966	
1937.480000	0.000112234886	
1957.480000	0.000104293060	
1977.480000	0.000096931758	
1997.480000	0.000090106344	
2017.480000	0.000083775886	
2037.480000	0.000077902814	
2057.480000	0.000072452617	
2077.480000	0.000067393563	
2097.480000	0.000062696454	
2117.480000	0.000058334405	
2137.480000	0.000054282645	
2157.480000	0.000050518334	
2177.480000	0.000047020403	
2197.480000	0.000043769403	
2217.480000	0.000040747373	
2237.480000	0.000037937719	
2257.480000	0.000035325101	
2277.480000	0.000032895334	
2297.480000	0.000030635293	
2317.480000	0.000028532834	
2337.480000	0.000026576711	
2357.480000	0.000024756510	
2377.480000	0.000023062584	
2397.480000	0.000021485991	
2417.480000	0.000020018444	
2437.480000	0.000018652256	
2457.480000	0.000017380300	
2477.480000	0.000016195964	
2497.480000	0.000015093110	
