0.000000	-0.000000362671	
20.000000	-0.000000376814	
40.000000	-0.000000376641	
60.000000	-0.000000376153	
80.000000	-0.000000375868	
100.000000	-0.000000375728	
120.000000	-0.000000111825	
140.000000	-0.000000131329	
160.000000	-0.000000157294	
180.000000	-0.000000187490	
200.000000	-0.000000220926	
220.000000	-0.000000256897	
240.000000	-0.000000295173	
260.000000	-0.000000335683	
280.000000	-0.000000378404	
300.000000	-0.000000423323	
320.000000	-0.000000470433	
340.000000	-0.000000522054	
360.000000	-0.000000574023	
380.000000	-0.000000627361	
400.000000	-0.000000682561	
420.000000	-0.000000739869	
440.000000	-0.000000799457	
460.000000	-0.000000861496	
480.000000	-0.000000926212	
500.000000	-0.000000993930	
520.000000	-0.000001124317	
540.000000	-0.000001265578	
560.000000	-0.000001430414	
567.640000	-0.000001523028	
567.840000	-0.000001526551	
568.040000	-0.000001530217	
568.240000	-0.000001534048	
568.440000	-0.000001538066	
568.640000	-0.000001542301	
568.840000	-0.000001546791	
569.040000	-0.000001551584	
569.240000	-0.000001556743	
569.440000	-0.000001562352	
569.640000	-0.000001568532	
569.840000	-0.000001575456	
570.040000	-0.000001583395	
570.240000	-0.000001592806	
570.440000	-0.000001604575	
570.640000	-0.000001620902	
570.840000	-0.000001654754	
571.040000	-0.000002091200	
571.240000	-0.000004588992	
571.440000	-0.001080650275	
571.640000	-0.005861435406	
571.840000	-0.010398218203	
572.040000	-0.012865507131	
572.240000	-0.013019709456	
572.440000	-0.012164976637	
572.640000	-0.011123384633	
572.840000	-0.010134936366	
573.040000	-0.009296844182	
573.240000	-0.008672192675	
573.440000	-0.007974172377	
573.640000	-0.007151412327	
573.840000	-0.006347507646	
593.840000	-0.000001316887	
602.340000	-0.000001474428	
602.540000	-0.000001478330	
602.740000	-0.000001482236	
602.940000	-0.000001486147	
603.140000	-0.000001490064	
603.340000	-0.000001493987	
603.540000	-0.000001497917	
603.740000	-0.000001501855	
603.940000	-0.000001505802	
604.140000	-0.000001509758	
604.340000	-0.000001513724	
604.540000	-0.000001517702	
604.740000	-0.000001521692	
604.940000	-0.000001525696	
605.140000	-0.000001529714	
605.340000	-0.000001533749	
605.540000	-0.000001537801	
605.740000	-0.000001541872	
605.940000	-0.000001545963	
606.140000	-0.000001550076	
606.340000	-0.000001554213	
606.540000	-0.000001558376	
606.740000	-0.000001562567	
606.940000	-0.000001566788	
607.140000	-0.000001571041	
607.340000	-0.000001575330	
607.540000	-0.000001579657	
607.740000	-0.000001584025	
607.940000	-0.000001588438	
608.140000	-0.000001592900	
608.340000	-0.000001597415	
608.540000	-0.000001601986	
608.740000	-0.000001606621	
608.940000	-0.000001611323	
609.140000	-0.000001616101	
609.340000	-0.000001620960	
609.540000	-0.000001625910	
609.740000	-0.000001630958	
609.940000	-0.000001636117	
610.140000	-0.000001641399	
610.340000	-0.000001646816	
610.540000	-0.000001652387	
610.740000	-0.000001658131	
610.940000	-0.000001664071	
611.140000	-0.000001670235	
611.340000	-0.000001676658	
611.540000	-0.000001683383	
611.740000	-0.000001690464	
611.940000	-0.000001697971	
612.140000	-0.000001705997	
612.340000	-0.000001714668	
612.540000	-0.000001724163	
612.740000	-0.000001734754	
612.940000	-0.000001746873	
613.140000	-0.000001761303	
613.340000	-0.000001779727	
613.540000	-0.000001807521	
613.740000	-0.000002009608	
613.940000	-0.000003525089	
614.140000	-0.000453427432	
614.340000	-0.004917448767	
614.540000	-0.009662211741	
614.740000	-0.012932200851	
614.940000	-0.013670918513	
615.140000	-0.012967588135	
615.340000	-0.011912489491	
615.540000	-0.010858767709	
615.740000	-0.009928352110	
615.940000	-0.009195512889	
616.140000	-0.008525093386	
616.340000	-0.007688517235	
616.540000	-0.006849643035	
616.740000	-0.006055972266	
636.740000	-0.000001444652	
636.940000	-0.000001448339	
637.140000	-0.000001452180	
637.340000	-0.000001456154	
637.540000	-0.000001460246	
637.740000	-0.000001464439	
637.940000	-0.000001468723	
638.140000	-0.000001473084	
638.340000	-0.000001477515	
638.540000	-0.000001482005	
638.740000	-0.000001486549	
638.940000	-0.000001491140	
639.140000	-0.000001495772	
639.340000	-0.000001500440	
639.540000	-0.000001505141	
639.740000	-0.000001509871	
639.940000	-0.000001514627	
640.140000	-0.000001519407	
640.340000	-0.000001524208	
640.540000	-0.000001529029	
640.740000	-0.000001533868	
640.940000	-0.000001538725	
641.140000	-0.000001543597	
641.340000	-0.000001548486	
641.540000	-0.000001553390	
641.740000	-0.000001558310	
641.940000	-0.000001563244	
642.140000	-0.000001568194	
642.340000	-0.000001573159	
642.540000	-0.000001578141	
642.740000	-0.000001583139	
642.940000	-0.000001588154	
643.140000	-0.000001593188	
643.340000	-0.000001598241	
643.540000	-0.000001603315	
643.740000	-0.000001608410	
643.940000	-0.000001613529	
644.140000	-0.000001618673	
644.340000	-0.000001623843	
644.540000	-0.000001629042	
644.740000	-0.000001634271	
644.940000	-0.000001639534	
645.140000	-0.000001644832	
645.340000	-0.000001650168	
645.540000	-0.000001655545	
645.740000	-0.000001660967	
645.940000	-0.000001666438	
646.140000	-0.000001671960	
646.340000	-0.000001677539	
646.540000	-0.000001683179	
646.740000	-0.000001688886	
646.940000	-0.000001694666	
647.140000	-0.000001700525	
647.340000	-0.000001706470	
647.540000	-0.000001712510	
647.740000	-0.000001718654	
647.940000	-0.000001724913	
648.140000	-0.000001731298	
648.340000	-0.000001737824	
648.540000	-0.000001744505	
648.740000	-0.000001751362	
648.940000	-0.000001758415	
649.140000	-0.000001765690	
649.340000	-0.000001773218	
649.540000	-0.000001781036	
649.740000	-0.000001789190	
649.940000	-0.000001797737	
650.140000	-0.000001806750	
650.340000	-0.000001816324	
650.540000	-0.000001826585	
650.740000	-0.000001837711	
650.940000	-0.000001849959	
651.140000	-0.000001863723	
651.340000	-0.000001879672	
651.540000	-0.000001899101	
651.740000	-0.000001925274	
651.940000	-0.000001986369	
652.140000	-0.000002746873	
652.340000	-0.000032609575	
652.540000	-0.003404697967	
652.740000	-0.008204744945	
652.940000	-0.012292358748	
653.140000	-0.013974156372	
653.340000	-0.013649962943	
653.540000	-0.012641950531	
653.740000	-0.011543934222	
653.940000	-0.010531092281	
654.140000	-0.009684405255	
654.340000	-0.009003567627	
654.540000	-0.008192797727	
654.740000	-0.007327184490	
654.940000	-0.006501117275	
655.140000	-0.005734139421	
655.340000	-0.005040284409	
671.880000	-0.000001494935	
672.080000	-0.000001490125	
672.280000	-0.000001486602	
672.480000	-0.000001484206	
672.680000	-0.000001482795	
672.880000	-0.000001482247	
673.080000	-0.000001482455	
673.280000	-0.000001483323	
673.480000	-0.000001484771	
673.680000	-0.000001486724	
673.880000	-0.000001489121	
674.080000	-0.000001491906	
674.280000	-0.000001495031	
674.480000	-0.000001498453	
674.680000	-0.000001502136	
674.880000	-0.000001506047	
675.080000	-0.000001510158	
675.280000	-0.000001514444	
675.480000	-0.000001518884	
675.680000	-0.000001523459	
675.880000	-0.000001528153	
676.080000	-0.000001532950	
676.280000	-0.000001537839	
676.480000	-0.000001542809	
676.680000	-0.000001547851	
676.880000	-0.000001552955	
677.080000	-0.000001558116	
677.280000	-0.000001563327	
677.480000	-0.000001568583	
677.680000	-0.000001573879	
677.880000	-0.000001579211	
678.080000	-0.000001584577	
678.280000	-0.000001589973	
678.480000	-0.000001595397	
678.680000	-0.000001600848	
678.880000	-0.000001606324	
679.080000	-0.000001611824	
679.280000	-0.000001617347	
679.480000	-0.000001622893	
679.680000	-0.000001628461	
679.880000	-0.000001634052	
680.080000	-0.000001639665	
680.280000	-0.000001645301	
680.480000	-0.000001650960	
680.680000	-0.000001656644	
680.880000	-0.000001662353	
681.080000	-0.000001668089	
681.280000	-0.000001673853	
681.480000	-0.000001679647	
681.680000	-0.000001685472	
681.880000	-0.000001691330	
682.080000	-0.000001697224	
682.280000	-0.000001703156	
682.480000	-0.000001709129	
682.680000	-0.000001715145	
682.880000	-0.000001721209	
683.080000	-0.000001727322	
683.280000	-0.000001733490	
683.480000	-0.000001739717	
683.680000	-0.000001746007	
683.880000	-0.000001752366	
684.080000	-0.000001758799	
684.280000	-0.000001765314	
684.480000	-0.000001771916	
684.680000	-0.000001778613	
684.880000	-0.000001785416	
685.080000	-0.000001792334	
685.280000	-0.000001799377	
685.480000	-0.000001806559	
685.680000	-0.000001813895	
685.880000	-0.000001821401	
686.080000	-0.000001829097	
686.280000	-0.000001837005	
686.480000	-0.000001845152	
686.680000	-0.000001853570	
686.880000	-0.000001862296	
687.080000	-0.000001871378	
687.280000	-0.000001880871	
687.480000	-0.000001890848	
687.680000	-0.000001901400	
687.880000	-0.000001912648	
688.080000	-0.000001924754	
688.280000	-0.000001937949	
688.480000	-0.000001952571	
688.680000	-0.000001969159	
688.880000	-0.000001988657	
689.080000	-0.000002013041	
689.280000	-0.000002048231	
689.480000	-0.000002257731	
689.680000	-0.000004436241	
689.880000	-0.001167064445	
690.080000	-0.005802835092	
690.280000	-0.010465368895	
690.480000	-0.013697773656	
690.680000	-0.014354369603	
690.880000	-0.013585350016	
691.080000	-0.012477554437	
691.280000	-0.011377516513	
691.480000	-0.010401839312	
691.680000	-0.009618429793	
691.880000	-0.008872263726	
692.080000	-0.007991081518	
692.280000	-0.007122149882	
692.480000	-0.006303456346	
692.680000	-0.005552452741	
692.880000	-0.004877687898	
708.420000	-0.000001551837	
708.620000	-0.000001538112	
708.820000	-0.000001526816	
709.020000	-0.000001517646	
709.220000	-0.000001510338	
709.420000	-0.000001504658	
709.620000	-0.000001500404	
709.820000	-0.000001497398	
710.020000	-0.000001495483	
710.220000	-0.000001494525	
710.420000	-0.000001494403	
710.620000	-0.000001495013	
710.820000	-0.000001496264	
711.020000	-0.000001498075	
711.220000	-0.000001500377	
711.420000	-0.000001503109	
711.620000	-0.000001506216	
711.820000	-0.000001509652	
712.020000	-0.000001513376	
712.220000	-0.000001517352	
712.420000	-0.000001521548	
712.620000	-0.000001525937	
712.820000	-0.000001530495	
713.020000	-0.000001535200	
713.220000	-0.000001540036	
713.420000	-0.000001544984	
713.620000	-0.000001550032	
713.820000	-0.000001555167	
714.020000	-0.000001560379	
714.220000	-0.000001565658	
714.420000	-0.000001570996	
714.620000	-0.000001576387	
714.820000	-0.000001581823	
715.020000	-0.000001587301	
715.220000	-0.000001592815	
715.420000	-0.000001598362	
715.620000	-0.000001603938	
715.820000	-0.000001609540	
716.020000	-0.000001615167	
716.220000	-0.000001620815	
716.420000	-0.000001626484	
716.620000	-0.000001632173	
716.820000	-0.000001637880	
717.020000	-0.000001643604	
717.220000	-0.000001649346	
717.420000	-0.000001655104	
717.620000	-0.000001660879	
717.820000	-0.000001666671	
718.020000	-0.000001672480	
718.220000	-0.000001678306	
718.420000	-0.000001684150	
718.620000	-0.000001690014	
718.820000	-0.000001695897	
719.020000	-0.000001701801	
719.220000	-0.000001707727	
719.420000	-0.000001713676	
719.620000	-0.000001719650	
719.820000	-0.000001725650	
720.020000	-0.000001731679	
720.220000	-0.000001737738	
720.420000	-0.000001743830	
720.620000	-0.000001749956	
720.820000	-0.000001756120	
721.020000	-0.000001762324	
721.220000	-0.000001768572	
721.420000	-0.000001774866	
721.620000	-0.000001781210	
721.820000	-0.000001787608	
722.020000	-0.000001794065	
722.220000	-0.000001800585	
722.420000	-0.000001807173	
722.620000	-0.000001813835	
722.820000	-0.000001820577	
723.020000	-0.000001827407	
723.220000	-0.000001834331	
723.420000	-0.000001841359	
723.620000	-0.000001848500	
723.820000	-0.000001855763	
724.020000	-0.000001863163	
724.220000	-0.000001870711	
724.420000	-0.000001878424	
724.620000	-0.000001886319	
724.820000	-0.000001894417	
725.020000	-0.000001902741	
725.220000	-0.000001911318	
725.420000	-0.000001920182	
725.620000	-0.000001929371	
725.820000	-0.000001938932	
726.020000	-0.000001948923	
726.220000	-0.000001959416	
726.420000	-0.000001970501	
726.620000	-0.000001982294	
726.820000	-0.000001994953	
727.020000	-0.000002008692	
727.220000	-0.000002023819	
727.420000	-0.000002040804	
727.620000	-0.000002060426	
727.820000	-0.000002084160	
728.020000	-0.000002115560	
728.220000	-0.000002176779	
728.420000	-0.000003001388	
728.620000	-0.000105394769	
728.820000	-0.003979675937	
729.020000	-0.008713943922	
729.220000	-0.012914103385	
729.420000	-0.014738174715	
729.620000	-0.014427539890	
729.820000	-0.013373095588	
730.020000	-0.012215555468	
730.220000	-0.011144657431	
730.420000	-0.010243610093	
730.620000	-0.009490510134	
730.820000	-0.008617189327	
731.020000	-0.007706924291	
731.220000	-0.006842201696	
731.420000	-0.006039514455	
731.620000	-0.005312555972	
731.820000	-0.004663818271	
748.080000	-0.000001478928	
748.280000	-0.000001473043	
748.480000	-0.000001468596	
748.680000	-0.000001465407	
748.880000	-0.000001463319	
749.080000	-0.000001462194	
749.280000	-0.000001461912	
749.480000	-0.000001462366	
749.680000	-0.000001463465	
749.880000	-0.000001465127	
750.080000	-0.000001467282	
750.280000	-0.000001469867	
750.480000	-0.000001472829	
750.680000	-0.000001476118	
750.880000	-0.000001479695	
751.080000	-0.000001483522	
751.280000	-0.000001487567	
751.480000	-0.000001491802	
751.680000	-0.000001496203	
751.880000	-0.000001500749	
752.080000	-0.000001505420	
752.280000	-0.000001510200	
752.480000	-0.000001515074	
752.680000	-0.000001520030	
752.880000	-0.000001525058	
753.080000	-0.000001530146	
753.280000	-0.000001535288	
753.480000	-0.000001540475	
753.680000	-0.000001545700	
753.880000	-0.000001550960	
754.080000	-0.000001556247	
754.280000	-0.000001561558	
754.480000	-0.000001566890	
754.680000	-0.000001572239	
754.880000	-0.000001577602	
755.080000	-0.000001582978	
755.280000	-0.000001588362	
755.480000	-0.000001593755	
755.680000	-0.000001599154	
755.880000	-0.000001604559	
756.080000	-0.000001609967	
756.280000	-0.000001615378	
756.480000	-0.000001620792	
756.680000	-0.000001626208	
756.880000	-0.000001631625	
757.080000	-0.000001637043	
757.280000	-0.000001642461	
757.480000	-0.000001647880	
757.680000	-0.000001653300	
757.880000	-0.000001658720	
758.080000	-0.000001664142	
758.280000	-0.000001669564	
758.480000	-0.000001674987	
758.680000	-0.000001680412	
758.880000	-0.000001685838	
759.080000	-0.000001691268	
759.280000	-0.000001696700	
759.480000	-0.000001702136	
759.680000	-0.000001707575	
759.880000	-0.000001713020	
760.080000	-0.000001718471	
760.280000	-0.000001723928	
760.480000	-0.000001729393	
760.680000	-0.000001734865	
760.880000	-0.000001740348	
761.080000	-0.000001745841	
761.280000	-0.000001751346	
761.480000	-0.000001756863	
761.680000	-0.000001762396	
761.880000	-0.000001767944	
762.080000	-0.000001773509	
762.280000	-0.000001779094	
762.480000	-0.000001784699	
762.680000	-0.000001790327	
762.880000	-0.000001795980	
763.080000	-0.000001801659	
763.280000	-0.000001807368	
763.480000	-0.000001813108	
763.680000	-0.000001818883	
763.880000	-0.000001824695	
764.080000	-0.000001830547	
764.280000	-0.000001836443	
764.480000	-0.000001842386	
764.680000	-0.000001848379	
764.880000	-0.000001854429	
765.080000	-0.000001860537	
765.280000	-0.000001866711	
765.480000	-0.000001872955	
765.680000	-0.000001879276	
765.880000	-0.000001885679	
766.080000	-0.000001892172	
766.280000	-0.000001898763	
766.480000	-0.000001905462	
766.680000	-0.000001912277	
766.880000	-0.000001919220	
767.080000	-0.000001926303	
767.280000	-0.000001933540	
767.480000	-0.000001940948	
767.680000	-0.000001948544	
767.880000	-0.000001956349	
768.080000	-0.000001964387	
768.280000	-0.000001972687	
768.480000	-0.000001981281	
768.680000	-0.000001990209	
768.880000	-0.000001999517	
769.080000	-0.000002009263	
769.280000	-0.000002019517	
769.480000	-0.000002030367	
769.680000	-0.000002041928	
769.880000	-0.000002054346	
770.080000	-0.000002067822	
770.280000	-0.000002082638	
770.480000	-0.000002099208	
770.680000	-0.000002118192	
770.880000	-0.000002140747	
771.080000	-0.000002169302	
771.280000	-0.000002211307	
771.480000	-0.000002501342	
771.680000	-0.000007016987	
771.880000	-0.002163318172	
772.080000	-0.006841934465	
772.280000	-0.011496623376	
772.480000	-0.014677918087	
772.680000	-0.015198419817	
772.880000	-0.014328436050	
773.080000	-0.013145530565	
773.280000	-0.011988741298	
773.480000	-0.010974529793	
773.680000	-0.010152403764	
773.880000	-0.009303462628	
774.080000	-0.008357431602	
774.280000	-0.007442073242	
774.480000	-0.006582810838	
774.680000	-0.005798231197	
774.880000	-0.005094720739	
775.080000	-0.004470194607	
794.200000	-0.000001397863	
794.400000	-0.000001401337	
794.600000	-0.000001405005	
794.800000	-0.000001408843	
795.000000	-0.000001412828	
795.200000	-0.000001416938	
795.400000	-0.000001421157	
795.600000	-0.000001425469	
795.800000	-0.000001429861	
796.000000	-0.000001434321	
796.200000	-0.000001438838	
796.400000	-0.000001443403	
796.600000	-0.000001448008	
796.800000	-0.000001452646	
797.000000	-0.000001457311	
797.200000	-0.000001461997	
797.400000	-0.000001466699	
797.600000	-0.000001471414	
797.800000	-0.000001476137	
798.000000	-0.000001480865	
798.200000	-0.000001485595	
798.400000	-0.000001490325	
798.600000	-0.000001495052	
798.800000	-0.000001499775	
799.000000	-0.000001504491	
799.200000	-0.000001509199	
799.400000	-0.000001513898	
799.600000	-0.000001518586	
799.800000	-0.000001523262	
800.000000	-0.000001527926	
800.200000	-0.000001532577	
800.400000	-0.000001537213	
800.600000	-0.000001541834	
800.800000	-0.000001546440	
801.000000	-0.000001551030	
801.200000	-0.000001555604	
801.400000	-0.000001560160	
801.600000	-0.000001564700	
801.800000	-0.000001569222	
802.000000	-0.000001573726	
802.200000	-0.000001578212	
802.400000	-0.000001582680	
802.600000	-0.000001587129	
802.800000	-0.000001591560	
803.000000	-0.000001595972	
803.200000	-0.000001600365	
803.400000	-0.000001604739	
803.600000	-0.000001609095	
803.800000	-0.000001613431	
804.000000	-0.000001617748	
804.200000	-0.000001622046	
804.400000	-0.000001626325	
804.600000	-0.000001630584	
804.800000	-0.000001634825	
805.000000	-0.000001639046	
805.200000	-0.000001643248	
805.400000	-0.000001647432	
805.600000	-0.000001651596	
805.800000	-0.000001655741	
806.000000	-0.000001659867	
806.200000	-0.000001663974	
806.400000	-0.000001668063	
806.600000	-0.000001672132	
806.800000	-0.000001676184	
807.000000	-0.000001680216	
807.200000	-0.000001684230	
807.400000	-0.000001688226	
807.600000	-0.000001692204	
807.800000	-0.000001696164	
808.000000	-0.000001700106	
808.200000	-0.000001704029	
808.400000	-0.000001707936	
808.600000	-0.000001711825	
808.800000	-0.000001715696	
809.000000	-0.000001719550	
809.200000	-0.000001723387	
809.400000	-0.000001727208	
809.600000	-0.000001731011	
809.800000	-0.000001734799	
810.000000	-0.000001738570	
810.200000	-0.000001742324	
810.400000	-0.000001746063	
810.600000	-0.000001749786	
810.800000	-0.000001753494	
811.000000	-0.000001757187	
811.200000	-0.000001760864	
811.400000	-0.000001764527	
811.600000	-0.000001768175	
811.800000	-0.000001771809	
812.000000	-0.000001775429	
812.200000	-0.000001779035	
812.400000	-0.000001782628	
812.600000	-0.000001786207	
812.800000	-0.000001789774	
813.000000	-0.000001793328	
813.200000	-0.000001796869	
813.400000	-0.000001800399	
813.600000	-0.000001803917	
813.800000	-0.000001807424	
814.000000	-0.000001810920	
814.200000	-0.000001814405	
814.400000	-0.000001817880	
814.600000	-0.000001821346	
814.800000	-0.000001824802	
815.000000	-0.000001828248	
815.200000	-0.000001831687	
815.400000	-0.000001835117	
815.600000	-0.000001838539	
815.800000	-0.000001841955	
816.000000	-0.000001845363	
816.200000	-0.000001848765	
816.400000	-0.000001852162	
816.600000	-0.000001855553	
816.800000	-0.000001858940	
817.000000	-0.000001862323	
817.200000	-0.000001865702	
817.400000	-0.000001869079	
817.600000	-0.000001872454	
817.800000	-0.000001875827	
818.000000	-0.000001879200	
818.200000	-0.000001882572	
818.400000	-0.000001885946	
818.600000	-0.000001889321	
818.800000	-0.000001892699	
819.000000	-0.000001896080	
819.200000	-0.000001899465	
819.400000	-0.000001902856	
819.600000	-0.000001906254	
819.800000	-0.000001909659	
820.000000	-0.000001913072	
820.200000	-0.000001916496	
820.400000	-0.000001919931	
820.600000	-0.000001923378	
820.800000	-0.000001926839	
821.000000	-0.000001930316	
821.200000	-0.000001933810	
821.400000	-0.000001937323	
821.600000	-0.000001940856	
821.800000	-0.000001944412	
822.000000	-0.000001947993	
822.200000	-0.000001951601	
822.400000	-0.000001955238	
822.600000	-0.000001958907	
822.800000	-0.000001962611	
823.000000	-0.000001966352	
823.200000	-0.000001970134	
823.400000	-0.000001973960	
823.600000	-0.000001977834	
823.800000	-0.000001981760	
824.000000	-0.000001985743	
824.200000	-0.000001989786	
824.400000	-0.000001993896	
824.600000	-0.000001998079	
824.800000	-0.000002002339	
825.000000	-0.000002006685	
825.200000	-0.000002011125	
825.400000	-0.000002015666	
825.600000	-0.000002020318	
825.800000	-0.000002025092	
826.000000	-0.000002030000	
826.200000	-0.000002035055	
826.400000	-0.000002040272	
826.600000	-0.000002045670	
826.800000	-0.000002051268	
827.000000	-0.000002057089	
827.200000	-0.000002063160	
827.400000	-0.000002069513	
827.600000	-0.000002076184	
827.800000	-0.000002083219	
828.000000	-0.000002090671	
828.200000	-0.000002098606	
828.400000	-0.000002107106	
828.600000	-0.000002116275	
828.800000	-0.000002126247	
829.000000	-0.000002137200	
829.200000	-0.000002149379	
829.400000	-0.000002163136	
829.600000	-0.000002179000	
829.800000	-0.000002197849	
830.000000	-0.000002221317	
830.200000	-0.000002253282	
830.400000	-0.000002315573	
830.600000	-0.000003239354	
830.800000	-0.000274824808	
831.000000	-0.004526356069	
831.200000	-0.009265815499	
831.400000	-0.013698722281	
831.600000	-0.015811887407	
831.800000	-0.015553439548	
832.000000	-0.014432978362	
832.200000	-0.013185721777	
832.400000	-0.012035374132	
832.600000	-0.011070619522	
832.800000	-0.010224151897	
833.000000	-0.009253430961	
833.200000	-0.008272510711	
833.400000	-0.007340389421	
833.600000	-0.006478539904	
833.800000	-0.005699997948	
834.000000	-0.005005851711	
854.000000	-0.000001243232	
863.280000	-0.000001403364	
863.480000	-0.000001406364	
863.680000	-0.000001409335	
863.880000	-0.000001412276	
864.080000	-0.000001415189	
864.280000	-0.000001418072	
864.480000	-0.000001420925	
864.680000	-0.000001423749	
864.880000	-0.000001426544	
865.080000	-0.000001429308	
865.280000	-0.000001432043	
865.480000	-0.000001434748	
865.680000	-0.000001437423	
865.880000	-0.000001440068	
866.080000	-0.000001442683	
866.280000	-0.000001445268	
866.480000	-0.000001447823	
866.680000	-0.000001450348	
866.880000	-0.000001452843	
867.080000	-0.000001455308	
867.280000	-0.000001457743	
867.480000	-0.000001460148	
867.680000	-0.000001462523	
867.880000	-0.000001464867	
868.080000	-0.000001467182	
868.280000	-0.000001469467	
868.480000	-0.000001471722	
868.680000	-0.000001473946	
868.880000	-0.000001476141	
869.080000	-0.000001478306	
869.280000	-0.000001480441	
869.480000	-0.000001482546	
869.680000	-0.000001484622	
869.880000	-0.000001486668	
870.080000	-0.000001488684	
870.280000	-0.000001490670	
870.480000	-0.000001492627	
870.680000	-0.000001494554	
870.880000	-0.000001496452	
871.080000	-0.000001498321	
871.280000	-0.000001500160	
871.480000	-0.000001501971	
871.680000	-0.000001503752	
871.880000	-0.000001505504	
872.080000	-0.000001507227	
872.280000	-0.000001508921	
872.480000	-0.000001510586	
872.680000	-0.000001512223	
872.880000	-0.000001513831	
873.080000	-0.000001515410	
873.280000	-0.000001516961	
873.480000	-0.000001518484	
873.680000	-0.000001519979	
873.880000	-0.000001521445	
874.080000	-0.000001522884	
874.280000	-0.000001524294	
874.480000	-0.000001525677	
874.680000	-0.000001527033	
874.880000	-0.000001528360	
875.080000	-0.000001529661	
875.280000	-0.000001530934	
875.480000	-0.000001532180	
875.680000	-0.000001533399	
875.880000	-0.000001534591	
876.080000	-0.000001535756	
876.280000	-0.000001536895	
876.480000	-0.000001538007	
876.680000	-0.000001539093	
876.880000	-0.000001540153	
877.080000	-0.000001541187	
877.280000	-0.000001542195	
877.480000	-0.000001543177	
877.680000	-0.000001544133	
877.880000	-0.000001545064	
878.080000	-0.000001545970	
878.280000	-0.000001546851	
878.480000	-0.000001547706	
878.680000	-0.000001548537	
878.880000	-0.000001549343	
879.080000	-0.000001550125	
879.280000	-0.000001550882	
879.480000	-0.000001551616	
879.680000	-0.000001552325	
879.880000	-0.000001553010	
880.080000	-0.000001553672	
880.280000	-0.000001554310	
880.480000	-0.000001554925	
880.680000	-0.000001555517	
880.880000	-0.000001556086	
881.080000	-0.000001556632	
881.280000	-0.000001557155	
881.480000	-0.000001557656	
881.680000	-0.000001558135	
881.880000	-0.000001558592	
882.080000	-0.000001559027	
882.280000	-0.000001559440	
882.480000	-0.000001559831	
882.680000	-0.000001560202	
882.880000	-0.000001560551	
883.080000	-0.000001560879	
883.280000	-0.000001561186	
883.480000	-0.000001561473	
883.680000	-0.000001561740	
883.880000	-0.000001561986	
884.080000	-0.000001562212	
884.280000	-0.000001562419	
884.480000	-0.000001562606	
884.680000	-0.000001562773	
884.880000	-0.000001562921	
885.080000	-0.000001563051	
885.280000	-0.000001563161	
885.480000	-0.000001563253	
885.680000	-0.000001563326	
885.880000	-0.000001563381	
886.080000	-0.000001563418	
886.280000	-0.000001563437	
886.480000	-0.000001563438	
886.680000	-0.000001563422	
886.880000	-0.000001563389	
887.080000	-0.000001563339	
887.280000	-0.000001563271	
887.480000	-0.000001563188	
887.680000	-0.000001563087	
887.880000	-0.000001562970	
888.080000	-0.000001562838	
888.280000	-0.000001562689	
888.480000	-0.000001562524	
888.680000	-0.000001562344	
888.880000	-0.000001562149	
889.080000	-0.000001561939	
889.280000	-0.000001561713	
889.480000	-0.000001561473	
889.680000	-0.000001561219	
889.880000	-0.000001560950	
890.080000	-0.000001560667	
890.280000	-0.000001560370	
890.480000	-0.000001560059	
890.680000	-0.000001559734	
890.880000	-0.000001559396	
891.080000	-0.000001559045	
891.280000	-0.000001558681	
891.480000	-0.000001558304	
891.680000	-0.000001557915	
891.880000	-0.000001557513	
892.080000	-0.000001557098	
892.280000	-0.000001556672	
892.480000	-0.000001556233	
892.680000	-0.000001555783	
892.880000	-0.000001555321	
893.080000	-0.000001554848	
893.280000	-0.000001554364	
893.480000	-0.000001553868	
893.680000	-0.000001553362	
893.880000	-0.000001552845	
894.080000	-0.000001552318	
894.280000	-0.000001551780	
894.480000	-0.000001551232	
894.680000	-0.000001550674	
894.880000	-0.000001550106	
895.080000	-0.000001549528	
895.280000	-0.000001548941	
895.480000	-0.000001548344	
895.680000	-0.000001547739	
895.880000	-0.000001547124	
896.080000	-0.000001546500	
896.280000	-0.000001545868	
896.480000	-0.000001545227	
896.680000	-0.000001544577	
896.880000	-0.000001543920	
897.080000	-0.000001543254	
897.280000	-0.000001542580	
897.480000	-0.000001541899	
897.680000	-0.000001541209	
897.880000	-0.000001540513	
898.080000	-0.000001539808	
898.280000	-0.000001539097	
898.480000	-0.000001538378	
898.680000	-0.000001537653	
898.880000	-0.000001536920	
899.080000	-0.000001536181	
899.280000	-0.000001535436	
899.480000	-0.000001534684	
899.680000	-0.000001533925	
899.880000	-0.000001533160	
900.080000	-0.000001532390	
900.280000	-0.000001531613	
900.480000	-0.000001530831	
900.680000	-0.000001530043	
900.880000	-0.000001529249	
901.080000	-0.000001528450	
901.280000	-0.000001527645	
901.480000	-0.000001526836	
901.680000	-0.000001526021	
901.880000	-0.000001525201	
902.080000	-0.000001524376	
902.280000	-0.000001523547	
902.480000	-0.000001522713	
902.680000	-0.000001521874	
902.880000	-0.000001521031	
903.080000	-0.000001520183	
903.280000	-0.000001519331	
903.480000	-0.000001518476	
903.680000	-0.000001517616	
903.880000	-0.000001516752	
904.080000	-0.000001515884	
904.280000	-0.000001515012	
904.480000	-0.000001514137	
904.680000	-0.000001513258	
904.880000	-0.000001512376	
905.080000	-0.000001511490	
905.280000	-0.000001510601	
905.480000	-0.000001509709	
905.680000	-0.000001508813	
905.880000	-0.000001507915	
906.080000	-0.000001507013	
906.280000	-0.000001506109	
906.480000	-0.000001505201	
906.680000	-0.000001504291	
906.880000	-0.000001503378	
907.080000	-0.000001502463	
907.280000	-0.000001501545	
907.480000	-0.000001500625	
907.680000	-0.000001499702	
907.880000	-0.000001498777	
908.080000	-0.000001497850	
908.280000	-0.000001496920	
908.480000	-0.000001495989	
908.680000	-0.000001495055	
908.880000	-0.000001494119	
909.080000	-0.000001493182	
909.280000	-0.000001492242	
909.480000	-0.000001491301	
909.680000	-0.000001490358	
909.880000	-0.000001489413	
910.080000	-0.000001488467	
910.280000	-0.000001487519	
910.480000	-0.000001486569	
910.680000	-0.000001485618	
910.880000	-0.000001484666	
911.080000	-0.000001483712	
911.280000	-0.000001482757	
911.480000	-0.000001481800	
911.680000	-0.000001480843	
911.880000	-0.000001479884	
912.080000	-0.000001478924	
912.280000	-0.000001477963	
912.480000	-0.000001477001	
912.680000	-0.000001476038	
912.880000	-0.000001475074	
913.080000	-0.000001474109	
913.280000	-0.000001473143	
913.480000	-0.000001472176	
913.680000	-0.000001471209	
913.880000	-0.000001470241	
914.080000	-0.000001469272	
914.280000	-0.000001468302	
914.480000	-0.000001467332	
914.680000	-0.000001466361	
914.880000	-0.000001465389	
915.080000	-0.000001464417	
915.280000	-0.000001463445	
915.480000	-0.000001462472	
915.680000	-0.000001461498	
915.880000	-0.000001460524	
916.080000	-0.000001459550	
916.280000	-0.000001458576	
916.480000	-0.000001457601	
916.680000	-0.000001456625	
916.880000	-0.000001455650	
917.080000	-0.000001454674	
917.280000	-0.000001453698	
917.480000	-0.000001452722	
937.480000	-0.000001356737	
957.480000	-0.000001267361	
977.480000	-0.000001184943	
997.480000	-0.000001108926	
1017.480000	-0.000001038880	
1037.480000	-0.000000974464	
1057.480000	-0.000000915368	
1077.480000	-0.000000861292	
1097.480000	-0.000000811935	
1117.480000	-0.000000766998	
1137.480000	-0.000000726183	
1157.480000	-0.000000689200	
1177.480000	-0.000000655765	
1197.480000	-0.000000625605	
1217.480000	-0.000000598457	
1237.480000	-0.000000574072	
1257.480000	-0.000000552215	
1277.480000	-0.000000532663	
1297.480000	-0.000000515208	
1317.480000	-0.000000499656	
1337.480000	-0.000000485826	
1357.480000	-0.000000473551	
1377.480000	-0.000000462676	
1397.480000	-0.000000453061	
1417.480000	-0.000000444574	
1437.480000	-0.000000437097	
1457.480000	-0.000000430522	
1477.480000	-0.000000424752	
1497.480000	-0.000000419697	
1517.480000	-0.000000415277	
1537.480000	-0.000000411421	
1557.480000	-0.000000408063	
1577.480000	-0.000000405145	
1597.480000	-0.000000402615	
1617.480000	-0.000000400426	
1637.480000	-0.000000398536	
1657.480000	-0.000000396909	
1677.480000	-0.000000395511	
1697.480000	-0.000000394312	
1717.480000	-0.000000393287	
1737.480000	-0.000000392413	
1757.480000	-0.000000391668	
1777.480000	-0.000000391035	
1797.480000	-0.000000390499	
1817.480000	-0.000000390044	
1837.480000	-0.000000389659	
1857.480000	-0.000000389333	
1877.480000	-0.000000389057	
1897.480000	-0.000000388822	
1917.480000	-0.000000388621	
1937.480000	-0.000000388449	
1957.480000	-0.000000388299	
1977.480000	-0.000000388168	
1997.480000	-0.000000388051	
2017.480000	-0.000000387946	
2037.480000	-0.000000387849	
2057.480000	-0.000000387758	
2077.480000	-0.000000387671	
2097.480000	-0.000000387587	
2117.480000	-0.000000387504	
2137.480000	-0.000000387421	
2157.480000	-0.000000387338	
2177.480000	-0.000000387253	
2197.480000	-0.000000387166	
2217.480000	-0.000000387077	
2237.480000	-0.000000386986	
2257.480000	-0.000000386892	
2277.480000	-0.000000386795	
2297.480000	-0.000000386696	
2317.480000	-0.000000386593	
2337.480000	-0.000000386489	
2357.480000	-0.000000386382	
2377.480000	-0.000000386272	
2397.480000	-0.000000386161	
2417.480000	-0.000000386048	
2437.480000	-0.000000385932	
2457.480000	-0.000000385816	
2477.480000	-0.000000385698	
2497.480000	-0.000000385579	
