0.000000	-0.000000001747	
20.000000	-0.000000001921	
40.000000	-0.000000001917	
60.000000	-0.000000001911	
80.000000	-0.000000001907	
100.000000	-0.000000001905	
120.000000	-0.000000000097	
140.000000	-0.000000000146	
160.000000	-0.000000000229	
180.000000	-0.000000000355	
200.000000	-0.000000000533	
220.000000	-0.000000000774	
240.000000	-0.000000001090	
260.000000	-0.000000001497	
280.000000	-0.000000002011	
300.000000	-0.000000002649	
320.000000	-0.000000003431	
340.000000	-0.000000004426	
360.000000	-0.000000005579	
380.000000	-0.000000006925	
400.000000	-0.000000008497	
420.000000	-0.000000010328	
440.000000	-0.000000012452	
460.000000	-0.000000014907	
480.000000	-0.000000017739	
500.000000	-0.000000021008	
520.000000	-0.000000028305	
540.000000	-0.000000037649	
560.000000	-0.000000050652	
567.640000	-0.000000059396	
567.840000	-0.000000059768	
568.040000	-0.000000060160	
568.240000	-0.000000060575	
568.440000	-0.000000061017	
568.640000	-0.000000061490	
568.840000	-0.000000062001	
569.040000	-0.000000062557	
569.240000	-0.000000063170	
569.440000	-0.000000063854	
569.640000	-0.000000064630	
569.840000	-0.000000065532	
570.040000	-0.000000066613	
570.240000	-0.000000067968	
570.440000	-0.000000069798	
570.640000	-0.000000072683	
570.840000	-0.000000082724	
571.040000	-0.000000220386	
571.240000	-0.000002126020	
571.440000	-0.000436786030	
571.640000	-0.003342115278	
571.840000	-0.009075670658	
572.040000	-0.016800595424	
572.240000	-0.024072944863	
572.440000	-0.027902540188	
572.640000	-0.027676318609	
572.840000	-0.023522705815	
573.040000	-0.016495661706	
573.240000	-0.009327338050	
573.440000	-0.004505960040	
573.640000	-0.002053402472	
573.840000	-0.000919022219	
593.840000	-0.000000042621	
602.340000	-0.000000056879	
602.540000	-0.000000057241	
602.740000	-0.000000057605	
602.940000	-0.000000057972	
603.140000	-0.000000058340	
603.340000	-0.000000058711	
603.540000	-0.000000059084	
603.740000	-0.000000059459	
603.940000	-0.000000059837	
604.140000	-0.000000060217	
604.340000	-0.000000060600	
604.540000	-0.000000060986	
604.740000	-0.000000061375	
604.940000	-0.000000061767	
605.140000	-0.000000062162	
605.340000	-0.000000062561	
605.540000	-0.000000062963	
605.740000	-0.000000063370	
605.940000	-0.000000063780	
606.140000	-0.000000064195	
606.340000	-0.000000064615	
606.540000	-0.000000065039	
606.740000	-0.000000065469	
606.940000	-0.000000065904	
607.140000	-0.000000066345	
607.340000	-0.000000066792	
607.540000	-0.000000067246	
607.740000	-0.000000067708	
607.940000	-0.000000068177	
608.140000	-0.000000068654	
608.340000	-0.000000069140	
608.540000	-0.000000069636	
608.740000	-0.000000070143	
608.940000	-0.000000070661	
609.140000	-0.000000071191	
609.340000	-0.000000071736	
609.540000	-0.000000072295	
609.740000	-0.000000072871	
609.940000	-0.000000073465	
610.140000	-0.000000074080	
610.340000	-0.000000074718	
610.540000	-0.000000075381	
610.740000	-0.000000076074	
610.940000	-0.000000076801	
611.140000	-0.000000077567	
611.340000	-0.000000078378	
611.540000	-0.000000079243	
611.740000	-0.000000080172	
611.940000	-0.000000081180	
612.140000	-0.000000082285	
612.340000	-0.000000083515	
612.540000	-0.000000084909	
612.740000	-0.000000086531	
612.940000	-0.000000088485	
613.140000	-0.000000090977	
613.340000	-0.000000094501	
613.540000	-0.000000101200	
613.740000	-0.000000172758	
613.940000	-0.000001073257	
614.140000	-0.000208085469	
614.340000	-0.002414055694	
614.540000	-0.007303801137	
614.740000	-0.014416277262	
614.940000	-0.021944323408	
615.140000	-0.026577577741	
615.340000	-0.027195701357	
615.540000	-0.023966241849	
615.740000	-0.017779912021	
615.940000	-0.010770395341	
616.140000	-0.005458899337	
616.340000	-0.002536853478	
616.540000	-0.001148664161	
616.740000	-0.000514964025	
636.740000	-0.000000054468	
636.940000	-0.000000054916	
637.140000	-0.000000055365	
637.340000	-0.000000055817	
637.540000	-0.000000056271	
637.740000	-0.000000056727	
637.940000	-0.000000057185	
638.140000	-0.000000057645	
638.340000	-0.000000058107	
638.540000	-0.000000058572	
638.740000	-0.000000059038	
638.940000	-0.000000059507	
639.140000	-0.000000059979	
639.340000	-0.000000060452	
639.540000	-0.000000060928	
639.740000	-0.000000061407	
639.940000	-0.000000061888	
640.140000	-0.000000062371	
640.340000	-0.000000062858	
640.540000	-0.000000063347	
640.740000	-0.000000063838	
640.940000	-0.000000064333	
641.140000	-0.000000064831	
641.340000	-0.000000065332	
641.540000	-0.000000065836	
641.740000	-0.000000066344	
641.940000	-0.000000066855	
642.140000	-0.000000067370	
642.340000	-0.000000067888	
642.540000	-0.000000068411	
642.740000	-0.000000068937	
642.940000	-0.000000069468	
643.140000	-0.000000070003	
643.340000	-0.000000070543	
643.540000	-0.000000071088	
643.740000	-0.000000071638	
643.940000	-0.000000072194	
644.140000	-0.000000072755	
644.340000	-0.000000073323	
644.540000	-0.000000073896	
644.740000	-0.000000074477	
644.940000	-0.000000075065	
645.140000	-0.000000075660	
645.340000	-0.000000076263	
645.540000	-0.000000076875	
645.740000	-0.000000077496	
645.940000	-0.000000078127	
646.140000	-0.000000078768	
646.340000	-0.000000079421	
646.540000	-0.000000080085	
646.740000	-0.000000080763	
646.940000	-0.000000081454	
647.140000	-0.000000082161	
647.340000	-0.000000082885	
647.540000	-0.000000083626	
647.740000	-0.000000084388	
647.940000	-0.000000085171	
648.140000	-0.000000085979	
648.340000	-0.000000086813	
648.540000	-0.000000087677	
648.740000	-0.000000088575	
648.940000	-0.000000089511	
649.140000	-0.000000090489	
649.340000	-0.000000091518	
649.540000	-0.000000092603	
649.740000	-0.000000093756	
649.940000	-0.000000094988	
650.140000	-0.000000096317	
650.340000	-0.000000097764	
650.540000	-0.000000099359	
650.740000	-0.000000101146	
650.940000	-0.000000103190	
651.140000	-0.000000105599	
651.340000	-0.000000108562	
651.540000	-0.000000112487	
651.740000	-0.000000118576	
651.940000	-0.000000143305	
652.140000	-0.000000499017	
652.340000	-0.000036636635	
652.540000	-0.001385824615	
652.740000	-0.005253569157	
652.940000	-0.011515215199	
653.140000	-0.019058885142	
653.340000	-0.024849417020	
653.540000	-0.026695411599	
653.740000	-0.024621524141	
653.940000	-0.019383610774	
654.140000	-0.012670100973	
654.340000	-0.006854040696	
654.540000	-0.003281274883	
654.740000	-0.001505985226	
654.940000	-0.000681087114	
655.140000	-0.000306642998	
655.340000	-0.000138569085	
671.880000	-0.000000053014	
672.080000	-0.000000053507	
672.280000	-0.000000054004	
672.480000	-0.000000054503	
672.680000	-0.000000055005	
672.880000	-0.000000055510	
673.080000	-0.000000056018	
673.280000	-0.000000056529	
673.480000	-0.000000057042	
673.680000	-0.000000057559	
673.880000	-0.000000058078	
674.080000	-0.000000058599	
674.280000	-0.000000059124	
674.480000	-0.000000059652	
674.680000	-0.000000060182	
674.880000	-0.000000060715	
675.080000	-0.000000061251	
675.280000	-0.000000061790	
675.480000	-0.000000062332	
675.680000	-0.000000062877	
675.880000	-0.000000063425	
676.080000	-0.000000063976	
676.280000	-0.000000064530	
676.480000	-0.000000065087	
676.680000	-0.000000065647	
676.880000	-0.000000066211	
677.080000	-0.000000066778	
677.280000	-0.000000067348	
677.480000	-0.000000067922	
677.680000	-0.000000068499	
677.880000	-0.000000069080	
678.080000	-0.000000069665	
678.280000	-0.000000070253	
678.480000	-0.000000070846	
678.680000	-0.000000071442	
678.880000	-0.000000072043	
679.080000	-0.000000072648	
679.280000	-0.000000073258	
679.480000	-0.000000073872	
679.680000	-0.000000074491	
679.880000	-0.000000075115	
680.080000	-0.000000075744	
680.280000	-0.000000076379	
680.480000	-0.000000077019	
680.680000	-0.000000077665	
680.880000	-0.000000078318	
681.080000	-0.000000078977	
681.280000	-0.000000079643	
681.480000	-0.000000080316	
681.680000	-0.000000080996	
681.880000	-0.000000081685	
682.080000	-0.000000082381	
682.280000	-0.000000083087	
682.480000	-0.000000083802	
682.680000	-0.000000084527	
682.880000	-0.000000085262	
683.080000	-0.000000086008	
683.280000	-0.000000086767	
683.480000	-0.000000087538	
683.680000	-0.000000088323	
683.880000	-0.000000089123	
684.080000	-0.000000089938	
684.280000	-0.000000090771	
684.480000	-0.000000091622	
684.680000	-0.000000092493	
684.880000	-0.000000093385	
685.080000	-0.000000094302	
685.280000	-0.000000095245	
685.480000	-0.000000096216	
685.680000	-0.000000097219	
685.880000	-0.000000098257	
686.080000	-0.000000099335	
686.280000	-0.000000100457	
686.480000	-0.000000101630	
686.680000	-0.000000102859	
686.880000	-0.000000104155	
687.080000	-0.000000105527	
687.280000	-0.000000106990	
687.480000	-0.000000108559	
687.680000	-0.000000110259	
687.880000	-0.000000112120	
688.080000	-0.000000114184	
688.280000	-0.000000116515	
688.480000	-0.000000119209	
688.680000	-0.000000122428	
688.880000	-0.000000126476	
689.080000	-0.000000132063	
689.280000	-0.000000141989	
689.480000	-0.000000233778	
689.680000	-0.000001909601	
689.880000	-0.000404790097	
690.080000	-0.002895108686	
690.280000	-0.007813058105	
690.480000	-0.014751884332	
690.680000	-0.021843111471	
690.880000	-0.025724873885	
691.080000	-0.025507271673	
691.280000	-0.021726132227	
691.480000	-0.015649573070	
691.680000	-0.009343099397	
691.880000	-0.004743452352	
692.080000	-0.002224723651	
692.280000	-0.001017452503	
692.480000	-0.000460596332	
692.680000	-0.000208352597	
692.880000	-0.000094874169	
708.420000	-0.000000051687	
708.620000	-0.000000052193	
708.820000	-0.000000052703	
709.020000	-0.000000053215	
709.220000	-0.000000053731	
709.420000	-0.000000054250	
709.620000	-0.000000054773	
709.820000	-0.000000055298	
710.020000	-0.000000055827	
710.220000	-0.000000056359	
710.420000	-0.000000056894	
710.620000	-0.000000057432	
710.820000	-0.000000057973	
711.020000	-0.000000058517	
711.220000	-0.000000059064	
711.420000	-0.000000059614	
711.620000	-0.000000060167	
711.820000	-0.000000060723	
712.020000	-0.000000061282	
712.220000	-0.000000061844	
712.420000	-0.000000062409	
712.620000	-0.000000062977	
712.820000	-0.000000063548	
713.020000	-0.000000064122	
713.220000	-0.000000064699	
713.420000	-0.000000065279	
713.620000	-0.000000065863	
713.820000	-0.000000066449	
714.020000	-0.000000067038	
714.220000	-0.000000067631	
714.420000	-0.000000068227	
714.620000	-0.000000068826	
714.820000	-0.000000069428	
715.020000	-0.000000070034	
715.220000	-0.000000070643	
715.420000	-0.000000071255	
715.620000	-0.000000071871	
715.820000	-0.000000072491	
716.020000	-0.000000073115	
716.220000	-0.000000073742	
716.420000	-0.000000074373	
716.620000	-0.000000075008	
716.820000	-0.000000075647	
717.020000	-0.000000076291	
717.220000	-0.000000076939	
717.420000	-0.000000077591	
717.620000	-0.000000078248	
717.820000	-0.000000078910	
718.020000	-0.000000079577	
718.220000	-0.000000080249	
718.420000	-0.000000080926	
718.620000	-0.000000081609	
718.820000	-0.000000082298	
719.020000	-0.000000082993	
719.220000	-0.000000083694	
719.420000	-0.000000084402	
719.620000	-0.000000085117	
719.820000	-0.000000085839	
720.020000	-0.000000086569	
720.220000	-0.000000087307	
720.420000	-0.000000088053	
720.620000	-0.000000088808	
720.820000	-0.000000089573	
721.020000	-0.000000090348	
721.220000	-0.000000091133	
721.420000	-0.000000091929	
721.620000	-0.000000092737	
721.820000	-0.000000093558	
722.020000	-0.000000094392	
722.220000	-0.000000095241	
722.420000	-0.000000096106	
722.620000	-0.000000096987	
722.820000	-0.000000097885	
723.020000	-0.000000098803	
723.220000	-0.000000099742	
723.420000	-0.000000100704	
723.620000	-0.000000101690	
723.820000	-0.000000102703	
724.020000	-0.000000103745	
724.220000	-0.000000104820	
724.420000	-0.000000105930	
724.620000	-0.000000107080	
724.820000	-0.000000108274	
725.020000	-0.000000109518	
725.220000	-0.000000110818	
725.420000	-0.000000112181	
725.620000	-0.000000113618	
725.820000	-0.000000115138	
726.020000	-0.000000116758	
726.220000	-0.000000118494	
726.420000	-0.000000120370	
726.620000	-0.000000122418	
726.820000	-0.000000124681	
727.020000	-0.000000127219	
727.220000	-0.000000130124	
727.420000	-0.000000133543	
727.620000	-0.000000137734	
727.820000	-0.000000143228	
728.020000	-0.000000151525	
728.220000	-0.000000179014	
728.420000	-0.000000622240	
728.620000	-0.000076943220	
728.820000	-0.001593217311	
729.020000	-0.005428567470	
729.220000	-0.011499287584	
729.420000	-0.018809033299	
729.620000	-0.024266160882	
729.820000	-0.025590331490	
730.020000	-0.023038161147	
730.220000	-0.017703302793	
730.420000	-0.011384732289	
730.620000	-0.006136791654	
730.820000	-0.002955074467	
731.020000	-0.001366819847	
731.220000	-0.000622780520	
731.420000	-0.000282414119	
731.620000	-0.000128530722	
731.820000	-0.000059089753	
748.080000	-0.000000050616	
748.280000	-0.000000051107	
748.480000	-0.000000051602	
748.680000	-0.000000052100	
748.880000	-0.000000052600	
749.080000	-0.000000053103	
749.280000	-0.000000053609	
749.480000	-0.000000054118	
749.680000	-0.000000054629	
749.880000	-0.000000055142	
750.080000	-0.000000055658	
750.280000	-0.000000056177	
750.480000	-0.000000056698	
750.680000	-0.000000057221	
750.880000	-0.000000057747	
751.080000	-0.000000058275	
751.280000	-0.000000058806	
751.480000	-0.000000059338	
751.680000	-0.000000059873	
751.880000	-0.000000060410	
752.080000	-0.000000060950	
752.280000	-0.000000061491	
752.480000	-0.000000062035	
752.680000	-0.000000062581	
752.880000	-0.000000063129	
753.080000	-0.000000063679	
753.280000	-0.000000064231	
753.480000	-0.000000064785	
753.680000	-0.000000065342	
753.880000	-0.000000065900	
754.080000	-0.000000066461	
754.280000	-0.000000067023	
754.480000	-0.000000067588	
754.680000	-0.000000068155	
754.880000	-0.000000068724	
755.080000	-0.000000069295	
755.280000	-0.000000069868	
755.480000	-0.000000070443	
755.680000	-0.000000071021	
755.880000	-0.000000071600	
756.080000	-0.000000072182	
756.280000	-0.000000072767	
756.480000	-0.000000073353	
756.680000	-0.000000073942	
756.880000	-0.000000074533	
757.080000	-0.000000075127	
757.280000	-0.000000075723	
757.480000	-0.000000076321	
757.680000	-0.000000076922	
757.880000	-0.000000077526	
758.080000	-0.000000078133	
758.280000	-0.000000078742	
758.480000	-0.000000079354	
758.680000	-0.000000079969	
758.880000	-0.000000080587	
759.080000	-0.000000081209	
759.280000	-0.000000081833	
759.480000	-0.000000082461	
759.680000	-0.000000083093	
759.880000	-0.000000083728	
760.080000	-0.000000084366	
760.280000	-0.000000085009	
760.480000	-0.000000085656	
760.680000	-0.000000086307	
760.880000	-0.000000086962	
761.080000	-0.000000087622	
761.280000	-0.000000088287	
761.480000	-0.000000088956	
761.680000	-0.000000089632	
761.880000	-0.000000090312	
762.080000	-0.000000090999	
762.280000	-0.000000091691	
762.480000	-0.000000092390	
762.680000	-0.000000093096	
762.880000	-0.000000093809	
763.080000	-0.000000094529	
763.280000	-0.000000095257	
763.480000	-0.000000095994	
763.680000	-0.000000096740	
763.880000	-0.000000097495	
764.080000	-0.000000098260	
764.280000	-0.000000099036	
764.480000	-0.000000099823	
764.680000	-0.000000100622	
764.880000	-0.000000101434	
765.080000	-0.000000102260	
765.280000	-0.000000103101	
765.480000	-0.000000103958	
765.680000	-0.000000104833	
765.880000	-0.000000105725	
766.080000	-0.000000106638	
766.280000	-0.000000107573	
766.480000	-0.000000108531	
766.680000	-0.000000109515	
766.880000	-0.000000110527	
767.080000	-0.000000111569	
767.280000	-0.000000112646	
767.480000	-0.000000113760	
767.680000	-0.000000114916	
767.880000	-0.000000116119	
768.080000	-0.000000117373	
768.280000	-0.000000118687	
768.480000	-0.000000120067	
768.680000	-0.000000121523	
768.880000	-0.000000123067	
769.080000	-0.000000124714	
769.280000	-0.000000126482	
769.480000	-0.000000128395	
769.680000	-0.000000130483	
769.880000	-0.000000132788	
770.080000	-0.000000135369	
770.280000	-0.000000138311	
770.480000	-0.000000141745	
770.680000	-0.000000145891	
770.880000	-0.000000151166	
771.080000	-0.000000158550	
771.280000	-0.000000172142	
771.480000	-0.000000314261	
771.680000	-0.000005040444	
771.880000	-0.000701744413	
772.080000	-0.003507484337	
772.280000	-0.008562017017	
772.480000	-0.015462094950	
772.680000	-0.022155024517	
772.880000	-0.025201316234	
773.080000	-0.024033343098	
773.280000	-0.019598632675	
773.480000	-0.013493887060	
773.680000	-0.007758738325	
773.880000	-0.003871279184	
774.080000	-0.001814155735	
774.280000	-0.000831873735	
774.480000	-0.000378096404	
774.680000	-0.000171955517	
774.880000	-0.000078800955	
775.080000	-0.000036600177	
794.200000	-0.000000049792	
794.400000	-0.000000050230	
794.600000	-0.000000050670	
794.800000	-0.000000051110	
795.000000	-0.000000051552	
795.200000	-0.000000051994	
795.400000	-0.000000052437	
795.600000	-0.000000052882	
795.800000	-0.000000053327	
796.000000	-0.000000053773	
796.200000	-0.000000054220	
796.400000	-0.000000054668	
796.600000	-0.000000055116	
796.800000	-0.000000055565	
797.000000	-0.000000056014	
797.200000	-0.000000056464	
797.400000	-0.000000056915	
797.600000	-0.000000057366	
797.800000	-0.000000057817	
798.000000	-0.000000058269	
798.200000	-0.000000058721	
798.400000	-0.000000059173	
798.600000	-0.000000059626	
798.800000	-0.000000060078	
799.000000	-0.000000060531	
799.200000	-0.000000060985	
799.400000	-0.000000061438	
799.600000	-0.000000061891	
799.800000	-0.000000062344	
800.000000	-0.000000062798	
800.200000	-0.000000063251	
800.400000	-0.000000063704	
800.600000	-0.000000064158	
800.800000	-0.000000064611	
801.000000	-0.000000065063	
801.200000	-0.000000065516	
801.400000	-0.000000065969	
801.600000	-0.000000066421	
801.800000	-0.000000066873	
802.000000	-0.000000067324	
802.200000	-0.000000067776	
802.400000	-0.000000068227	
802.600000	-0.000000068677	
802.800000	-0.000000069128	
803.000000	-0.000000069578	
803.200000	-0.000000070027	
803.400000	-0.000000070476	
803.600000	-0.000000070925	
803.800000	-0.000000071373	
804.000000	-0.000000071820	
804.200000	-0.000000072267	
804.400000	-0.000000072714	
804.600000	-0.000000073160	
804.800000	-0.000000073605	
805.000000	-0.000000074050	
805.200000	-0.000000074494	
805.400000	-0.000000074938	
805.600000	-0.000000075381	
805.800000	-0.000000075823	
806.000000	-0.000000076265	
806.200000	-0.000000076706	
806.400000	-0.000000077146	
806.600000	-0.000000077586	
806.800000	-0.000000078025	
807.000000	-0.000000078464	
807.200000	-0.000000078902	
807.400000	-0.000000079339	
807.600000	-0.000000079775	
807.800000	-0.000000080211	
808.000000	-0.000000080646	
808.200000	-0.000000081081	
808.400000	-0.000000081515	
808.600000	-0.000000081948	
808.800000	-0.000000082380	
809.000000	-0.000000082812	
809.200000	-0.000000083243	
809.400000	-0.000000083674	
809.600000	-0.000000084104	
809.800000	-0.000000084533	
810.000000	-0.000000084962	
810.200000	-0.000000085390	
810.400000	-0.000000085817	
810.600000	-0.000000086244	
810.800000	-0.000000086670	
811.000000	-0.000000087096	
811.200000	-0.000000087521	
811.400000	-0.000000087946	
811.600000	-0.000000088370	
811.800000	-0.000000088794	
812.000000	-0.000000089217	
812.200000	-0.000000089640	
812.400000	-0.000000090062	
812.600000	-0.000000090484	
812.800000	-0.000000090906	
813.000000	-0.000000091327	
813.200000	-0.000000091749	
813.400000	-0.000000092169	
813.600000	-0.000000092590	
813.800000	-0.000000093011	
814.000000	-0.000000093431	
814.200000	-0.000000093851	
814.400000	-0.000000094271	
814.600000	-0.000000094692	
814.800000	-0.000000095112	
815.000000	-0.000000095532	
815.200000	-0.000000095953	
815.400000	-0.000000096373	
815.600000	-0.000000096794	
815.800000	-0.000000097216	
816.000000	-0.000000097637	
816.200000	-0.000000098060	
816.400000	-0.000000098482	
816.600000	-0.000000098906	
816.800000	-0.000000099330	
817.000000	-0.000000099755	
817.200000	-0.000000100180	
817.400000	-0.000000100607	
817.600000	-0.000000101035	
817.800000	-0.000000101464	
818.000000	-0.000000101894	
818.200000	-0.000000102326	
818.400000	-0.000000102759	
818.600000	-0.000000103194	
818.800000	-0.000000103630	
819.000000	-0.000000104069	
819.200000	-0.000000104510	
819.400000	-0.000000104953	
819.600000	-0.000000105398	
819.800000	-0.000000105846	
820.000000	-0.000000106297	
820.200000	-0.000000106751	
820.400000	-0.000000107208	
820.600000	-0.000000107669	
820.800000	-0.000000108133	
821.000000	-0.000000108602	
821.200000	-0.000000109074	
821.400000	-0.000000109552	
821.600000	-0.000000110034	
821.800000	-0.000000110522	
822.000000	-0.000000111015	
822.200000	-0.000000111515	
822.400000	-0.000000112021	
822.600000	-0.000000112534	
822.800000	-0.000000113054	
823.000000	-0.000000113583	
823.200000	-0.000000114121	
823.400000	-0.000000114668	
823.600000	-0.000000115225	
823.800000	-0.000000115793	
824.000000	-0.000000116373	
824.200000	-0.000000116965	
824.400000	-0.000000117572	
824.600000	-0.000000118194	
824.800000	-0.000000118832	
825.000000	-0.000000119487	
825.200000	-0.000000120163	
825.400000	-0.000000120859	
825.600000	-0.000000121579	
825.800000	-0.000000122324	
826.000000	-0.000000123098	
826.200000	-0.000000123903	
826.400000	-0.000000124742	
826.600000	-0.000000125621	
826.800000	-0.000000126542	
827.000000	-0.000000127512	
827.200000	-0.000000128537	
827.400000	-0.000000129625	
827.600000	-0.000000130785	
827.800000	-0.000000132027	
828.000000	-0.000000133367	
828.200000	-0.000000134819	
828.400000	-0.000000136408	
828.600000	-0.000000138160	
828.800000	-0.000000140113	
829.000000	-0.000000142319	
829.200000	-0.000000144852	
829.400000	-0.000000147821	
829.600000	-0.000000151400	
829.800000	-0.000000155896	
830.000000	-0.000000161934	
830.200000	-0.000000171240	
830.400000	-0.000000201400	
830.600000	-0.000000736411	
830.800000	-0.000124541753	
831.000000	-0.001757867974	
831.200000	-0.005549075242	
831.400000	-0.011455635449	
831.600000	-0.018627433920	
831.800000	-0.023926910063	
832.000000	-0.024816533275	
832.200000	-0.021779119907	
832.400000	-0.016252112492	
832.600000	-0.010163230245	
832.800000	-0.005383067011	
833.000000	-0.002583447435	
833.200000	-0.001196913525	
833.400000	-0.000546468547	
833.600000	-0.000248548504	
833.800000	-0.000113520513	
834.000000	-0.000052382785	
854.000000	-0.000000036795	
863.280000	-0.000000049549	
863.480000	-0.000000049791	
863.680000	-0.000000050032	
863.880000	-0.000000050271	
864.080000	-0.000000050508	
864.280000	-0.000000050742	
864.480000	-0.000000050975	
864.680000	-0.000000051206	
864.880000	-0.000000051435	
865.080000	-0.000000051661	
865.280000	-0.000000051886	
865.480000	-0.000000052108	
865.680000	-0.000000052329	
865.880000	-0.000000052547	
866.080000	-0.000000052763	
866.280000	-0.000000052976	
866.480000	-0.000000053188	
866.680000	-0.000000053397	
866.880000	-0.000000053604	
867.080000	-0.000000053809	
867.280000	-0.000000054011	
867.480000	-0.000000054211	
867.680000	-0.000000054409	
867.880000	-0.000000054605	
868.080000	-0.000000054798	
868.280000	-0.000000054989	
868.480000	-0.000000055177	
868.680000	-0.000000055363	
868.880000	-0.000000055546	
869.080000	-0.000000055728	
869.280000	-0.000000055906	
869.480000	-0.000000056083	
869.680000	-0.000000056257	
869.880000	-0.000000056428	
870.080000	-0.000000056597	
870.280000	-0.000000056763	
870.480000	-0.000000056928	
870.680000	-0.000000057089	
870.880000	-0.000000057248	
871.080000	-0.000000057405	
871.280000	-0.000000057559	
871.480000	-0.000000057711	
871.680000	-0.000000057860	
871.880000	-0.000000058006	
872.080000	-0.000000058150	
872.280000	-0.000000058292	
872.480000	-0.000000058431	
872.680000	-0.000000058568	
872.880000	-0.000000058702	
873.080000	-0.000000058833	
873.280000	-0.000000058962	
873.480000	-0.000000059089	
873.680000	-0.000000059213	
873.880000	-0.000000059334	
874.080000	-0.000000059453	
874.280000	-0.000000059570	
874.480000	-0.000000059684	
874.680000	-0.000000059796	
874.880000	-0.000000059905	
875.080000	-0.000000060011	
875.280000	-0.000000060115	
875.480000	-0.000000060217	
875.680000	-0.000000060316	
875.880000	-0.000000060413	
876.080000	-0.000000060507	
876.280000	-0.000000060599	
876.480000	-0.000000060688	
876.680000	-0.000000060775	
876.880000	-0.000000060860	
877.080000	-0.000000060942	
877.280000	-0.000000061022	
877.480000	-0.000000061099	
877.680000	-0.000000061174	
877.880000	-0.000000061246	
878.080000	-0.000000061317	
878.280000	-0.000000061384	
878.480000	-0.000000061450	
878.680000	-0.000000061513	
878.880000	-0.000000061574	
879.080000	-0.000000061633	
879.280000	-0.000000061689	
879.480000	-0.000000061743	
879.680000	-0.000000061795	
879.880000	-0.000000061845	
880.080000	-0.000000061892	
880.280000	-0.000000061937	
880.480000	-0.000000061980	
880.680000	-0.000000062021	
880.880000	-0.000000062059	
881.080000	-0.000000062096	
881.280000	-0.000000062130	
881.480000	-0.000000062162	
881.680000	-0.000000062192	
881.880000	-0.000000062220	
882.080000	-0.000000062246	
882.280000	-0.000000062270	
882.480000	-0.000000062292	
882.680000	-0.000000062312	
882.880000	-0.000000062330	
883.080000	-0.000000062345	
883.280000	-0.000000062359	
883.480000	-0.000000062371	
883.680000	-0.000000062381	
883.880000	-0.000000062389	
884.080000	-0.000000062396	
884.280000	-0.000000062400	
884.480000	-0.000000062403	
884.680000	-0.000000062403	
884.880000	-0.000000062402	
885.080000	-0.000000062399	
885.280000	-0.000000062395	
885.480000	-0.000000062388	
885.680000	-0.000000062380	
885.880000	-0.000000062370	
886.080000	-0.000000062359	
886.280000	-0.000000062346	
886.480000	-0.000000062331	
886.680000	-0.000000062314	
886.880000	-0.000000062296	
887.080000	-0.000000062277	
887.280000	-0.000000062255	
887.480000	-0.000000062233	
887.680000	-0.000000062208	
887.880000	-0.000000062182	
888.080000	-0.000000062155	
888.280000	-0.000000062126	
888.480000	-0.000000062096	
888.680000	-0.000000062065	
888.880000	-0.000000062032	
889.080000	-0.000000061997	
889.280000	-0.000000061961	
889.480000	-0.000000061924	
889.680000	-0.000000061886	
889.880000	-0.000000061846	
890.080000	-0.000000061805	
890.280000	-0.000000061763	
890.480000	-0.000000061720	
890.680000	-0.000000061675	
890.880000	-0.000000061629	
891.080000	-0.000000061582	
891.280000	-0.000000061534	
891.480000	-0.000000061484	
891.680000	-0.000000061434	
891.880000	-0.000000061382	
892.080000	-0.000000061329	
892.280000	-0.000000061276	
892.480000	-0.000000061221	
892.680000	-0.000000061165	
892.880000	-0.000000061108	
893.080000	-0.000000061050	
893.280000	-0.000000060991	
893.480000	-0.000000060932	
893.680000	-0.000000060871	
893.880000	-0.000000060809	
894.080000	-0.000000060747	
894.280000	-0.000000060683	
894.480000	-0.000000060619	
894.680000	-0.000000060554	
894.880000	-0.000000060488	
895.080000	-0.000000060421	
895.280000	-0.000000060354	
895.480000	-0.000000060286	
895.680000	-0.000000060217	
895.880000	-0.000000060147	
896.080000	-0.000000060076	
896.280000	-0.000000060005	
896.480000	-0.000000059933	
896.680000	-0.000000059860	
896.880000	-0.000000059787	
897.080000	-0.000000059713	
897.280000	-0.000000059639	
897.480000	-0.000000059563	
897.680000	-0.000000059488	
897.880000	-0.000000059411	
898.080000	-0.000000059334	
898.280000	-0.000000059257	
898.480000	-0.000000059179	
898.680000	-0.000000059100	
898.880000	-0.000000059021	
899.080000	-0.000000058941	
899.280000	-0.000000058861	
899.480000	-0.000000058781	
899.680000	-0.000000058700	
899.880000	-0.000000058618	
900.080000	-0.000000058536	
900.280000	-0.000000058454	
900.480000	-0.000000058371	
900.680000	-0.000000058288	
900.880000	-0.000000058204	
901.080000	-0.000000058120	
901.280000	-0.000000058036	
901.480000	-0.000000057951	
901.680000	-0.000000057866	
901.880000	-0.000000057781	
902.080000	-0.000000057695	
902.280000	-0.000000057609	
902.480000	-0.000000057523	
902.680000	-0.000000057436	
902.880000	-0.000000057349	
903.080000	-0.000000057262	
903.280000	-0.000000057174	
903.480000	-0.000000057087	
903.680000	-0.000000056999	
903.880000	-0.000000056911	
904.080000	-0.000000056822	
904.280000	-0.000000056734	
904.480000	-0.000000056645	
904.680000	-0.000000056556	
904.880000	-0.000000056467	
905.080000	-0.000000056377	
905.280000	-0.000000056288	
905.480000	-0.000000056198	
905.680000	-0.000000056108	
905.880000	-0.000000056018	
906.080000	-0.000000055928	
906.280000	-0.000000055837	
906.480000	-0.000000055747	
906.680000	-0.000000055656	
906.880000	-0.000000055566	
907.080000	-0.000000055475	
907.280000	-0.000000055384	
907.480000	-0.000000055293	
907.680000	-0.000000055202	
907.880000	-0.000000055111	
908.080000	-0.000000055020	
908.280000	-0.000000054928	
908.480000	-0.000000054837	
908.680000	-0.000000054745	
908.880000	-0.000000054654	
909.080000	-0.000000054562	
909.280000	-0.000000054471	
909.480000	-0.000000054379	
909.680000	-0.000000054288	
909.880000	-0.000000054196	
910.080000	-0.000000054104	
910.280000	-0.000000054012	
910.480000	-0.000000053921	
910.680000	-0.000000053829	
910.880000	-0.000000053737	
911.080000	-0.000000053646	
911.280000	-0.000000053554	
911.480000	-0.000000053462	
911.680000	-0.000000053370	
911.880000	-0.000000053279	
912.080000	-0.000000053187	
912.280000	-0.000000053096	
912.480000	-0.000000053004	
912.680000	-0.000000052912	
912.880000	-0.000000052821	
913.080000	-0.000000052729	
913.280000	-0.000000052638	
913.480000	-0.000000052547	
913.680000	-0.000000052455	
913.880000	-0.000000052364	
914.080000	-0.000000052273	
914.280000	-0.000000052182	
914.480000	-0.000000052090	
914.680000	-0.000000051999	
914.880000	-0.000000051908	
915.080000	-0.000000051818	
915.280000	-0.000000051727	
915.480000	-0.000000051636	
915.680000	-0.000000051545	
915.880000	-0.000000051455	
916.080000	-0.000000051364	
916.280000	-0.000000051274	
916.480000	-0.000000051184	
916.680000	-0.000000051093	
916.880000	-0.000000051003	
917.080000	-0.000000050913	
917.280000	-0.000000050823	
917.480000	-0.000000050733	
937.480000	-0.000000042420	
957.480000	-0.000000035522	
977.480000	-0.000000029835	
997.480000	-0.000000025136	
1017.480000	-0.000000021247	
1037.480000	-0.000000018028	
1057.480000	-0.000000015363	
1077.480000	-0.000000013155	
1097.480000	-0.000000011324	
1117.480000	-0.000000009805	
1137.480000	-0.000000008542	
1157.480000	-0.000000007490	
1177.480000	-0.000000006613	
1197.480000	-0.000000005879	
1217.480000	-0.000000005265	
1237.480000	-0.000000004749	
1257.480000	-0.000000004315	
1277.480000	-0.000000003949	
1297.480000	-0.000000003639	
1317.480000	-0.000000003377	
1337.480000	-0.000000003154	
1357.480000	-0.000000002965	
1377.480000	-0.000000002804	
1397.480000	-0.000000002667	
1417.480000	-0.000000002550	
1437.480000	-0.000000002450	
1457.480000	-0.000000002365	
1477.480000	-0.000000002293	
1497.480000	-0.000000002231	
1517.480000	-0.000000002178	
1537.480000	-0.000000002133	
1557.480000	-0.000000002095	
1577.480000	-0.000000002063	
1597.480000	-0.000000002036	
1617.480000	-0.000000002013	
1637.480000	-0.000000001994	
1657.480000	-0.000000001979	
1677.480000	-0.000000001966	
1697.480000	-0.000000001955	
1717.480000	-0.000000001947	
1737.480000	-0.000000001940	
1757.480000	-0.000000001935	
1777.480000	-0.000000001932	
1797.480000	-0.000000001929	
1817.480000	-0.000000001927	
1837.480000	-0.000000001926	
1857.480000	-0.000000001926	
1877.480000	-0.000000001926	
1897.480000	-0.000000001926	
1917.480000	-0.000000001927	
1937.480000	-0.000000001928	
1957.480000	-0.000000001930	
1977.480000	-0.000000001931	
1997.480000	-0.000000001933	
2017.480000	-0.000000001934	
2037.480000	-0.000000001936	
2057.480000	-0.000000001938	
2077.480000	-0.000000001939	
2097.480000	-0.000000001941	
2117.480000	-0.000000001943	
2137.480000	-0.000000001944	
2157.480000	-0.000000001945	
2177.480000	-0.000000001947	
2197.480000	-0.000000001948	
2217.480000	-0.000000001949	
2237.480000	-0.000000001950	
2257.480000	-0.000000001951	
2277.480000	-0.000000001952	
2297.480000	-0.000000001953	
2317.480000	-0.000000001954	
2337.480000	-0.000000001954	
2357.480000	-0.000000001955	
2377.480000	-0.000000001955	
2397.480000	-0.000000001956	
2417.480000	-0.000000001956	
2437.480000	-0.000000001956	
2457.480000	-0.000000001956	
2477.480000	-0.000000001957	
2497.480000	-0.000000001957	
