0.000000	0.000000000000	
20.000000	0.000000013496	
40.000000	0.000000028588	
60.000000	0.000000041719	
80.000000	0.000000053157	
100.000000	0.000000063272	
120.000000	-0.000000246581	
140.000000	-0.000000548284	
160.000000	-0.000000782213	
180.000000	-0.000000950903	
200.000000	-0.000001058199	
220.000000	-0.000001108922	
240.000000	-0.000001107691	
260.000000	-0.000001058601	
280.000000	-0.000000965212	
300.000000	-0.000000830609	
320.000000	-0.000000657466	
340.000000	-0.000000446225	
360.000000	-0.000000199811	
380.000000	0.000000078705	
400.000000	0.000000387347	
420.000000	0.000000724738	
440.000000	0.000001089893	
460.000000	0.000001482137	
480.000000	0.000001901099	
500.000000	0.000002346759	
520.000000	0.000002857288	
540.000000	0.000003455967	
560.000000	0.000004149539	
567.640000	0.000004447357	
567.840000	0.000004455562	
568.040000	0.000004463799	
568.240000	0.000004472068	
568.440000	0.000004480373	
568.640000	0.000004488715	
568.840000	0.000004497097	
569.040000	0.000004505523	
569.240000	0.000004513997	
569.440000	0.000004522523	
569.640000	0.000004531108	
569.840000	0.000004539760	
570.040000	0.000004548491	
570.240000	0.000004557317	
570.440000	0.000004566266	
570.640000	0.000004575391	
570.840000	0.000004584931	
571.040000	0.000004597829	
571.240000	0.000004629581	
571.440000	0.000008009408	
571.640000	0.000057239492	
571.840000	0.000190465467	
572.040000	0.000418373985	
572.240000	0.000726397350	
572.440000	0.001079339578	
572.640000	0.001437527412	
572.840000	0.001764186092	
573.040000	0.002028986327	
573.240000	0.002220273319	
573.440000	0.002351537643	
573.640000	0.002444441031	
573.840000	0.002514934704	
593.840000	0.002679879515	
602.340000	0.002568646603	
602.540000	0.002566086849	
602.740000	0.002563529699	
602.940000	0.002560975153	
603.140000	0.002558423205	
603.340000	0.002555873855	
603.540000	0.002553327100	
603.740000	0.002550782937	
603.940000	0.002548241364	
604.140000	0.002545702377	
604.340000	0.002543165976	
604.540000	0.002540632156	
604.740000	0.002538100917	
604.940000	0.002535572255	
605.140000	0.002533046168	
605.340000	0.002530522654	
605.540000	0.002528001709	
605.740000	0.002525483333	
605.940000	0.002522967522	
606.140000	0.002520454275	
606.340000	0.002517943588	
606.540000	0.002515435460	
606.740000	0.002512929888	
606.940000	0.002510426871	
607.140000	0.002507926405	
607.340000	0.002505428490	
607.540000	0.002502933122	
607.740000	0.002500440300	
607.940000	0.002497950021	
608.140000	0.002495462284	
608.340000	0.002492977087	
608.540000	0.002490494427	
608.740000	0.002488014304	
608.940000	0.002485536714	
609.140000	0.002483061657	
609.340000	0.002480589131	
609.540000	0.002478119135	
609.740000	0.002475651666	
609.940000	0.002473186724	
610.140000	0.002470724308	
610.340000	0.002468264416	
610.540000	0.002465807048	
610.740000	0.002463352204	
610.940000	0.002460899882	
611.140000	0.002458450084	
611.340000	0.002456002809	
611.540000	0.002453558058	
611.740000	0.002451115834	
611.940000	0.002448676138	
612.140000	0.002446238974	
612.340000	0.002443804347	
612.540000	0.002441372264	
612.740000	0.002438942736	
612.940000	0.002436515778	
613.140000	0.002434091415	
613.340000	0.002431669695	
613.540000	0.002429250740	
613.740000	0.002426836018	
613.940000	0.002424435528	
614.140000	0.002423221490	
614.340000	0.002456757212	
614.540000	0.002567023667	
614.740000	0.002770251004	
614.940000	0.003058564611	
615.140000	0.003400746058	
615.340000	0.003756037123	
615.540000	0.004087400808	
615.740000	0.004364449896	
615.940000	0.004571624855	
616.140000	0.004716191549	
616.340000	0.004817800578	
616.540000	0.004893586497	
616.740000	0.004953529040	
636.740000	0.004863173816	
636.940000	0.004858316268	
637.140000	0.004853463626	
637.340000	0.004848615888	
637.540000	0.004843773048	
637.740000	0.004838935105	
637.940000	0.004834102052	
638.140000	0.004829273886	
638.340000	0.004824450604	
638.540000	0.004819632200	
638.740000	0.004814818670	
638.940000	0.004810010011	
639.140000	0.004805206216	
639.340000	0.004800407283	
639.540000	0.004795613205	
639.740000	0.004790823980	
639.940000	0.004786039601	
640.140000	0.004781260065	
640.340000	0.004776485367	
640.540000	0.004771715503	
640.740000	0.004766950466	
640.940000	0.004762190254	
641.140000	0.004757434861	
641.340000	0.004752684283	
641.540000	0.004747938514	
641.740000	0.004743197551	
641.940000	0.004738461388	
642.140000	0.004733730022	
642.340000	0.004729003447	
642.540000	0.004724281659	
642.740000	0.004719564653	
642.940000	0.004714852424	
643.140000	0.004710144969	
643.340000	0.004705442282	
643.540000	0.004700744359	
643.740000	0.004696051195	
643.940000	0.004691362787	
644.140000	0.004686679128	
644.340000	0.004682000216	
644.540000	0.004677326046	
644.740000	0.004672656612	
644.940000	0.004667991912	
645.140000	0.004663331940	
645.340000	0.004658676692	
645.540000	0.004654026164	
645.740000	0.004649380352	
645.940000	0.004644739251	
646.140000	0.004640102858	
646.340000	0.004635471169	
646.540000	0.004630844179	
646.740000	0.004626221884	
646.940000	0.004621604281	
647.140000	0.004616991366	
647.340000	0.004612383135	
647.540000	0.004607779585	
647.740000	0.004603180712	
647.940000	0.004598586513	
648.140000	0.004593996984	
648.340000	0.004589412123	
648.540000	0.004584831927	
648.740000	0.004580256393	
648.940000	0.004575685518	
649.140000	0.004571119302	
649.340000	0.004566557741	
649.540000	0.004562000835	
649.740000	0.004557448584	
649.940000	0.004552900986	
650.140000	0.004548358043	
650.340000	0.004543819758	
650.540000	0.004539286133	
650.740000	0.004534757175	
650.940000	0.004530232892	
651.140000	0.004525713299	
651.340000	0.004521198418	
651.540000	0.004516688288	
651.740000	0.004512182993	
651.940000	0.004507683017	
652.140000	0.004503193777	
652.340000	0.004498837931	
652.540000	0.004513173545	
652.740000	0.004593288665	
652.940000	0.004761618242	
653.140000	0.005020019547	
653.340000	0.005344700248	
653.540000	0.005695082150	
653.740000	0.006032218175	
653.940000	0.006324065726	
654.140000	0.006550830379	
654.340000	0.006712713392	
654.540000	0.006826085657	
654.740000	0.006908913161	
654.940000	0.006973182076	
655.140000	0.007025225706	
655.340000	0.007068396581	
671.880000	0.006825316824	
672.080000	0.006818494962	
672.280000	0.006811679904	
672.480000	0.006804871655	
672.680000	0.006798070217	
672.880000	0.006791275591	
673.080000	0.006784487777	
673.280000	0.006777706777	
673.480000	0.006770932587	
673.680000	0.006764165206	
673.880000	0.006757404632	
674.080000	0.006750650862	
674.280000	0.006743903891	
674.480000	0.006737163716	
674.680000	0.006730430334	
674.880000	0.006723703738	
675.080000	0.006716983924	
675.280000	0.006710270888	
675.480000	0.006703564623	
675.680000	0.006696865125	
675.880000	0.006690172387	
676.080000	0.006683486405	
676.280000	0.006676807171	
676.480000	0.006670134681	
676.680000	0.006663468927	
676.880000	0.006656809905	
677.080000	0.006650157607	
677.280000	0.006643512027	
677.480000	0.006636873160	
677.680000	0.006630240999	
677.880000	0.006623615537	
678.080000	0.006616996768	
678.280000	0.006610384686	
678.480000	0.006603779285	
678.680000	0.006597180557	
678.880000	0.006590588497	
679.080000	0.006584003098	
679.280000	0.006577424354	
679.480000	0.006570852258	
679.680000	0.006564286804	
679.880000	0.006557727985	
680.080000	0.006551175795	
680.280000	0.006544630228	
680.480000	0.006538091278	
680.680000	0.006531558937	
680.880000	0.006525033200	
681.080000	0.006518514060	
681.280000	0.006512001512	
681.480000	0.006505495548	
681.680000	0.006498996163	
681.880000	0.006492503350	
682.080000	0.006486017103	
682.280000	0.006479537417	
682.480000	0.006473064284	
682.680000	0.006466597700	
682.880000	0.006460137657	
683.080000	0.006453684151	
683.280000	0.006447237175	
683.480000	0.006440796723	
683.680000	0.006434362789	
683.880000	0.006427935368	
684.080000	0.006421514455	
684.280000	0.006415100043	
684.480000	0.006408692127	
684.680000	0.006402290702	
684.880000	0.006395895762	
685.080000	0.006389507303	
685.280000	0.006383125319	
685.480000	0.006376749806	
685.680000	0.006370380758	
685.880000	0.006364018173	
686.080000	0.006357662044	
686.280000	0.006351312369	
686.480000	0.006344969143	
686.680000	0.006338632364	
686.880000	0.006332302029	
687.080000	0.006325978136	
687.280000	0.006319660682	
687.480000	0.006313349669	
687.680000	0.006307045095	
687.880000	0.006300746964	
688.080000	0.006294455279	
688.280000	0.006288170048	
688.480000	0.006281891282	
688.680000	0.006275618999	
688.880000	0.006269353231	
689.080000	0.006263094035	
689.280000	0.006256841560	
689.480000	0.006250597457	
689.680000	0.006244376044	
689.880000	0.006241715702	
690.080000	0.006282954710	
690.280000	0.006401583705	
690.480000	0.006611970558	
690.680000	0.006904122675	
690.880000	0.007243787864	
691.080000	0.007588624443	
691.280000	0.007902640646	
691.480000	0.008160044664	
691.680000	0.008351452623	
691.880000	0.008486490166	
692.080000	0.008582985894	
692.280000	0.008655771273	
692.480000	0.008713531741	
692.680000	0.008760805158	
692.880000	0.008800103830	
708.420000	0.008450868307	
708.620000	0.008442419188	
708.820000	0.008433978429	
709.020000	0.008425546042	
709.220000	0.008417122037	
709.420000	0.008408706420	
709.620000	0.008400299197	
709.820000	0.008391900372	
710.020000	0.008383509947	
710.220000	0.008375127922	
710.420000	0.008366754297	
710.620000	0.008358389071	
710.820000	0.008350032241	
711.020000	0.008341683805	
711.220000	0.008333343759	
711.420000	0.008325012098	
711.620000	0.008316688818	
711.820000	0.008308373913	
712.020000	0.008300067378	
712.220000	0.008291769207	
712.420000	0.008283479394	
712.620000	0.008275197931	
712.820000	0.008266924813	
713.020000	0.008258660033	
713.220000	0.008250403582	
713.420000	0.008242155455	
713.620000	0.008233915643	
713.820000	0.008225684140	
714.020000	0.008217460937	
714.220000	0.008209246027	
714.420000	0.008201039403	
714.620000	0.008192841055	
714.820000	0.008184650978	
715.020000	0.008176469162	
715.220000	0.008168295599	
715.420000	0.008160130283	
715.620000	0.008151973205	
715.820000	0.008143824356	
716.020000	0.008135683729	
716.220000	0.008127551316	
716.420000	0.008119427109	
716.620000	0.008111311100	
716.820000	0.008103203281	
717.020000	0.008095103643	
717.220000	0.008087012179	
717.420000	0.008078928881	
717.620000	0.008070853741	
717.820000	0.008062786751	
718.020000	0.008054727903	
718.220000	0.008046677188	
718.420000	0.008038634600	
718.620000	0.008030600129	
718.820000	0.008022573769	
719.020000	0.008014555511	
719.220000	0.008006545348	
719.420000	0.007998543271	
719.620000	0.007990549273	
719.820000	0.007982563346	
720.020000	0.007974585482	
720.220000	0.007966615674	
720.420000	0.007958653914	
720.620000	0.007950700194	
720.820000	0.007942754507	
721.020000	0.007934816844	
721.220000	0.007926887200	
721.420000	0.007918965566	
721.620000	0.007911051934	
721.820000	0.007903146297	
722.020000	0.007895248649	
722.220000	0.007887358982	
722.420000	0.007879477288	
722.620000	0.007871603560	
722.820000	0.007863737793	
723.020000	0.007855879977	
723.220000	0.007848030108	
723.420000	0.007840188178	
723.620000	0.007832354180	
723.820000	0.007824528108	
724.020000	0.007816709956	
724.220000	0.007808899717	
724.420000	0.007801097386	
724.620000	0.007793302957	
724.820000	0.007785516424	
725.020000	0.007777737783	
725.220000	0.007769967029	
725.420000	0.007762204156	
725.620000	0.007754449162	
725.820000	0.007746702042	
726.020000	0.007738962795	
726.220000	0.007731231418	
726.420000	0.007723507911	
726.620000	0.007715792276	
726.820000	0.007708084514	
727.020000	0.007700384632	
727.220000	0.007692692639	
727.420000	0.007685008551	
727.620000	0.007677332396	
727.820000	0.007669664218	
728.020000	0.007662004117	
728.220000	0.007654352580	
728.420000	0.007646715684	
728.620000	0.007639392817	
728.820000	0.007656215897	
729.020000	0.007739864204	
729.220000	0.007910758754	
729.420000	0.008171160801	
729.620000	0.008495965064	
729.820000	0.008842240713	
730.020000	0.009170000474	
730.220000	0.009449303062	
730.420000	0.009664686293	
730.620000	0.009819410958	
730.820000	0.009929385864	
731.020000	0.010010809397	
731.220000	0.010074407741	
731.420000	0.010125916597	
731.620000	0.010168439644	
731.820000	0.010203811071	
748.080000	0.009700536168	
748.280000	0.009690835047	
748.480000	0.009681143605	
748.680000	0.009671461846	
748.880000	0.009661789770	
749.080000	0.009652127377	
749.280000	0.009642474665	
749.480000	0.009632831631	
749.680000	0.009623198272	
749.880000	0.009613574583	
750.080000	0.009603960560	
750.280000	0.009594356198	
750.480000	0.009584761489	
750.680000	0.009575176428	
750.880000	0.009565601007	
751.080000	0.009556035219	
751.280000	0.009546479057	
751.480000	0.009536932513	
751.680000	0.009527395579	
751.880000	0.009517868247	
752.080000	0.009508350507	
752.280000	0.009498842353	
752.480000	0.009489343774	
752.680000	0.009479854762	
752.880000	0.009470375308	
753.080000	0.009460905403	
753.280000	0.009451445039	
753.480000	0.009441994205	
753.680000	0.009432552893	
753.880000	0.009423121093	
754.080000	0.009413698797	
754.280000	0.009404285995	
754.480000	0.009394882677	
754.680000	0.009385488835	
754.880000	0.009376104458	
755.080000	0.009366729538	
755.280000	0.009357364065	
755.480000	0.009348008030	
755.680000	0.009338661424	
755.880000	0.009329324236	
756.080000	0.009319996457	
756.280000	0.009310678079	
756.480000	0.009301369092	
756.680000	0.009292069485	
756.880000	0.009282779251	
757.080000	0.009273498380	
757.280000	0.009264226861	
757.480000	0.009254964687	
757.680000	0.009245711847	
757.880000	0.009236468332	
758.080000	0.009227234133	
758.280000	0.009218009240	
758.480000	0.009208793644	
758.680000	0.009199587337	
758.880000	0.009190390308	
759.080000	0.009181202548	
759.280000	0.009172024049	
759.480000	0.009162854801	
759.680000	0.009153694794	
759.880000	0.009144544019	
760.080000	0.009135402468	
760.280000	0.009126270132	
760.480000	0.009117147000	
760.680000	0.009108033064	
760.880000	0.009098928315	
761.080000	0.009089832744	
761.280000	0.009080746341	
761.480000	0.009071669098	
761.680000	0.009062601006	
761.880000	0.009053542056	
762.080000	0.009044492239	
762.280000	0.009035451545	
762.480000	0.009026419966	
762.680000	0.009017397494	
762.880000	0.009008384119	
763.080000	0.008999379833	
763.280000	0.008990384626	
763.480000	0.008981398490	
763.680000	0.008972421417	
763.880000	0.008963453398	
764.080000	0.008954494424	
764.280000	0.008945544487	
764.480000	0.008936603578	
764.680000	0.008927671689	
764.880000	0.008918748811	
765.080000	0.008909834937	
765.280000	0.008900930057	
765.480000	0.008892034165	
765.680000	0.008883147251	
765.880000	0.008874269307	
766.080000	0.008865400327	
766.280000	0.008856540302	
766.480000	0.008847689224	
766.680000	0.008838847085	
766.880000	0.008830013880	
767.080000	0.008821189599	
767.280000	0.008812374237	
767.480000	0.008803567786	
767.680000	0.008794770240	
767.880000	0.008785981592	
768.080000	0.008777201836	
768.280000	0.008768430967	
768.480000	0.008759668979	
768.680000	0.008750915867	
768.880000	0.008742171628	
769.080000	0.008733436258	
769.280000	0.008724709754	
769.480000	0.008715992115	
769.680000	0.008707283341	
769.880000	0.008698583434	
770.080000	0.008689892398	
770.280000	0.008681210242	
770.480000	0.008672536979	
770.680000	0.008663872633	
770.880000	0.008655217241	
771.080000	0.008646570877	
771.280000	0.008637933737	
771.480000	0.008629308160	
771.680000	0.008620720770	
771.880000	0.008620686524	
772.080000	0.008673479502	
772.280000	0.008805391170	
772.480000	0.009029283722	
772.680000	0.009332093741	
772.880000	0.009675305840	
773.080000	0.010014513105	
773.280000	0.010314891699	
773.480000	0.010555288698	
773.680000	0.010732343871	
773.880000	0.010858632963	
774.080000	0.010950927844	
774.280000	0.011021957237	
774.480000	0.011078929484	
774.680000	0.011125701204	
774.880000	0.011164493630	
775.080000	0.011196719454	
794.200000	0.010452667512	
794.400000	0.010442212471	
794.600000	0.010431767943	
794.800000	0.010421333918	
795.000000	0.010410910387	
795.200000	0.010400497341	
795.400000	0.010390094770	
795.600000	0.010379702664	
795.800000	0.010369321015	
796.000000	0.010358949811	
796.200000	0.010348589043	
796.400000	0.010338238702	
796.600000	0.010327898776	
796.800000	0.010317569256	
797.000000	0.010307250132	
797.200000	0.010296941393	
797.400000	0.010286643029	
797.600000	0.010276355030	
797.800000	0.010266077385	
798.000000	0.010255810084	
798.200000	0.010245553116	
798.400000	0.010235306472	
798.600000	0.010225070141	
798.800000	0.010214844112	
799.000000	0.010204628376	
799.200000	0.010194422920	
799.400000	0.010184227736	
799.600000	0.010174042813	
799.800000	0.010163868140	
800.000000	0.010153703707	
800.200000	0.010143549503	
800.400000	0.010133405519	
800.600000	0.010123271743	
800.800000	0.010113148165	
801.000000	0.010103034775	
801.200000	0.010092931562	
801.400000	0.010082838516	
801.600000	0.010072755627	
801.800000	0.010062682884	
802.000000	0.010052620278	
802.200000	0.010042567796	
802.400000	0.010032525430	
802.600000	0.010022493168	
802.800000	0.010012471001	
803.000000	0.010002458918	
803.200000	0.009992456909	
803.400000	0.009982464964	
803.600000	0.009972483072	
803.800000	0.009962511222	
804.000000	0.009952549405	
804.200000	0.009942597611	
804.400000	0.009932655829	
804.600000	0.009922724049	
804.800000	0.009912802260	
805.000000	0.009902890453	
805.200000	0.009892988616	
805.400000	0.009883096741	
805.600000	0.009873214817	
805.800000	0.009863342834	
806.000000	0.009853480780	
806.200000	0.009843628648	
806.400000	0.009833786425	
806.600000	0.009823954102	
806.800000	0.009814131669	
807.000000	0.009804319116	
807.200000	0.009794516433	
807.400000	0.009784723609	
807.600000	0.009774940635	
807.800000	0.009765167500	
808.000000	0.009755404195	
808.200000	0.009745650708	
808.400000	0.009735907032	
808.600000	0.009726173154	
808.800000	0.009716449066	
809.000000	0.009706734757	
809.200000	0.009697030217	
809.400000	0.009687335437	
809.600000	0.009677650406	
809.800000	0.009667975114	
810.000000	0.009658309552	
810.200000	0.009648653709	
810.400000	0.009639007576	
810.600000	0.009629371143	
810.800000	0.009619744399	
811.000000	0.009610127336	
811.200000	0.009600519943	
811.400000	0.009590922210	
811.600000	0.009581334127	
811.800000	0.009571755685	
812.000000	0.009562186874	
812.200000	0.009552627684	
812.400000	0.009543078105	
812.600000	0.009533538127	
812.800000	0.009524007742	
813.000000	0.009514486938	
813.200000	0.009504975706	
813.400000	0.009495474037	
813.600000	0.009485981921	
813.800000	0.009476499347	
814.000000	0.009467026308	
814.200000	0.009457562792	
814.400000	0.009448108790	
814.600000	0.009438664292	
814.800000	0.009429229290	
815.000000	0.009419803773	
815.200000	0.009410387731	
815.400000	0.009400981156	
815.600000	0.009391584037	
815.800000	0.009382196365	
816.000000	0.009372818130	
816.200000	0.009363449324	
816.400000	0.009354089936	
816.600000	0.009344739957	
816.800000	0.009335399377	
817.000000	0.009326068188	
817.200000	0.009316746379	
817.400000	0.009307433941	
817.600000	0.009298130865	
817.800000	0.009288837142	
818.000000	0.009279552761	
818.200000	0.009270277715	
818.400000	0.009261011992	
818.600000	0.009251755585	
818.800000	0.009242508484	
819.000000	0.009233270679	
819.200000	0.009224042161	
819.400000	0.009214822922	
819.600000	0.009205612951	
819.800000	0.009196412240	
820.000000	0.009187220779	
820.200000	0.009178038560	
820.400000	0.009168865573	
820.600000	0.009159701810	
820.800000	0.009150547260	
821.000000	0.009141401915	
821.200000	0.009132265767	
821.400000	0.009123138805	
821.600000	0.009114021022	
821.800000	0.009104912408	
822.000000	0.009095812954	
822.200000	0.009086722652	
822.400000	0.009077641493	
822.600000	0.009068569467	
822.800000	0.009059506567	
823.000000	0.009050452783	
823.200000	0.009041408107	
823.400000	0.009032372531	
823.600000	0.009023346045	
823.800000	0.009014328641	
824.000000	0.009005320312	
824.200000	0.008996321048	
824.400000	0.008987330841	
824.600000	0.008978349684	
824.800000	0.008969377567	
825.000000	0.008960414484	
825.200000	0.008951460425	
825.400000	0.008942515384	
825.600000	0.008933579352	
825.800000	0.008924652322	
826.000000	0.008915734287	
826.200000	0.008906825240	
826.400000	0.008897925172	
826.600000	0.008889034079	
826.800000	0.008880151952	
827.000000	0.008871278787	
827.200000	0.008862414576	
827.400000	0.008853559315	
827.600000	0.008844712998	
827.800000	0.008835875621	
828.000000	0.008827047180	
828.200000	0.008818227673	
828.400000	0.008809417096	
828.600000	0.008800615451	
828.800000	0.008791822737	
829.000000	0.008783038959	
829.200000	0.008774264123	
829.400000	0.008765498240	
829.600000	0.008756741329	
829.800000	0.008747993420	
830.000000	0.008739254567	
830.200000	0.008730524878	
830.400000	0.008721804865	
830.600000	0.008713101287	
830.800000	0.008705067402	
831.000000	0.008726323711	
831.200000	0.008815183773	
831.400000	0.008991245603	
831.600000	0.009258142362	
831.800000	0.009589707171	
832.000000	0.009939735034	
832.200000	0.010266013009	
832.400000	0.010539934896	
832.600000	0.010749685364	
832.800000	0.010901616568	
833.000000	0.011011855284	
833.200000	0.011095347739	
833.400000	0.011161619111	
833.600000	0.011215791775	
833.800000	0.011260732410	
834.000000	0.011298195590	
854.000000	0.010532383204	
863.280000	0.010054467122	
863.480000	0.010044410663	
863.680000	0.010034364306	
863.880000	0.010024328041	
864.080000	0.010014301858	
864.280000	0.010004285746	
864.480000	0.009994279694	
864.680000	0.009984283692	
864.880000	0.009974297730	
865.080000	0.009964321798	
865.280000	0.009954355884	
865.480000	0.009944399979	
865.680000	0.009934454073	
865.880000	0.009924518154	
866.080000	0.009914592213	
866.280000	0.009904676239	
866.480000	0.009894770221	
866.680000	0.009884874151	
866.880000	0.009874988016	
867.080000	0.009865111808	
867.280000	0.009855245515	
867.480000	0.009845389128	
867.680000	0.009835542635	
867.880000	0.009825706028	
868.080000	0.009815879295	
868.280000	0.009806062427	
868.480000	0.009796255413	
868.680000	0.009786458242	
868.880000	0.009776670906	
869.080000	0.009766893393	
869.280000	0.009757125693	
869.480000	0.009747367797	
869.680000	0.009737619694	
869.880000	0.009727881374	
870.080000	0.009718152826	
870.280000	0.009708434041	
870.480000	0.009698725009	
870.680000	0.009689025719	
870.880000	0.009679336162	
871.080000	0.009669656327	
871.280000	0.009659986204	
871.480000	0.009650325783	
871.680000	0.009640675054	
871.880000	0.009631034008	
872.080000	0.009621402633	
872.280000	0.009611780921	
872.480000	0.009602168861	
872.680000	0.009592566442	
872.880000	0.009582973656	
873.080000	0.009573390492	
873.280000	0.009563816940	
873.480000	0.009554252990	
873.680000	0.009544698632	
873.880000	0.009535153857	
874.080000	0.009525618654	
874.280000	0.009516093014	
874.480000	0.009506576926	
874.680000	0.009497070381	
874.880000	0.009487573369	
875.080000	0.009478085880	
875.280000	0.009468607904	
875.480000	0.009459139432	
875.680000	0.009449680453	
875.880000	0.009440230958	
876.080000	0.009430790936	
876.280000	0.009421360379	
876.480000	0.009411939277	
876.680000	0.009402527619	
876.880000	0.009393125395	
877.080000	0.009383732597	
877.280000	0.009374349214	
877.480000	0.009364975237	
877.680000	0.009355610656	
877.880000	0.009346255461	
878.080000	0.009336909643	
878.280000	0.009327573192	
878.480000	0.009318246098	
878.680000	0.009308928351	
878.880000	0.009299619942	
879.080000	0.009290320862	
879.280000	0.009281031101	
879.480000	0.009271750648	
879.680000	0.009262479496	
879.880000	0.009253217633	
880.080000	0.009243965050	
880.280000	0.009234721739	
880.480000	0.009225487688	
880.680000	0.009216262890	
880.880000	0.009207047333	
881.080000	0.009197841009	
881.280000	0.009188643909	
881.480000	0.009179456022	
881.680000	0.009170277340	
881.880000	0.009161107852	
882.080000	0.009151947550	
882.280000	0.009142796424	
882.480000	0.009133654464	
882.680000	0.009124521661	
882.880000	0.009115398006	
883.080000	0.009106283489	
883.280000	0.009097178101	
883.480000	0.009088081832	
883.680000	0.009078994674	
883.880000	0.009069916616	
884.080000	0.009060847650	
884.280000	0.009051787766	
884.480000	0.009042736955	
884.680000	0.009033695208	
884.880000	0.009024662514	
885.080000	0.009015638866	
885.280000	0.009006624254	
885.480000	0.008997618667	
885.680000	0.008988622098	
885.880000	0.008979634537	
886.080000	0.008970655975	
886.280000	0.008961686403	
886.480000	0.008952725810	
886.680000	0.008943774189	
886.880000	0.008934831530	
887.080000	0.008925897823	
887.280000	0.008916973061	
887.480000	0.008908057233	
887.680000	0.008899150330	
887.880000	0.008890252344	
888.080000	0.008881363264	
888.280000	0.008872483083	
888.480000	0.008863611791	
888.680000	0.008854749379	
888.880000	0.008845895837	
889.080000	0.008837051158	
889.280000	0.008828215331	
889.480000	0.008819388348	
889.680000	0.008810570200	
889.880000	0.008801760878	
890.080000	0.008792960372	
890.280000	0.008784168674	
890.480000	0.008775385775	
890.680000	0.008766611665	
890.880000	0.008757846337	
891.080000	0.008749089781	
891.280000	0.008740341987	
891.480000	0.008731602948	
891.680000	0.008722872654	
891.880000	0.008714151096	
892.080000	0.008705438266	
892.280000	0.008696734154	
892.480000	0.008688038752	
892.680000	0.008679352050	
892.880000	0.008670674041	
893.080000	0.008662004715	
893.280000	0.008653344064	
893.480000	0.008644692077	
893.680000	0.008636048748	
893.880000	0.008627414067	
894.080000	0.008618788025	
894.280000	0.008610170613	
894.480000	0.008601561823	
894.680000	0.008592961646	
894.880000	0.008584370073	
895.080000	0.008575787096	
895.280000	0.008567212705	
895.480000	0.008558646893	
895.680000	0.008550089650	
895.880000	0.008541540968	
896.080000	0.008533000838	
896.280000	0.008524469251	
896.480000	0.008515946199	
896.680000	0.008507431673	
896.880000	0.008498925665	
897.080000	0.008490428165	
897.280000	0.008481939166	
897.480000	0.008473458658	
897.680000	0.008464986634	
897.880000	0.008456523084	
898.080000	0.008448068000	
898.280000	0.008439621373	
898.480000	0.008431183196	
898.680000	0.008422753458	
898.880000	0.008414332153	
899.080000	0.008405919270	
899.280000	0.008397514803	
899.480000	0.008389118742	
899.680000	0.008380731078	
899.880000	0.008372351804	
900.080000	0.008363980911	
900.280000	0.008355618390	
900.480000	0.008347264233	
900.680000	0.008338918432	
900.880000	0.008330580978	
901.080000	0.008322251862	
901.280000	0.008313931077	
901.480000	0.008305618614	
901.680000	0.008297314464	
901.880000	0.008289018620	
902.080000	0.008280731072	
902.280000	0.008272451812	
902.480000	0.008264180833	
902.680000	0.008255918125	
902.880000	0.008247663681	
903.080000	0.008239417492	
903.280000	0.008231179549	
903.480000	0.008222949845	
903.680000	0.008214728371	
903.880000	0.008206515119	
904.080000	0.008198310081	
904.280000	0.008190113248	
904.480000	0.008181924612	
904.680000	0.008173744166	
904.880000	0.008165571899	
905.080000	0.008157407805	
905.280000	0.008149251876	
905.480000	0.008141104102	
905.680000	0.008132964476	
905.880000	0.008124832989	
906.080000	0.008116709635	
906.280000	0.008108594403	
906.480000	0.008100487286	
906.680000	0.008092388276	
906.880000	0.008084297366	
907.080000	0.008076214545	
907.280000	0.008068139808	
907.480000	0.008060073144	
907.680000	0.008052014547	
907.880000	0.008043964008	
908.080000	0.008035921520	
908.280000	0.008027887073	
908.480000	0.008019860660	
908.680000	0.008011842273	
908.880000	0.008003831904	
909.080000	0.007995829545	
909.280000	0.007987835188	
909.480000	0.007979848824	
909.680000	0.007971870446	
909.880000	0.007963900046	
910.080000	0.007955937615	
910.280000	0.007947983146	
910.480000	0.007940036631	
910.680000	0.007932098061	
910.880000	0.007924167430	
911.080000	0.007916244728	
911.280000	0.007908329948	
911.480000	0.007900423082	
911.680000	0.007892524121	
911.880000	0.007884633059	
912.080000	0.007876749887	
912.280000	0.007868874598	
912.480000	0.007861007182	
912.680000	0.007853147633	
912.880000	0.007845295943	
913.080000	0.007837452103	
913.280000	0.007829616106	
913.480000	0.007821787944	
913.680000	0.007813967609	
913.880000	0.007806155093	
914.080000	0.007798350389	
914.280000	0.007790553489	
914.480000	0.007782764384	
914.680000	0.007774983067	
914.880000	0.007767209530	
915.080000	0.007759443766	
915.280000	0.007751685766	
915.480000	0.007743935523	
915.680000	0.007736193029	
915.880000	0.007728458277	
916.080000	0.007720731258	
916.280000	0.007713011964	
916.480000	0.007705300389	
916.680000	0.007697596524	
916.880000	0.007689900362	
917.080000	0.007682211895	
917.280000	0.007674531114	
917.480000	0.007666858014	
937.480000	0.006937042130	
957.480000	0.006276696785	
977.480000	0.005679208963	
997.480000	0.005138595100	
1017.480000	0.004649441070	
1037.480000	0.004206848139	
1057.480000	0.003806383970	
1077.480000	0.003444038240	
1097.480000	0.003116182469	
1117.480000	0.002819533651	
1137.480000	0.002551121358	
1157.480000	0.002308257962	
1177.480000	0.002088511710	
1197.480000	0.001889682345	
1217.480000	0.001709779069	
1237.480000	0.001547000588	
1257.480000	0.001399717069	
1277.480000	0.001266453813	
1297.480000	0.001145876481	
1317.480000	0.001036777730	
1337.480000	0.000938065124	
1357.480000	0.000848750191	
1377.480000	0.000767938527	
1397.480000	0.000694820845	
1417.480000	0.000628664865	
1437.480000	0.000568807994	
1457.480000	0.000514650686	
1477.480000	0.000465650446	
1497.480000	0.000421316403	
1517.480000	0.000381204391	
1537.480000	0.000344912513	
1557.480000	0.000312077112	
1577.480000	0.000282369138	
1597.480000	0.000255490853	
1617.480000	0.000231172853	
1637.480000	0.000209171370	
1657.480000	0.000189265837	
1677.480000	0.000171256676	
1697.480000	0.000154963305	
1717.480000	0.000140222330	
1737.480000	0.000126885907	
1757.480000	0.000114820265	
1777.480000	0.000103904368	
1797.480000	0.000094028701	
1817.480000	0.000085094173	
1837.480000	0.000077011128	
1857.480000	0.000069698446	
1877.480000	0.000063082731	
1897.480000	0.000057097576	
1917.480000	0.000051682894	
1937.480000	0.000046784325	
1957.480000	0.000042352683	
1977.480000	0.000038343467	
1997.480000	0.000034716415	
2017.480000	0.000031435100	
2037.480000	0.000028466565	
2057.480000	0.000025780993	
2077.480000	0.000023351407	
2097.480000	0.000021153401	
2117.480000	0.000019164894	
2137.480000	0.000017365911	
2157.480000	0.000015738378	
2177.480000	0.000014265946	
2197.480000	0.000012933822	
2217.480000	0.000011728626	
2237.480000	0.000010638251	
2257.480000	0.000009651745	
2277.480000	0.000008759200	
2297.480000	0.000007951654	
2317.480000	0.000007220998	
2337.480000	0.000006559898	
2357.480000	0.000005961718	
2377.480000	0.000005420455	
2397.480000	0.000004930679	
2417.480000	0.000004487479	
2437.480000	0.000004086410	
2457.480000	0.000003723455	
2477.480000	0.000003394976	
2497.480000	0.000003097684	
