0.000000	-0.000156296585	
20.000000	-0.000154233091	
40.000000	-0.000153237757	
60.000000	-0.000152682515	
80.000000	-0.000152374015	
100.000000	-0.000152200239	
120.000000	-0.000239500074	
140.000000	-0.000277008632	
160.000000	-0.000286921186	
180.000000	-0.000280202267	
200.000000	-0.000264465867	
220.000000	-0.000244756947	
240.000000	-0.000224065051	
260.000000	-0.000204037302	
280.000000	-0.000185491416	
300.000000	-0.000168753077	
320.000000	-0.000153869327	
340.000000	-0.000140531315	
360.000000	-0.000128867955	
380.000000	-0.000118701709	
400.000000	-0.000109811977	
420.000000	-0.000101993575	
440.000000	-0.000095070926	
460.000000	-0.000088897900	
480.000000	-0.000083353401	
500.000000	-0.000078336072	
520.000000	-0.000072359496	
540.000000	-0.000066226524	
560.000000	-0.000060204212	
567.640000	-0.000057712686	
567.840000	-0.000057636147	
568.040000	-0.000057557937	
568.240000	-0.000057477783	
568.440000	-0.000057395345	
568.640000	-0.000057310184	
568.840000	-0.000057221728	
569.040000	-0.000057129208	
569.240000	-0.000057031559	
569.440000	-0.000056927247	
569.640000	-0.000056813958	
569.840000	-0.000056687968	
570.040000	-0.000056542741	
570.240000	-0.000056365237	
570.440000	-0.000056123306	
570.640000	-0.000055693564	
570.840000	-0.000052489175	
571.040000	-0.000043249505	
571.240000	-0.000029720685	
571.440000	0.000019858491	
571.640000	0.000022072719	
571.840000	0.000014758916	
572.040000	0.000006849293	
572.240000	0.000001462658	
572.440000	-0.000000995960	
572.640000	-0.000002370580	
572.840000	-0.000003377366	
573.040000	-0.000004445797	
573.240000	-0.000006648582	
573.440000	-0.000008508583	
573.640000	-0.000009581951	
573.840000	-0.000010353156	
593.840000	-0.000033052813	
602.340000	-0.000036948802	
602.540000	-0.000037014502	
602.740000	-0.000037079123	
602.940000	-0.000037142670	
603.140000	-0.000037205147	
603.340000	-0.000037266558	
603.540000	-0.000037326908	
603.740000	-0.000037386200	
603.940000	-0.000037444437	
604.140000	-0.000037501621	
604.340000	-0.000037557754	
604.540000	-0.000037612839	
604.740000	-0.000037666876	
604.940000	-0.000037719865	
605.140000	-0.000037771808	
605.340000	-0.000037822702	
605.540000	-0.000037872547	
605.740000	-0.000037921340	
605.940000	-0.000037969078	
606.140000	-0.000038015757	
606.340000	-0.000038061373	
606.540000	-0.000038105919	
606.740000	-0.000038149389	
606.940000	-0.000038191773	
607.140000	-0.000038233061	
607.340000	-0.000038273242	
607.540000	-0.000038312303	
607.740000	-0.000038350227	
607.940000	-0.000038386996	
608.140000	-0.000038422590	
608.340000	-0.000038456984	
608.540000	-0.000038490152	
608.740000	-0.000038522062	
608.940000	-0.000038552677	
609.140000	-0.000038581954	
609.340000	-0.000038609847	
609.540000	-0.000038636296	
609.740000	-0.000038661237	
609.940000	-0.000038684591	
610.140000	-0.000038706265	
610.340000	-0.000038726150	
610.540000	-0.000038744114	
610.740000	-0.000038759994	
610.940000	-0.000038773593	
611.140000	-0.000038784664	
611.340000	-0.000038792895	
611.540000	-0.000038797882	
611.740000	-0.000038799092	
611.940000	-0.000038795800	
612.140000	-0.000038786990	
612.340000	-0.000038771172	
612.540000	-0.000038746039	
612.740000	-0.000038707740	
612.940000	-0.000038649128	
613.140000	-0.000038554534	
613.340000	-0.000038377214	
613.540000	-0.000037777475	
613.740000	-0.000032023480	
613.940000	-0.000023828800	
614.140000	0.000010518716	
614.340000	0.000016359890	
614.540000	0.000011869865	
614.740000	0.000006060125	
614.940000	0.000001655628	
615.140000	-0.000000457321	
615.340000	-0.000001515967	
615.540000	-0.000002208794	
615.740000	-0.000002832375	
615.940000	-0.000004033065	
616.140000	-0.000005447605	
616.340000	-0.000006313583	
616.540000	-0.000006960378	
616.740000	-0.000007475177	
636.740000	-0.000029512862	
636.940000	-0.000029627091	
637.140000	-0.000029739782	
637.340000	-0.000029850950	
637.540000	-0.000029960607	
637.740000	-0.000030068765	
637.940000	-0.000030175438	
638.140000	-0.000030280637	
638.340000	-0.000030384375	
638.540000	-0.000030486664	
638.740000	-0.000030587514	
638.940000	-0.000030686938	
639.140000	-0.000030784947	
639.340000	-0.000030881550	
639.540000	-0.000030976759	
639.740000	-0.000031070583	
639.940000	-0.000031163033	
640.140000	-0.000031254118	
640.340000	-0.000031343847	
640.540000	-0.000031432229	
640.740000	-0.000031519273	
640.940000	-0.000031604987	
641.140000	-0.000031689379	
641.340000	-0.000031772456	
641.540000	-0.000031854225	
641.740000	-0.000031934694	
641.940000	-0.000032013868	
642.140000	-0.000032091753	
642.340000	-0.000032168354	
642.540000	-0.000032243677	
642.740000	-0.000032317726	
642.940000	-0.000032390504	
643.140000	-0.000032462014	
643.340000	-0.000032532260	
643.540000	-0.000032601243	
643.740000	-0.000032668964	
643.940000	-0.000032735423	
644.140000	-0.000032800620	
644.340000	-0.000032864554	
644.540000	-0.000032927221	
644.740000	-0.000032988619	
644.940000	-0.000033048743	
645.140000	-0.000033107587	
645.340000	-0.000033165143	
645.540000	-0.000033221401	
645.740000	-0.000033276352	
645.940000	-0.000033329981	
646.140000	-0.000033382274	
646.340000	-0.000033433213	
646.540000	-0.000033482776	
646.740000	-0.000033530940	
646.940000	-0.000033577676	
647.140000	-0.000033622952	
647.340000	-0.000033666730	
647.540000	-0.000033708965	
647.740000	-0.000033749606	
647.940000	-0.000033788593	
648.140000	-0.000033825856	
648.340000	-0.000033861311	
648.540000	-0.000033894858	
648.740000	-0.000033926379	
648.940000	-0.000033955730	
649.140000	-0.000033982735	
649.340000	-0.000034007179	
649.540000	-0.000034028788	
649.740000	-0.000034047216	
649.940000	-0.000034062011	
650.140000	-0.000034072569	
650.340000	-0.000034078062	
650.540000	-0.000034077305	
650.740000	-0.000034068522	
650.940000	-0.000034048880	
651.140000	-0.000034013429	
651.340000	-0.000033952308	
651.540000	-0.000033840944	
651.740000	-0.000033579443	
651.940000	-0.000030890568	
652.140000	-0.000024306358	
652.340000	-0.000002975429	
652.540000	0.000015062904	
652.740000	0.000012531497	
652.940000	0.000007218900	
653.140000	0.000002614385	
653.340000	0.000000017042	
653.540000	-0.000001152112	
653.740000	-0.000001825791	
653.940000	-0.000002347027	
654.140000	-0.000003098662	
654.340000	-0.000004336873	
654.540000	-0.000005243351	
654.740000	-0.000005867512	
654.940000	-0.000006386704	
655.140000	-0.000006820402	
655.340000	-0.000007203099	
671.880000	-0.000026228969	
672.080000	-0.000026364713	
672.280000	-0.000026498662	
672.480000	-0.000026630834	
672.680000	-0.000026761245	
672.880000	-0.000026889912	
673.080000	-0.000027016851	
673.280000	-0.000027142078	
673.480000	-0.000027265609	
673.680000	-0.000027387459	
673.880000	-0.000027507645	
674.080000	-0.000027626182	
674.280000	-0.000027743084	
674.480000	-0.000027858366	
674.680000	-0.000027972043	
674.880000	-0.000028084128	
675.080000	-0.000028194637	
675.280000	-0.000028303582	
675.480000	-0.000028410977	
675.680000	-0.000028516835	
675.880000	-0.000028621170	
676.080000	-0.000028723993	
676.280000	-0.000028825318	
676.480000	-0.000028925156	
676.680000	-0.000029023519	
676.880000	-0.000029120419	
677.080000	-0.000029215867	
677.280000	-0.000029309873	
677.480000	-0.000029402449	
677.680000	-0.000029493605	
677.880000	-0.000029583350	
678.080000	-0.000029671694	
678.280000	-0.000029758646	
678.480000	-0.000029844215	
678.680000	-0.000029928410	
678.880000	-0.000030011238	
679.080000	-0.000030092707	
679.280000	-0.000030172825	
679.480000	-0.000030251597	
679.680000	-0.000030329030	
679.880000	-0.000030405130	
680.080000	-0.000030479902	
680.280000	-0.000030553350	
680.480000	-0.000030625478	
680.680000	-0.000030696290	
680.880000	-0.000030765788	
681.080000	-0.000030833974	
681.280000	-0.000030900849	
681.480000	-0.000030966414	
681.680000	-0.000031030667	
681.880000	-0.000031093607	
682.080000	-0.000031155230	
682.280000	-0.000031215534	
682.480000	-0.000031274512	
682.680000	-0.000031332158	
682.880000	-0.000031388463	
683.080000	-0.000031443417	
683.280000	-0.000031497008	
683.480000	-0.000031549221	
683.680000	-0.000031600039	
683.880000	-0.000031649443	
684.080000	-0.000031697409	
684.280000	-0.000031743910	
684.480000	-0.000031788916	
684.680000	-0.000031832389	
684.880000	-0.000031874289	
685.080000	-0.000031914566	
685.280000	-0.000031953163	
685.480000	-0.000031990014	
685.680000	-0.000032025041	
685.880000	-0.000032058150	
686.080000	-0.000032089231	
686.280000	-0.000032118152	
686.480000	-0.000032144753	
686.680000	-0.000032168837	
686.880000	-0.000032190161	
687.080000	-0.000032208418	
687.280000	-0.000032223215	
687.480000	-0.000032234037	
687.680000	-0.000032240192	
687.880000	-0.000032240715	
688.080000	-0.000032234214	
688.280000	-0.000032218560	
688.480000	-0.000032190264	
688.680000	-0.000032142984	
688.880000	-0.000032063213	
689.080000	-0.000031912494	
689.280000	-0.000031447748	
689.480000	-0.000026639383	
689.680000	-0.000017870886	
689.880000	0.000012345180	
690.080000	0.000014224919	
690.280000	0.000009808562	
690.480000	0.000004731926	
690.680000	0.000001045315	
690.880000	-0.000000660879	
691.080000	-0.000001493814	
691.280000	-0.000002024252	
691.480000	-0.000002506451	
691.680000	-0.000003491594	
691.880000	-0.000004555111	
692.080000	-0.000005242394	
692.280000	-0.000005790262	
692.480000	-0.000006250954	
692.680000	-0.000006648616	
692.880000	-0.000007009931	
708.420000	-0.000025189013	
708.620000	-0.000025332030	
708.820000	-0.000025473150	
709.020000	-0.000025612391	
709.220000	-0.000025749772	
709.420000	-0.000025885310	
709.620000	-0.000026019025	
709.820000	-0.000026150934	
710.020000	-0.000026281055	
710.220000	-0.000026409405	
710.420000	-0.000026536002	
710.620000	-0.000026660863	
710.820000	-0.000026784004	
711.020000	-0.000026905443	
711.220000	-0.000027025196	
711.420000	-0.000027143279	
711.620000	-0.000027259708	
711.820000	-0.000027374499	
712.020000	-0.000027487668	
712.220000	-0.000027599230	
712.420000	-0.000027709200	
712.620000	-0.000027817593	
712.820000	-0.000027924423	
713.020000	-0.000028029706	
713.220000	-0.000028133454	
713.420000	-0.000028235683	
713.620000	-0.000028336405	
713.820000	-0.000028435635	
714.020000	-0.000028533384	
714.220000	-0.000028629667	
714.420000	-0.000028724496	
714.620000	-0.000028817882	
714.820000	-0.000028909839	
715.020000	-0.000029000378	
715.220000	-0.000029089510	
715.420000	-0.000029177247	
715.620000	-0.000029263599	
715.820000	-0.000029348577	
716.020000	-0.000029432191	
716.220000	-0.000029514452	
716.420000	-0.000029595368	
716.620000	-0.000029674950	
716.820000	-0.000029753205	
717.020000	-0.000029830143	
717.220000	-0.000029905772	
717.420000	-0.000029980099	
717.620000	-0.000030053132	
717.820000	-0.000030124878	
718.020000	-0.000030195342	
718.220000	-0.000030264532	
718.420000	-0.000030332452	
718.620000	-0.000030399107	
718.820000	-0.000030464503	
719.020000	-0.000030528642	
719.220000	-0.000030591528	
719.420000	-0.000030653163	
719.620000	-0.000030713549	
719.820000	-0.000030772688	
720.020000	-0.000030830579	
720.220000	-0.000030887222	
720.420000	-0.000030942615	
720.620000	-0.000030996756	
720.820000	-0.000031049641	
721.020000	-0.000031101265	
721.220000	-0.000031151621	
721.420000	-0.000031200702	
721.620000	-0.000031248499	
721.820000	-0.000031295000	
722.020000	-0.000031340192	
722.220000	-0.000031384059	
722.420000	-0.000031426584	
722.620000	-0.000031467745	
722.820000	-0.000031507519	
723.020000	-0.000031545878	
723.220000	-0.000031582789	
723.420000	-0.000031618215	
723.620000	-0.000031652113	
723.820000	-0.000031684435	
724.020000	-0.000031715122	
724.220000	-0.000031744107	
724.420000	-0.000031771313	
724.620000	-0.000031796646	
724.820000	-0.000031819999	
725.020000	-0.000031841241	
725.220000	-0.000031860216	
725.420000	-0.000031876735	
725.620000	-0.000031890564	
725.820000	-0.000031901411	
726.020000	-0.000031908910	
726.220000	-0.000031912583	
726.420000	-0.000031911798	
726.620000	-0.000031905697	
726.820000	-0.000031893062	
727.020000	-0.000031872095	
727.220000	-0.000031839960	
727.420000	-0.000031791797	
727.620000	-0.000031718148	
727.820000	-0.000031596265	
728.020000	-0.000031340303	
728.220000	-0.000029154607	
728.420000	-0.000022333697	
728.620000	0.000002900173	
728.820000	0.000015075854	
729.020000	0.000012144601	
729.220000	0.000006895083	
729.420000	0.000002379690	
729.620000	-0.000000146853	
729.820000	-0.000001253269	
730.020000	-0.000001861176	
730.220000	-0.000002321070	
730.420000	-0.000003035279	
730.620000	-0.000004121358	
730.820000	-0.000004917118	
731.020000	-0.000005491283	
731.220000	-0.000005980613	
731.420000	-0.000006396439	
731.620000	-0.000006768205	
731.820000	-0.000007114683	
748.080000	-0.000025979532	
748.280000	-0.000026117647	
748.480000	-0.000026253917	
748.680000	-0.000026388361	
748.880000	-0.000026520999	
749.080000	-0.000026651848	
749.280000	-0.000026780927	
749.480000	-0.000026908255	
749.680000	-0.000027033850	
749.880000	-0.000027157730	
750.080000	-0.000027279913	
750.280000	-0.000027400417	
750.480000	-0.000027519258	
750.680000	-0.000027636455	
750.880000	-0.000027752024	
751.080000	-0.000027865983	
751.280000	-0.000027978347	
751.480000	-0.000028089134	
751.680000	-0.000028198359	
751.880000	-0.000028306039	
752.080000	-0.000028412190	
752.280000	-0.000028516827	
752.480000	-0.000028619966	
752.680000	-0.000028721622	
752.880000	-0.000028821809	
753.080000	-0.000028920544	
753.280000	-0.000029017840	
753.480000	-0.000029113712	
753.680000	-0.000029208174	
753.880000	-0.000029301240	
754.080000	-0.000029392925	
754.280000	-0.000029483240	
754.480000	-0.000029572200	
754.680000	-0.000029659819	
754.880000	-0.000029746108	
755.080000	-0.000029831081	
755.280000	-0.000029914749	
755.480000	-0.000029997126	
755.680000	-0.000030078223	
755.880000	-0.000030158053	
756.080000	-0.000030236626	
756.280000	-0.000030313954	
756.480000	-0.000030390048	
756.680000	-0.000030464919	
756.880000	-0.000030538577	
757.080000	-0.000030611033	
757.280000	-0.000030682298	
757.480000	-0.000030752380	
757.680000	-0.000030821290	
757.880000	-0.000030889037	
758.080000	-0.000030955630	
758.280000	-0.000031021078	
758.480000	-0.000031085389	
758.680000	-0.000031148571	
758.880000	-0.000031210633	
759.080000	-0.000031271583	
759.280000	-0.000031331426	
759.480000	-0.000031390172	
759.680000	-0.000031447825	
759.880000	-0.000031504394	
760.080000	-0.000031559882	
760.280000	-0.000031614297	
760.480000	-0.000031667644	
760.680000	-0.000031719927	
760.880000	-0.000031771150	
761.080000	-0.000031821318	
761.280000	-0.000031870434	
761.480000	-0.000031918501	
761.680000	-0.000031965522	
761.880000	-0.000032011499	
762.080000	-0.000032056432	
762.280000	-0.000032100324	
762.480000	-0.000032143173	
762.680000	-0.000032184979	
762.880000	-0.000032225741	
763.080000	-0.000032265456	
763.280000	-0.000032304122	
763.480000	-0.000032341734	
763.680000	-0.000032378288	
763.880000	-0.000032413777	
764.080000	-0.000032448193	
764.280000	-0.000032481528	
764.480000	-0.000032513772	
764.680000	-0.000032544912	
764.880000	-0.000032574935	
765.080000	-0.000032603825	
765.280000	-0.000032631563	
765.480000	-0.000032658130	
765.680000	-0.000032683500	
765.880000	-0.000032707648	
766.080000	-0.000032730542	
766.280000	-0.000032752148	
766.480000	-0.000032772425	
766.680000	-0.000032791327	
766.880000	-0.000032808802	
767.080000	-0.000032824790	
767.280000	-0.000032839220	
767.480000	-0.000032852011	
767.680000	-0.000032863068	
767.880000	-0.000032872280	
768.080000	-0.000032879514	
768.280000	-0.000032884613	
768.480000	-0.000032887386	
768.680000	-0.000032887603	
768.880000	-0.000032884977	
769.080000	-0.000032879148	
769.280000	-0.000032869659	
769.480000	-0.000032855910	
769.680000	-0.000032837098	
769.880000	-0.000032812111	
770.080000	-0.000032779343	
770.280000	-0.000032736349	
770.480000	-0.000032679128	
770.680000	-0.000032600409	
770.880000	-0.000032484644	
771.080000	-0.000032286782	
771.280000	-0.000031689813	
771.480000	-0.000026181817	
771.680000	-0.000013468395	
771.880000	0.000014874565	
772.080000	0.000014737875	
772.280000	0.000009678897	
772.480000	0.000004379299	
772.680000	0.000000696246	
772.880000	-0.000000946597	
773.080000	-0.000001734728	
773.280000	-0.000002237570	
773.480000	-0.000002758084	
773.680000	-0.000003803142	
773.880000	-0.000004756965	
774.080000	-0.000005396945	
774.280000	-0.000005926353	
774.480000	-0.000006368882	
774.680000	-0.000006756599	
774.880000	-0.000007113649	
775.080000	-0.000007453034	
794.200000	-0.000028839429	
794.400000	-0.000028959494	
794.600000	-0.000029077965	
794.800000	-0.000029194859	
795.000000	-0.000029310195	
795.200000	-0.000029423991	
795.400000	-0.000029536264	
795.600000	-0.000029647031	
795.800000	-0.000029756309	
796.000000	-0.000029864117	
796.200000	-0.000029970470	
796.400000	-0.000030075386	
796.600000	-0.000030178880	
796.800000	-0.000030280970	
797.000000	-0.000030381671	
797.200000	-0.000030481000	
797.400000	-0.000030578972	
797.600000	-0.000030675603	
797.800000	-0.000030770909	
798.000000	-0.000030864905	
798.200000	-0.000030957605	
798.400000	-0.000031049026	
798.600000	-0.000031139182	
798.800000	-0.000031228087	
799.000000	-0.000031315756	
799.200000	-0.000031402203	
799.400000	-0.000031487443	
799.600000	-0.000031571490	
799.800000	-0.000031654356	
800.000000	-0.000031736057	
800.200000	-0.000031816605	
800.400000	-0.000031896015	
800.600000	-0.000031974298	
800.800000	-0.000032051468	
801.000000	-0.000032127539	
801.200000	-0.000032202522	
801.400000	-0.000032276431	
801.600000	-0.000032349277	
801.800000	-0.000032421073	
802.000000	-0.000032491832	
802.200000	-0.000032561564	
802.400000	-0.000032630283	
802.600000	-0.000032697999	
802.800000	-0.000032764724	
803.000000	-0.000032830470	
803.200000	-0.000032895248	
803.400000	-0.000032959069	
803.600000	-0.000033021943	
803.800000	-0.000033083883	
804.000000	-0.000033144898	
804.200000	-0.000033204998	
804.400000	-0.000033264196	
804.600000	-0.000033322499	
804.800000	-0.000033379920	
805.000000	-0.000033436468	
805.200000	-0.000033492152	
805.400000	-0.000033546983	
805.600000	-0.000033600970	
805.800000	-0.000033654123	
806.000000	-0.000033706450	
806.200000	-0.000033757962	
806.400000	-0.000033808667	
806.600000	-0.000033858574	
806.800000	-0.000033907693	
807.000000	-0.000033956032	
807.200000	-0.000034003599	
807.400000	-0.000034050403	
807.600000	-0.000034096453	
807.800000	-0.000034141756	
808.000000	-0.000034186321	
808.200000	-0.000034230156	
808.400000	-0.000034273268	
808.600000	-0.000034315666	
808.800000	-0.000034357358	
809.000000	-0.000034398349	
809.200000	-0.000034438649	
809.400000	-0.000034478265	
809.600000	-0.000034517203	
809.800000	-0.000034555471	
810.000000	-0.000034593075	
810.200000	-0.000034630023	
810.400000	-0.000034666321	
810.600000	-0.000034701976	
810.800000	-0.000034736994	
811.000000	-0.000034771382	
811.200000	-0.000034805146	
811.400000	-0.000034838292	
811.600000	-0.000034870826	
811.800000	-0.000034902754	
812.000000	-0.000034934082	
812.200000	-0.000034964816	
812.400000	-0.000034994961	
812.600000	-0.000035024522	
812.800000	-0.000035053505	
813.000000	-0.000035081916	
813.200000	-0.000035109758	
813.400000	-0.000035137038	
813.600000	-0.000035163760	
813.800000	-0.000035189928	
814.000000	-0.000035215548	
814.200000	-0.000035240623	
814.400000	-0.000035265159	
814.600000	-0.000035289158	
814.800000	-0.000035312626	
815.000000	-0.000035335566	
815.200000	-0.000035357983	
815.400000	-0.000035379878	
815.600000	-0.000035401257	
815.800000	-0.000035422123	
816.000000	-0.000035442477	
816.200000	-0.000035462325	
816.400000	-0.000035481668	
816.600000	-0.000035500509	
816.800000	-0.000035518850	
817.000000	-0.000035536695	
817.200000	-0.000035554044	
817.400000	-0.000035570901	
817.600000	-0.000035587266	
817.800000	-0.000035603142	
818.000000	-0.000035618529	
818.200000	-0.000035633429	
818.400000	-0.000035647842	
818.600000	-0.000035661769	
818.800000	-0.000035675211	
819.000000	-0.000035688167	
819.200000	-0.000035700638	
819.400000	-0.000035712621	
819.600000	-0.000035724118	
819.800000	-0.000035735126	
820.000000	-0.000035745644	
820.200000	-0.000035755669	
820.400000	-0.000035765200	
820.600000	-0.000035774234	
820.800000	-0.000035782766	
821.000000	-0.000035790794	
821.200000	-0.000035798312	
821.400000	-0.000035805317	
821.600000	-0.000035811801	
821.800000	-0.000035817759	
822.000000	-0.000035823183	
822.200000	-0.000035828066	
822.400000	-0.000035832399	
822.600000	-0.000035836171	
822.800000	-0.000035839371	
823.000000	-0.000035841988	
823.200000	-0.000035844008	
823.400000	-0.000035845416	
823.600000	-0.000035846195	
823.800000	-0.000035846326	
824.000000	-0.000035845790	
824.200000	-0.000035844563	
824.400000	-0.000035842620	
824.600000	-0.000035839933	
824.800000	-0.000035836469	
825.000000	-0.000035832195	
825.200000	-0.000035827068	
825.400000	-0.000035821046	
825.600000	-0.000035814077	
825.800000	-0.000035806104	
826.000000	-0.000035797061	
826.200000	-0.000035786873	
826.400000	-0.000035775454	
826.600000	-0.000035762705	
826.800000	-0.000035748509	
827.000000	-0.000035732728	
827.200000	-0.000035715203	
827.400000	-0.000035695738	
827.600000	-0.000035674102	
827.800000	-0.000035650007	
828.000000	-0.000035623100	
828.200000	-0.000035592932	
828.400000	-0.000035558927	
828.600000	-0.000035520326	
828.800000	-0.000035476097	
829.000000	-0.000035424789	
829.200000	-0.000035364267	
829.400000	-0.000035291192	
829.600000	-0.000035199887	
829.800000	-0.000035079424	
830.000000	-0.000034903932	
830.200000	-0.000034578463	
830.400000	-0.000032191598	
830.600000	-0.000024021070	
830.800000	0.000007981867	
831.000000	0.000017702695	
831.200000	0.000014010092	
831.400000	0.000007969957	
831.600000	0.000002717005	
831.800000	-0.000000260611	
832.000000	-0.000001528731	
832.200000	-0.000002190917	
832.400000	-0.000002686558	
832.600000	-0.000003517631	
832.800000	-0.000004649402	
833.000000	-0.000005445919	
833.200000	-0.000006049615	
833.400000	-0.000006548812	
833.600000	-0.000006970963	
833.800000	-0.000007350376	
834.000000	-0.000007706350	
854.000000	-0.000031736618	
863.280000	-0.000036447096	
863.480000	-0.000036523036	
863.680000	-0.000036598120	
863.880000	-0.000036672360	
864.080000	-0.000036745768	
864.280000	-0.000036818356	
864.480000	-0.000036890135	
864.680000	-0.000036961117	
864.880000	-0.000037031313	
865.080000	-0.000037100735	
865.280000	-0.000037169394	
865.480000	-0.000037237300	
865.680000	-0.000037304466	
865.880000	-0.000037370900	
866.080000	-0.000037436615	
866.280000	-0.000037501620	
866.480000	-0.000037565926	
866.680000	-0.000037629544	
866.880000	-0.000037692483	
867.080000	-0.000037754754	
867.280000	-0.000037816366	
867.480000	-0.000037877329	
867.680000	-0.000037937654	
867.880000	-0.000037997349	
868.080000	-0.000038056424	
868.280000	-0.000038114889	
868.480000	-0.000038172753	
868.680000	-0.000038230025	
868.880000	-0.000038286714	
869.080000	-0.000038342829	
869.280000	-0.000038398379	
869.480000	-0.000038453372	
869.680000	-0.000038507818	
869.880000	-0.000038561725	
870.080000	-0.000038615101	
870.280000	-0.000038667955	
870.480000	-0.000038720295	
870.680000	-0.000038772128	
870.880000	-0.000038823464	
871.080000	-0.000038874311	
871.280000	-0.000038924675	
871.480000	-0.000038974565	
871.680000	-0.000039023988	
871.880000	-0.000039072953	
872.080000	-0.000039121466	
872.280000	-0.000039169535	
872.480000	-0.000039217167	
872.680000	-0.000039264370	
872.880000	-0.000039311151	
873.080000	-0.000039357516	
873.280000	-0.000039403473	
873.480000	-0.000039449029	
873.680000	-0.000039494190	
873.880000	-0.000039538963	
874.080000	-0.000039583355	
874.280000	-0.000039627372	
874.480000	-0.000039671021	
874.680000	-0.000039714308	
874.880000	-0.000039757240	
875.080000	-0.000039799822	
875.280000	-0.000039842061	
875.480000	-0.000039883963	
875.680000	-0.000039925533	
875.880000	-0.000039966779	
876.080000	-0.000040007705	
876.280000	-0.000040048317	
876.480000	-0.000040088622	
876.680000	-0.000040128624	
876.880000	-0.000040168329	
877.080000	-0.000040207743	
877.280000	-0.000040246871	
877.480000	-0.000040285718	
877.680000	-0.000040324290	
877.880000	-0.000040362592	
878.080000	-0.000040400628	
878.280000	-0.000040438405	
878.480000	-0.000040475926	
878.680000	-0.000040513197	
878.880000	-0.000040550223	
879.080000	-0.000040587008	
879.280000	-0.000040623557	
879.480000	-0.000040659874	
879.680000	-0.000040695965	
879.880000	-0.000040731834	
880.080000	-0.000040767485	
880.280000	-0.000040802922	
880.480000	-0.000040838150	
880.680000	-0.000040873173	
880.880000	-0.000040907996	
881.080000	-0.000040942621	
881.280000	-0.000040977055	
881.480000	-0.000041011299	
881.680000	-0.000041045359	
881.880000	-0.000041079239	
882.080000	-0.000041112941	
882.280000	-0.000041146470	
882.480000	-0.000041179830	
882.680000	-0.000041213024	
882.880000	-0.000041246056	
883.080000	-0.000041278929	
883.280000	-0.000041311647	
883.480000	-0.000041344213	
883.680000	-0.000041376630	
883.880000	-0.000041408903	
884.080000	-0.000041441034	
884.280000	-0.000041473026	
884.480000	-0.000041504883	
884.680000	-0.000041536607	
884.880000	-0.000041568202	
885.080000	-0.000041599671	
885.280000	-0.000041631017	
885.480000	-0.000041662242	
885.680000	-0.000041693349	
885.880000	-0.000041724342	
886.080000	-0.000041755223	
886.280000	-0.000041785995	
886.480000	-0.000041816660	
886.680000	-0.000041847221	
886.880000	-0.000041877681	
887.080000	-0.000041908042	
887.280000	-0.000041938307	
887.480000	-0.000041968478	
887.680000	-0.000041998557	
887.880000	-0.000042028547	
888.080000	-0.000042058450	
888.280000	-0.000042088269	
888.480000	-0.000042118006	
888.680000	-0.000042147662	
888.880000	-0.000042177241	
889.080000	-0.000042206744	
889.280000	-0.000042236173	
889.480000	-0.000042265530	
889.680000	-0.000042294817	
889.880000	-0.000042324037	
890.080000	-0.000042353191	
890.280000	-0.000042382281	
890.480000	-0.000042411310	
890.680000	-0.000042440277	
890.880000	-0.000042469187	
891.080000	-0.000042498039	
891.280000	-0.000042526837	
891.480000	-0.000042555581	
891.680000	-0.000042584274	
891.880000	-0.000042612916	
892.080000	-0.000042641510	
892.280000	-0.000042670057	
892.480000	-0.000042698559	
892.680000	-0.000042727017	
892.880000	-0.000042755432	
893.080000	-0.000042783807	
893.280000	-0.000042812141	
893.480000	-0.000042840438	
893.680000	-0.000042868697	
893.880000	-0.000042896921	
894.080000	-0.000042925111	
894.280000	-0.000042953267	
894.480000	-0.000042981392	
894.680000	-0.000043009486	
894.880000	-0.000043037551	
895.080000	-0.000043065587	
895.280000	-0.000043093597	
895.480000	-0.000043121580	
895.680000	-0.000043149539	
895.880000	-0.000043177473	
896.080000	-0.000043205385	
896.280000	-0.000043233275	
896.480000	-0.000043261144	
896.680000	-0.000043288993	
896.880000	-0.000043316823	
897.080000	-0.000043344636	
897.280000	-0.000043372431	
897.480000	-0.000043400210	
897.680000	-0.000043427974	
897.880000	-0.000043455723	
898.080000	-0.000043483459	
898.280000	-0.000043511181	
898.480000	-0.000043538892	
898.680000	-0.000043566592	
898.880000	-0.000043594281	
899.080000	-0.000043621960	
899.280000	-0.000043649630	
899.480000	-0.000043677292	
899.680000	-0.000043704946	
899.880000	-0.000043732593	
900.080000	-0.000043760234	
900.280000	-0.000043787869	
900.480000	-0.000043815498	
900.680000	-0.000043843124	
900.880000	-0.000043870745	
901.080000	-0.000043898364	
901.280000	-0.000043925979	
901.480000	-0.000043953592	
901.680000	-0.000043981204	
901.880000	-0.000044008814	
902.080000	-0.000044036424	
902.280000	-0.000044064034	
902.480000	-0.000044091643	
902.680000	-0.000044119254	
902.880000	-0.000044146866	
903.080000	-0.000044174480	
903.280000	-0.000044202096	
903.480000	-0.000044229715	
903.680000	-0.000044257336	
903.880000	-0.000044284961	
904.080000	-0.000044312590	
904.280000	-0.000044340223	
904.480000	-0.000044367860	
904.680000	-0.000044395502	
904.880000	-0.000044423150	
905.080000	-0.000044450803	
905.280000	-0.000044478463	
905.480000	-0.000044506128	
905.680000	-0.000044533800	
905.880000	-0.000044561479	
906.080000	-0.000044589165	
906.280000	-0.000044616859	
906.480000	-0.000044644560	
906.680000	-0.000044672270	
906.880000	-0.000044699987	
907.080000	-0.000044727714	
907.280000	-0.000044755449	
907.480000	-0.000044783193	
907.680000	-0.000044810947	
907.880000	-0.000044838710	
908.080000	-0.000044866483	
908.280000	-0.000044894266	
908.480000	-0.000044922059	
908.680000	-0.000044949862	
908.880000	-0.000044977676	
909.080000	-0.000045005501	
909.280000	-0.000045033337	
909.480000	-0.000045061184	
909.680000	-0.000045089042	
909.880000	-0.000045116912	
910.080000	-0.000045144794	
910.280000	-0.000045172687	
910.480000	-0.000045200592	
910.680000	-0.000045228510	
910.880000	-0.000045256440	
911.080000	-0.000045284382	
911.280000	-0.000045312337	
911.480000	-0.000045340304	
911.680000	-0.000045368285	
911.880000	-0.000045396278	
912.080000	-0.000045424285	
912.280000	-0.000045452304	
912.480000	-0.000045480337	
912.680000	-0.000045508384	
912.880000	-0.000045536443	
913.080000	-0.000045564517	
913.280000	-0.000045592604	
913.480000	-0.000045620705	
913.680000	-0.000045648820	
913.880000	-0.000045676949	
914.080000	-0.000045705092	
914.280000	-0.000045733249	
914.480000	-0.000045761421	
914.680000	-0.000045789606	
914.880000	-0.000045817807	
915.080000	-0.000045846021	
915.280000	-0.000045874250	
915.480000	-0.000045902494	
915.680000	-0.000045930752	
915.880000	-0.000045959025	
916.080000	-0.000045987313	
916.280000	-0.000046015616	
916.480000	-0.000046043933	
916.680000	-0.000046072266	
916.880000	-0.000046100613	
917.080000	-0.000046128976	
917.280000	-0.000046157353	
917.480000	-0.000046185746	
937.480000	-0.000049103519	
957.480000	-0.000052172714	
977.480000	-0.000055386184	
997.480000	-0.000058740617	
1017.480000	-0.000062232380	
1037.480000	-0.000065855005	
1057.480000	-0.000069598524	
1077.480000	-0.000073449510	
1097.480000	-0.000077391373	
1117.480000	-0.000081404741	
1137.480000	-0.000085467897	
1157.480000	-0.000089557253	
1177.480000	-0.000093647868	
1197.480000	-0.000097714042	
1217.480000	-0.000101729957	
1237.480000	-0.000105670338	
1257.480000	-0.000109511098	
1277.480000	-0.000113229937	
1297.480000	-0.000116806876	
1317.480000	-0.000120224688	
1337.480000	-0.000123469208	
1357.480000	-0.000126529518	
1377.480000	-0.000129397990	
1397.480000	-0.000132070218	
1417.480000	-0.000134544833	
1437.480000	-0.000136823234	
1457.480000	-0.000138909261	
1477.480000	-0.000140808828	
1497.480000	-0.000142529537	
1517.480000	-0.000144080303	
1537.480000	-0.000145470998	
1557.480000	-0.000146712118	
1577.480000	-0.000147814499	
1597.480000	-0.000148789062	
1617.480000	-0.000149646616	
1637.480000	-0.000150397684	
1657.480000	-0.000151052379	
1677.480000	-0.000151620309	
1697.480000	-0.000152110513	
1717.480000	-0.000152531421	
1737.480000	-0.000152890830	
1757.480000	-0.000153195909	
1777.480000	-0.000153453201	
1797.480000	-0.000153668650	
1817.480000	-0.000153847621	
1837.480000	-0.000153994937	
1857.480000	-0.000154114914	
1877.480000	-0.000154211393	
1897.480000	-0.000154287782	
1917.480000	-0.000154347092	
1937.480000	-0.000154391970	
1957.480000	-0.000154424737	
1977.480000	-0.000154447417	
1997.480000	-0.000154461769	
2017.480000	-0.000154469317	
2037.480000	-0.000154471371	
2057.480000	-0.000154469056	
2077.480000	-0.000154463332	
2097.480000	-0.000154455012	
2117.480000	-0.000154444782	
2137.480000	-0.000154433214	
2157.480000	-0.000154420786	
2177.480000	-0.000154407889	
2197.480000	-0.000154394841	
2217.480000	-0.000154381898	
2237.480000	-0.000154369260	
2257.480000	-0.000154357081	
2277.480000	-0.000154345477	
2297.480000	-0.000154334530	
2317.480000	-0.000154324293	
2337.480000	-0.000154314797	
2357.480000	-0.000154306052	
2377.480000	-0.000154298055	
2397.480000	-0.000154290789	
2417.480000	-0.000154284225	
2437.480000	-0.000154278328	
2457.480000	-0.000154273057	
2477.480000	-0.000154268366	
2497.480000	-0.000154264206	
