0.000000	0.000000014653	
20.000000	0.000000295232	
40.000000	0.000000294952	
60.000000	0.000000294293	
80.000000	0.000000293912	
100.000000	0.000000293725	
120.000000	0.000000034817	
140.000000	0.000000046375	
160.000000	0.000000063515	
180.000000	0.000000086005	
200.000000	0.000000113932	
220.000000	0.000000147301	
240.000000	0.000000186363	
260.000000	0.000000231467	
280.000000	0.000000283001	
300.000000	0.000000341356	
320.000000	0.000000406927	
340.000000	0.000000483842	
360.000000	0.000000566144	
380.000000	0.000000655533	
400.000000	0.000000753108	
420.000000	0.000000859677	
440.000000	0.000000981696	
460.000000	0.000001126860	
480.000000	0.000001287771	
500.000000	0.000001466389	
520.000000	0.000001848360	
540.000000	0.000002307985	
560.000000	0.000002906644	
567.640000	0.000003279641	
567.840000	0.000003294691	
568.040000	0.000003310454	
568.240000	0.000003327035	
568.440000	0.000003344562	
568.640000	0.000003363198	
568.840000	0.000003383148	
569.040000	0.000003404683	
569.240000	0.000003428167	
569.440000	0.000003454101	
569.640000	0.000003483212	
569.840000	0.000003516609	
570.040000	0.000003556112	
570.240000	0.000003605056	
570.440000	0.000003670771	
570.640000	0.000003776831	
570.840000	0.000004293909	
571.040000	0.000007554136	
571.240000	0.000026093161	
571.440000	0.003572967581	
571.640000	0.028344257949	
571.840000	0.067928082764	
572.040000	0.104083827256	
572.240000	0.125813645302	
572.440000	0.134982558953	
572.640000	0.132137393520	
572.840000	0.118107264091	
573.040000	0.094946461059	
573.240000	0.065946676739	
573.440000	0.043353554603	
573.640000	0.029845691027	
573.840000	0.021014420330	
593.840000	0.000002523404	
602.340000	0.000003198824	
602.540000	0.000003215347	
602.740000	0.000003231923	
602.940000	0.000003248557	
603.140000	0.000003265251	
603.340000	0.000003282009	
603.540000	0.000003298833	
603.740000	0.000003315729	
603.940000	0.000003332700	
604.140000	0.000003349750	
604.340000	0.000003366884	
604.540000	0.000003384107	
604.740000	0.000003401424	
604.940000	0.000003418841	
605.140000	0.000003436364	
605.340000	0.000003453999	
605.540000	0.000003471753	
605.740000	0.000003489634	
605.940000	0.000003507650	
606.140000	0.000003525809	
606.340000	0.000003544120	
606.540000	0.000003562594	
606.740000	0.000003581241	
606.940000	0.000003600073	
607.140000	0.000003619103	
607.340000	0.000003638345	
607.540000	0.000003657815	
607.740000	0.000003677529	
607.940000	0.000003697506	
608.140000	0.000003717766	
608.340000	0.000003738332	
608.540000	0.000003759229	
608.740000	0.000003780485	
608.940000	0.000003802132	
609.140000	0.000003824206	
609.340000	0.000003846745	
609.540000	0.000003869797	
609.740000	0.000003893413	
609.940000	0.000003917655	
610.140000	0.000003942591	
610.340000	0.000003968303	
610.540000	0.000003994890	
610.740000	0.000004022464	
610.940000	0.000004051167	
611.140000	0.000004081166	
611.340000	0.000004112674	
611.540000	0.000004145953	
611.740000	0.000004181346	
611.940000	0.000004219301	
612.140000	0.000004260427	
612.340000	0.000004305582	
612.540000	0.000004356029	
612.740000	0.000004413759	
612.940000	0.000004482197	
613.140000	0.000004568147	
613.340000	0.000004689196	
613.540000	0.000004943682	
613.740000	0.000007249975	
613.940000	0.000019017914	
614.140000	0.001705039142	
614.340000	0.022994181599	
614.540000	0.063264057109	
614.740000	0.103028827542	
614.940000	0.128455162457	
615.140000	0.139490417327	
615.340000	0.138333029820	
615.540000	0.126120916933	
615.740000	0.104879767719	
615.940000	0.077298081012	
616.140000	0.051412096021	
616.340000	0.035424923740	
616.540000	0.024934078063	
616.740000	0.017903741819	
636.740000	0.000003099598	
636.940000	0.000003120633	
637.140000	0.000003141725	
637.340000	0.000003162874	
637.540000	0.000003184081	
637.740000	0.000003205346	
637.940000	0.000003226668	
638.140000	0.000003248049	
638.340000	0.000003269490	
638.540000	0.000003290990	
638.740000	0.000003312552	
638.940000	0.000003334175	
639.140000	0.000003355863	
639.340000	0.000003377615	
639.540000	0.000003399434	
639.740000	0.000003421322	
639.940000	0.000003443280	
640.140000	0.000003465312	
640.340000	0.000003487419	
640.540000	0.000003509603	
640.740000	0.000003531869	
640.940000	0.000003554219	
641.140000	0.000003576656	
641.340000	0.000003599184	
641.540000	0.000003621807	
641.740000	0.000003644529	
641.940000	0.000003667355	
642.140000	0.000003690288	
642.340000	0.000003713336	
642.540000	0.000003736502	
642.740000	0.000003759794	
642.940000	0.000003783217	
643.140000	0.000003806778	
643.340000	0.000003830485	
643.540000	0.000003854346	
643.740000	0.000003878369	
643.940000	0.000003902563	
644.140000	0.000003926939	
644.340000	0.000003951507	
644.540000	0.000003976279	
644.740000	0.000004001267	
644.940000	0.000004026486	
645.140000	0.000004051949	
645.340000	0.000004077674	
645.540000	0.000004103677	
645.740000	0.000004129979	
645.940000	0.000004156600	
646.140000	0.000004183564	
646.340000	0.000004210897	
646.540000	0.000004238626	
646.740000	0.000004266784	
646.940000	0.000004295406	
647.140000	0.000004324531	
647.340000	0.000004354204	
647.540000	0.000004384473	
647.740000	0.000004415396	
647.940000	0.000004447038	
648.140000	0.000004479471	
648.340000	0.000004512782	
648.540000	0.000004547070	
648.740000	0.000004582451	
648.940000	0.000004619064	
649.140000	0.000004657073	
649.340000	0.000004696678	
649.540000	0.000004738125	
649.740000	0.000004781719	
649.940000	0.000004827848	
650.140000	0.000004877015	
650.340000	0.000004929891	
650.540000	0.000004987396	
650.740000	0.000005050855	
650.940000	0.000005122268	
651.140000	0.000005204909	
651.340000	0.000005304757	
651.540000	0.000005435045	
651.740000	0.000005640309	
651.940000	0.000006736238	
652.140000	0.000013399149	
652.340000	0.000243485001	
652.540000	0.014105358910	
652.740000	0.051762137775	
652.940000	0.095089008276	
653.140000	0.126592373371	
653.340000	0.141149004811	
653.540000	0.142949245148	
653.740000	0.133408982163	
653.940000	0.114621751714	
654.140000	0.089186432662	
654.340000	0.061435524168	
654.540000	0.042051707374	
654.740000	0.029633357601	
654.940000	0.021173358336	
655.140000	0.015394123982	
655.340000	0.011329966299	
671.880000	0.000003053088	
672.080000	0.000003076374	
672.280000	0.000003099791	
672.480000	0.000003123333	
672.680000	0.000003146995	
672.880000	0.000003170770	
673.080000	0.000003194655	
673.280000	0.000003218646	
673.480000	0.000003242740	
673.680000	0.000003266934	
673.880000	0.000003291224	
674.080000	0.000003315610	
674.280000	0.000003340089	
674.480000	0.000003364660	
674.680000	0.000003389321	
674.880000	0.000003414073	
675.080000	0.000003438914	
675.280000	0.000003463843	
675.480000	0.000003488862	
675.680000	0.000003513970	
675.880000	0.000003539167	
676.080000	0.000003564455	
676.280000	0.000003589833	
676.480000	0.000003615303	
676.680000	0.000003640867	
676.880000	0.000003666525	
677.080000	0.000003692281	
677.280000	0.000003718135	
677.480000	0.000003744090	
677.680000	0.000003770148	
677.880000	0.000003796313	
678.080000	0.000003822587	
678.280000	0.000003848974	
678.480000	0.000003875478	
678.680000	0.000003902101	
678.880000	0.000003928850	
679.080000	0.000003955727	
679.280000	0.000003982739	
679.480000	0.000004009891	
679.680000	0.000004037189	
679.880000	0.000004064639	
680.080000	0.000004092248	
680.280000	0.000004120022	
680.480000	0.000004147972	
680.680000	0.000004176103	
680.880000	0.000004204427	
681.080000	0.000004232953	
681.280000	0.000004261691	
681.480000	0.000004290654	
681.680000	0.000004319853	
681.880000	0.000004349302	
682.080000	0.000004379017	
682.280000	0.000004409013	
682.480000	0.000004439306	
682.680000	0.000004469917	
682.880000	0.000004500866	
683.080000	0.000004532176	
683.280000	0.000004563870	
683.480000	0.000004595976	
683.680000	0.000004628525	
683.880000	0.000004661549	
684.080000	0.000004695084	
684.280000	0.000004729172	
684.480000	0.000004763857	
684.680000	0.000004799191	
684.880000	0.000004835230	
685.080000	0.000004872039	
685.280000	0.000004909692	
685.480000	0.000004948271	
685.680000	0.000004987874	
685.880000	0.000005028611	
686.080000	0.000005070612	
686.280000	0.000005114030	
686.480000	0.000005159046	
686.680000	0.000005205878	
686.880000	0.000005254788	
687.080000	0.000005306104	
687.280000	0.000005360232	
687.480000	0.000005417691	
687.680000	0.000005479163	
687.880000	0.000005545559	
688.080000	0.000005618151	
688.280000	0.000005698792	
688.480000	0.000005790350	
688.680000	0.000005897670	
688.880000	0.000006030119	
689.080000	0.000006210877	
689.280000	0.000006553806	
689.480000	0.000009448730	
689.680000	0.000029116436	
689.880000	0.004038354127	
690.080000	0.031800464322	
690.280000	0.076698841552	
690.480000	0.116906901885	
690.680000	0.139617722845	
690.880000	0.146911240482	
691.080000	0.141979163608	
691.280000	0.126943335970	
691.480000	0.104396213075	
691.680000	0.076995736186	
691.880000	0.052435082995	
692.080000	0.036750739417	
692.280000	0.026128199824	
692.480000	0.018858040508	
692.680000	0.013810806879	
692.880000	0.010212202832	
708.420000	0.000003022171	
708.620000	0.000003046130	
708.820000	0.000003070282	
709.020000	0.000003094615	
709.220000	0.000003119117	
709.420000	0.000003143779	
709.620000	0.000003168592	
709.820000	0.000003193548	
710.020000	0.000003218640	
710.220000	0.000003243862	
710.420000	0.000003269208	
710.620000	0.000003294674	
710.820000	0.000003320254	
711.020000	0.000003345945	
711.220000	0.000003371744	
711.420000	0.000003397647	
711.620000	0.000003423651	
711.820000	0.000003449756	
712.020000	0.000003475957	
712.220000	0.000003502254	
712.420000	0.000003528645	
712.620000	0.000003555129	
712.820000	0.000003581705	
713.020000	0.000003608372	
713.220000	0.000003635129	
713.420000	0.000003661978	
713.620000	0.000003688916	
713.820000	0.000003715945	
714.020000	0.000003743064	
714.220000	0.000003770275	
714.420000	0.000003797578	
714.620000	0.000003824974	
714.820000	0.000003852464	
715.020000	0.000003880049	
715.220000	0.000003907732	
715.420000	0.000003935514	
715.620000	0.000003963397	
715.820000	0.000003991384	
716.020000	0.000004019476	
716.220000	0.000004047678	
716.420000	0.000004075991	
716.620000	0.000004104420	
716.820000	0.000004132967	
717.020000	0.000004161637	
717.220000	0.000004190435	
717.420000	0.000004219365	
717.620000	0.000004248431	
717.820000	0.000004277640	
718.020000	0.000004306997	
718.220000	0.000004336509	
718.420000	0.000004366182	
718.620000	0.000004396024	
718.820000	0.000004426042	
719.020000	0.000004456245	
719.220000	0.000004486642	
719.420000	0.000004517243	
719.620000	0.000004548058	
719.820000	0.000004579098	
720.020000	0.000004610377	
720.220000	0.000004641907	
720.420000	0.000004673702	
720.620000	0.000004705777	
720.820000	0.000004738150	
721.020000	0.000004770839	
721.220000	0.000004803863	
721.420000	0.000004837243	
721.620000	0.000004871004	
721.820000	0.000004905169	
722.020000	0.000004939768	
722.220000	0.000004974831	
722.420000	0.000005010391	
722.620000	0.000005046485	
722.820000	0.000005083156	
723.020000	0.000005120447	
723.220000	0.000005158409	
723.420000	0.000005197100	
723.620000	0.000005236583	
723.820000	0.000005276930	
724.020000	0.000005318220	
724.220000	0.000005360548	
724.420000	0.000005404019	
724.620000	0.000005448754	
724.820000	0.000005494896	
725.020000	0.000005542610	
725.220000	0.000005592092	
725.420000	0.000005643575	
725.620000	0.000005697342	
725.820000	0.000005753735	
726.020000	0.000005813183	
726.220000	0.000005876224	
726.420000	0.000005943553	
726.620000	0.000006016090	
726.820000	0.000006095089	
727.020000	0.000006182331	
727.220000	0.000006280480	
727.420000	0.000006393819	
727.620000	0.000006530012	
727.820000	0.000006705461	
728.020000	0.000006971698	
728.220000	0.000008144171	
728.420000	0.000016426578	
728.620000	0.000610436019	
728.820000	0.018408478921	
729.020000	0.060836824915	
729.220000	0.106672935360	
729.420000	0.137700224966	
729.620000	0.149729740039	
729.820000	0.148391050001	
730.020000	0.136166451798	
730.220000	0.115681978303	
730.420000	0.089610730756	
730.620000	0.062453650077	
730.820000	0.043410138803	
731.020000	0.030841360971	
731.220000	0.022142181332	
731.420000	0.016140889408	
731.620000	0.011897216511	
731.820000	0.008831788335	
748.080000	0.000003009464	
748.280000	0.000003033438	
748.480000	0.000003057553	
748.680000	0.000003081800	
748.880000	0.000003106173	
749.080000	0.000003130664	
749.280000	0.000003155266	
749.480000	0.000003179974	
749.680000	0.000003204783	
749.880000	0.000003229687	
750.080000	0.000003254682	
750.280000	0.000003279765	
750.480000	0.000003304930	
750.680000	0.000003330175	
750.880000	0.000003355497	
751.080000	0.000003380892	
751.280000	0.000003406359	
751.480000	0.000003431893	
751.680000	0.000003457493	
751.880000	0.000003483158	
752.080000	0.000003508884	
752.280000	0.000003534670	
752.480000	0.000003560515	
752.680000	0.000003586417	
752.880000	0.000003612374	
753.080000	0.000003638386	
753.280000	0.000003664451	
753.480000	0.000003690568	
753.680000	0.000003716737	
753.880000	0.000003742957	
754.080000	0.000003769227	
754.280000	0.000003795547	
754.480000	0.000003821916	
754.680000	0.000003848334	
754.880000	0.000003874802	
755.080000	0.000003901318	
755.280000	0.000003927885	
755.480000	0.000003954500	
755.680000	0.000003981166	
755.880000	0.000004007883	
756.080000	0.000004034651	
756.280000	0.000004061471	
756.480000	0.000004088344	
756.680000	0.000004115272	
756.880000	0.000004142255	
757.080000	0.000004169295	
757.280000	0.000004196394	
757.480000	0.000004223553	
757.680000	0.000004250775	
757.880000	0.000004278061	
758.080000	0.000004305414	
758.280000	0.000004332837	
758.480000	0.000004360331	
758.680000	0.000004387900	
758.880000	0.000004415548	
759.080000	0.000004443278	
759.280000	0.000004471092	
759.480000	0.000004498996	
759.680000	0.000004526994	
759.880000	0.000004555089	
760.080000	0.000004583288	
760.280000	0.000004611595	
760.480000	0.000004640015	
760.680000	0.000004668555	
760.880000	0.000004697220	
761.080000	0.000004726019	
761.280000	0.000004754957	
761.480000	0.000004784044	
761.680000	0.000004813286	
761.880000	0.000004842693	
762.080000	0.000004872274	
762.280000	0.000004902040	
762.480000	0.000004932002	
762.680000	0.000004962171	
762.880000	0.000004992559	
763.080000	0.000005023181	
763.280000	0.000005054050	
763.480000	0.000005085183	
763.680000	0.000005116597	
763.880000	0.000005148309	
764.080000	0.000005180340	
764.280000	0.000005212710	
764.480000	0.000005245444	
764.680000	0.000005278567	
764.880000	0.000005312105	
765.080000	0.000005346090	
765.280000	0.000005380554	
765.480000	0.000005415534	
765.680000	0.000005451070	
765.880000	0.000005487206	
766.080000	0.000005523990	
766.280000	0.000005561477	
766.480000	0.000005599728	
766.680000	0.000005638811	
766.880000	0.000005678802	
767.080000	0.000005719788	
767.280000	0.000005761866	
767.480000	0.000005805148	
767.680000	0.000005849765	
767.880000	0.000005895864	
768.080000	0.000005943620	
768.280000	0.000005993237	
768.480000	0.000006044958	
768.680000	0.000006099075	
768.880000	0.000006155940	
769.080000	0.000006215990	
769.280000	0.000006279769	
769.480000	0.000006347972	
769.680000	0.000006421508	
769.880000	0.000006501593	
770.080000	0.000006589920	
770.280000	0.000006688953	
770.480000	0.000006802500	
770.680000	0.000006936991	
770.880000	0.000007104878	
771.080000	0.000007337352	
771.280000	0.000007801430	
771.480000	0.000011863623	
771.680000	0.000055606438	
771.880000	0.008078299048	
772.080000	0.043489211212	
772.280000	0.092757307171	
772.480000	0.132489857285	
772.680000	0.151441192535	
772.880000	0.154225543687	
773.080000	0.145006181686	
773.280000	0.126628984831	
773.480000	0.101895820128	
773.680000	0.073815001370	
773.880000	0.050931254634	
774.080000	0.036040127022	
774.280000	0.025755853625	
774.480000	0.018684561567	
774.680000	0.013722294392	
774.880000	0.010158624006	
775.080000	0.007558868617	
794.200000	0.000003023069	
794.400000	0.000003045198	
794.600000	0.000003067358	
794.800000	0.000003089545	
795.000000	0.000003111757	
795.200000	0.000003133989	
795.400000	0.000003156239	
795.600000	0.000003178504	
795.800000	0.000003200782	
796.000000	0.000003223068	
796.200000	0.000003245361	
796.400000	0.000003267658	
796.600000	0.000003289957	
796.800000	0.000003312255	
797.000000	0.000003334551	
797.200000	0.000003356840	
797.400000	0.000003379123	
797.600000	0.000003401395	
797.800000	0.000003423656	
798.000000	0.000003445903	
798.200000	0.000003468135	
798.400000	0.000003490349	
798.600000	0.000003512544	
798.800000	0.000003534718	
799.000000	0.000003556868	
799.200000	0.000003578995	
799.400000	0.000003601095	
799.600000	0.000003623167	
799.800000	0.000003645210	
800.000000	0.000003667223	
800.200000	0.000003689203	
800.400000	0.000003711150	
800.600000	0.000003733062	
800.800000	0.000003754937	
801.000000	0.000003776775	
801.200000	0.000003798575	
801.400000	0.000003820334	
801.600000	0.000003842053	
801.800000	0.000003863730	
802.000000	0.000003885363	
802.200000	0.000003906953	
802.400000	0.000003928497	
802.600000	0.000003949996	
802.800000	0.000003971447	
803.000000	0.000003992851	
803.200000	0.000004014207	
803.400000	0.000004035513	
803.600000	0.000004056769	
803.800000	0.000004077975	
804.000000	0.000004099130	
804.200000	0.000004120232	
804.400000	0.000004141282	
804.600000	0.000004162280	
804.800000	0.000004183224	
805.000000	0.000004204114	
805.200000	0.000004224949	
805.400000	0.000004245730	
805.600000	0.000004266457	
805.800000	0.000004287127	
806.000000	0.000004307743	
806.200000	0.000004328302	
806.400000	0.000004348806	
806.600000	0.000004369253	
806.800000	0.000004389645	
807.000000	0.000004409980	
807.200000	0.000004430259	
807.400000	0.000004450482	
807.600000	0.000004470648	
807.800000	0.000004490759	
808.000000	0.000004510813	
808.200000	0.000004530812	
808.400000	0.000004550755	
808.600000	0.000004570642	
808.800000	0.000004590475	
809.000000	0.000004610253	
809.200000	0.000004629976	
809.400000	0.000004649646	
809.600000	0.000004669262	
809.800000	0.000004688824	
810.000000	0.000004708335	
810.200000	0.000004727794	
810.400000	0.000004747201	
810.600000	0.000004766558	
810.800000	0.000004785865	
811.000000	0.000004805122	
811.200000	0.000004824332	
811.400000	0.000004843494	
811.600000	0.000004862609	
811.800000	0.000004881679	
812.000000	0.000004900705	
812.200000	0.000004919687	
812.400000	0.000004938627	
812.600000	0.000004957526	
812.800000	0.000004976384	
813.000000	0.000004995205	
813.200000	0.000005013988	
813.400000	0.000005032735	
813.600000	0.000005051448	
813.800000	0.000005070129	
814.000000	0.000005088779	
814.200000	0.000005107399	
814.400000	0.000005125992	
814.600000	0.000005144560	
814.800000	0.000005163104	
815.000000	0.000005181627	
815.200000	0.000005200130	
815.400000	0.000005218617	
815.600000	0.000005237088	
815.800000	0.000005255548	
816.000000	0.000005273999	
816.200000	0.000005292442	
816.400000	0.000005310882	
816.600000	0.000005329320	
816.800000	0.000005347761	
817.000000	0.000005366208	
817.200000	0.000005384663	
817.400000	0.000005403131	
817.600000	0.000005421616	
817.800000	0.000005440121	
818.000000	0.000005458650	
818.200000	0.000005477208	
818.400000	0.000005495800	
818.600000	0.000005514430	
818.800000	0.000005533104	
819.000000	0.000005551826	
819.200000	0.000005570604	
819.400000	0.000005589442	
819.600000	0.000005608347	
819.800000	0.000005627326	
820.000000	0.000005646386	
820.200000	0.000005665535	
820.400000	0.000005684780	
820.600000	0.000005704130	
820.800000	0.000005723594	
821.000000	0.000005743182	
821.200000	0.000005762904	
821.400000	0.000005782772	
821.600000	0.000005802796	
821.800000	0.000005822989	
822.000000	0.000005843365	
822.200000	0.000005863938	
822.400000	0.000005884725	
822.600000	0.000005905740	
822.800000	0.000005927003	
823.000000	0.000005948533	
823.200000	0.000005970351	
823.400000	0.000005992481	
823.600000	0.000006014946	
823.800000	0.000006037774	
824.000000	0.000006060995	
824.200000	0.000006084640	
824.400000	0.000006108747	
824.600000	0.000006133353	
824.800000	0.000006158503	
825.000000	0.000006184244	
825.200000	0.000006210630	
825.400000	0.000006237719	
825.600000	0.000006265579	
825.800000	0.000006294285	
826.000000	0.000006323921	
826.200000	0.000006354583	
826.400000	0.000006386381	
826.600000	0.000006419442	
826.800000	0.000006453910	
827.000000	0.000006489955	
827.200000	0.000006527775	
827.400000	0.000006567607	
827.600000	0.000006609730	
827.800000	0.000006654485	
828.000000	0.000006702286	
828.200000	0.000006753650	
828.400000	0.000006809230	
828.600000	0.000006869865	
828.800000	0.000006936667	
829.000000	0.000007011153	
829.200000	0.000007095468	
829.400000	0.000007192812	
829.600000	0.000007308301	
829.800000	0.000007451015	
830.000000	0.000007640137	
830.200000	0.000007934388	
830.400000	0.000009212655	
830.600000	0.000019143576	
830.800000	0.001188517362	
831.000000	0.022902833415	
831.200000	0.070605372575	
831.400000	0.119753653218	
831.600000	0.150843604734	
831.800000	0.160232601959	
832.000000	0.155433835322	
832.200000	0.140119533352	
832.400000	0.117227955126	
832.600000	0.089534173676	
832.800000	0.062447394996	
833.000000	0.043829159930	
833.200000	0.031193353025	
833.400000	0.022468669243	
833.600000	0.016407260282	
833.800000	0.012091958908	
834.000000	0.008963569783	
854.000000	0.000002418392	
863.280000	0.000003107904	
863.480000	0.000003120786	
863.680000	0.000003133561	
863.880000	0.000003146227	
864.080000	0.000003158784	
864.280000	0.000003171230	
864.480000	0.000003183564	
864.680000	0.000003195785	
864.880000	0.000003207893	
865.080000	0.000003219887	
865.280000	0.000003231765	
865.480000	0.000003243527	
865.680000	0.000003255173	
865.880000	0.000003266701	
866.080000	0.000003278110	
866.280000	0.000003289401	
866.480000	0.000003300571	
866.680000	0.000003311621	
866.880000	0.000003322551	
867.080000	0.000003333358	
867.280000	0.000003344044	
867.480000	0.000003354607	
867.680000	0.000003365046	
867.880000	0.000003375362	
868.080000	0.000003385554	
868.280000	0.000003395621	
868.480000	0.000003405563	
868.680000	0.000003415380	
868.880000	0.000003425071	
869.080000	0.000003434636	
869.280000	0.000003444074	
869.480000	0.000003453386	
869.680000	0.000003462571	
869.880000	0.000003471629	
870.080000	0.000003480560	
870.280000	0.000003489363	
870.480000	0.000003498038	
870.680000	0.000003506586	
870.880000	0.000003515006	
871.080000	0.000003523297	
871.280000	0.000003531461	
871.480000	0.000003539497	
871.680000	0.000003547404	
871.880000	0.000003555183	
872.080000	0.000003562835	
872.280000	0.000003570358	
872.480000	0.000003577753	
872.680000	0.000003585021	
872.880000	0.000003592160	
873.080000	0.000003599172	
873.280000	0.000003606057	
873.480000	0.000003612814	
873.680000	0.000003619445	
873.880000	0.000003625948	
874.080000	0.000003632325	
874.280000	0.000003638575	
874.480000	0.000003644699	
874.680000	0.000003650698	
874.880000	0.000003656571	
875.080000	0.000003662319	
875.280000	0.000003667942	
875.480000	0.000003673440	
875.680000	0.000003678815	
875.880000	0.000003684066	
876.080000	0.000003689194	
876.280000	0.000003694199	
876.480000	0.000003699081	
876.680000	0.000003703842	
876.880000	0.000003708482	
877.080000	0.000003713001	
877.280000	0.000003717399	
877.480000	0.000003721678	
877.680000	0.000003725838	
877.880000	0.000003729879	
878.080000	0.000003733802	
878.280000	0.000003737607	
878.480000	0.000003741296	
878.680000	0.000003744868	
878.880000	0.000003748325	
879.080000	0.000003751668	
879.280000	0.000003754896	
879.480000	0.000003758010	
879.680000	0.000003761012	
879.880000	0.000003763902	
880.080000	0.000003766680	
880.280000	0.000003769348	
880.480000	0.000003771906	
880.680000	0.000003774354	
880.880000	0.000003776695	
881.080000	0.000003778928	
881.280000	0.000003781054	
881.480000	0.000003783074	
881.680000	0.000003784990	
881.880000	0.000003786800	
882.080000	0.000003788508	
882.280000	0.000003790113	
882.480000	0.000003791616	
882.680000	0.000003793018	
882.880000	0.000003794320	
883.080000	0.000003795523	
883.280000	0.000003796628	
883.480000	0.000003797635	
883.680000	0.000003798546	
883.880000	0.000003799362	
884.080000	0.000003800083	
884.280000	0.000003800710	
884.480000	0.000003801244	
884.680000	0.000003801686	
884.880000	0.000003802038	
885.080000	0.000003802299	
885.280000	0.000003802472	
885.480000	0.000003802556	
885.680000	0.000003802553	
885.880000	0.000003802464	
886.080000	0.000003802290	
886.280000	0.000003802031	
886.480000	0.000003801689	
886.680000	0.000003801265	
886.880000	0.000003800759	
887.080000	0.000003800173	
887.280000	0.000003799508	
887.480000	0.000003798764	
887.680000	0.000003797943	
887.880000	0.000003797045	
888.080000	0.000003796072	
888.280000	0.000003795024	
888.480000	0.000003793902	
888.680000	0.000003792708	
888.880000	0.000003791442	
889.080000	0.000003790105	
889.280000	0.000003788699	
889.480000	0.000003787224	
889.680000	0.000003785681	
889.880000	0.000003784072	
890.080000	0.000003782396	
890.280000	0.000003780656	
890.480000	0.000003778851	
890.680000	0.000003776984	
890.880000	0.000003775055	
891.080000	0.000003773064	
891.280000	0.000003771013	
891.480000	0.000003768904	
891.680000	0.000003766735	
891.880000	0.000003764510	
892.080000	0.000003762227	
892.280000	0.000003759890	
892.480000	0.000003757498	
892.680000	0.000003755051	
892.880000	0.000003752553	
893.080000	0.000003750002	
893.280000	0.000003747400	
893.480000	0.000003744748	
893.680000	0.000003742046	
893.880000	0.000003739297	
894.080000	0.000003736499	
894.280000	0.000003733655	
894.480000	0.000003730765	
894.680000	0.000003727830	
894.880000	0.000003724851	
895.080000	0.000003721829	
895.280000	0.000003718764	
895.480000	0.000003715657	
895.680000	0.000003712509	
895.880000	0.000003709321	
896.080000	0.000003706094	
896.280000	0.000003702828	
896.480000	0.000003699525	
896.680000	0.000003696184	
896.880000	0.000003692807	
897.080000	0.000003689395	
897.280000	0.000003685948	
897.480000	0.000003682467	
897.680000	0.000003678953	
897.880000	0.000003675406	
898.080000	0.000003671827	
898.280000	0.000003668217	
898.480000	0.000003664576	
898.680000	0.000003660906	
898.880000	0.000003657207	
899.080000	0.000003653479	
899.280000	0.000003649723	
899.480000	0.000003645940	
899.680000	0.000003642131	
899.880000	0.000003638295	
900.080000	0.000003634435	
900.280000	0.000003630550	
900.480000	0.000003626641	
900.680000	0.000003622708	
900.880000	0.000003618753	
901.080000	0.000003614775	
901.280000	0.000003610776	
901.480000	0.000003606755	
901.680000	0.000003602714	
901.880000	0.000003598653	
902.080000	0.000003594573	
902.280000	0.000003590473	
902.480000	0.000003586355	
902.680000	0.000003582219	
902.880000	0.000003578066	
903.080000	0.000003573896	
903.280000	0.000003569710	
903.480000	0.000003565508	
903.680000	0.000003561290	
903.880000	0.000003557057	
904.080000	0.000003552810	
904.280000	0.000003548549	
904.480000	0.000003544274	
904.680000	0.000003539986	
904.880000	0.000003535685	
905.080000	0.000003531372	
905.280000	0.000003527047	
905.480000	0.000003522711	
905.680000	0.000003518363	
905.880000	0.000003514005	
906.080000	0.000003509636	
906.280000	0.000003505258	
906.480000	0.000003500870	
906.680000	0.000003496473	
906.880000	0.000003492067	
907.080000	0.000003487652	
907.280000	0.000003483230	
907.480000	0.000003478800	
907.680000	0.000003474362	
907.880000	0.000003469917	
908.080000	0.000003465465	
908.280000	0.000003461007	
908.480000	0.000003456543	
908.680000	0.000003452072	
908.880000	0.000003447597	
909.080000	0.000003443116	
909.280000	0.000003438629	
909.480000	0.000003434139	
909.680000	0.000003429643	
909.880000	0.000003425144	
910.080000	0.000003420641	
910.280000	0.000003416134	
910.480000	0.000003411623	
910.680000	0.000003407110	
910.880000	0.000003402593	
911.080000	0.000003398074	
911.280000	0.000003393553	
911.480000	0.000003389029	
911.680000	0.000003384503	
911.880000	0.000003379975	
912.080000	0.000003375446	
912.280000	0.000003370915	
912.480000	0.000003366384	
912.680000	0.000003361851	
912.880000	0.000003357318	
913.080000	0.000003352784	
913.280000	0.000003348249	
913.480000	0.000003343715	
913.680000	0.000003339180	
913.880000	0.000003334645	
914.080000	0.000003330111	
914.280000	0.000003325577	
914.480000	0.000003321044	
914.680000	0.000003316512	
914.880000	0.000003311980	
915.080000	0.000003307450	
915.280000	0.000003302921	
915.480000	0.000003298393	
915.680000	0.000003293867	
915.880000	0.000003289343	
916.080000	0.000003284820	
916.280000	0.000003280299	
916.480000	0.000003275780	
916.680000	0.000003271264	
916.880000	0.000003266750	
917.080000	0.000003262238	
917.280000	0.000003257728	
917.480000	0.000003253222	
937.480000	0.000002826414	
957.480000	0.000002457005	
977.480000	0.000002140073	
997.480000	0.000001867867	
1017.480000	0.000001634037	
1037.480000	0.000001433292	
1057.480000	0.000001261090	
1077.480000	0.000001113480	
1097.480000	0.000000987018	
1117.480000	0.000000878703	
1137.480000	0.000000792695	
1157.480000	0.000000720898	
1177.480000	0.000000658666	
1197.480000	0.000000604726	
1217.480000	0.000000557972	
1237.480000	0.000000517442	
1257.480000	0.000000482301	
1277.480000	0.000000451827	
1297.480000	0.000000425397	
1317.480000	0.000000402471	
1337.480000	0.000000382583	
1357.480000	0.000000365332	
1377.480000	0.000000350370	
1397.480000	0.000000337397	
1417.480000	0.000000326154	
1437.480000	0.000000316416	
1457.480000	0.000000307990	
1477.480000	0.000000300706	
1497.480000	0.000000294418	
1517.480000	0.000000288999	
1537.480000	0.000000284339	
1557.480000	0.000000280341	
1577.480000	0.000000276920	
1597.480000	0.000000274004	
1617.480000	0.000000271527	
1637.480000	0.000000269434	
1657.480000	0.000000267675	
1677.480000	0.000000266207	
1697.480000	0.000000264991	
1717.480000	0.000000263994	
1737.480000	0.000000263186	
1757.480000	0.000000262543	
1777.480000	0.000000262041	
1797.480000	0.000000261659	
1817.480000	0.000000261382	
1837.480000	0.000000261194	
1857.480000	0.000000261081	
1877.480000	0.000000261031	
1897.480000	0.000000261035	
1917.480000	0.000000261084	
1937.480000	0.000000261170	
1957.480000	0.000000261286	
1977.480000	0.000000261427	
1997.480000	0.000000261588	
2017.480000	0.000000261764	
2037.480000	0.000000261953	
2057.480000	0.000000262150	
2077.480000	0.000000262354	
2097.480000	0.000000262563	
2117.480000	0.000000262774	
2137.480000	0.000000262986	
2157.480000	0.000000263198	
2177.480000	0.000000263409	
2197.480000	0.000000263618	
2217.480000	0.000000263825	
2237.480000	0.000000264029	
2257.480000	0.000000264230	
2277.480000	0.000000264427	
2297.480000	0.000000264622	
2317.480000	0.000000264812	
2337.480000	0.000000264999	
2357.480000	0.000000265183	
2377.480000	0.000000265363	
2397.480000	0.000000265541	
2417.480000	0.000000265715	
2437.480000	0.000000265886	
2457.480000	0.000000266054	
2477.480000	0.000000266220	
2497.480000	0.000000266383	
