0.000000	0.000060782219	
20.000000	0.000062663232	
40.000000	0.000063010314	
60.000000	0.000063010046	
80.000000	0.000062967509	
100.000000	0.000062938075	
120.000000	0.000024355798	
140.000000	0.000021721560	
160.000000	0.000024522528	
180.000000	0.000028882808	
200.000000	0.000033918822	
220.000000	0.000039335975	
240.000000	0.000045034642	
260.000000	0.000050978868	
280.000000	0.000057153123	
300.000000	0.000063547994	
320.000000	0.000070156111	
340.000000	0.000077244334	
360.000000	0.000084394930	
380.000000	0.000091609288	
400.000000	0.000098950617	
420.000000	0.000106459845	
440.000000	0.000114162047	
460.000000	0.000122077962	
480.000000	0.000130231984	
500.000000	0.000138658862	
520.000000	0.000153288546	
540.000000	0.000170721884	
560.000000	0.000190680542	
567.640000	0.000200708822	
567.840000	0.000201054519	
568.040000	0.000201411284	
568.240000	0.000201780754	
568.440000	0.000202164975	
568.640000	0.000202566547	
568.840000	0.000202988845	
569.040000	0.000203436359	
569.240000	0.000203915250	
569.440000	0.000204434293	
569.640000	0.000205006596	
569.840000	0.000205652996	
570.040000	0.000206409597	
570.240000	0.000207347407	
570.440000	0.000208638690	
570.640000	0.000210931631	
570.840000	0.000227524707	
571.040000	0.000280872922	
571.240000	0.000389975339	
571.440000	0.003167194776	
571.640000	0.009458772535	
571.840000	0.014707910785	
572.040000	0.017809506713	
572.240000	0.018784081465	
572.440000	0.018914826717	
572.640000	0.018405980303	
572.840000	0.017236617499	
573.040000	0.015317455167	
573.240000	0.012438459957	
573.440000	0.010061288549	
573.640000	0.008782890035	
573.840000	0.007988478403	
593.840000	0.001633385639	
602.340000	0.000932039248	
602.540000	0.000920689778	
602.740000	0.000909527713	
602.940000	0.000898550267	
603.140000	0.000887754698	
603.340000	0.000877138310	
603.540000	0.000866698449	
603.740000	0.000856432506	
603.940000	0.000846337917	
604.140000	0.000836412160	
604.340000	0.000826652757	
604.540000	0.000817057273	
604.740000	0.000807623319	
604.940000	0.000798348548	
605.140000	0.000789230658	
605.340000	0.000780267389	
605.540000	0.000771456530	
605.740000	0.000762795911	
605.940000	0.000754283411	
606.140000	0.000745916955	
606.340000	0.000737694514	
606.540000	0.000729614110	
606.740000	0.000721673815	
606.940000	0.000713871754	
607.140000	0.000706206103	
607.340000	0.000698675098	
607.540000	0.000691277034	
607.740000	0.000684010268	
607.940000	0.000676873225	
608.140000	0.000669864404	
608.340000	0.000662982381	
608.540000	0.000656225820	
608.740000	0.000649593479	
608.940000	0.000643084223	
609.140000	0.000636697039	
609.340000	0.000630431051	
609.540000	0.000624285541	
609.740000	0.000618259982	
609.940000	0.000612354064	
610.140000	0.000606567747	
610.340000	0.000600901315	
610.540000	0.000595355460	
610.740000	0.000589931381	
610.940000	0.000584630939	
611.140000	0.000579456856	
611.340000	0.000574413015	
611.540000	0.000569504903	
611.740000	0.000564740280	
611.940000	0.000560130258	
612.140000	0.000555691101	
612.340000	0.000551447414	
612.540000	0.000547438244	
612.740000	0.000543729969	
612.940000	0.000540447539	
613.140000	0.000537867870	
613.340000	0.000536823698	
613.540000	0.000543407528	
613.740000	0.000644017059	
613.940000	0.000806998453	
614.140000	0.002935339265	
614.340000	0.009404736348	
614.540000	0.015070789485	
614.740000	0.018632080176	
614.940000	0.019827398001	
615.140000	0.019914905917	
615.340000	0.019425162724	
615.540000	0.018353427691	
615.740000	0.016635875719	
615.940000	0.014073687669	
616.140000	0.011311676820	
616.340000	0.009749777416	
616.540000	0.008762665400	
616.740000	0.008142977989	
636.740000	0.001722909952	
636.940000	0.001699407793	
637.140000	0.001676273331	
637.340000	0.001653501290	
637.540000	0.001631086466	
637.740000	0.001609023726	
637.940000	0.001587308007	
638.140000	0.001565934319	
638.340000	0.001544897739	
638.540000	0.001524193412	
638.740000	0.001503816553	
638.940000	0.001483762441	
639.140000	0.001464026424	
639.340000	0.001444603915	
639.540000	0.001425490391	
639.740000	0.001406681395	
639.940000	0.001388172532	
640.140000	0.001369959473	
640.340000	0.001352037949	
640.540000	0.001334403756	
640.740000	0.001317052750	
640.940000	0.001299980848	
641.140000	0.001283184031	
641.340000	0.001266658339	
641.540000	0.001250399871	
641.740000	0.001234404788	
641.940000	0.001218669312	
642.140000	0.001203189722	
642.340000	0.001187962359	
642.540000	0.001172983623	
642.740000	0.001158249973	
642.940000	0.001143757930	
643.140000	0.001129504073	
643.340000	0.001115485042	
643.540000	0.001101697538	
643.740000	0.001088138324	
643.940000	0.001074804225	
644.140000	0.001061692128	
644.340000	0.001048798985	
644.540000	0.001036121814	
644.740000	0.001023657699	
644.940000	0.001011403794	
645.140000	0.000999357323	
645.340000	0.000987515587	
645.540000	0.000975875961	
645.740000	0.000964435903	
645.940000	0.000953192957	
646.140000	0.000942144758	
646.340000	0.000931289039	
646.540000	0.000920623639	
646.740000	0.000910146514	
646.940000	0.000899855746	
647.140000	0.000889749560	
647.340000	0.000879826341	
647.540000	0.000870084653	
647.740000	0.000860523270	
647.940000	0.000851141210	
648.140000	0.000841937774	
648.340000	0.000832912607	
648.540000	0.000824065768	
648.740000	0.000815397825	
648.940000	0.000806909986	
649.140000	0.000798604270	
649.340000	0.000790483754	
649.540000	0.000782552913	
649.740000	0.000774818132	
649.940000	0.000767288458	
650.140000	0.000759976792	
650.340000	0.000752901818	
650.540000	0.000746091332	
650.740000	0.000739588355	
650.940000	0.000733463381	
651.140000	0.000727841992	
651.340000	0.000722978610	
651.540000	0.000719515984	
651.740000	0.000720099096	
651.940000	0.000785714977	
652.140000	0.000962521147	
652.340000	0.001813263660	
652.540000	0.007996160457	
652.740000	0.014214543641	
652.940000	0.018524701548	
653.140000	0.020375473475	
653.340000	0.020523106342	
653.540000	0.020107114452	
653.740000	0.019167052201	
653.940000	0.017668451743	
654.140000	0.015483843951	
654.340000	0.012628268634	
654.540000	0.010654766921	
654.740000	0.009475697183	
654.940000	0.008681587429	
655.140000	0.008176095143	
655.340000	0.007840183884	
671.880000	0.002208234711	
672.080000	0.002177515039	
672.280000	0.002147265173	
672.480000	0.002117478483	
672.680000	0.002088148437	
672.880000	0.002059268591	
673.080000	0.002030832591	
673.280000	0.002002834174	
673.480000	0.001975267163	
673.680000	0.001948125463	
673.880000	0.001921403068	
674.080000	0.001895094052	
674.280000	0.001869192569	
674.480000	0.001843692857	
674.680000	0.001818589229	
674.880000	0.001793876078	
675.080000	0.001769547874	
675.280000	0.001745599162	
675.480000	0.001722024563	
675.680000	0.001698818770	
675.880000	0.001675976551	
676.080000	0.001653492746	
676.280000	0.001631362265	
676.480000	0.001609580091	
676.680000	0.001588141276	
676.880000	0.001567040941	
677.080000	0.001546274275	
677.280000	0.001525836537	
677.480000	0.001505723051	
677.680000	0.001485929211	
677.880000	0.001466450475	
678.080000	0.001447282367	
678.280000	0.001428420478	
678.480000	0.001409860463	
678.680000	0.001391598041	
678.880000	0.001373628999	
679.080000	0.001355949183	
679.280000	0.001338554507	
679.480000	0.001321440949	
679.680000	0.001304604547	
679.880000	0.001288041408	
680.080000	0.001271747699	
680.280000	0.001255719652	
680.480000	0.001239953566	
680.680000	0.001224445801	
680.880000	0.001209192786	
681.080000	0.001194191012	
681.280000	0.001179437041	
681.480000	0.001164927501	
681.680000	0.001150659087	
681.880000	0.001136628569	
682.080000	0.001122832786	
682.280000	0.001109268653	
682.480000	0.001095933161	
682.680000	0.001082823382	
682.880000	0.001069936471	
683.080000	0.001057269671	
683.280000	0.001044820318	
683.480000	0.001032585845	
683.680000	0.001020563792	
683.880000	0.001008751814	
684.080000	0.000997147687	
684.280000	0.000985749328	
684.480000	0.000974554801	
684.680000	0.000963562342	
684.880000	0.000952770378	
685.080000	0.000942177555	
685.280000	0.000931782773	
685.480000	0.000921585230	
685.680000	0.000911584476	
685.880000	0.000901780485	
686.080000	0.000892173747	
686.280000	0.000882765394	
686.480000	0.000873557365	
686.680000	0.000864552629	
686.880000	0.000855755510	
687.080000	0.000847172140	
687.280000	0.000838811132	
687.480000	0.000830684601	
687.680000	0.000822809791	
687.880000	0.000815211757	
688.080000	0.000807928092	
688.280000	0.000801017854	
688.480000	0.000794580173	
688.680000	0.000788798567	
688.880000	0.000784070136	
689.080000	0.000781540782	
689.280000	0.000788547592	
689.480000	0.000928411746	
689.680000	0.001215292579	
689.880000	0.004883802299	
690.080000	0.011601451368	
690.280000	0.017067216225	
690.480000	0.020213146517	
690.680000	0.020926831344	
690.880000	0.020662099306	
691.080000	0.019916069562	
691.280000	0.018679399895	
691.480000	0.016889971884	
691.680000	0.014359385789	
691.880000	0.011800908388	
692.080000	0.010291034322	
692.280000	0.009278510811	
692.480000	0.008606043399	
692.680000	0.008166222846	
692.880000	0.007860941904	
708.420000	0.002379849078	
708.620000	0.002346653048	
708.820000	0.002313960051	
709.020000	0.002281763000	
709.220000	0.002250054916	
709.420000	0.002218828919	
709.620000	0.002188078232	
709.820000	0.002157796174	
710.020000	0.002127976159	
710.220000	0.002098611694	
710.420000	0.002069696380	
710.620000	0.002041223905	
710.820000	0.002013188045	
711.020000	0.001985582663	
711.220000	0.001958401705	
711.420000	0.001931639201	
711.620000	0.001905289263	
711.820000	0.001879346084	
712.020000	0.001853803933	
712.220000	0.001828657160	
712.420000	0.001803900190	
712.620000	0.001779527525	
712.820000	0.001755533739	
713.020000	0.001731913482	
713.220000	0.001708661475	
713.420000	0.001685772513	
713.620000	0.001663241457	
713.820000	0.001641063244	
714.020000	0.001619232875	
714.220000	0.001597745423	
714.420000	0.001576596024	
714.620000	0.001555779887	
714.820000	0.001535292281	
715.020000	0.001515128546	
715.220000	0.001495284081	
715.420000	0.001475754355	
715.620000	0.001456534897	
715.820000	0.001437621301	
716.020000	0.001419009221	
716.220000	0.001400694377	
716.420000	0.001382672549	
716.620000	0.001364939576	
716.820000	0.001347491362	
717.020000	0.001330323868	
717.220000	0.001313433118	
717.420000	0.001296815194	
717.620000	0.001280466240	
717.820000	0.001264382458	
718.020000	0.001248560109	
718.220000	0.001232995515	
718.420000	0.001217685056	
718.620000	0.001202625174	
718.820000	0.001187812368	
719.020000	0.001173243199	
719.220000	0.001158914287	
719.420000	0.001144822313	
719.620000	0.001130964019	
719.820000	0.001117336211	
720.020000	0.001103935756	
720.220000	0.001090759585	
720.420000	0.001077804695	
720.620000	0.001065068150	
720.820000	0.001052547082	
721.020000	0.001040238695	
721.220000	0.001028140263	
721.420000	0.001016249139	
721.620000	0.001004562755	
721.820000	0.000993078627	
722.020000	0.000981794358	
722.220000	0.000970707646	
722.420000	0.000959816292	
722.620000	0.000949118203	
722.820000	0.000938611407	
723.020000	0.000928294061	
723.220000	0.000918164469	
723.420000	0.000908221092	
723.620000	0.000898462579	
723.820000	0.000888887783	
724.020000	0.000879495798	
724.220000	0.000870285999	
724.420000	0.000861258091	
724.620000	0.000852412173	
724.820000	0.000843748823	
725.020000	0.000835269208	
725.220000	0.000826975228	
725.420000	0.000818869715	
725.620000	0.000810956708	
725.820000	0.000803241837	
726.020000	0.000795732886	
726.220000	0.000788440627	
726.420000	0.000781380120	
726.620000	0.000774572803	
726.820000	0.000768050058	
727.020000	0.000761859670	
727.220000	0.000756078605	
727.420000	0.000750841255	
727.620000	0.000746413112	
727.820000	0.000743440599	
728.020000	0.000744389886	
728.220000	0.000801381026	
728.420000	0.001001145288	
728.620000	0.002378558355	
728.820000	0.009038451667	
729.020000	0.015292331234	
729.220000	0.019501964130	
729.420000	0.021118501527	
729.620000	0.020978946320	
729.820000	0.020340217232	
730.020000	0.019262972149	
730.220000	0.017700268418	
730.420000	0.015517867021	
730.620000	0.012816872564	
730.820000	0.010949218215	
731.020000	0.009773537306	
731.220000	0.008953480094	
731.420000	0.008414236388	
731.620000	0.008045527206	
731.820000	0.007776133597	
748.080000	0.002236528643	
748.280000	0.002205490685	
748.480000	0.002174923138	
748.680000	0.002144819384	
748.880000	0.002115172900	
749.080000	0.002085977259	
749.280000	0.002057226123	
749.480000	0.002028913243	
749.680000	0.002001032458	
749.880000	0.001973577693	
750.080000	0.001946542954	
750.280000	0.001919922333	
750.480000	0.001893709999	
750.680000	0.001867900202	
750.880000	0.001842487269	
751.080000	0.001817465604	
751.280000	0.001792829685	
751.480000	0.001768574065	
751.680000	0.001744693370	
751.880000	0.001721182296	
752.080000	0.001698035612	
752.280000	0.001675248154	
752.480000	0.001652814828	
752.680000	0.001630730607	
752.880000	0.001608990533	
753.080000	0.001587589711	
753.280000	0.001566523311	
753.480000	0.001545786571	
753.680000	0.001525374787	
753.880000	0.001505283321	
754.080000	0.001485507597	
754.280000	0.001466043099	
754.480000	0.001446885371	
754.680000	0.001428030018	
754.880000	0.001409472702	
755.080000	0.001391209147	
755.280000	0.001373235131	
755.480000	0.001355546492	
755.680000	0.001338139122	
755.880000	0.001321008971	
756.080000	0.001304152042	
756.280000	0.001287564396	
756.480000	0.001271242147	
756.680000	0.001255181460	
756.880000	0.001239378557	
757.080000	0.001223829712	
757.280000	0.001208531249	
757.480000	0.001193479545	
757.680000	0.001178671030	
757.880000	0.001164102182	
758.080000	0.001149769531	
758.280000	0.001135669658	
758.480000	0.001121799191	
758.680000	0.001108154809	
758.880000	0.001094733239	
759.080000	0.001081531258	
759.280000	0.001068545691	
759.480000	0.001055773409	
759.680000	0.001043211332	
759.880000	0.001030856429	
760.080000	0.001018705713	
760.280000	0.001006756247	
760.480000	0.000995005140	
760.680000	0.000983449546	
760.880000	0.000972086669	
761.080000	0.000960913757	
761.280000	0.000949928106	
761.480000	0.000939127059	
761.680000	0.000928508006	
761.880000	0.000918068383	
762.080000	0.000907805674	
762.280000	0.000897717412	
762.480000	0.000887801177	
762.680000	0.000878054598	
762.880000	0.000868475354	
763.080000	0.000859061173	
763.280000	0.000849809837	
763.480000	0.000840719177	
763.680000	0.000831787082	
763.880000	0.000823011493	
764.080000	0.000814390410	
764.280000	0.000805921893	
764.480000	0.000797604062	
764.680000	0.000789435105	
764.880000	0.000781413277	
765.080000	0.000773536907	
765.280000	0.000765804401	
765.480000	0.000758214250	
765.680000	0.000750765035	
765.880000	0.000743455437	
766.080000	0.000736284243	
766.280000	0.000729250365	
766.480000	0.000722352846	
766.680000	0.000715590884	
766.880000	0.000708963849	
767.080000	0.000702471312	
767.280000	0.000696113077	
767.480000	0.000689889219	
767.680000	0.000683800141	
767.880000	0.000677846638	
768.080000	0.000672029982	
768.280000	0.000666352042	
768.480000	0.000660815429	
768.680000	0.000655423716	
768.880000	0.000650181718	
769.080000	0.000645095918	
769.280000	0.000640175074	
769.480000	0.000635431146	
769.680000	0.000630880757	
769.880000	0.000626547605	
770.080000	0.000622466689	
770.280000	0.000618692272	
770.480000	0.000615314455	
770.680000	0.000612498690	
770.880000	0.000610601795	
771.080000	0.000610663724	
771.280000	0.000620032522	
771.480000	0.000745748254	
771.680000	0.001094935019	
771.880000	0.005988162665	
772.080000	0.012782479364	
772.280000	0.018041392645	
772.480000	0.020827960935	
772.680000	0.021139678176	
772.880000	0.020597808264	
773.080000	0.019653014145	
773.280000	0.018276086071	
773.480000	0.016375012857	
773.680000	0.013814521207	
773.880000	0.011564203918	
774.080000	0.010192468054	
774.280000	0.009234273756	
774.480000	0.008597278151	
774.680000	0.008165762327	
774.880000	0.007854799376	
775.080000	0.007615577020	
794.200000	0.001784201291	
794.400000	0.001759865151	
794.600000	0.001735902231	
794.800000	0.001712307243	
795.000000	0.001689074972	
795.200000	0.001666200269	
795.400000	0.001643678055	
795.600000	0.001621503318	
795.800000	0.001599671112	
796.000000	0.001578176556	
796.200000	0.001557014832	
796.400000	0.001536181185	
796.600000	0.001515670926	
796.800000	0.001495479422	
797.000000	0.001475602104	
797.200000	0.001456034463	
797.400000	0.001436772046	
797.600000	0.001417810461	
797.800000	0.001399145373	
798.000000	0.001380772503	
798.200000	0.001362687628	
798.400000	0.001344886581	
798.600000	0.001327365248	
798.800000	0.001310119571	
799.000000	0.001293145545	
799.200000	0.001276439217	
799.400000	0.001259996686	
799.600000	0.001243814102	
799.800000	0.001227887667	
800.000000	0.001212213633	
800.200000	0.001196788301	
800.400000	0.001181608021	
800.600000	0.001166669192	
800.800000	0.001151968262	
801.000000	0.001137501724	
801.200000	0.001123266119	
801.400000	0.001109258035	
801.600000	0.001095474104	
801.800000	0.001081911006	
802.000000	0.001068565463	
802.200000	0.001055434243	
802.400000	0.001042514156	
802.600000	0.001029802056	
802.800000	0.001017294842	
803.000000	0.001004989451	
803.200000	0.000992882865	
803.400000	0.000980972105	
803.600000	0.000969254236	
803.800000	0.000957726359	
804.000000	0.000946385619	
804.200000	0.000935229197	
804.400000	0.000924254316	
804.600000	0.000913458234	
804.800000	0.000902838251	
805.000000	0.000892391701	
805.200000	0.000882115957	
805.400000	0.000872008429	
805.600000	0.000862066563	
805.800000	0.000852287840	
806.000000	0.000842669777	
806.200000	0.000833209927	
806.400000	0.000823905876	
806.600000	0.000814755244	
806.800000	0.000805755688	
807.000000	0.000796904895	
807.200000	0.000788200586	
807.400000	0.000779640514	
807.600000	0.000771222467	
807.800000	0.000762944261	
808.000000	0.000754803747	
808.200000	0.000746798804	
808.400000	0.000738927343	
808.600000	0.000731187307	
808.800000	0.000723576665	
809.000000	0.000716093421	
809.200000	0.000708735602	
809.400000	0.000701501269	
809.600000	0.000694388510	
809.800000	0.000687395440	
810.000000	0.000680520203	
810.200000	0.000673760970	
810.400000	0.000667115940	
810.600000	0.000660583338	
810.800000	0.000654161415	
811.000000	0.000647848450	
811.200000	0.000641642747	
811.400000	0.000635542635	
811.600000	0.000629546469	
811.800000	0.000623652629	
812.000000	0.000617859519	
812.200000	0.000612165567	
812.400000	0.000606569227	
812.600000	0.000601068975	
812.800000	0.000595663311	
813.000000	0.000590350759	
813.200000	0.000585129865	
813.400000	0.000579999197	
813.600000	0.000574957348	
813.800000	0.000570002931	
814.000000	0.000565134581	
814.200000	0.000560350955	
814.400000	0.000555650733	
814.600000	0.000551032613	
814.800000	0.000546495318	
815.000000	0.000542037587	
815.200000	0.000537658183	
815.400000	0.000533355889	
815.600000	0.000529129507	
815.800000	0.000524977860	
816.000000	0.000520899789	
816.200000	0.000516894156	
816.400000	0.000512959842	
816.600000	0.000509095748	
816.800000	0.000505300792	
817.000000	0.000501573914	
817.200000	0.000497914070	
817.400000	0.000494320236	
817.600000	0.000490791405	
817.800000	0.000487326592	
818.000000	0.000483924826	
818.200000	0.000480585157	
818.400000	0.000477306653	
818.600000	0.000474088400	
818.800000	0.000470929502	
819.000000	0.000467829080	
819.200000	0.000464786275	
819.400000	0.000461800247	
819.600000	0.000458870171	
819.800000	0.000455995243	
820.000000	0.000453174678	
820.200000	0.000450407707	
820.400000	0.000447693583	
820.600000	0.000445031576	
820.800000	0.000442420976	
821.000000	0.000439861095	
821.200000	0.000437351261	
821.400000	0.000434890825	
821.600000	0.000432479162	
821.800000	0.000430115663	
822.000000	0.000427799746	
822.200000	0.000425530852	
822.400000	0.000423308444	
822.600000	0.000421132014	
822.800000	0.000419001078	
823.000000	0.000416915182	
823.200000	0.000414873901	
823.400000	0.000412876842	
823.600000	0.000410923648	
823.800000	0.000409013996	
824.000000	0.000407147605	
824.200000	0.000405324237	
824.400000	0.000403543702	
824.600000	0.000401805862	
824.800000	0.000400110637	
825.000000	0.000398458013	
825.200000	0.000396848050	
825.400000	0.000395280887	
825.600000	0.000393756763	
825.800000	0.000392276023	
826.000000	0.000390839137	
826.200000	0.000389446726	
826.400000	0.000388099583	
826.600000	0.000386798708	
826.800000	0.000385545353	
827.000000	0.000384341073	
827.200000	0.000383187797	
827.400000	0.000382087924	
827.600000	0.000381044447	
827.800000	0.000380061123	
828.000000	0.000379142718	
828.200000	0.000378295349	
828.400000	0.000377526998	
828.600000	0.000376848290	
828.800000	0.000376273746	
829.000000	0.000375823874	
829.200000	0.000375528923	
829.400000	0.000375436174	
829.600000	0.000375625797	
829.800000	0.000376251345	
830.000000	0.000377673641	
830.200000	0.000381202364	
830.400000	0.000412872253	
830.600000	0.000535767761	
830.800000	0.002103603919	
831.000000	0.008894008831	
831.200000	0.015256759832	
831.400000	0.019559624265	
831.600000	0.021144017846	
831.800000	0.020806827013	
832.000000	0.019994998670	
832.200000	0.018817398424	
832.400000	0.017192688471	
832.600000	0.014977202680	
832.800000	0.012441730220	
833.000000	0.010746332839	
833.200000	0.009609561060	
833.400000	0.008827548551	
833.600000	0.008302245074	
833.800000	0.007929791506	
834.000000	0.007648246768	
854.000000	0.001618537132	
863.280000	0.000879201371	
863.480000	0.000868512162	
863.680000	0.000857994158	
863.880000	0.000847644756	
864.080000	0.000837461385	
864.280000	0.000827441512	
864.480000	0.000817582635	
864.680000	0.000807882291	
864.880000	0.000798338048	
865.080000	0.000788947510	
865.280000	0.000779708312	
865.480000	0.000770618123	
865.680000	0.000761674645	
865.880000	0.000752875612	
866.080000	0.000744218788	
866.280000	0.000735701971	
866.480000	0.000727322988	
866.680000	0.000719079698	
866.880000	0.000710969989	
867.080000	0.000702991779	
867.280000	0.000695143017	
867.480000	0.000687421680	
867.680000	0.000679825773	
867.880000	0.000672353331	
868.080000	0.000665002416	
868.280000	0.000657771119	
868.480000	0.000650657557	
868.680000	0.000643659875	
868.880000	0.000636776244	
869.080000	0.000630004862	
869.280000	0.000623343953	
869.480000	0.000616791767	
869.680000	0.000610346578	
869.880000	0.000604006686	
870.080000	0.000597770417	
870.280000	0.000591636119	
870.480000	0.000585602167	
870.680000	0.000579666957	
870.880000	0.000573828911	
871.080000	0.000568086472	
871.280000	0.000562438108	
871.480000	0.000556882308	
871.680000	0.000551417584	
871.880000	0.000546042470	
872.080000	0.000540755522	
872.280000	0.000535555318	
872.480000	0.000530440456	
872.680000	0.000525409555	
872.880000	0.000520461255	
873.080000	0.000515594218	
873.280000	0.000510807122	
873.480000	0.000506098670	
873.680000	0.000501467581	
873.880000	0.000496912593	
874.080000	0.000492432467	
874.280000	0.000488025977	
874.480000	0.000483691922	
874.680000	0.000479429113	
874.880000	0.000475236384	
875.080000	0.000471112584	
875.280000	0.000467056581	
875.480000	0.000463067259	
875.680000	0.000459143521	
875.880000	0.000455284284	
876.080000	0.000451488485	
876.280000	0.000447755075	
876.480000	0.000444083021	
876.680000	0.000440471308	
876.880000	0.000436918936	
877.080000	0.000433424919	
877.280000	0.000429988287	
877.480000	0.000426608087	
877.680000	0.000423283378	
877.880000	0.000420013236	
878.080000	0.000416796750	
878.280000	0.000413633023	
878.480000	0.000410521173	
878.680000	0.000407460333	
878.880000	0.000404449646	
879.080000	0.000401488273	
879.280000	0.000398575385	
879.480000	0.000395710167	
879.680000	0.000392891817	
879.880000	0.000390119545	
880.080000	0.000387392576	
880.280000	0.000384710144	
880.480000	0.000382071498	
880.680000	0.000379475897	
880.880000	0.000376922613	
881.080000	0.000374410930	
881.280000	0.000371940141	
881.480000	0.000369509553	
881.680000	0.000367118483	
881.880000	0.000364766260	
882.080000	0.000362452222	
882.280000	0.000360175720	
882.480000	0.000357936113	
882.680000	0.000355732773	
882.880000	0.000353565080	
883.080000	0.000351432424	
883.280000	0.000349334208	
883.480000	0.000347269840	
883.680000	0.000345238743	
883.880000	0.000343240344	
884.080000	0.000341274084	
884.280000	0.000339339411	
884.480000	0.000337435781	
884.680000	0.000335562661	
884.880000	0.000333719527	
885.080000	0.000331905861	
885.280000	0.000330121156	
885.480000	0.000328364912	
885.680000	0.000326636638	
885.880000	0.000324935852	
886.080000	0.000323262078	
886.280000	0.000321614849	
886.480000	0.000319993706	
886.680000	0.000318398197	
886.880000	0.000316827879	
887.080000	0.000315282313	
887.280000	0.000313761072	
887.480000	0.000312263732	
887.680000	0.000310789880	
887.880000	0.000309339106	
888.080000	0.000307911009	
888.280000	0.000306505196	
888.480000	0.000305121277	
888.680000	0.000303758873	
888.880000	0.000302417607	
889.080000	0.000301097112	
889.280000	0.000299797025	
889.480000	0.000298516991	
889.680000	0.000297256659	
889.880000	0.000296015685	
890.080000	0.000294793731	
890.280000	0.000293590465	
890.480000	0.000292405560	
890.680000	0.000291238694	
890.880000	0.000290089553	
891.080000	0.000288957826	
891.280000	0.000287843207	
891.480000	0.000286745398	
891.680000	0.000285664103	
891.880000	0.000284599034	
892.080000	0.000283549906	
892.280000	0.000282516439	
892.480000	0.000281498359	
892.680000	0.000280495395	
892.880000	0.000279507283	
893.080000	0.000278533762	
893.280000	0.000277574575	
893.480000	0.000276629471	
893.680000	0.000275698202	
893.880000	0.000274780526	
894.080000	0.000273876203	
894.280000	0.000272985000	
894.480000	0.000272106685	
894.680000	0.000271241032	
894.880000	0.000270387818	
895.080000	0.000269546825	
895.280000	0.000268717838	
895.480000	0.000267900645	
895.680000	0.000267095040	
895.880000	0.000266300819	
896.080000	0.000265517782	
896.280000	0.000264745731	
896.480000	0.000263984474	
896.680000	0.000263233821	
896.880000	0.000262493586	
897.080000	0.000261763585	
897.280000	0.000261043639	
897.480000	0.000260333571	
897.680000	0.000259633207	
897.880000	0.000258942377	
898.080000	0.000258260913	
898.280000	0.000257588650	
898.480000	0.000256925428	
898.680000	0.000256271087	
898.880000	0.000255625471	
899.080000	0.000254988428	
899.280000	0.000254359806	
899.480000	0.000253739459	
899.680000	0.000253127240	
899.880000	0.000252523008	
900.080000	0.000251926621	
900.280000	0.000251337944	
900.480000	0.000250756840	
900.680000	0.000250183177	
900.880000	0.000249616825	
901.080000	0.000249057656	
901.280000	0.000248505543	
901.480000	0.000247960364	
901.680000	0.000247421998	
901.880000	0.000246890325	
902.080000	0.000246365228	
902.280000	0.000245846592	
902.480000	0.000245334305	
902.680000	0.000244828256	
902.880000	0.000244328336	
903.080000	0.000243834439	
903.280000	0.000243346458	
903.480000	0.000242864292	
903.680000	0.000242387839	
903.880000	0.000241917000	
904.080000	0.000241451677	
904.280000	0.000240991774	
904.480000	0.000240537197	
904.680000	0.000240087853	
904.880000	0.000239643653	
905.080000	0.000239204506	
905.280000	0.000238770326	
905.480000	0.000238341026	
905.680000	0.000237916521	
905.880000	0.000237496729	
906.080000	0.000237081569	
906.280000	0.000236670960	
906.480000	0.000236264824	
906.680000	0.000235863084	
906.880000	0.000235465664	
907.080000	0.000235072490	
907.280000	0.000234683488	
907.480000	0.000234298587	
907.680000	0.000233917717	
907.880000	0.000233540808	
908.080000	0.000233167793	
908.280000	0.000232798604	
908.480000	0.000232433177	
908.680000	0.000232071446	
908.880000	0.000231713349	
909.080000	0.000231358824	
909.280000	0.000231007810	
909.480000	0.000230660247	
909.680000	0.000230316076	
909.880000	0.000229975239	
910.080000	0.000229637681	
910.280000	0.000229303345	
910.480000	0.000228972176	
910.680000	0.000228644121	
910.880000	0.000228319127	
911.080000	0.000227997143	
911.280000	0.000227678118	
911.480000	0.000227362001	
911.680000	0.000227048745	
911.880000	0.000226738299	
912.080000	0.000226430619	
912.280000	0.000226125656	
912.480000	0.000225823365	
912.680000	0.000225523702	
912.880000	0.000225226623	
913.080000	0.000224932084	
913.280000	0.000224640043	
913.480000	0.000224350458	
913.680000	0.000224063289	
913.880000	0.000223778495	
914.080000	0.000223496037	
914.280000	0.000223215876	
914.480000	0.000222937974	
914.680000	0.000222662294	
914.880000	0.000222388799	
915.080000	0.000222117452	
915.280000	0.000221848219	
915.480000	0.000221581065	
915.680000	0.000221315955	
915.880000	0.000221052856	
916.080000	0.000220791735	
916.280000	0.000220532560	
916.480000	0.000220275299	
916.680000	0.000220019920	
916.880000	0.000219766393	
917.080000	0.000219514689	
917.280000	0.000219264776	
917.480000	0.000219016627	
937.480000	0.000199772662	
957.480000	0.000185367664	
977.480000	0.000172727856	
997.480000	0.000161213276	
1017.480000	0.000150646444	
1037.480000	0.000140947945	
1057.480000	0.000132061807	
1077.480000	0.000123938371	
1097.480000	0.000116529967	
1117.480000	0.000109789885	
1137.480000	0.000103672323	
1157.480000	0.000098132638	
1177.480000	0.000093127677	
1197.480000	0.000088615974	
1217.480000	0.000084557935	
1237.480000	0.000080915954	
1257.480000	0.000077654516	
1277.480000	0.000074740238	
1297.480000	0.000072141871	
1317.480000	0.000069830284	
1337.480000	0.000067778419	
1357.480000	0.000065961237	
1377.480000	0.000064355648	
1397.480000	0.000062940430	
1417.480000	0.000061696143	
1437.480000	0.000060605031	
1457.480000	0.000059650929	
1477.480000	0.000058819153	
1497.480000	0.000058096407	
1517.480000	0.000057470671	
1537.480000	0.000056931108	
1557.480000	0.000056467963	
1577.480000	0.000056072472	
1597.480000	0.000055736772	
1617.480000	0.000055453822	
1637.480000	0.000055217325	
1657.480000	0.000055021654	
1677.480000	0.000054861793	
1697.480000	0.000054733272	
1717.480000	0.000054632116	
1737.480000	0.000054554792	
1757.480000	0.000054498169	
1777.480000	0.000054459473	
1797.480000	0.000054436251	
1817.480000	0.000054426340	
1837.480000	0.000054427832	
1857.480000	0.000054439053	
1877.480000	0.000054458533	
1897.480000	0.000054484984	
1917.480000	0.000054517283	
1937.480000	0.000054554454	
1957.480000	0.000054595647	
1977.480000	0.000054640128	
1997.480000	0.000054687262	
2017.480000	0.000054736507	
2037.480000	0.000054787396	
2057.480000	0.000054839532	
2077.480000	0.000054892580	
2097.480000	0.000054946256	
2117.480000	0.000055000323	
2137.480000	0.000055054585	
2157.480000	0.000055108879	
2177.480000	0.000055163073	
2197.480000	0.000055217062	
2217.480000	0.000055270762	
2237.480000	0.000055324109	
2257.480000	0.000055377053	
2277.480000	0.000055429560	
2297.480000	0.000055481606	
2317.480000	0.000055533178	
2337.480000	0.000055584269	
2357.480000	0.000055634880	
2377.480000	0.000055685016	
2397.480000	0.000055734687	
2417.480000	0.000055783907	
2437.480000	0.000055832690	
2457.480000	0.000055881054	
2477.480000	0.000055929017	
2497.480000	0.000055976599	
