0.000000	0.022955661000	
20.000000	0.022944953492	
40.000000	0.022942936593	
60.000000	0.022943250481	
80.000000	0.022943778314	
100.000000	0.022944184867	
120.000000	0.023483149602	
140.000000	0.024107064445	
160.000000	0.024562784493	
180.000000	0.025007980283	
200.000000	0.025459805994	
220.000000	0.025923099879	
240.000000	0.026397121930	
260.000000	0.026879745445	
280.000000	0.027368837347	
300.000000	0.027862569404	
320.000000	0.028359427596	
340.000000	0.028849332529	
360.000000	0.029339316363	
380.000000	0.029830159021	
400.000000	0.030320719731	
420.000000	0.030810102614	
440.000000	0.031297681728	
460.000000	0.031782986311	
480.000000	0.032265651134	
500.000000	0.032745379810	
520.000000	0.033153811734	
540.000000	0.033509639229	
560.000000	0.033827903243	
567.640000	0.033939425410	
567.840000	0.033942236908	
568.040000	0.033945039987	
568.240000	0.033947834059	
568.440000	0.033950618426	
568.640000	0.033953392244	
568.840000	0.033956154482	
569.040000	0.033958903851	
569.240000	0.033961638712	
569.440000	0.033964356921	
569.640000	0.033967055579	
569.840000	0.033969730593	
570.040000	0.033972375839	
570.240000	0.033974981342	
570.440000	0.033977528482	
570.640000	0.033979971926	
570.840000	0.033982011480	
571.040000	0.033980953637	
571.240000	0.033975286681	
571.440000	0.033943455812	
571.640000	0.033720361518	
571.840000	0.033088994146	
572.040000	0.032004472655	
572.240000	0.030611217924	
572.440000	0.029095111274	
572.640000	0.027604052156	
572.840000	0.026268935875	
573.040000	0.025190996284	
573.240000	0.024429868190	
573.440000	0.023977948268	
573.640000	0.023722363929	
573.840000	0.023585628326	
593.840000	0.031038551345	
602.340000	0.032639090497	
602.540000	0.032667973534	
602.740000	0.032696514173	
602.940000	0.032724716187	
603.140000	0.032752583314	
603.340000	0.032780119262	
603.540000	0.032807327703	
603.740000	0.032834212278	
603.940000	0.032860776595	
604.140000	0.032887024227	
604.340000	0.032912958716	
604.540000	0.032938583567	
604.740000	0.032963902254	
604.940000	0.032988918215	
605.140000	0.033013634855	
605.340000	0.033038055544	
605.540000	0.033062183618	
605.740000	0.033086022377	
605.940000	0.033109575086	
606.140000	0.033132844975	
606.340000	0.033155835237	
606.540000	0.033178549030	
606.740000	0.033200989474	
606.940000	0.033223159652	
607.140000	0.033245062610	
607.340000	0.033266701354	
607.540000	0.033288078851	
607.740000	0.033309198027	
607.940000	0.033330061769	
608.140000	0.033350672919	
608.340000	0.033371034275	
608.540000	0.033391148589	
608.740000	0.033411018566	
608.940000	0.033430646861	
609.140000	0.033450036073	
609.340000	0.033469188747	
609.540000	0.033488107366	
609.740000	0.033506794346	
609.940000	0.033525252031	
610.140000	0.033543482685	
610.340000	0.033561488480	
610.540000	0.033579271486	
610.740000	0.033596833652	
610.940000	0.033614176789	
611.140000	0.033631302537	
611.340000	0.033648212330	
611.540000	0.033664907340	
611.740000	0.033681388408	
611.940000	0.033697655925	
612.140000	0.033713709674	
612.340000	0.033729548555	
612.540000	0.033745170136	
612.740000	0.033760569826	
612.940000	0.033775739197	
613.140000	0.033790661997	
613.340000	0.033805301781	
613.540000	0.033819530247	
613.740000	0.033831470945	
613.940000	0.033837710729	
614.140000	0.033825237401	
614.340000	0.033656803963	
614.540000	0.033101563736	
614.740000	0.032071360650	
614.940000	0.030690501002	
615.140000	0.029162037920	
615.340000	0.027641237653	
615.540000	0.026257099560	
615.740000	0.025109146379	
615.940000	0.024258313234	
616.140000	0.023721893327	
616.340000	0.023415111101	
616.540000	0.023246920607	
616.740000	0.023168320979	
636.740000	0.031411059049	
636.940000	0.031461781485	
637.140000	0.031511924685	
637.340000	0.031561494052	
637.540000	0.031610494972	
637.740000	0.031658932807	
637.940000	0.031706812901	
638.140000	0.031754140575	
638.340000	0.031800921128	
638.540000	0.031847159837	
638.740000	0.031892861951	
638.940000	0.031938032697	
639.140000	0.031982677276	
639.340000	0.032026800862	
639.540000	0.032070408601	
639.740000	0.032113505614	
639.940000	0.032156096992	
640.140000	0.032198187795	
640.340000	0.032239783058	
640.540000	0.032280887782	
640.740000	0.032321506939	
640.940000	0.032361645469	
641.140000	0.032401308281	
641.340000	0.032440500251	
641.540000	0.032479226223	
641.740000	0.032517491007	
641.940000	0.032555299379	
642.140000	0.032592656081	
642.340000	0.032629565820	
642.540000	0.032666033269	
642.740000	0.032702063064	
642.940000	0.032737659804	
643.140000	0.032772828054	
643.340000	0.032807572339	
643.540000	0.032841897147	
643.740000	0.032875806930	
643.940000	0.032909306097	
644.140000	0.032942399022	
644.340000	0.032975090035	
644.540000	0.033007383429	
644.740000	0.033039283453	
644.940000	0.033070794316	
645.140000	0.033101920181	
645.340000	0.033132665170	
645.540000	0.033163033358	
645.740000	0.033193028777	
645.940000	0.033222655409	
646.140000	0.033251917188	
646.340000	0.033280817998	
646.540000	0.033309361671	
646.740000	0.033337551983	
646.940000	0.033365392656	
647.140000	0.033392887349	
647.340000	0.033420039661	
647.540000	0.033446853120	
647.740000	0.033473331185	
647.940000	0.033499477235	
648.140000	0.033525294562	
648.340000	0.033550786367	
648.540000	0.033575955744	
648.740000	0.033600805666	
648.940000	0.033625338970	
649.140000	0.033649558335	
649.340000	0.033673466247	
649.540000	0.033697064964	
649.740000	0.033720356458	
649.940000	0.033743342343	
650.140000	0.033766023759	
650.340000	0.033788401214	
650.540000	0.033810474328	
650.740000	0.033832241420	
650.940000	0.033853698777	
651.140000	0.033874839272	
651.340000	0.033895649335	
651.540000	0.033916100893	
651.740000	0.033936119659	
651.940000	0.033955088878	
652.140000	0.033968758700	
652.340000	0.033971407098	
652.540000	0.033875921646	
652.740000	0.033453011449	
652.940000	0.032545062740	
653.140000	0.031225409969	
653.340000	0.029702487555	
653.540000	0.028154163772	
653.740000	0.026713295390	
653.940000	0.025482955300	
654.140000	0.024528724636	
654.340000	0.023881968567	
654.540000	0.023499862217	
654.740000	0.023283257057	
654.940000	0.023173366892	
655.140000	0.023134054637	
655.340000	0.023142128553	
671.880000	0.030848405757	
672.080000	0.030911367360	
672.280000	0.030973630045	
672.480000	0.031035199669	
672.680000	0.031096082089	
672.880000	0.031156283159	
673.080000	0.031215808732	
673.280000	0.031274664652	
673.480000	0.031332856758	
673.680000	0.031390390880	
673.880000	0.031447272838	
674.080000	0.031503508441	
674.280000	0.031559103487	
674.480000	0.031614063757	
674.680000	0.031668395021	
674.880000	0.031722103030	
675.080000	0.031775193520	
675.280000	0.031827672206	
675.480000	0.031879544786	
675.680000	0.031930816936	
675.880000	0.031981494312	
676.080000	0.032031582546	
676.280000	0.032081087249	
676.480000	0.032130014005	
676.680000	0.032178368374	
676.880000	0.032226155892	
677.080000	0.032273382067	
677.280000	0.032320052377	
677.480000	0.032366172275	
677.680000	0.032411747185	
677.880000	0.032456782499	
678.080000	0.032501283580	
678.280000	0.032545255760	
678.480000	0.032588704338	
678.680000	0.032631634583	
678.880000	0.032674051729	
679.080000	0.032715960976	
679.280000	0.032757367491	
679.480000	0.032798276405	
679.680000	0.032838692815	
679.880000	0.032878621779	
680.080000	0.032918068323	
680.280000	0.032957037430	
680.480000	0.032995534050	
680.680000	0.033033563091	
680.880000	0.033071129424	
681.080000	0.033108237880	
681.280000	0.033144893248	
681.480000	0.033181100277	
681.680000	0.033216863674	
681.880000	0.033252188103	
682.080000	0.033287078185	
682.280000	0.033321538497	
682.480000	0.033355573569	
682.680000	0.033389187886	
682.880000	0.033422385885	
683.080000	0.033455171954	
683.280000	0.033487550432	
683.480000	0.033519525605	
683.680000	0.033551101706	
683.880000	0.033582282911	
684.080000	0.033613073340	
684.280000	0.033643477051	
684.480000	0.033673498040	
684.680000	0.033703140233	
684.880000	0.033732407485	
685.080000	0.033761303576	
685.280000	0.033789832201	
685.480000	0.033817996964	
685.680000	0.033845801372	
685.880000	0.033873248818	
686.080000	0.033900342574	
686.280000	0.033927085767	
686.480000	0.033953481362	
686.680000	0.033979532128	
686.880000	0.034005240606	
687.080000	0.034030609052	
687.280000	0.034055639371	
687.480000	0.034080333018	
687.680000	0.034104690849	
687.880000	0.034128712914	
688.080000	0.034152398109	
688.280000	0.034175743608	
688.480000	0.034198743842	
688.680000	0.034221388456	
688.880000	0.034243657582	
689.080000	0.034265507735	
689.280000	0.034286797301	
689.480000	0.034305546950	
689.680000	0.034316771363	
689.880000	0.034292724496	
690.080000	0.034058230418	
690.280000	0.033379811616	
690.480000	0.032213587969	
690.680000	0.030730368449	
690.880000	0.029150551633	
691.080000	0.027626667520	
691.280000	0.026273882424	
691.480000	0.025171175048	
691.680000	0.024361314188	
691.880000	0.023847252643	
692.080000	0.023547579305	
692.280000	0.023382331360	
692.480000	0.023306629446	
692.680000	0.023290670091	
692.880000	0.023315529684	
708.420000	0.030885178980	
708.620000	0.030952785882	
708.820000	0.031019646721	
709.020000	0.031085767542	
709.220000	0.031151154398	
709.420000	0.031215813346	
709.620000	0.031279750447	
709.820000	0.031342971763	
710.020000	0.031405483353	
710.220000	0.031467291278	
710.420000	0.031528401590	
710.620000	0.031588820341	
710.820000	0.031648553569	
711.020000	0.031707607310	
711.220000	0.031765987586	
711.420000	0.031823700408	
711.620000	0.031880751774	
711.820000	0.031937147669	
712.020000	0.031992894062	
712.220000	0.032047996904	
712.420000	0.032102462131	
712.620000	0.032156295657	
712.820000	0.032209503378	
713.020000	0.032262091169	
713.220000	0.032314064881	
713.420000	0.032365430345	
713.620000	0.032416193364	
713.820000	0.032466359721	
714.020000	0.032515935170	
714.220000	0.032564925439	
714.420000	0.032613336228	
714.620000	0.032661173211	
714.820000	0.032708442030	
715.020000	0.032755148301	
715.220000	0.032801297607	
715.420000	0.032846895501	
715.620000	0.032891947503	
715.820000	0.032936459102	
716.020000	0.032980435754	
716.220000	0.033023882881	
716.420000	0.033066805871	
716.620000	0.033109210078	
716.820000	0.033151100820	
717.020000	0.033192483378	
717.220000	0.033233363000	
717.420000	0.033273744894	
717.620000	0.033313634232	
717.820000	0.033353036150	
718.020000	0.033391955741	
718.220000	0.033430398065	
718.420000	0.033468368139	
718.620000	0.033505870940	
718.820000	0.033542911407	
719.020000	0.033579494437	
719.220000	0.033615624887	
719.420000	0.033651307570	
719.620000	0.033686547258	
719.820000	0.033721348681	
720.020000	0.033755716524	
720.220000	0.033789655429	
720.420000	0.033823169993	
720.620000	0.033856264767	
720.820000	0.033888944257	
721.020000	0.033921212922	
721.220000	0.033953075170	
721.420000	0.033984535365	
721.620000	0.034015597817	
721.820000	0.034046266787	
722.020000	0.034076546482	
722.220000	0.034106441056	
722.420000	0.034135954605	
722.620000	0.034165091169	
722.820000	0.034193854727	
723.020000	0.034222249195	
723.220000	0.034250278421	
723.420000	0.034277946186	
723.620000	0.034305256195	
723.820000	0.034332212073	
724.020000	0.034358817361	
724.220000	0.034385075506	
724.420000	0.034410989853	
724.620000	0.034436563634	
724.820000	0.034461799956	
725.020000	0.034486701779	
725.220000	0.034511271901	
725.420000	0.034535512925	
725.620000	0.034559427225	
725.820000	0.034583016899	
726.020000	0.034606283699	
726.220000	0.034629228948	
726.420000	0.034651853405	
726.620000	0.034674157077	
726.820000	0.034696138925	
727.020000	0.034717796393	
727.220000	0.034739124591	
727.420000	0.034760114761	
727.620000	0.034780751005	
727.820000	0.034801001843	
728.020000	0.034820788856	
728.220000	0.034839580708	
728.420000	0.034852755949	
728.620000	0.034851032912	
728.820000	0.034723074553	
729.020000	0.034221449535	
729.220000	0.033198838599	
729.420000	0.031764121957	
729.620000	0.030156287868	
729.820000	0.028563607308	
730.020000	0.027113130681	
730.220000	0.025894318800	
730.420000	0.024958111476	
730.620000	0.024323827761	
730.820000	0.023942642553	
731.020000	0.023723365124	
731.220000	0.023611073345	
731.420000	0.023570559865	
731.620000	0.023578692430	
731.820000	0.023620686802	
748.080000	0.031525847937	
748.280000	0.031590932878	
748.480000	0.031655285797	
748.680000	0.031718912916	
748.880000	0.031781820455	
749.080000	0.031844014628	
749.280000	0.031905501646	
749.480000	0.031966287712	
749.680000	0.032026379020	
749.880000	0.032085781754	
750.080000	0.032144502087	
750.280000	0.032202546178	
750.480000	0.032259920173	
750.680000	0.032316630202	
750.880000	0.032372682377	
751.080000	0.032428082794	
751.280000	0.032482837528	
751.480000	0.032536952635	
751.680000	0.032590434149	
751.880000	0.032643288083	
752.080000	0.032695520425	
752.280000	0.032747137140	
752.480000	0.032798144167	
752.680000	0.032848547421	
752.880000	0.032898352788	
753.080000	0.032947566127	
753.280000	0.032996193269	
753.480000	0.033044240016	
753.680000	0.033091712141	
753.880000	0.033138615384	
754.080000	0.033184955457	
754.280000	0.033230738039	
754.480000	0.033275968776	
754.680000	0.033320653281	
754.880000	0.033364797137	
755.080000	0.033408405888	
755.280000	0.033451485048	
755.480000	0.033494040094	
755.680000	0.033536076467	
755.880000	0.033577599575	
756.080000	0.033618614787	
756.280000	0.033659127437	
756.480000	0.033699142823	
756.680000	0.033738666204	
756.880000	0.033777702802	
757.080000	0.033816257801	
757.280000	0.033854336349	
757.480000	0.033891943551	
757.680000	0.033929084478	
757.880000	0.033965764160	
758.080000	0.034001987587	
758.280000	0.034037759711	
758.480000	0.034073085443	
758.680000	0.034107969656	
758.880000	0.034142417181	
759.080000	0.034176432809	
759.280000	0.034210021292	
759.480000	0.034243187341	
759.680000	0.034275935624	
759.880000	0.034308270770	
760.080000	0.034340197367	
760.280000	0.034371719961	
760.480000	0.034402843056	
760.680000	0.034433571115	
760.880000	0.034463908559	
761.080000	0.034493859767	
761.280000	0.034523429077	
761.480000	0.034552620782	
761.680000	0.034581439135	
761.880000	0.034609888344	
762.080000	0.034637972576	
762.280000	0.034665695953	
762.480000	0.034693062555	
762.680000	0.034720076416	
762.880000	0.034746741529	
763.080000	0.034773061840	
763.280000	0.034799041250	
763.480000	0.034824683617	
763.680000	0.034849992750	
763.880000	0.034874972414	
764.080000	0.034899626326	
764.280000	0.034923958155	
764.480000	0.034947971522	
764.680000	0.034971669997	
764.880000	0.034995057101	
765.080000	0.035018136303	
765.280000	0.035040911017	
765.480000	0.035063384604	
765.680000	0.035085560367	
765.880000	0.035107441551	
766.080000	0.035129031338	
766.280000	0.035150332848	
766.480000	0.035171349129	
766.680000	0.035192083161	
766.880000	0.035212537843	
767.080000	0.035232715994	
767.280000	0.035252620341	
767.480000	0.035272253513	
767.680000	0.035291618029	
767.880000	0.035310716286	
768.080000	0.035329550543	
768.280000	0.035348122898	
768.480000	0.035366435268	
768.680000	0.035384489347	
768.880000	0.035402286569	
769.080000	0.035419828046	
769.280000	0.035437114485	
769.480000	0.035454146077	
769.680000	0.035470922330	
769.880000	0.035487441819	
770.080000	0.035503701800	
770.280000	0.035519697556	
770.480000	0.035535421231	
770.680000	0.035550859503	
770.880000	0.035565988188	
771.080000	0.035580755924	
771.280000	0.035594992801	
771.480000	0.035606322214	
771.680000	0.035608805445	
771.880000	0.035551663402	
772.080000	0.035216856153	
772.280000	0.034369949429	
772.480000	0.033020845579	
772.680000	0.031393911015	
772.880000	0.029728220265	
773.080000	0.028173371757	
773.280000	0.026831547550	
773.480000	0.025764809388	
773.680000	0.025001161388	
773.880000	0.024522160891	
774.080000	0.024239579665	
774.280000	0.024084221972	
774.480000	0.024014280220	
774.680000	0.024001850567	
774.880000	0.024029173301	
775.080000	0.024084601510	
794.200000	0.032830738826	
794.400000	0.032885264375	
794.600000	0.032939148817	
794.800000	0.032992398277	
795.000000	0.033045018854	
795.200000	0.033097016627	
795.400000	0.033148397644	
795.600000	0.033199167931	
795.800000	0.033249333485	
796.000000	0.033298900276	
796.200000	0.033347874245	
796.400000	0.033396261304	
796.600000	0.033444067334	
796.800000	0.033491298185	
797.000000	0.033537959678	
797.200000	0.033584057600	
797.400000	0.033629597707	
797.600000	0.033674585719	
797.800000	0.033719027325	
798.000000	0.033762928180	
798.200000	0.033806293904	
798.400000	0.033849130081	
798.600000	0.033891442261	
798.800000	0.033933235956	
799.000000	0.033974516646	
799.200000	0.034015289770	
799.400000	0.034055560733	
799.600000	0.034095334902	
799.800000	0.034134617606	
800.000000	0.034173414138	
800.200000	0.034211729751	
800.400000	0.034249569661	
800.600000	0.034286939046	
800.800000	0.034323843044	
801.000000	0.034360286757	
801.200000	0.034396275244	
801.400000	0.034431813529	
801.600000	0.034466906595	
801.800000	0.034501559385	
802.000000	0.034535776805	
802.200000	0.034569563718	
802.400000	0.034602924951	
802.600000	0.034635865289	
802.800000	0.034668389479	
803.000000	0.034700502228	
803.200000	0.034732208202	
803.400000	0.034763512029	
803.600000	0.034794418296	
803.800000	0.034824931552	
804.000000	0.034855056303	
804.200000	0.034884797020	
804.400000	0.034914158131	
804.600000	0.034943144025	
804.800000	0.034971759052	
805.000000	0.035000007524	
805.200000	0.035027893711	
805.400000	0.035055421845	
805.600000	0.035082596119	
805.800000	0.035109420688	
806.000000	0.035135899664	
806.200000	0.035162037126	
806.400000	0.035187837110	
806.600000	0.035213303615	
806.800000	0.035238440600	
807.000000	0.035263251989	
807.200000	0.035287741664	
807.400000	0.035311913472	
807.600000	0.035335771220	
807.800000	0.035359318679	
808.000000	0.035382559581	
808.200000	0.035405497622	
808.400000	0.035428136459	
808.600000	0.035450479714	
808.800000	0.035472530972	
809.000000	0.035494293779	
809.200000	0.035515771647	
809.400000	0.035536968050	
809.600000	0.035557886429	
809.800000	0.035578530185	
810.000000	0.035598902686	
810.200000	0.035619007263	
810.400000	0.035638847214	
810.600000	0.035658425800	
810.800000	0.035677746248	
811.000000	0.035696811749	
811.200000	0.035715625462	
811.400000	0.035734190510	
811.600000	0.035752509982	
811.800000	0.035770586934	
812.000000	0.035788424388	
812.200000	0.035806025334	
812.400000	0.035823392727	
812.600000	0.035840529489	
812.800000	0.035857438512	
813.000000	0.035874122653	
813.200000	0.035890584737	
813.400000	0.035906827559	
813.600000	0.035922853879	
813.800000	0.035938666429	
814.000000	0.035954267907	
814.200000	0.035969660981	
814.400000	0.035984848289	
814.600000	0.035999832435	
814.800000	0.036014615997	
815.000000	0.036029201520	
815.200000	0.036043591519	
815.400000	0.036057788479	
815.600000	0.036071794858	
815.800000	0.036085613082	
816.000000	0.036099245547	
816.200000	0.036112694624	
816.400000	0.036125962651	
816.600000	0.036139051939	
816.800000	0.036151964771	
817.000000	0.036164703401	
817.200000	0.036177270056	
817.400000	0.036189666934	
817.600000	0.036201896205	
817.800000	0.036213960013	
818.000000	0.036225860474	
818.200000	0.036237599675	
818.400000	0.036249179679	
818.600000	0.036260602519	
818.800000	0.036271870203	
819.000000	0.036282984712	
819.200000	0.036293948000	
819.400000	0.036304761994	
819.600000	0.036315428596	
819.800000	0.036325949680	
820.000000	0.036336327095	
820.200000	0.036346562663	
820.400000	0.036356658179	
820.600000	0.036366615414	
820.800000	0.036376436109	
821.000000	0.036386121983	
821.200000	0.036395674726	
821.400000	0.036405096000	
821.600000	0.036414387445	
821.800000	0.036423550669	
822.000000	0.036432587256	
822.200000	0.036441498761	
822.400000	0.036450286714	
822.600000	0.036458952613	
822.800000	0.036467497931	
823.000000	0.036475924110	
823.200000	0.036484232563	
823.400000	0.036492424673	
823.600000	0.036500501791	
823.800000	0.036508465235	
824.000000	0.036516316292	
824.200000	0.036524056214	
824.400000	0.036531686215	
824.600000	0.036539207474	
824.800000	0.036546621126	
825.000000	0.036553928269	
825.200000	0.036561129952	
825.400000	0.036568227177	
825.600000	0.036575220894	
825.800000	0.036582111996	
826.000000	0.036588901314	
826.200000	0.036595589609	
826.400000	0.036602177567	
826.600000	0.036608665786	
826.800000	0.036615054766	
827.000000	0.036621344895	
827.200000	0.036627536430	
827.400000	0.036633629471	
827.600000	0.036639623937	
827.800000	0.036645519522	
828.000000	0.036651315647	
828.200000	0.036657011390	
828.400000	0.036662605391	
828.600000	0.036668095713	
828.800000	0.036673479650	
829.000000	0.036678753416	
829.200000	0.036683911661	
829.400000	0.036688946640	
829.600000	0.036693846656	
829.800000	0.036698592800	
830.000000	0.036703150659	
830.200000	0.036707440322	
830.400000	0.036710973664	
830.600000	0.036709204595	
830.800000	0.036689601062	
831.000000	0.036518507634	
831.200000	0.035919445837	
831.400000	0.034744695567	
831.600000	0.033139982629	
831.800000	0.031387279269	
832.000000	0.029695309673	
832.200000	0.028188563490	
832.400000	0.026946035550	
832.600000	0.026007291685	
832.800000	0.025378197982	
833.000000	0.024995446927	
833.200000	0.024771948523	
833.400000	0.024655080068	
833.600000	0.024609754044	
833.800000	0.024613369267	
834.000000	0.024651339005	
854.000000	0.033521477113	
863.280000	0.035338993012	
863.480000	0.035367598183	
863.680000	0.035395835541	
863.880000	0.035423709422	
864.080000	0.035451224123	
864.280000	0.035478383901	
864.480000	0.035505192973	
864.680000	0.035531655517	
864.880000	0.035557775670	
865.080000	0.035583557530	
865.280000	0.035609005156	
865.480000	0.035634122569	
865.680000	0.035658913749	
865.880000	0.035683382639	
866.080000	0.035707533142	
866.280000	0.035731369123	
866.480000	0.035754894410	
866.680000	0.035778112789	
866.880000	0.035801028014	
867.080000	0.035823643796	
867.280000	0.035845963810	
867.480000	0.035867991696	
867.680000	0.035889731055	
867.880000	0.035911185450	
868.080000	0.035932358408	
868.280000	0.035953253422	
868.480000	0.035973873945	
868.680000	0.035994223396	
868.880000	0.036014305158	
869.080000	0.036034122577	
869.280000	0.036053678967	
869.480000	0.036072977603	
869.680000	0.036092021727	
869.880000	0.036110814546	
870.080000	0.036129359232	
870.280000	0.036147658925	
870.480000	0.036165716727	
870.680000	0.036183535711	
870.880000	0.036201118912	
871.080000	0.036218469336	
871.280000	0.036235589952	
871.480000	0.036252483699	
871.680000	0.036269153483	
871.880000	0.036285602176	
872.080000	0.036301832621	
872.280000	0.036317847626	
872.480000	0.036333649970	
872.680000	0.036349242400	
872.880000	0.036364627631	
873.080000	0.036379808348	
873.280000	0.036394787207	
873.480000	0.036409566831	
873.680000	0.036424149814	
873.880000	0.036438538721	
874.080000	0.036452736087	
874.280000	0.036466744418	
874.480000	0.036480566191	
874.680000	0.036494203853	
874.880000	0.036507659824	
875.080000	0.036520936495	
875.280000	0.036534036230	
875.480000	0.036546961365	
875.680000	0.036559714206	
875.880000	0.036572297036	
876.080000	0.036584712107	
876.280000	0.036596961648	
876.480000	0.036609047858	
876.680000	0.036620972912	
876.880000	0.036632738959	
877.080000	0.036644348120	
877.280000	0.036655802492	
877.480000	0.036667104149	
877.680000	0.036678255135	
877.880000	0.036689257474	
878.080000	0.036700113163	
878.280000	0.036710824174	
878.480000	0.036721392456	
878.680000	0.036731819936	
878.880000	0.036742108513	
879.080000	0.036752260067	
879.280000	0.036762276453	
879.480000	0.036772159502	
879.680000	0.036781911024	
879.880000	0.036791532806	
880.080000	0.036801026612	
880.280000	0.036810394187	
880.480000	0.036819637249	
880.680000	0.036828757500	
880.880000	0.036837756617	
881.080000	0.036846636258	
881.280000	0.036855398057	
881.480000	0.036864043632	
881.680000	0.036872574577	
881.880000	0.036880992467	
882.080000	0.036889298857	
882.280000	0.036897495281	
882.480000	0.036905583256	
882.680000	0.036913564278	
882.880000	0.036921439823	
883.080000	0.036929211350	
883.280000	0.036936880297	
883.480000	0.036944448085	
883.680000	0.036951916118	
883.880000	0.036959285778	
884.080000	0.036966558433	
884.280000	0.036973735430	
884.480000	0.036980818102	
884.680000	0.036987807761	
884.880000	0.036994705703	
885.080000	0.037001513209	
885.280000	0.037008231542	
885.480000	0.037014861947	
885.680000	0.037021405653	
885.880000	0.037027863876	
886.080000	0.037034237812	
886.280000	0.037040528643	
886.480000	0.037046737535	
886.680000	0.037052865638	
886.880000	0.037058914089	
887.080000	0.037064884006	
887.280000	0.037070776496	
887.480000	0.037076592649	
887.680000	0.037082333540	
887.880000	0.037088000231	
888.080000	0.037093593769	
888.280000	0.037099115187	
888.480000	0.037104565505	
888.680000	0.037109945728	
888.880000	0.037115256847	
889.080000	0.037120499842	
889.280000	0.037125675677	
889.480000	0.037130785303	
889.680000	0.037135829662	
889.880000	0.037140809677	
890.080000	0.037145726264	
890.280000	0.037150580324	
890.480000	0.037155372744	
890.680000	0.037160104403	
890.880000	0.037164776164	
891.080000	0.037169388880	
891.280000	0.037173943392	
891.480000	0.037178440531	
891.680000	0.037182881112	
891.880000	0.037187265945	
892.080000	0.037191595823	
892.280000	0.037195871531	
892.480000	0.037200093844	
892.680000	0.037204263523	
892.880000	0.037208381321	
893.080000	0.037212447980	
893.280000	0.037216464231	
893.480000	0.037220430796	
893.680000	0.037224348386	
893.880000	0.037228217701	
894.080000	0.037232039433	
894.280000	0.037235814264	
894.480000	0.037239542865	
894.680000	0.037243225900	
894.880000	0.037246864022	
895.080000	0.037250457874	
895.280000	0.037254008092	
895.480000	0.037257515301	
895.680000	0.037260980119	
895.880000	0.037264403155	
896.080000	0.037267785007	
896.280000	0.037271126268	
896.480000	0.037274427520	
896.680000	0.037277689337	
896.880000	0.037280912286	
897.080000	0.037284096926	
897.280000	0.037287243806	
897.480000	0.037290353469	
897.680000	0.037293426451	
897.880000	0.037296463277	
898.080000	0.037299464467	
898.280000	0.037302430535	
898.480000	0.037305361983	
898.680000	0.037308259310	
898.880000	0.037311123007	
899.080000	0.037313953555	
899.280000	0.037316751432	
899.480000	0.037319517108	
899.680000	0.037322251044	
899.880000	0.037324953697	
900.080000	0.037327625516	
900.280000	0.037330266944	
900.480000	0.037332878418	
900.680000	0.037335460367	
900.880000	0.037338013217	
901.080000	0.037340537383	
901.280000	0.037343033279	
901.480000	0.037345501310	
901.680000	0.037347941875	
901.880000	0.037350355370	
902.080000	0.037352742181	
902.280000	0.037355102692	
902.480000	0.037357437280	
902.680000	0.037359746316	
902.880000	0.037362030166	
903.080000	0.037364289192	
903.280000	0.037366523748	
903.480000	0.037368734185	
903.680000	0.037370920848	
903.880000	0.037373084078	
904.080000	0.037375224209	
904.280000	0.037377341572	
904.480000	0.037379436491	
904.680000	0.037381509289	
904.880000	0.037383560279	
905.080000	0.037385589775	
905.280000	0.037387598081	
905.480000	0.037389585502	
905.680000	0.037391552334	
905.880000	0.037393498870	
906.080000	0.037395425400	
906.280000	0.037397332208	
906.480000	0.037399219575	
906.680000	0.037401087778	
906.880000	0.037402937088	
907.080000	0.037404767774	
907.280000	0.037406580101	
907.480000	0.037408374328	
907.680000	0.037410150713	
907.880000	0.037411909508	
908.080000	0.037413650962	
908.280000	0.037415375321	
908.480000	0.037417082826	
908.680000	0.037418773716	
908.880000	0.037420448225	
909.080000	0.037422106584	
909.280000	0.037423749021	
909.480000	0.037425375761	
909.680000	0.037426987024	
909.880000	0.037428583028	
910.080000	0.037430163988	
910.280000	0.037431730115	
910.480000	0.037433281618	
910.680000	0.037434818700	
910.880000	0.037436341565	
911.080000	0.037437850411	
911.280000	0.037439345435	
911.480000	0.037440826829	
911.680000	0.037442294785	
911.880000	0.037443749488	
912.080000	0.037445191125	
912.280000	0.037446619877	
912.480000	0.037448035923	
912.680000	0.037449439440	
912.880000	0.037450830602	
913.080000	0.037452209579	
913.280000	0.037453576542	
913.480000	0.037454931655	
913.680000	0.037456275084	
913.880000	0.037457606988	
914.080000	0.037458927528	
914.280000	0.037460236860	
914.480000	0.037461535137	
914.680000	0.037462822512	
914.880000	0.037464099135	
915.080000	0.037465365153	
915.280000	0.037466620712	
915.480000	0.037467865953	
915.680000	0.037469101019	
915.880000	0.037470326048	
916.080000	0.037471541176	
916.280000	0.037472746540	
916.480000	0.037473942270	
916.680000	0.037475128499	
916.880000	0.037476305354	
917.080000	0.037477472963	
917.280000	0.037478631451	
917.480000	0.037479780940	
937.480000	0.037564221200	
957.480000	0.037618634237	
977.480000	0.037660098068	
997.480000	0.037692908368	
1017.480000	0.037718460756	
1037.480000	0.037737436677	
1057.480000	0.037750305566	
1077.480000	0.037757450527	
1097.480000	0.037759205629	
1117.480000	0.037755870431	
1137.480000	0.037747715917	
1157.480000	0.037734992162	
1177.480000	0.037717934667	
1197.480000	0.037696761704	
1217.480000	0.037671678857	
1237.480000	0.037642881747	
1257.480000	0.037610557848	
1277.480000	0.037574887849	
1297.480000	0.037536046648	
1317.480000	0.037494204014	
1337.480000	0.037449524930	
1357.480000	0.037402169706	
1377.480000	0.037352293894	
1397.480000	0.037300048085	
1417.480000	0.037245577628	
1437.480000	0.037189022343	
1457.480000	0.037130516245	
1477.480000	0.037070187323	
1497.480000	0.037008157393	
1517.480000	0.036944542018	
1537.480000	0.036879450515	
1557.480000	0.036812986028	
1577.480000	0.036745245668	
1597.480000	0.036676320702	
1617.480000	0.036606296785	
1637.480000	0.036535254222	
1657.480000	0.036463268245	
1677.480000	0.036390409306	
1697.480000	0.036316743372	
1717.480000	0.036242332215	
1737.480000	0.036167233702	
1757.480000	0.036091502065	
1777.480000	0.036015188166	
1797.480000	0.035938339751	
1817.480000	0.035861001678	
1837.480000	0.035783216141	
1857.480000	0.035705022876	
1877.480000	0.035626459345	
1897.480000	0.035547560917	
1917.480000	0.035468361026	
1937.480000	0.035388891323	
1957.480000	0.035309181808	
1977.480000	0.035229260957	
1997.480000	0.035149155836	
2017.480000	0.035068892204	
2037.480000	0.034988494605	
2057.480000	0.034907986460	
2077.480000	0.034827390139	
2097.480000	0.034746727036	
2117.480000	0.034666017633	
2137.480000	0.034585281555	
2157.480000	0.034504537629	
2177.480000	0.034423803928	
2197.480000	0.034343097817	
2217.480000	0.034262435992	
2237.480000	0.034181834517	
2257.480000	0.034101308855	
2277.480000	0.034020873903	
2297.480000	0.033940544014	
2317.480000	0.033860333024	
2337.480000	0.033780254277	
2357.480000	0.033700320645	
2377.480000	0.033620544546	
2397.480000	0.033540937963	
2417.480000	0.033461512461	
2437.480000	0.033382279202	
2457.480000	0.033303248958	
2477.480000	0.033224432126	
2497.480000	0.033145838740	
