0.000000	0.000072686938	
20.000000	0.000140760826	
40.000000	0.000140464176	
60.000000	0.000140185923	
80.000000	0.000140027288	
100.000000	0.000139949472	
120.000000	0.000020720940	
140.000000	0.000026714478	
160.000000	0.000035760592	
180.000000	0.000047408678	
200.000000	0.000061595508	
220.000000	0.000078240034	
240.000000	0.000097390405	
260.000000	0.000119144184	
280.000000	0.000143612922	
300.000000	0.000170907793	
320.000000	0.000201137159	
340.000000	0.000235991335	
360.000000	0.000272821852	
380.000000	0.000312319574	
400.000000	0.000354893473	
420.000000	0.000400814459	
440.000000	0.000450316899	
460.000000	0.000503655790	
480.000000	0.000561152429	
500.000000	0.000623251162	
520.000000	0.000747610879	
540.000000	0.000889324253	
560.000000	0.001065379032	
567.640000	0.001178200803	
567.840000	0.001183204073	
568.040000	0.001188522653	
568.240000	0.001194211928	
568.440000	0.001200342470	
568.640000	0.001207005924	
568.840000	0.001214323981	
569.040000	0.001222462539	
569.240000	0.001231655087	
569.440000	0.001242243404	
569.640000	0.001254753301	
569.840000	0.001270048233	
570.040000	0.001289679152	
570.240000	0.001316825716	
570.440000	0.001359599634	
570.640000	0.001450735159	
570.840000	0.002507926107	
571.040000	0.012777905030	
571.240000	0.088824725001	
571.440000	0.449076495216	
571.640000	0.315413950725	
571.840000	0.221621123627	
572.040000	0.157570596554	
572.240000	0.136538556798	
572.440000	0.131921965269	
572.640000	0.121597012817	
572.840000	0.101689194080	
573.040000	0.062250514917	
573.240000	0.010284668411	
573.440000	0.001086926467	
573.640000	0.000456685545	
573.840000	0.000290332645	
593.840000	0.000945109657	
602.340000	0.001157870051	
602.540000	0.001162718266	
602.740000	0.001167571722	
602.940000	0.001172431642	
603.140000	0.001177299308	
603.340000	0.001182176065	
603.540000	0.001187063326	
603.740000	0.001191962582	
603.940000	0.001196875403	
604.140000	0.001201803447	
604.340000	0.001206748471	
604.540000	0.001211712336	
604.740000	0.001216697020	
604.940000	0.001221704629	
605.140000	0.001226737407	
605.340000	0.001231797755	
605.540000	0.001236888244	
605.740000	0.001242011632	
605.940000	0.001247170889	
606.140000	0.001252369218	
606.340000	0.001257610083	
606.540000	0.001262897239	
606.740000	0.001268234769	
606.940000	0.001273627126	
607.140000	0.001279079179	
607.340000	0.001284596273	
607.540000	0.001290184290	
607.740000	0.001295849729	
607.940000	0.001301599800	
608.140000	0.001307442529	
608.340000	0.001313386893	
608.540000	0.001319442973	
608.740000	0.001325622151	
608.940000	0.001331937342	
609.140000	0.001338403281	
609.340000	0.001345036888	
609.540000	0.001351857714	
609.740000	0.001358888517	
609.940000	0.001366155998	
610.140000	0.001373691755	
610.340000	0.001381533542	
610.540000	0.001389726956	
610.740000	0.001398327727	
610.940000	0.001407404900	
611.140000	0.001417045345	
611.340000	0.001427360315	
611.540000	0.001438495264	
611.740000	0.001450645049	
611.940000	0.001464078431	
612.140000	0.001479179561	
612.340000	0.001496522549	
612.540000	0.001517016212	
612.740000	0.001542214954	
612.940000	0.001575087581	
613.140000	0.001622371426	
613.340000	0.001705089792	
613.540000	0.001990035667	
613.740000	0.008472103465	
613.940000	0.053434506341	
614.140000	0.468967888780	
614.340000	0.330207133234	
614.540000	0.231204600724	
614.740000	0.163465902289	
614.940000	0.129666242145	
615.140000	0.126035896355	
615.340000	0.117778829394	
615.540000	0.101794767638	
615.740000	0.071571117485	
615.940000	0.023074739384	
616.140000	0.002071292271	
616.340000	0.000691546085	
616.540000	0.000390250928	
616.740000	0.000292668750	
636.740000	0.001110030165	
636.940000	0.001116924223	
637.140000	0.001123799853	
637.340000	0.001130657792	
637.540000	0.001137498799	
637.740000	0.001144323660	
637.940000	0.001151133186	
638.140000	0.001157928215	
638.340000	0.001164709616	
638.540000	0.001171478287	
638.740000	0.001178235162	
638.940000	0.001184981204	
639.140000	0.001191717419	
639.340000	0.001198444845	
639.540000	0.001205164568	
639.740000	0.001211877712	
639.940000	0.001218585450	
640.140000	0.001225289007	
640.340000	0.001231989658	
640.540000	0.001238688736	
640.740000	0.001245387636	
640.940000	0.001252087817	
641.140000	0.001258790810	
641.340000	0.001265498220	
641.540000	0.001272211735	
641.740000	0.001278933131	
641.940000	0.001285664281	
642.140000	0.001292407158	
642.340000	0.001299163850	
642.540000	0.001305936568	
642.740000	0.001312727653	
642.940000	0.001319539595	
643.140000	0.001326375042	
643.340000	0.001333236815	
643.540000	0.001340127928	
643.740000	0.001347051607	
643.940000	0.001354011311	
644.140000	0.001361010755	
644.340000	0.001368053944	
644.540000	0.001375145199	
644.740000	0.001382289198	
644.940000	0.001389491017	
645.140000	0.001396756180	
645.340000	0.001404090714	
645.540000	0.001411501217	
645.740000	0.001418994933	
645.940000	0.001426579845	
646.140000	0.001434264777	
646.340000	0.001442059527	
646.540000	0.001449975011	
646.740000	0.001458023452	
646.940000	0.001466218588	
647.140000	0.001474575950	
647.340000	0.001483113180	
647.540000	0.001491850439	
647.740000	0.001500810909	
647.940000	0.001510021432	
648.140000	0.001519513316	
648.340000	0.001529323380	
648.540000	0.001539495318	
648.740000	0.001550081510	
648.940000	0.001561145450	
649.140000	0.001572765093	
649.340000	0.001585037529	
649.540000	0.001598085683	
649.740000	0.001612068188	
649.940000	0.001627194372	
650.140000	0.001643747897	
650.340000	0.001662125701	
650.540000	0.001682905759	
650.740000	0.001706973272	
650.940000	0.001735777322	
651.140000	0.001771919190	
651.340000	0.001820756066	
651.540000	0.001896192183	
651.740000	0.002058177354	
651.940000	0.004370129231	
652.140000	0.026484350915	
652.340000	0.390359214028	
652.540000	0.362653565429	
652.740000	0.253275722874	
652.940000	0.178145146478	
653.140000	0.129339449976	
653.340000	0.122544327589	
653.540000	0.116445646384	
653.740000	0.103796414955	
653.940000	0.080513630114	
654.140000	0.040149630285	
654.340000	0.005304249185	
654.540000	0.001102573877	
654.740000	0.000545223826	
654.940000	0.000363104466	
655.140000	0.000299449498	
655.340000	0.000278523085	
671.880000	0.001076303618	
672.080000	0.001084584535	
672.280000	0.001092840702	
672.480000	0.001101072585	
672.680000	0.001109280668	
672.880000	0.001117465458	
673.080000	0.001125627482	
673.280000	0.001133767292	
673.480000	0.001141885460	
673.680000	0.001149982585	
673.880000	0.001158059287	
674.080000	0.001166116216	
674.280000	0.001174154048	
674.480000	0.001182173485	
674.680000	0.001190175259	
674.880000	0.001198160134	
675.080000	0.001206128904	
675.280000	0.001214082399	
675.480000	0.001222021480	
675.680000	0.001229947050	
675.880000	0.001237860045	
676.080000	0.001245761445	
676.280000	0.001253652273	
676.480000	0.001261533595	
676.680000	0.001269406527	
676.880000	0.001277272235	
677.080000	0.001285131937	
677.280000	0.001292986910	
677.480000	0.001300838490	
677.680000	0.001308688078	
677.880000	0.001316537144	
678.080000	0.001324387230	
678.280000	0.001332239958	
678.480000	0.001340097033	
678.680000	0.001347960250	
678.880000	0.001355831503	
679.080000	0.001363712787	
679.280000	0.001371606213	
679.480000	0.001379514011	
679.680000	0.001387438545	
679.880000	0.001395382321	
680.080000	0.001403348000	
680.280000	0.001411338413	
680.480000	0.001419356574	
680.680000	0.001427405702	
680.880000	0.001435489234	
681.080000	0.001443610853	
681.280000	0.001451774508	
681.480000	0.001459984445	
681.680000	0.001468245234	
681.880000	0.001476561812	
682.080000	0.001484939518	
682.280000	0.001493384143	
682.480000	0.001501901981	
682.680000	0.001510499895	
682.880000	0.001519185389	
683.080000	0.001527966687	
683.280000	0.001536852837	
683.480000	0.001545853825	
683.680000	0.001554980710	
683.880000	0.001564245787	
684.080000	0.001573662779	
684.280000	0.001583247074	
684.480000	0.001593016001	
684.680000	0.001602989179	
684.880000	0.001613188934	
685.080000	0.001623640828	
685.280000	0.001634374309	
685.480000	0.001645423544	
685.680000	0.001656828473	
685.880000	0.001668636183	
686.080000	0.001680902706	
686.280000	0.001693695405	
686.480000	0.001707096226	
686.680000	0.001721206161	
686.880000	0.001736151562	
687.080000	0.001752093252	
687.280000	0.001769240076	
687.480000	0.001787869735	
687.680000	0.001808362094	
687.880000	0.001831255050	
688.080000	0.001857343933	
688.280000	0.001887872090	
688.480000	0.001924934175	
688.680000	0.001972454651	
688.880000	0.002039104644	
689.080000	0.002150749558	
689.280000	0.002484648093	
689.480000	0.010193614349	
689.680000	0.086499375533	
689.880000	0.427846127207	
690.080000	0.299194678300	
690.280000	0.209064489905	
690.480000	0.147788979306	
690.680000	0.119906092499	
690.880000	0.116404428256	
691.080000	0.107548994366	
691.280000	0.090800683548	
691.480000	0.060992307090	
691.680000	0.018913883787	
691.880000	0.002284871380	
692.080000	0.000841598157	
692.280000	0.000480569584	
692.480000	0.000352927819	
692.680000	0.000306361799	
692.880000	0.000291469343	
708.420000	0.001061884015	
708.620000	0.001070727780	
708.820000	0.001079546265	
709.020000	0.001088339678	
709.220000	0.001097108245	
709.420000	0.001105852213	
709.620000	0.001114571844	
709.820000	0.001123267422	
710.020000	0.001131939251	
710.220000	0.001140587653	
710.420000	0.001149212973	
710.620000	0.001157815575	
710.820000	0.001166395846	
711.020000	0.001174954195	
711.220000	0.001183491054	
711.420000	0.001192006878	
711.620000	0.001200502147	
711.820000	0.001208977366	
712.020000	0.001217433064	
712.220000	0.001225869800	
712.420000	0.001234288159	
712.620000	0.001242688755	
712.820000	0.001251072230	
713.020000	0.001259439260	
713.220000	0.001267790552	
713.420000	0.001276126846	
713.620000	0.001284448917	
713.820000	0.001292757577	
714.020000	0.001301053676	
714.220000	0.001309338105	
714.420000	0.001317611794	
714.620000	0.001325875721	
714.820000	0.001334130907	
715.020000	0.001342378424	
715.220000	0.001350619393	
715.420000	0.001358854993	
715.620000	0.001367086456	
715.820000	0.001375315078	
716.020000	0.001383542218	
716.220000	0.001391769303	
716.420000	0.001399997835	
716.620000	0.001408229392	
716.820000	0.001416465634	
717.020000	0.001424708310	
717.220000	0.001432959266	
717.420000	0.001441220446	
717.620000	0.001449493906	
717.820000	0.001457781818	
718.020000	0.001466086480	
718.220000	0.001474410328	
718.420000	0.001482755944	
718.620000	0.001491126072	
718.820000	0.001499523628	
719.020000	0.001507951719	
719.220000	0.001516413656	
719.420000	0.001524912976	
719.620000	0.001533453462	
719.820000	0.001542039169	
720.020000	0.001550674448	
720.220000	0.001559363977	
720.420000	0.001568112799	
720.620000	0.001576926355	
720.820000	0.001585810535	
721.020000	0.001594771724	
721.220000	0.001603816866	
721.420000	0.001612953524	
721.620000	0.001622189964	
721.820000	0.001631535246	
722.020000	0.001640999324	
722.220000	0.001650593175	
722.420000	0.001660328942	
722.620000	0.001670220107	
722.820000	0.001680281699	
723.020000	0.001690530536	
723.220000	0.001700985524	
723.420000	0.001711668018	
723.620000	0.001722602261	
723.820000	0.001733815931	
724.020000	0.001745340815	
724.220000	0.001757213663	
724.420000	0.001769477266	
724.620000	0.001782181851	
724.820000	0.001795386884	
725.020000	0.001809163462	
725.220000	0.001823597516	
725.420000	0.001838794188	
725.620000	0.001854883925	
725.820000	0.001872031172	
726.020000	0.001890447094	
726.220000	0.001910408775	
726.420000	0.001932289275	
726.620000	0.001956606743	
726.820000	0.001984109068	
727.020000	0.002015929774	
727.220000	0.002053900866	
727.420000	0.002101257796	
727.620000	0.002164517111	
727.820000	0.002260016643	
728.020000	0.002453072651	
728.220000	0.004640476181	
728.420000	0.032124783354	
728.620000	0.462296051341	
728.820000	0.342123292062	
729.020000	0.238224457888	
729.220000	0.167284852642	
729.420000	0.121195181462	
729.620000	0.115057076987	
729.820000	0.108769346021	
730.020000	0.095692222993	
730.220000	0.072262822314	
730.420000	0.034495849387	
730.620000	0.005125753031	
730.820000	0.001244580092	
731.020000	0.000629086868	
731.220000	0.000416082129	
731.420000	0.000337300218	
731.620000	0.000307795395	
731.820000	0.000299577825	
748.080000	0.001073611838	
748.280000	0.001082182402	
748.480000	0.001090726535	
748.680000	0.001099244238	
748.880000	0.001107735525	
749.080000	0.001116200427	
749.280000	0.001124638987	
749.480000	0.001133051265	
749.680000	0.001141437334	
749.880000	0.001149797282	
750.080000	0.001158131213	
750.280000	0.001166439247	
750.480000	0.001174721517	
750.680000	0.001182978174	
750.880000	0.001191209385	
751.080000	0.001199415331	
751.280000	0.001207596212	
751.480000	0.001215752243	
751.680000	0.001223883657	
751.880000	0.001231990703	
752.080000	0.001240073649	
752.280000	0.001248132781	
752.480000	0.001256168401	
752.680000	0.001264180832	
752.880000	0.001272170416	
753.080000	0.001280137514	
753.280000	0.001288082505	
753.480000	0.001296005793	
753.680000	0.001303907799	
753.880000	0.001311788967	
754.080000	0.001319649763	
754.280000	0.001327490677	
754.480000	0.001335312220	
754.680000	0.001343114931	
754.880000	0.001350899370	
755.080000	0.001358666127	
755.280000	0.001366415815	
755.480000	0.001374149078	
755.680000	0.001381866587	
755.880000	0.001389569044	
756.080000	0.001397257183	
756.280000	0.001404931770	
756.480000	0.001412593604	
756.680000	0.001420243521	
756.880000	0.001427882394	
757.080000	0.001435511136	
757.280000	0.001443130700	
757.480000	0.001450742081	
757.680000	0.001458346322	
757.880000	0.001465944512	
758.080000	0.001473537791	
758.280000	0.001481127353	
758.480000	0.001488714447	
758.680000	0.001496300383	
758.880000	0.001503886532	
759.080000	0.001511474337	
759.280000	0.001519065308	
759.480000	0.001526661033	
759.680000	0.001534263183	
759.880000	0.001541873514	
760.080000	0.001549493876	
760.280000	0.001557126219	
760.480000	0.001564772600	
760.680000	0.001572435191	
760.880000	0.001580116289	
761.080000	0.001587818323	
761.280000	0.001595543870	
761.480000	0.001603295660	
761.680000	0.001611076596	
761.880000	0.001618889762	
762.080000	0.001626738446	
762.280000	0.001634626152	
762.480000	0.001642556626	
762.680000	0.001650533873	
762.880000	0.001658562186	
763.080000	0.001666646176	
763.280000	0.001674790800	
763.480000	0.001683001398	
763.680000	0.001691283741	
763.880000	0.001699644068	
764.080000	0.001708089147	
764.280000	0.001716626337	
764.480000	0.001725263652	
764.680000	0.001734009851	
764.880000	0.001742874527	
765.080000	0.001751868220	
765.280000	0.001761002547	
765.480000	0.001770290350	
765.680000	0.001779745877	
765.880000	0.001789384997	
766.080000	0.001799225448	
766.280000	0.001809287147	
766.480000	0.001819592559	
766.680000	0.001830167144	
766.880000	0.001841039912	
767.080000	0.001852244107	
767.280000	0.001863818066	
767.480000	0.001875806300	
767.680000	0.001888260875	
767.880000	0.001901243203	
768.080000	0.001914826386	
768.280000	0.001929098328	
768.480000	0.001944165960	
768.680000	0.001960161053	
768.880000	0.001977248408	
769.080000	0.001995637687	
769.280000	0.002015600980	
769.480000	0.002037499786	
769.680000	0.002061828129	
769.880000	0.002089284856	
770.080000	0.002120902270	
770.280000	0.002158293048	
770.480000	0.002204174057	
770.680000	0.002263644227	
770.880000	0.002348037461	
771.080000	0.002491828941	
771.280000	0.002959816790	
771.480000	0.014062182913	
771.680000	0.169247006290	
771.880000	0.393604571011	
772.080000	0.273974263290	
772.280000	0.191172835369	
772.480000	0.135195814407	
772.680000	0.113156075871	
772.880000	0.109260929812	
773.080000	0.099255567665	
773.280000	0.080694954202	
773.480000	0.049081944742	
773.680000	0.012107247768	
773.880000	0.001919305233	
774.080000	0.000815782130	
774.280000	0.000487212530	
774.480000	0.000368353855	
774.680000	0.000322020386	
774.880000	0.000305035310	
775.080000	0.000301897615	
794.200000	0.001108114814	
794.400000	0.001115422841	
794.600000	0.001122698226	
794.800000	0.001129940831	
795.000000	0.001137150527	
795.200000	0.001144327192	
795.400000	0.001151470714	
795.600000	0.001158580991	
795.800000	0.001165657928	
796.000000	0.001172701440	
796.200000	0.001179711448	
796.400000	0.001186687884	
796.600000	0.001193630688	
796.800000	0.001200539807	
797.000000	0.001207415197	
797.200000	0.001214256823	
797.400000	0.001221064657	
797.600000	0.001227838678	
797.800000	0.001234578875	
798.000000	0.001241285244	
798.200000	0.001247957788	
798.400000	0.001254596517	
798.600000	0.001261201450	
798.800000	0.001267772614	
799.000000	0.001274310040	
799.200000	0.001280813770	
799.400000	0.001287283851	
799.600000	0.001293720336	
799.800000	0.001300123289	
800.000000	0.001306492776	
800.200000	0.001312828873	
800.400000	0.001319131662	
800.600000	0.001325401230	
800.800000	0.001331637673	
801.000000	0.001337841091	
801.200000	0.001344011594	
801.400000	0.001350149293	
801.600000	0.001356254310	
801.800000	0.001362326771	
802.000000	0.001368366808	
802.200000	0.001374374560	
802.400000	0.001380350171	
802.600000	0.001386293791	
802.800000	0.001392205576	
803.000000	0.001398085690	
803.200000	0.001403934298	
803.400000	0.001409751576	
803.600000	0.001415537701	
803.800000	0.001421292859	
804.000000	0.001427017241	
804.200000	0.001432711043	
804.400000	0.001438374465	
804.600000	0.001444007717	
804.800000	0.001449611009	
805.000000	0.001455184561	
805.200000	0.001460728598	
805.400000	0.001466243347	
805.600000	0.001471729045	
805.800000	0.001477185932	
806.000000	0.001482614255	
806.200000	0.001488014266	
806.400000	0.001493386222	
806.600000	0.001498730386	
806.800000	0.001504047029	
807.000000	0.001509336426	
807.200000	0.001514598857	
807.400000	0.001519834609	
807.600000	0.001525043977	
807.800000	0.001530227259	
808.000000	0.001535384761	
808.200000	0.001540516795	
808.400000	0.001545623680	
808.600000	0.001550705742	
808.800000	0.001555763312	
809.000000	0.001560796730	
809.200000	0.001565806343	
809.400000	0.001570792504	
809.600000	0.001575755576	
809.800000	0.001580695926	
810.000000	0.001585613932	
810.200000	0.001590509981	
810.400000	0.001595384466	
810.600000	0.001600237791	
810.800000	0.001605070367	
811.000000	0.001609882617	
811.200000	0.001614674972	
811.400000	0.001619447874	
811.600000	0.001624201776	
811.800000	0.001628937142	
812.000000	0.001633654446	
812.200000	0.001638354177	
812.400000	0.001643036834	
812.600000	0.001647702931	
812.800000	0.001652352994	
813.000000	0.001656987566	
813.200000	0.001661607201	
813.400000	0.001666212474	
813.600000	0.001670803973	
813.800000	0.001675382305	
814.000000	0.001679948094	
814.200000	0.001684501985	
814.400000	0.001689044643	
814.600000	0.001693576754	
814.800000	0.001698099027	
815.000000	0.001702612195	
815.200000	0.001707117016	
815.400000	0.001711614276	
815.600000	0.001716104787	
815.800000	0.001720589393	
816.000000	0.001725068970	
816.200000	0.001729544426	
816.400000	0.001734016708	
816.600000	0.001738486797	
816.800000	0.001742955719	
817.000000	0.001747424540	
817.200000	0.001751894374	
817.400000	0.001756366383	
817.600000	0.001760841784	
817.800000	0.001765321847	
818.000000	0.001769807904	
818.200000	0.001774301352	
818.400000	0.001778803656	
818.600000	0.001783316356	
818.800000	0.001787841072	
819.000000	0.001792379509	
819.200000	0.001796933465	
819.400000	0.001801504840	
819.600000	0.001806095638	
819.800000	0.001810707982	
820.000000	0.001815344122	
820.200000	0.001820006445	
820.400000	0.001824697484	
820.600000	0.001829419938	
820.800000	0.001834176680	
821.000000	0.001838970778	
821.200000	0.001843805507	
821.400000	0.001848684376	
821.600000	0.001853611147	
821.800000	0.001858589859	
822.000000	0.001863624857	
822.200000	0.001868720829	
822.400000	0.001873882832	
822.600000	0.001879116343	
822.800000	0.001884427300	
823.000000	0.001889822155	
823.200000	0.001895307939	
823.400000	0.001900892326	
823.600000	0.001906583718	
823.800000	0.001912391337	
824.000000	0.001918325330	
824.200000	0.001924396901	
824.400000	0.001930618455	
824.600000	0.001937003774	
824.800000	0.001943568221	
825.000000	0.001950328993	
825.200000	0.001957305407	
825.400000	0.001964519266	
825.600000	0.001971995282	
825.800000	0.001979761612	
826.000000	0.001987850510	
826.200000	0.001996299136	
826.400000	0.002005150582	
826.600000	0.002014455165	
826.800000	0.002024272094	
827.000000	0.002034671638	
827.200000	0.002045737978	
827.400000	0.002057573042	
827.600000	0.002070301719	
827.800000	0.002084079125	
828.000000	0.002099100929	
828.200000	0.002115618436	
828.400000	0.002133961295	
828.600000	0.002154572912	
828.800000	0.002178068116	
829.000000	0.002205332106	
829.200000	0.002237701715	
829.400000	0.002277326883	
829.600000	0.002327978895	
829.800000	0.002397181465	
830.000000	0.002503527339	
830.200000	0.002719321907	
830.400000	0.005021408960	
830.600000	0.038659974477	
830.800000	0.465824900067	
831.000000	0.328828285026	
831.200000	0.228216019526	
831.400000	0.159888206863	
831.600000	0.115093426916	
831.800000	0.108735237261	
832.000000	0.102271415972	
832.200000	0.088577398397	
832.400000	0.064244619352	
832.600000	0.027457883120	
832.800000	0.004087114768	
833.000000	0.001196125182	
833.200000	0.000620293362	
833.400000	0.000420645721	
833.600000	0.000343757884	
833.800000	0.000312115415	
834.000000	0.000300353682	
854.000000	0.000946545810	
863.280000	0.001160890996	
863.480000	0.001164535692	
863.680000	0.001168138478	
863.880000	0.001171699371	
864.080000	0.001175218395	
864.280000	0.001178695580	
864.480000	0.001182130957	
864.680000	0.001185524564	
864.880000	0.001188876444	
865.080000	0.001192186641	
865.280000	0.001195455206	
865.480000	0.001198682195	
865.680000	0.001201867665	
865.880000	0.001205011681	
866.080000	0.001208114307	
866.280000	0.001211175617	
866.480000	0.001214195684	
866.680000	0.001217174587	
866.880000	0.001220112409	
867.080000	0.001223009236	
867.280000	0.001225865159	
867.480000	0.001228680271	
867.680000	0.001231454669	
867.880000	0.001234188456	
868.080000	0.001236881735	
868.280000	0.001239534615	
868.480000	0.001242147206	
868.680000	0.001244719626	
868.880000	0.001247251991	
869.080000	0.001249744424	
869.280000	0.001252197049	
869.480000	0.001254609996	
869.680000	0.001256983395	
869.880000	0.001259317382	
870.080000	0.001261612095	
870.280000	0.001263867675	
870.480000	0.001266084266	
870.680000	0.001268262015	
870.880000	0.001270401073	
871.080000	0.001272501593	
871.280000	0.001274563731	
871.480000	0.001276587648	
871.680000	0.001278573504	
871.880000	0.001280521464	
872.080000	0.001282431698	
872.280000	0.001284304374	
872.480000	0.001286139668	
872.680000	0.001287937754	
872.880000	0.001289698813	
873.080000	0.001291423024	
873.280000	0.001293110574	
873.480000	0.001294761648	
873.680000	0.001296376435	
873.880000	0.001297955129	
874.080000	0.001299497923	
874.280000	0.001301005014	
874.480000	0.001302476602	
874.680000	0.001303912889	
874.880000	0.001305314079	
875.080000	0.001306680379	
875.280000	0.001308011997	
875.480000	0.001309309145	
875.680000	0.001310572036	
875.880000	0.001311800887	
876.080000	0.001312995914	
876.280000	0.001314157339	
876.480000	0.001315285382	
876.680000	0.001316380270	
876.880000	0.001317442227	
877.080000	0.001318471482	
877.280000	0.001319468265	
877.480000	0.001320432809	
877.680000	0.001321365347	
877.880000	0.001322266115	
878.080000	0.001323135351	
878.280000	0.001323973295	
878.480000	0.001324780186	
878.680000	0.001325556269	
878.880000	0.001326301787	
879.080000	0.001327016986	
879.280000	0.001327702114	
879.480000	0.001328357419	
879.680000	0.001328983152	
879.880000	0.001329579565	
880.080000	0.001330146910	
880.280000	0.001330685442	
880.480000	0.001331195415	
880.680000	0.001331677088	
880.880000	0.001332130717	
881.080000	0.001332556561	
881.280000	0.001332954880	
881.480000	0.001333325935	
881.680000	0.001333669988	
881.880000	0.001333987300	
882.080000	0.001334278136	
882.280000	0.001334542759	
882.480000	0.001334781433	
882.680000	0.001334994425	
882.880000	0.001335182000	
883.080000	0.001335344424	
883.280000	0.001335481965	
883.480000	0.001335594888	
883.680000	0.001335683462	
883.880000	0.001335747955	
884.080000	0.001335788635	
884.280000	0.001335805768	
884.480000	0.001335799625	
884.680000	0.001335770473	
884.880000	0.001335718580	
885.080000	0.001335644214	
885.280000	0.001335547643	
885.480000	0.001335429136	
885.680000	0.001335288959	
885.880000	0.001335127380	
886.080000	0.001334944665	
886.280000	0.001334741081	
886.480000	0.001334516895	
886.680000	0.001334272370	
886.880000	0.001334007773	
887.080000	0.001333723366	
887.280000	0.001333419414	
887.480000	0.001333096179	
887.680000	0.001332753923	
887.880000	0.001332392906	
888.080000	0.001332013389	
888.280000	0.001331615631	
888.480000	0.001331199890	
888.680000	0.001330766423	
888.880000	0.001330315485	
889.080000	0.001329847331	
889.280000	0.001329362214	
889.480000	0.001328860388	
889.680000	0.001328342101	
889.880000	0.001327807605	
890.080000	0.001327257147	
890.280000	0.001326690973	
890.480000	0.001326109329	
890.680000	0.001325512459	
890.880000	0.001324900604	
891.080000	0.001324274005	
891.280000	0.001323632901	
891.480000	0.001322977528	
891.680000	0.001322308123	
891.880000	0.001321624919	
892.080000	0.001320928148	
892.280000	0.001320218040	
892.480000	0.001319494823	
892.680000	0.001318758724	
892.880000	0.001318009967	
893.080000	0.001317248774	
893.280000	0.001316475368	
893.480000	0.001315689965	
893.680000	0.001314892784	
893.880000	0.001314084037	
894.080000	0.001313263939	
894.280000	0.001312432700	
894.480000	0.001311590528	
894.680000	0.001310737630	
894.880000	0.001309874209	
895.080000	0.001309000469	
895.280000	0.001308116609	
895.480000	0.001307222827	
895.680000	0.001306319319	
895.880000	0.001305406279	
896.080000	0.001304483897	
896.280000	0.001303552364	
896.480000	0.001302611865	
896.680000	0.001301662587	
896.880000	0.001300704711	
897.080000	0.001299738418	
897.280000	0.001298763887	
897.480000	0.001297781292	
897.680000	0.001296790809	
897.880000	0.001295792608	
898.080000	0.001294786860	
898.280000	0.001293773730	
898.480000	0.001292753384	
898.680000	0.001291725985	
898.880000	0.001290691693	
899.080000	0.001289650666	
899.280000	0.001288603062	
899.480000	0.001287549032	
899.680000	0.001286488731	
899.880000	0.001285422306	
900.080000	0.001284349905	
900.280000	0.001283271675	
900.480000	0.001282187757	
900.680000	0.001281098293	
900.880000	0.001280003422	
901.080000	0.001278903280	
901.280000	0.001277798003	
901.480000	0.001276687722	
901.680000	0.001275572569	
901.880000	0.001274452672	
902.080000	0.001273328158	
902.280000	0.001272199150	
902.480000	0.001271065771	
902.680000	0.001269928142	
902.880000	0.001268786381	
903.080000	0.001267640605	
903.280000	0.001266490928	
903.480000	0.001265337463	
903.680000	0.001264180320	
903.880000	0.001263019609	
904.080000	0.001261855436	
904.280000	0.001260687907	
904.480000	0.001259517124	
904.680000	0.001258343189	
904.880000	0.001257166203	
905.080000	0.001255986262	
905.280000	0.001254803463	
905.480000	0.001253617900	
905.680000	0.001252429666	
905.880000	0.001251238852	
906.080000	0.001250045548	
906.280000	0.001248849840	
906.480000	0.001247651815	
906.680000	0.001246451558	
906.880000	0.001245249150	
907.080000	0.001244044675	
907.280000	0.001242838210	
907.480000	0.001241629834	
907.680000	0.001240419624	
907.880000	0.001239207655	
908.080000	0.001237994001	
908.280000	0.001236778733	
908.480000	0.001235561923	
908.680000	0.001234343640	
908.880000	0.001233123952	
909.080000	0.001231902926	
909.280000	0.001230680627	
909.480000	0.001229457118	
909.680000	0.001228232462	
909.880000	0.001227006722	
910.080000	0.001225779956	
910.280000	0.001224552224	
910.480000	0.001223323583	
910.680000	0.001222094090	
910.880000	0.001220863799	
911.080000	0.001219632765	
911.280000	0.001218401041	
911.480000	0.001217168678	
911.680000	0.001215935727	
911.880000	0.001214702238	
912.080000	0.001213468259	
912.280000	0.001212233836	
912.480000	0.001210999018	
912.680000	0.001209763848	
912.880000	0.001208528372	
913.080000	0.001207292632	
913.280000	0.001206056671	
913.480000	0.001204820530	
913.680000	0.001203584251	
913.880000	0.001202347871	
914.080000	0.001201111430	
914.280000	0.001199874966	
914.480000	0.001198638515	
914.680000	0.001197402114	
914.880000	0.001196165797	
915.080000	0.001194929600	
915.280000	0.001193693555	
915.480000	0.001192457695	
915.680000	0.001191222053	
915.880000	0.001189986659	
916.080000	0.001188751544	
916.280000	0.001187516738	
916.480000	0.001186282269	
916.680000	0.001185048167	
916.880000	0.001183814458	
917.080000	0.001182581170	
917.280000	0.001181348329	
917.480000	0.001180115960	
937.480000	0.001061716182	
957.480000	0.000955524088	
977.480000	0.000860945817	
997.480000	0.000776688812	
1017.480000	0.000701691468	
1037.480000	0.000635046035	
1057.480000	0.000575934878	
1077.480000	0.000523604756	
1097.480000	0.000477358216	
1117.480000	0.000436551281	
1137.480000	0.000400592758	
1157.480000	0.000368943680	
1177.480000	0.000341115877	
1197.480000	0.000316669303	
1217.480000	0.000295209217	
1237.480000	0.000276382972	
1257.480000	0.000259876728	
1277.480000	0.000245412008	
1297.480000	0.000232742309	
1317.480000	0.000221649883	
1337.480000	0.000211942700	
1357.480000	0.000203451633	
1377.480000	0.000196027891	
1397.480000	0.000189540673	
1417.480000	0.000183875062	
1437.480000	0.000178930132	
1457.480000	0.000174617263	
1477.480000	0.000170858642	
1497.480000	0.000167585935	
1517.480000	0.000164739119	
1537.480000	0.000162265456	
1557.480000	0.000160118586	
1577.480000	0.000158257742	
1597.480000	0.000156647063	
1617.480000	0.000155254987	
1637.480000	0.000154053731	
1657.480000	0.000153018834	
1677.480000	0.000152128759	
1697.480000	0.000151364544	
1717.480000	0.000150709499	
1737.480000	0.000150148942	
1757.480000	0.000149669964	
1777.480000	0.000149261227	
1797.480000	0.000148912781	
1817.480000	0.000148615906	
1837.480000	0.000148362973	
1857.480000	0.000148147317	
1877.480000	0.000147963129	
1897.480000	0.000147805355	
1917.480000	0.000147669612	
1937.480000	0.000147552105	
1957.480000	0.000147449564	
1977.480000	0.000147359176	
1997.480000	0.000147278533	
2017.480000	0.000147205585	
2037.480000	0.000147138591	
2057.480000	0.000147076083	
2077.480000	0.000147016831	
2097.480000	0.000146959813	
2117.480000	0.000146904185	
2137.480000	0.000146849261	
2157.480000	0.000146794488	
2177.480000	0.000146739427	
2197.480000	0.000146683740	
2217.480000	0.000146627172	
2237.480000	0.000146569539	
2257.480000	0.000146510718	
2277.480000	0.000146450634	
2297.480000	0.000146389256	
2317.480000	0.000146326585	
2337.480000	0.000146262652	
2357.480000	0.000146197509	
2377.480000	0.000146131226	
2397.480000	0.000146063885	
2417.480000	0.000145995579	
2437.480000	0.000145926410	
2457.480000	0.000145856481	
2477.480000	0.000145785898	
2497.480000	0.000145714771	
