0.000000	0.022151922814	
20.000000	0.022186376338	
40.000000	0.022229800940	
60.000000	0.022270589200	
80.000000	0.022308929590	
100.000000	0.022345480500	
120.000000	0.021989785627	
140.000000	0.021582945808	
160.000000	0.021190855621	
180.000000	0.020826915580	
200.000000	0.020506912292	
220.000000	0.020247939625	
240.000000	0.020068114229	
260.000000	0.019986702597	
280.000000	0.020024214572	
300.000000	0.020202423005	
320.000000	0.020544331913	
340.000000	0.021081375869	
360.000000	0.021837630098	
380.000000	0.022833992703	
400.000000	0.024094671518	
420.000000	0.025646027016	
440.000000	0.027516054128	
460.000000	0.029734322252	
480.000000	0.032332266159	
500.000000	0.035343874559	
520.000000	0.039121007632	
540.000000	0.043998869642	
560.000000	0.050199825292	
567.640000	0.053034203025	
567.840000	0.053113739855	
568.040000	0.053193655563	
568.240000	0.053273967474	
568.440000	0.053354695313	
568.640000	0.053435861742	
568.840000	0.053517493066	
569.040000	0.053599620201	
569.240000	0.053682280003	
569.440000	0.053765517184	
569.640000	0.053849387143	
569.840000	0.053933960401	
570.040000	0.054019329913	
570.240000	0.054105624214	
570.440000	0.054193033764	
570.640000	0.054281872065	
570.840000	0.054372523506	
571.040000	0.054482783225	
571.240000	0.054831859864	
571.440000	0.066986544724	
571.640000	0.089270444269	
571.840000	0.113824859755	
572.040000	0.140337044381	
572.240000	0.167996025906	
572.440000	0.195898853745	
572.640000	0.223562825168	
572.840000	0.250756003190	
573.040000	0.277241872476	
573.240000	0.302636214397	
573.440000	0.326366610613	
573.640000	0.347947730441	
573.840000	0.367223402541	
593.840000	0.484571324189	
602.340000	0.478380758347	
602.540000	0.478239941151	
602.740000	0.478099357623	
602.940000	0.477959008530	
603.140000	0.477818894649	
603.340000	0.477679016767	
603.540000	0.477539375689	
603.740000	0.477399972232	
603.940000	0.477260807230	
604.140000	0.477121881533	
604.340000	0.476983196011	
604.540000	0.476844751552	
604.740000	0.476706549068	
604.940000	0.476568589489	
605.140000	0.476430873774	
605.340000	0.476293402903	
605.540000	0.476156177885	
605.740000	0.476019199757	
605.940000	0.475882469586	
606.140000	0.475745988471	
606.340000	0.475609757544	
606.540000	0.475473777971	
606.740000	0.475338050955	
606.940000	0.475202577737	
607.140000	0.475067359599	
607.340000	0.474932397860	
607.540000	0.474797693886	
607.740000	0.474663249083	
607.940000	0.474529064902	
608.140000	0.474395142837	
608.340000	0.474261484426	
608.540000	0.474128091250	
608.740000	0.473994964927	
608.940000	0.473862107112	
609.140000	0.473729519489	
609.340000	0.473597203760	
609.540000	0.473465161632	
609.740000	0.473333394801	
609.940000	0.473201904919	
610.140000	0.473070693561	
610.340000	0.472939762171	
610.540000	0.472809111985	
610.740000	0.472678743926	
610.940000	0.472548658454	
611.140000	0.472418855343	
611.340000	0.472289333354	
611.540000	0.472160089753	
611.740000	0.472031119543	
611.940000	0.471902414277	
612.140000	0.471773960065	
612.340000	0.471645734156	
612.540000	0.471517698646	
612.740000	0.471389787974	
612.940000	0.471261881124	
613.140000	0.471133728586	
613.340000	0.471004695717	
613.540000	0.470871876964	
613.740000	0.470682646513	
613.940000	0.470386132029	
614.140000	0.472833557713	
614.340000	0.474369950644	
614.540000	0.476484114993	
614.740000	0.483953572504	
614.940000	0.495880414284	
615.140000	0.509918932811	
615.340000	0.524699195234	
615.540000	0.539775935133	
615.740000	0.554925058155	
615.940000	0.569915092832	
616.140000	0.584379346966	
616.340000	0.597811611654	
616.540000	0.609967262090	
616.740000	0.620796451963	
636.740000	0.673851433676	
636.940000	0.673608858917	
637.140000	0.673366425243	
637.340000	0.673124134503	
637.540000	0.672881988486	
637.740000	0.672639988927	
637.940000	0.672398137508	
638.140000	0.672156435863	
638.340000	0.671914885581	
638.540000	0.671673488207	
638.740000	0.671432245247	
638.940000	0.671191158169	
639.140000	0.670950228402	
639.340000	0.670709457344	
639.540000	0.670468846358	
639.740000	0.670228396774	
639.940000	0.669988109893	
640.140000	0.669747986986	
640.340000	0.669508029295	
640.540000	0.669268238033	
640.740000	0.669028614386	
640.940000	0.668789159513	
641.140000	0.668549874547	
641.340000	0.668310760593	
641.540000	0.668071818730	
641.740000	0.667833050012	
641.940000	0.667594455463	
642.140000	0.667356036085	
642.340000	0.667117792848	
642.540000	0.666879726697	
642.740000	0.666641838547	
642.940000	0.666404129284	
643.140000	0.666166599762	
643.340000	0.665929250803	
643.540000	0.665692083197	
643.740000	0.665455097695	
643.940000	0.665218295011	
644.140000	0.664981675817	
644.340000	0.664745240742	
644.540000	0.664508990365	
644.740000	0.664272925213	
644.940000	0.664037045753	
645.140000	0.663801352390	
645.340000	0.663565845455	
645.540000	0.663330525203	
645.740000	0.663095391794	
645.940000	0.662860445289	
646.140000	0.662625685632	
646.340000	0.662391112637	
646.540000	0.662156725962	
646.740000	0.661922525092	
646.940000	0.661688509305	
647.140000	0.661454677641	
647.340000	0.661221028858	
647.540000	0.660987561380	
647.740000	0.660754273234	
647.940000	0.660521161968	
648.140000	0.660288224552	
648.340000	0.660055457251	
648.540000	0.659822855460	
648.740000	0.659590413494	
648.940000	0.659358124308	
649.140000	0.659125979128	
649.340000	0.658893966941	
649.540000	0.658662073807	
649.740000	0.658430281866	
649.940000	0.658198567915	
650.140000	0.657966901271	
650.340000	0.657735240466	
650.540000	0.657503527896	
650.740000	0.657271680669	
650.940000	0.657039573802	
651.140000	0.656807006288	
651.340000	0.656573622483	
651.540000	0.656338685507	
651.740000	0.656100067927	
651.940000	0.655832574979	
652.140000	0.655383977852	
652.340000	0.654908923085	
652.540000	0.649954214921	
652.740000	0.640196813096	
652.940000	0.636379630029	
653.140000	0.639614643300	
653.340000	0.646876554421	
653.540000	0.655715112563	
653.740000	0.665291287152	
653.940000	0.675300541667	
654.140000	0.685545804585	
654.340000	0.695793654465	
654.540000	0.705607741141	
654.740000	0.714637621341	
654.940000	0.722774624290	
655.140000	0.730004434994	
655.340000	0.736368620201	
671.880000	0.759410347196	
672.080000	0.759123332149	
672.280000	0.758836373881	
672.480000	0.758549476408	
672.680000	0.758262643517	
672.880000	0.757975878789	
673.080000	0.757689185622	
673.280000	0.757402567245	
673.480000	0.757116026738	
673.680000	0.756829567041	
673.880000	0.756543190970	
674.080000	0.756256901229	
674.280000	0.755970700414	
674.480000	0.755684591025	
674.680000	0.755398575476	
674.880000	0.755112656094	
675.080000	0.754826835132	
675.280000	0.754541114771	
675.480000	0.754255497124	
675.680000	0.753969984241	
675.880000	0.753684578111	
676.080000	0.753399280666	
676.280000	0.753114093785	
676.480000	0.752829019292	
676.680000	0.752544058963	
676.880000	0.752259214523	
677.080000	0.751974487650	
677.280000	0.751689879977	
677.480000	0.751405393089	
677.680000	0.751121028528	
677.880000	0.750836787791	
678.080000	0.750552672328	
678.280000	0.750268683549	
678.480000	0.749984822816	
678.680000	0.749701091448	
678.880000	0.749417490719	
679.080000	0.749134021855	
679.280000	0.748850686037	
679.480000	0.748567484397	
679.680000	0.748284418016	
679.880000	0.748001487926	
680.080000	0.747718695105	
680.280000	0.747436040474	
680.480000	0.747153524897	
680.680000	0.746871149178	
680.880000	0.746588914053	
681.080000	0.746306820193	
681.280000	0.746024868195	
681.480000	0.745743058576	
681.680000	0.745461391772	
681.880000	0.745179868126	
682.080000	0.744898487883	
682.280000	0.744617251184	
682.480000	0.744336158051	
682.680000	0.744055208376	
682.880000	0.743774401912	
683.080000	0.743493738254	
683.280000	0.743213216822	
683.480000	0.742932836842	
683.680000	0.742652597317	
683.880000	0.742372497004	
684.080000	0.742092534377	
684.280000	0.741812707586	
684.480000	0.741533014412	
684.680000	0.741253452210	
684.880000	0.740974017834	
685.080000	0.740694707559	
685.280000	0.740415516974	
685.480000	0.740136440855	
685.680000	0.739857473004	
685.880000	0.739578606050	
686.080000	0.739299831187	
686.280000	0.739021137850	
686.480000	0.738742513274	
686.680000	0.738463941922	
686.880000	0.738185404702	
687.080000	0.737906877892	
687.280000	0.737628331619	
687.480000	0.737349727645	
687.680000	0.737071016064	
687.880000	0.736792130131	
688.080000	0.736512977835	
688.280000	0.736233427243	
688.480000	0.735953278985	
688.680000	0.735672208602	
688.880000	0.735389624618	
689.080000	0.735104208451	
689.280000	0.734811019169	
689.480000	0.734423974927	
689.680000	0.733723059660	
689.880000	0.730802655633	
690.080000	0.716599901501	
690.280000	0.703904707505	
690.480000	0.699894465908	
690.680000	0.702555463877	
690.880000	0.708287898730	
691.080000	0.715260835992	
691.280000	0.722917942246	
691.480000	0.731017868853	
691.680000	0.739378258346	
691.880000	0.747712829492	
692.080000	0.755589289425	
692.280000	0.762793637537	
692.480000	0.769263887255	
692.680000	0.775000248894	
692.880000	0.780043012591	
708.420000	0.794331945180	
708.620000	0.794026828844	
708.820000	0.793721723405	
709.020000	0.793416634228	
709.220000	0.793111566339	
709.420000	0.792806524462	
709.620000	0.792501513049	
709.820000	0.792196536313	
710.020000	0.791891598245	
710.220000	0.791586702644	
710.420000	0.791281853131	
710.620000	0.790977053166	
710.820000	0.790672306067	
711.020000	0.790367615018	
711.220000	0.790062983083	
711.420000	0.789758413216	
711.620000	0.789453908269	
711.820000	0.789149471004	
712.020000	0.788845104092	
712.220000	0.788540810126	
712.420000	0.788236591624	
712.620000	0.787932451034	
712.820000	0.787628390738	
713.020000	0.787324413053	
713.220000	0.787020520241	
713.420000	0.786716714505	
713.620000	0.786412997993	
713.820000	0.786109372803	
714.020000	0.785805840983	
714.220000	0.785502404530	
714.420000	0.785199065395	
714.620000	0.784895825485	
714.820000	0.784592686659	
715.020000	0.784289650731	
715.220000	0.783986719472	
715.420000	0.783683894611	
715.620000	0.783381177830	
715.820000	0.783078570772	
716.020000	0.782776075032	
716.220000	0.782473692164	
716.420000	0.782171423679	
716.620000	0.781869271041	
716.820000	0.781567235671	
717.020000	0.781265318943	
717.220000	0.780963522186	
717.420000	0.780661846679	
717.620000	0.780360293653	
717.820000	0.780058864289	
718.020000	0.779757559715	
718.220000	0.779456381006	
718.420000	0.779155329179	
718.620000	0.778854405195	
718.820000	0.778553609951	
719.020000	0.778252944282	
719.220000	0.777952408954	
719.420000	0.777652004661	
719.620000	0.777351732022	
719.820000	0.777051591575	
720.020000	0.776751583772	
720.220000	0.776451708971	
720.420000	0.776151967433	
720.620000	0.775852359309	
720.820000	0.775552884635	
721.020000	0.775253543321	
721.220000	0.774954335136	
721.420000	0.774655259699	
721.620000	0.774356316463	
721.820000	0.774057504695	
722.020000	0.773758823455	
722.220000	0.773460271577	
722.420000	0.773161847639	
722.620000	0.772863549928	
722.820000	0.772565376407	
723.020000	0.772267324668	
723.220000	0.771969391878	
723.420000	0.771671574721	
723.620000	0.771373869316	
723.820000	0.771076271129	
724.020000	0.770778774860	
724.220000	0.770481374311	
724.420000	0.770184062207	
724.620000	0.769886829995	
724.820000	0.769589667568	
725.020000	0.769292562928	
725.220000	0.768995501739	
725.420000	0.768698466746	
725.620000	0.768401436995	
725.820000	0.768104386773	
726.020000	0.767807284132	
726.220000	0.767510088778	
726.420000	0.767212748982	
726.620000	0.766915196859	
726.820000	0.766617340887	
727.020000	0.766319053347	
727.220000	0.766020147781	
727.420000	0.765720334590	
727.620000	0.765419121246	
727.820000	0.765115536100	
728.020000	0.764806983027	
728.220000	0.764468498441	
728.420000	0.763897124820	
728.620000	0.762772322350	
728.820000	0.750327586936	
729.020000	0.732633409718	
729.220000	0.722862841784	
729.420000	0.721897316037	
729.620000	0.725803160686	
729.820000	0.731600710977	
730.020000	0.738295037700	
730.220000	0.745543262567	
730.420000	0.753152074971	
730.620000	0.760914823308	
730.820000	0.768439616061	
731.020000	0.775416715781	
731.220000	0.781742763511	
731.420000	0.787390467025	
731.620000	0.792379340041	
731.820000	0.796755002951	
748.080000	0.804875453148	
748.280000	0.804564826709	
748.480000	0.804254216443	
748.680000	0.803943626612	
748.880000	0.803633061280	
749.080000	0.803322524335	
749.280000	0.803012019502	
749.480000	0.802701550362	
749.680000	0.802391120364	
749.880000	0.802080732836	
750.080000	0.801770390998	
750.280000	0.801460097971	
750.480000	0.801149856781	
750.680000	0.800839670373	
750.880000	0.800529541609	
751.080000	0.800219473283	
751.280000	0.799909468119	
751.480000	0.799599528776	
751.680000	0.799289657857	
751.880000	0.798979857905	
752.080000	0.798670131412	
752.280000	0.798360480820	
752.480000	0.798050908522	
752.680000	0.797741416863	
752.880000	0.797432008147	
753.080000	0.797122684633	
753.280000	0.796813448540	
753.480000	0.796504302047	
753.680000	0.796195247292	
753.880000	0.795886286379	
754.080000	0.795577421371	
754.280000	0.795268654297	
754.480000	0.794959987151	
754.680000	0.794651421890	
754.880000	0.794342960437	
755.080000	0.794034604683	
755.280000	0.793726356481	
755.480000	0.793418217655	
755.680000	0.793110189992	
755.880000	0.792802275250	
756.080000	0.792494475150	
756.280000	0.792186791383	
756.480000	0.791879225606	
756.680000	0.791571779444	
756.880000	0.791264454488	
757.080000	0.790957252298	
757.280000	0.790650174399	
757.480000	0.790343222284	
757.680000	0.790036397413	
757.880000	0.789729701211	
758.080000	0.789423135069	
758.280000	0.789116700346	
758.480000	0.788810398364	
758.680000	0.788504230409	
758.880000	0.788198197734	
759.080000	0.787892301552	
759.280000	0.787586543042	
759.480000	0.787280923343	
759.680000	0.786975443555	
759.880000	0.786670104739	
760.080000	0.786364907915	
760.280000	0.786059854060	
760.480000	0.785754944108	
760.680000	0.785450178946	
760.880000	0.785145559416	
761.080000	0.784841086312	
761.280000	0.784536760374	
761.480000	0.784232582291	
761.680000	0.783928552696	
761.880000	0.783624672162	
762.080000	0.783320941202	
762.280000	0.783017360262	
762.480000	0.782713929718	
762.680000	0.782410649874	
762.880000	0.782107520953	
763.080000	0.781804543092	
763.280000	0.781501716340	
763.480000	0.781199040646	
763.680000	0.780896515852	
763.880000	0.780594141684	
764.080000	0.780291917743	
764.280000	0.779989843492	
764.480000	0.779687918240	
764.680000	0.779386141132	
764.880000	0.779084511125	
765.080000	0.778783026973	
765.280000	0.778481687199	
765.480000	0.778180490070	
765.680000	0.777879433564	
765.880000	0.777578515330	
766.080000	0.777277732650	
766.280000	0.776977082378	
766.480000	0.776676560885	
766.680000	0.776376163981	
766.880000	0.776075886825	
767.080000	0.775775723815	
767.280000	0.775475668458	
767.480000	0.775175713201	
767.680000	0.774875849232	
767.880000	0.774576066216	
768.080000	0.774276351975	
768.280000	0.773976692062	
768.480000	0.773677069217	
768.680000	0.773377462638	
768.880000	0.773077847001	
769.080000	0.772778191116	
769.280000	0.772478456026	
769.480000	0.772178592261	
769.680000	0.771878535739	
769.880000	0.771578201387	
770.080000	0.771277472755	
770.280000	0.770976184019	
770.480000	0.770674086211	
770.680000	0.770370776448	
770.880000	0.770065522844	
771.080000	0.769756687703	
771.280000	0.769437793606	
771.480000	0.768996946487	
771.680000	0.768113734354	
771.880000	0.761386112735	
772.080000	0.742254298587	
772.280000	0.727221292697	
772.480000	0.722348509695	
772.680000	0.724531824868	
772.880000	0.729737421940	
773.080000	0.736148320587	
773.280000	0.743216819286	
773.480000	0.750705265474	
773.680000	0.758430750031	
773.880000	0.766082310021	
774.080000	0.773281624894	
774.280000	0.779865576339	
774.480000	0.785781430517	
774.680000	0.791031449395	
774.880000	0.795652028843	
775.080000	0.799694921022	
794.200000	0.801023036126	
794.400000	0.800714612169	
794.600000	0.800406241745	
794.800000	0.800097927581	
795.000000	0.799789672356	
795.200000	0.799481478695	
795.400000	0.799173349182	
795.600000	0.798865286353	
795.800000	0.798557292703	
796.000000	0.798249370688	
796.200000	0.797941522723	
796.400000	0.797633751187	
796.600000	0.797326058424	
796.800000	0.797018446738	
797.000000	0.796710918405	
797.200000	0.796403475663	
797.400000	0.796096120719	
797.600000	0.795788855749	
797.800000	0.795481682897	
798.000000	0.795174604276	
798.200000	0.794867621969	
798.400000	0.794560738032	
798.600000	0.794253954488	
798.800000	0.793947273333	
799.000000	0.793640696536	
799.200000	0.793334226035	
799.400000	0.793027863743	
799.600000	0.792721611546	
799.800000	0.792415471300	
800.000000	0.792109444837	
800.200000	0.791803533961	
800.400000	0.791497740451	
800.600000	0.791192066060	
800.800000	0.790886512515	
801.000000	0.790581081516	
801.200000	0.790275774741	
801.400000	0.789970593840	
801.600000	0.789665540441	
801.800000	0.789360616145	
802.000000	0.789055822530	
802.200000	0.788751161149	
802.400000	0.788446633534	
802.600000	0.788142241189	
802.800000	0.787837985597	
803.000000	0.787533868219	
803.200000	0.787229890490	
803.400000	0.786926053824	
803.600000	0.786622359613	
803.800000	0.786318809225	
804.000000	0.786015404007	
804.200000	0.785712145283	
804.400000	0.785409034357	
804.600000	0.785106072509	
804.800000	0.784803261000	
805.000000	0.784500601068	
805.200000	0.784198093932	
805.400000	0.783895740788	
805.600000	0.783593542813	
805.800000	0.783291501164	
806.000000	0.782989616977	
806.200000	0.782687891368	
806.400000	0.782386325434	
806.600000	0.782084920252	
806.800000	0.781783676880	
807.000000	0.781482596356	
807.200000	0.781181679701	
807.400000	0.780880927915	
807.600000	0.780580341982	
807.800000	0.780279922864	
808.000000	0.779979671509	
808.200000	0.779679588845	
808.400000	0.779379675781	
808.600000	0.779079933210	
808.800000	0.778780362009	
809.000000	0.778480963035	
809.200000	0.778181737128	
809.400000	0.777882685114	
809.600000	0.777583807799	
809.800000	0.777285105975	
810.000000	0.776986580415	
810.200000	0.776688231879	
810.400000	0.776390061107	
810.600000	0.776092068827	
810.800000	0.775794255748	
811.000000	0.775496622565	
811.200000	0.775199169957	
811.400000	0.774901898588	
811.600000	0.774604809106	
811.800000	0.774307902145	
812.000000	0.774011178322	
812.200000	0.773714638241	
812.400000	0.773418282490	
812.600000	0.773122111642	
812.800000	0.772826126256	
813.000000	0.772530326877	
813.200000	0.772234714034	
813.400000	0.771939288241	
813.600000	0.771644049999	
813.800000	0.771348999795	
814.000000	0.771054138100	
814.200000	0.770759465370	
814.400000	0.770464982049	
814.600000	0.770170688565	
814.800000	0.769876585330	
815.000000	0.769582672745	
815.200000	0.769288951194	
815.400000	0.768995421045	
815.600000	0.768702082655	
815.800000	0.768408936361	
816.000000	0.768115982489	
816.200000	0.767823221348	
816.400000	0.767530653231	
816.600000	0.767238278416	
816.800000	0.766946097163	
817.000000	0.766654109719	
817.200000	0.766362316310	
817.400000	0.766070717148	
817.600000	0.765779312426	
817.800000	0.765488102318	
818.000000	0.765197086980	
818.200000	0.764906266549	
818.400000	0.764615641142	
818.600000	0.764325210854	
818.800000	0.764034975757	
819.000000	0.763744935904	
819.200000	0.763455091322	
819.400000	0.763165442011	
819.600000	0.762875987949	
819.800000	0.762586729082	
820.000000	0.762297665330	
820.200000	0.762008796580	
820.400000	0.761720122686	
820.600000	0.761431643466	
820.800000	0.761143358701	
821.000000	0.760855268133	
821.200000	0.760567371456	
821.400000	0.760279668322	
821.600000	0.759992158328	
821.800000	0.759704841017	
822.000000	0.759417715874	
822.200000	0.759130782315	
822.400000	0.758844039686	
822.600000	0.758557487255	
822.800000	0.758271124204	
823.000000	0.757984949617	
823.200000	0.757698962475	
823.400000	0.757413161641	
823.600000	0.757127545847	
823.800000	0.756842113681	
824.000000	0.756556863566	
824.200000	0.756271793742	
824.400000	0.755986902243	
824.600000	0.755702186867	
824.800000	0.755417645144	
825.000000	0.755133274302	
825.200000	0.754849071216	
825.400000	0.754565032359	
825.600000	0.754281153737	
825.800000	0.753997430811	
826.000000	0.753713858406	
826.200000	0.753430430595	
826.400000	0.753147140562	
826.600000	0.752863980425	
826.800000	0.752580941022	
827.000000	0.752298011636	
827.200000	0.752015179639	
827.400000	0.751732430041	
827.600000	0.751449744885	
827.800000	0.751167102445	
828.000000	0.750884476128	
828.200000	0.750601832954	
828.400000	0.750319131376	
828.600000	0.750036318088	
828.800000	0.749753323161	
829.000000	0.749470052336	
829.200000	0.749186374127	
829.400000	0.748902096733	
829.600000	0.748616922775	
829.800000	0.748330348208	
830.000000	0.748041385247	
830.200000	0.747747434383	
830.400000	0.747424809847	
830.600000	0.746863374878	
830.800000	0.745575433391	
831.000000	0.731209943983	
831.200000	0.712194233912	
831.400000	0.702191082306	
831.600000	0.701812959960	
831.800000	0.706647596872	
832.000000	0.713413670349	
832.200000	0.721015410971	
832.400000	0.729088261393	
832.600000	0.737430502185	
832.800000	0.745811689871	
833.000000	0.753846338023	
833.200000	0.761273324324	
833.400000	0.768001694261	
833.600000	0.774009973685	
833.800000	0.779322902549	
834.000000	0.783989141711	
854.000000	0.789175810538	
863.280000	0.775432716380	
863.480000	0.775138995904	
863.680000	0.774845403703	
863.880000	0.774551940977	
864.080000	0.774258608904	
864.280000	0.773965408640	
864.480000	0.773672341318	
864.680000	0.773379408050	
864.880000	0.773086609926	
865.080000	0.772793948013	
865.280000	0.772501423359	
865.480000	0.772209036988	
865.680000	0.771916789906	
865.880000	0.771624683096	
866.080000	0.771332717520	
866.280000	0.771040894122	
866.480000	0.770749213823	
866.680000	0.770457677525	
866.880000	0.770166286110	
867.080000	0.769875040442	
867.280000	0.769583941362	
867.480000	0.769292989694	
867.680000	0.769002186244	
867.880000	0.768711531795	
868.080000	0.768421027115	
868.280000	0.768130672953	
868.480000	0.767840470037	
868.680000	0.767550419080	
868.880000	0.767260520776	
869.080000	0.766970775799	
869.280000	0.766681184810	
869.480000	0.766391748447	
869.680000	0.766102467336	
869.880000	0.765813342084	
870.080000	0.765524373279	
870.280000	0.765235561495	
870.480000	0.764946907290	
870.680000	0.764658411204	
870.880000	0.764370073761	
871.080000	0.764081895470	
871.280000	0.763793876826	
871.480000	0.763506018304	
871.680000	0.763218320368	
871.880000	0.762930783465	
872.080000	0.762643408027	
872.280000	0.762356194472	
872.480000	0.762069143203	
872.680000	0.761782254610	
872.880000	0.761495529066	
873.080000	0.761208966932	
873.280000	0.760922568556	
873.480000	0.760636334270	
873.680000	0.760350264395	
873.880000	0.760064359237	
874.080000	0.759778619090	
874.280000	0.759493044234	
874.480000	0.759207634938	
874.680000	0.758922391457	
874.880000	0.758637314034	
875.080000	0.758352402901	
875.280000	0.758067658276	
875.480000	0.757783080367	
875.680000	0.757498669369	
875.880000	0.757214425466	
876.080000	0.756930348832	
876.280000	0.756646439627	
876.480000	0.756362698004	
876.680000	0.756079124102	
876.880000	0.755795718050	
877.080000	0.755512479968	
877.280000	0.755229409964	
877.480000	0.754946508137	
877.680000	0.754663774577	
877.880000	0.754381209361	
878.080000	0.754098812560	
878.280000	0.753816584233	
878.480000	0.753534524432	
878.680000	0.753252633198	
878.880000	0.752970910563	
879.080000	0.752689356553	
879.280000	0.752407971182	
879.480000	0.752126754457	
879.680000	0.751845706377	
879.880000	0.751564826933	
880.080000	0.751284116107	
880.280000	0.751003573874	
880.480000	0.750723200201	
880.680000	0.750442995048	
880.880000	0.750162958367	
881.080000	0.749883090103	
881.280000	0.749603390195	
881.480000	0.749323858573	
881.680000	0.749044495161	
881.880000	0.748765299879	
882.080000	0.748486272637	
882.280000	0.748207413339	
882.480000	0.747928721887	
882.680000	0.747650198171	
882.880000	0.747371842080	
883.080000	0.747093653494	
883.280000	0.746815632290	
883.480000	0.746537778338	
883.680000	0.746260091503	
883.880000	0.745982571645	
884.080000	0.745705218620	
884.280000	0.745428032276	
884.480000	0.745151012459	
884.680000	0.744874159011	
884.880000	0.744597471767	
885.080000	0.744320950559	
885.280000	0.744044595215	
885.480000	0.743768405558	
885.680000	0.743492381409	
885.880000	0.743216522582	
886.080000	0.742940828890	
886.280000	0.742665300142	
886.480000	0.742389936141	
886.680000	0.742114736691	
886.880000	0.741839701590	
887.080000	0.741564830632	
887.280000	0.741290123611	
887.480000	0.741015580315	
887.680000	0.740741200531	
887.880000	0.740466984044	
888.080000	0.740192930634	
888.280000	0.739919040081	
888.480000	0.739645312162	
888.680000	0.739371746651	
888.880000	0.739098343320	
889.080000	0.738825101939	
889.280000	0.738552022278	
889.480000	0.738279104102	
889.680000	0.738006347177	
889.880000	0.737733751266	
890.080000	0.737461316129	
890.280000	0.737189041529	
890.480000	0.736916927222	
890.680000	0.736644972968	
890.880000	0.736373178522	
891.080000	0.736101543639	
891.280000	0.735830068074	
891.480000	0.735558751581	
891.680000	0.735287593911	
891.880000	0.735016594816	
892.080000	0.734745754048	
892.280000	0.734475071356	
892.480000	0.734204546491	
892.680000	0.733934179201	
892.880000	0.733663969236	
893.080000	0.733393916344	
893.280000	0.733124020274	
893.480000	0.732854280772	
893.680000	0.732584697588	
893.880000	0.732315270470	
894.080000	0.732045999163	
894.280000	0.731776883418	
894.480000	0.731507922980	
894.680000	0.731239117599	
894.880000	0.730970467022	
895.080000	0.730701970998	
895.280000	0.730433629275	
895.480000	0.730165441602	
895.680000	0.729897407730	
895.880000	0.729629527406	
896.080000	0.729361800382	
896.280000	0.729094226409	
896.480000	0.728826805237	
896.680000	0.728559536619	
896.880000	0.728292420307	
897.080000	0.728025456054	
897.280000	0.727758643614	
897.480000	0.727491982742	
897.680000	0.727225473192	
897.880000	0.726959114722	
898.080000	0.726692907087	
898.280000	0.726426850046	
898.480000	0.726160943358	
898.680000	0.725895186781	
898.880000	0.725629580077	
899.080000	0.725364123007	
899.280000	0.725098815333	
899.480000	0.724833656818	
899.680000	0.724568647228	
899.880000	0.724303786327	
900.080000	0.724039073881	
900.280000	0.723774509659	
900.480000	0.723510093429	
900.680000	0.723245824961	
900.880000	0.722981704025	
901.080000	0.722717730393	
901.280000	0.722453903838	
901.480000	0.722190224135	
901.680000	0.721926691059	
901.880000	0.721663304386	
902.080000	0.721400063894	
902.280000	0.721136969362	
902.480000	0.720874020569	
902.680000	0.720611217298	
902.880000	0.720348559329	
903.080000	0.720086046448	
903.280000	0.719823678437	
903.480000	0.719561455085	
903.680000	0.719299376177	
903.880000	0.719037441502	
904.080000	0.718775650850	
904.280000	0.718514004011	
904.480000	0.718252500778	
904.680000	0.717991140943	
904.880000	0.717729924301	
905.080000	0.717468850648	
905.280000	0.717207919780	
905.480000	0.716947131495	
905.680000	0.716686485593	
905.880000	0.716425981874	
906.080000	0.716165620139	
906.280000	0.715905400192	
906.480000	0.715645321836	
906.680000	0.715385384875	
906.880000	0.715125589118	
907.080000	0.714865934370	
907.280000	0.714606420441	
907.480000	0.714347047140	
907.680000	0.714087814278	
907.880000	0.713828721667	
908.080000	0.713569769120	
908.280000	0.713310956452	
908.480000	0.713052283478	
908.680000	0.712793750014	
908.880000	0.712535355877	
909.080000	0.712277100888	
909.280000	0.712018984864	
909.480000	0.711761007628	
909.680000	0.711503169001	
909.880000	0.711245468806	
910.080000	0.710987906866	
910.280000	0.710730483008	
910.480000	0.710473197056	
910.680000	0.710216048839	
910.880000	0.709959038183	
911.080000	0.709702164919	
911.280000	0.709445428875	
911.480000	0.709188829884	
911.680000	0.708932367777	
911.880000	0.708676042388	
912.080000	0.708419853549	
912.280000	0.708163801097	
912.480000	0.707907884866	
912.680000	0.707652104693	
912.880000	0.707396460417	
913.080000	0.707140951875	
913.280000	0.706885578908	
913.480000	0.706630341354	
913.680000	0.706375239056	
913.880000	0.706120271856	
914.080000	0.705865439596	
914.280000	0.705610742120	
914.480000	0.705356179273	
914.680000	0.705101750900	
914.880000	0.704847456848	
915.080000	0.704593296963	
915.280000	0.704339271092	
915.480000	0.704085379086	
915.680000	0.703831620793	
915.880000	0.703577996063	
916.080000	0.703324504747	
916.280000	0.703071146697	
916.480000	0.702817921765	
916.680000	0.702564829804	
916.880000	0.702311870668	
917.080000	0.702059044212	
917.280000	0.701806350291	
917.480000	0.701553788761	
937.480000	0.676943889028	
957.480000	0.653538750552	
977.480000	0.631243271289	
997.480000	0.609977262880	
1017.480000	0.589671458290	
1037.480000	0.570265088314	
1057.480000	0.551704030050	
1077.480000	0.533939383343	
1097.480000	0.516926397797	
1117.480000	0.500623681438	
1137.480000	0.484992629478	
1157.480000	0.469997020924	
1177.480000	0.455602738902	
1197.480000	0.441777581591	
1217.480000	0.428491135431	
1237.480000	0.415714689404	
1257.480000	0.403421173827	
1277.480000	0.391585112002	
1297.480000	0.380182576409	
1317.480000	0.369191143776	
1337.480000	0.358589845658	
1357.480000	0.348359112861	
1377.480000	0.338480713330	
1397.480000	0.328937684060	
1417.480000	0.319714258164	
1437.480000	0.310795788589	
1457.480000	0.302168670068	
1477.480000	0.293820260886	
1497.480000	0.285738805859	
1517.480000	0.277913361728	
1537.480000	0.270333725923	
1557.480000	0.262990369394	
1577.480000	0.255874373977	
1597.480000	0.248977374568	
1617.480000	0.242291506175	
1637.480000	0.235809355821	
1657.480000	0.229523919128	
1677.480000	0.223428561354	
1697.480000	0.217516982613	
1717.480000	0.211783186942	
1737.480000	0.206221454914	
1757.480000	0.200826319446	
1777.480000	0.195592544500	
1797.480000	0.190515106350	
1817.480000	0.185589177142	
1837.480000	0.180810110463	
1857.480000	0.176173428691	
1877.480000	0.171674811883	
1897.480000	0.167310088013	
1917.480000	0.163075224373	
1937.480000	0.158966319979	
1957.480000	0.154979598846	
1977.480000	0.151111403998	
1997.480000	0.147358192116	
2017.480000	0.143716528722	
2037.480000	0.140183083829	
2057.480000	0.136754627976	
2077.480000	0.133428028596	
2097.480000	0.130200246668	
2117.480000	0.127068333606	
2137.480000	0.124029428352	
2157.480000	0.121080754642	
2177.480000	0.118219618419	
2197.480000	0.115443405379	
2217.480000	0.112749578621	
2237.480000	0.110135676395	
2257.480000	0.107599309942	
2277.480000	0.105138161393	
2297.480000	0.102749981756	
2317.480000	0.100432588948	
2337.480000	0.098183865890	
2357.480000	0.096001758658	
2377.480000	0.093884274676	
2397.480000	0.091829480960	
2417.480000	0.089835502409	
2437.480000	0.087900520131	
2457.480000	0.086022769820	
2477.480000	0.084200540169	
2497.480000	0.082432171323	
