0.000000	0.016224966276	
20.000000	0.016199556299	
40.000000	0.016178289040	
60.000000	0.016161848411	
80.000000	0.016148999296	
100.000000	0.016138752015	
120.000000	0.016264965465	
140.000000	0.016356956326	
160.000000	0.016458935904	
180.000000	0.016566834449	
200.000000	0.016669633045	
220.000000	0.016751459346	
240.000000	0.016793516535	
260.000000	0.016776628616	
280.000000	0.016684374811	
300.000000	0.016506457483	
320.000000	0.016241481857	
340.000000	0.015891655235	
360.000000	0.015480169420	
380.000000	0.015034826366	
400.000000	0.014580533826	
420.000000	0.014136303080	
440.000000	0.013713553230	
460.000000	0.013316369327	
480.000000	0.012943343834	
500.000000	0.012589979833	
520.000000	0.012107038051	
540.000000	0.011562304437	
560.000000	0.011002720045	
567.640000	0.010754579714	
567.840000	0.010746754816	
568.040000	0.010738765794	
568.240000	0.010730592097	
568.440000	0.010722208878	
568.640000	0.010713585664	
568.840000	0.010704684444	
569.040000	0.010695456852	
569.240000	0.010685839844	
569.440000	0.010675748771	
569.640000	0.010665065642	
569.840000	0.010653617742	
570.040000	0.010641134723	
570.240000	0.010627149709	
570.440000	0.010610715635	
570.640000	0.010589158951	
570.840000	0.010525417698	
571.040000	0.009210372660	
571.240000	0.001837850490	
571.440000	0.000000000919	
571.640000	0.000000000038	
571.840000	0.000000000191	
572.040000	0.000000005790	
572.240000	0.000000142059	
572.440000	0.000000921002	
572.640000	0.000004062796	
572.840000	0.000018843123	
573.040000	0.000106109111	
573.240000	0.000452805348	
573.440000	0.000785144413	
573.640000	0.001082532359	
573.840000	0.001331581086	
593.840000	0.005471886367	
602.340000	0.005712587420	
602.540000	0.005714369962	
602.740000	0.005716014688	
602.940000	0.005717523906	
603.140000	0.005718899872	
603.340000	0.005720144783	
603.540000	0.005721260779	
603.740000	0.005722249937	
603.940000	0.005723114272	
604.140000	0.005723855733	
604.340000	0.005724476198	
604.540000	0.005724977474	
604.740000	0.005725361290	
604.940000	0.005725629299	
605.140000	0.005725783068	
605.340000	0.005725824077	
605.540000	0.005725753714	
605.740000	0.005725573266	
605.940000	0.005725283920	
606.140000	0.005724886750	
606.340000	0.005724382714	
606.540000	0.005723772640	
606.740000	0.005723057225	
606.940000	0.005722237016	
607.140000	0.005721312405	
607.340000	0.005720283610	
607.540000	0.005719150660	
607.740000	0.005717913380	
607.940000	0.005716571368	
608.140000	0.005715123969	
608.340000	0.005713570247	
608.540000	0.005711908954	
608.740000	0.005710138485	
608.940000	0.005708256834	
609.140000	0.005706261535	
609.340000	0.005704149596	
609.540000	0.005701917409	
609.740000	0.005699560651	
609.940000	0.005697074152	
610.140000	0.005694451739	
610.340000	0.005691686026	
610.540000	0.005688768151	
610.740000	0.005685687438	
610.940000	0.005682430937	
611.140000	0.005678982814	
611.340000	0.005675323502	
611.540000	0.005671428505	
611.740000	0.005667266659	
611.940000	0.005662797518	
612.140000	0.005657967247	
612.340000	0.005652701863	
612.540000	0.005646895338	
612.740000	0.005640386831	
612.940000	0.005632911652	
613.140000	0.005623975184	
613.340000	0.005612411466	
613.540000	0.005592890127	
613.740000	0.005281672741	
613.940000	0.002082006473	
614.140000	0.000000003675	
614.340000	0.000000000014	
614.540000	0.000000000034	
614.740000	0.000000000954	
614.940000	0.000000036534	
615.140000	0.000000341593	
615.340000	0.000001613744	
615.540000	0.000006947133	
615.740000	0.000034152695	
615.940000	0.000168967159	
616.140000	0.000373735027	
616.340000	0.000565571174	
616.540000	0.000733887725	
616.740000	0.000877555410	
636.740000	0.003420145704	
636.940000	0.003425682025	
637.140000	0.003431059365	
637.340000	0.003436280131	
637.540000	0.003441346726	
637.740000	0.003446261546	
637.940000	0.003451026981	
638.140000	0.003455645407	
638.340000	0.003460119194	
638.540000	0.003464450695	
638.740000	0.003468642250	
638.940000	0.003472696182	
639.140000	0.003476614798	
639.340000	0.003480400381	
639.540000	0.003484055197	
639.740000	0.003487581486	
639.940000	0.003490981463	
640.140000	0.003494257317	
640.340000	0.003497411207	
640.540000	0.003500445263	
640.740000	0.003503361581	
640.940000	0.003506162223	
641.140000	0.003508849215	
641.340000	0.003511424542	
641.540000	0.003513890152	
641.740000	0.003516247947	
641.940000	0.003518499785	
642.140000	0.003520647476	
642.340000	0.003522692782	
642.540000	0.003524637409	
642.740000	0.003526483010	
642.940000	0.003528231179	
643.140000	0.003529883446	
643.340000	0.003531441281	
643.540000	0.003532906079	
643.740000	0.003534279169	
643.940000	0.003535561797	
644.140000	0.003536755131	
644.340000	0.003537860251	
644.540000	0.003538878142	
644.740000	0.003539809693	
644.940000	0.003540655684	
645.140000	0.003541416781	
645.340000	0.003542093525	
645.540000	0.003542686323	
645.740000	0.003543195436	
645.940000	0.003543620964	
646.140000	0.003543962831	
646.340000	0.003544220768	
646.540000	0.003544394289	
646.740000	0.003544482667	
646.940000	0.003544484907	
647.140000	0.003544399709	
647.340000	0.003544225424	
647.540000	0.003543960010	
647.740000	0.003543600965	
647.940000	0.003543145257	
648.140000	0.003542589229	
648.340000	0.003541928487	
648.540000	0.003541157756	
648.740000	0.003540270693	
648.940000	0.003539259652	
649.140000	0.003538115369	
649.340000	0.003536826544	
649.540000	0.003535379270	
649.740000	0.003533756238	
649.940000	0.003531935591	
650.140000	0.003529889245	
650.340000	0.003527580293	
650.540000	0.003524958853	
650.740000	0.003521954990	
650.940000	0.003518465760	
651.140000	0.003514328970	
651.340000	0.003509261770	
651.540000	0.003502679386	
651.740000	0.003492837382	
651.940000	0.003444131877	
652.140000	0.002392245082	
652.340000	0.000002418601	
652.540000	0.000000000012	
652.740000	0.000000000007	
652.940000	0.000000000130	
653.140000	0.000000006455	
653.340000	0.000000116696	
653.540000	0.000000664491	
653.740000	0.000002841342	
653.940000	0.000012604343	
654.140000	0.000061966758	
654.340000	0.000194001822	
654.540000	0.000332676265	
654.740000	0.000464048769	
654.940000	0.000578269064	
655.140000	0.000677480275	
655.340000	0.000765352048	
671.880000	0.002447521689	
672.080000	0.002453834553	
672.280000	0.002460004734	
672.480000	0.002466034087	
672.680000	0.002471924473	
672.880000	0.002477677761	
673.080000	0.002483295826	
673.280000	0.002488780548	
673.480000	0.002494133814	
673.680000	0.002499357513	
673.880000	0.002504453537	
674.080000	0.002509423782	
674.280000	0.002514270144	
674.480000	0.002518994519	
674.680000	0.002523598800	
674.880000	0.002528084880	
675.080000	0.002532454647	
675.280000	0.002536709981	
675.480000	0.002540852761	
675.680000	0.002544884852	
675.880000	0.002548808114	
676.080000	0.002552624392	
676.280000	0.002556335523	
676.480000	0.002559943326	
676.680000	0.002563449607	
676.880000	0.002566856153	
677.080000	0.002570164733	
677.280000	0.002573377098	
677.480000	0.002576494974	
677.680000	0.002579520065	
677.880000	0.002582454049	
678.080000	0.002585298579	
678.280000	0.002588055276	
678.480000	0.002590725735	
678.680000	0.002593311515	
678.880000	0.002595814144	
679.080000	0.002598235111	
679.280000	0.002600575868	
679.480000	0.002602837829	
679.680000	0.002605022364	
679.880000	0.002607130797	
680.080000	0.002609164408	
680.280000	0.002611124426	
680.480000	0.002613012026	
680.680000	0.002614828331	
680.880000	0.002616574405	
681.080000	0.002618251247	
681.280000	0.002619859794	
681.480000	0.002621400913	
681.680000	0.002622875396	
681.880000	0.002624283956	
682.080000	0.002625627223	
682.280000	0.002626905734	
682.480000	0.002628119932	
682.680000	0.002629270152	
682.880000	0.002630356618	
683.080000	0.002631379429	
683.280000	0.002632338548	
683.480000	0.002633233793	
683.680000	0.002634064816	
683.880000	0.002634831092	
684.080000	0.002635531892	
684.280000	0.002636166265	
684.480000	0.002636733006	
684.680000	0.002637230624	
684.880000	0.002637657301	
685.080000	0.002638010846	
685.280000	0.002638288632	
685.480000	0.002638487526	
685.680000	0.002638603798	
685.880000	0.002638633011	
686.080000	0.002638569878	
686.280000	0.002638408075	
686.480000	0.002638140013	
686.680000	0.002637756514	
686.880000	0.002637246395	
687.080000	0.002636595885	
687.280000	0.002635787807	
687.480000	0.002634800393	
687.680000	0.002633605508	
687.880000	0.002632165882	
688.080000	0.002630430575	
688.280000	0.002628327054	
688.480000	0.002625746174	
688.680000	0.002622510230	
688.880000	0.002618292287	
689.080000	0.002612342604	
689.280000	0.002601542377	
689.480000	0.002424353018	
689.680000	0.000488327883	
689.880000	0.000000000115	
690.080000	0.000000000003	
690.280000	0.000000000012	
690.480000	0.000000000497	
690.680000	0.000000023021	
690.880000	0.000000226730	
691.080000	0.000001093232	
691.280000	0.000004604878	
691.480000	0.000020856643	
691.680000	0.000091112487	
691.880000	0.000203060074	
692.080000	0.000318688368	
692.280000	0.000424372989	
692.480000	0.000516538098	
692.680000	0.000597536748	
692.880000	0.000669918151	
708.420000	0.002065234826	
708.620000	0.002071487580	
708.820000	0.002077614326	
709.020000	0.002083616572	
709.220000	0.002089495830	
709.420000	0.002095253626	
709.620000	0.002100891494	
709.820000	0.002106410976	
710.020000	0.002111813625	
710.220000	0.002117101002	
710.420000	0.002122274679	
710.620000	0.002127336232	
710.820000	0.002132287247	
711.020000	0.002137129318	
711.220000	0.002141864042	
711.420000	0.002146493022	
711.620000	0.002151017867	
711.820000	0.002155440185	
712.020000	0.002159761591	
712.220000	0.002163983698	
712.420000	0.002168108118	
712.620000	0.002172136465	
712.820000	0.002176070348	
713.020000	0.002179911372	
713.220000	0.002183661139	
713.420000	0.002187321243	
713.620000	0.002190893271	
713.820000	0.002194378803	
714.020000	0.002197779405	
714.220000	0.002201096636	
714.420000	0.002204332040	
714.620000	0.002207487147	
714.820000	0.002210563472	
715.020000	0.002213562513	
715.220000	0.002216485751	
715.420000	0.002219334647	
715.620000	0.002222110642	
715.820000	0.002224815155	
716.020000	0.002227449579	
716.220000	0.002230015287	
716.420000	0.002232513622	
716.620000	0.002234945901	
716.820000	0.002237313411	
717.020000	0.002239617412	
717.220000	0.002241859127	
717.420000	0.002244039750	
717.620000	0.002246160436	
717.820000	0.002248222308	
718.020000	0.002250226446	
718.220000	0.002252173893	
718.420000	0.002254065649	
718.620000	0.002255902669	
718.820000	0.002257685863	
719.020000	0.002259416093	
719.220000	0.002261094169	
719.420000	0.002262720850	
719.620000	0.002264296835	
719.820000	0.002265822768	
720.020000	0.002267299228	
720.220000	0.002268726728	
720.420000	0.002270105711	
720.620000	0.002271436547	
720.820000	0.002272719523	
721.020000	0.002273954844	
721.220000	0.002275142621	
721.420000	0.002276282868	
721.620000	0.002277375491	
721.820000	0.002278420280	
722.020000	0.002279416901	
722.220000	0.002280364878	
722.420000	0.002281263585	
722.620000	0.002282112228	
722.820000	0.002282909822	
723.020000	0.002283655177	
723.220000	0.002284346865	
723.420000	0.002284983192	
723.620000	0.002285562159	
723.820000	0.002286081422	
724.020000	0.002286538233	
724.220000	0.002286929376	
724.420000	0.002287251087	
724.620000	0.002287498950	
724.820000	0.002287667773	
725.020000	0.002287751420	
725.220000	0.002287742608	
725.420000	0.002287632624	
725.620000	0.002287410964	
725.820000	0.002287064828	
726.020000	0.002286578427	
726.220000	0.002285931989	
726.420000	0.002285100299	
726.620000	0.002284050464	
726.820000	0.002282738347	
727.020000	0.002281102548	
727.220000	0.002279053463	
727.420000	0.002276451391	
727.620000	0.002273056135	
727.820000	0.002268382041	
728.020000	0.002261050356	
728.220000	0.002229260148	
728.420000	0.001408360179	
728.620000	0.000000065925	
728.820000	0.000000000003	
729.020000	0.000000000003	
729.220000	0.000000000061	
729.420000	0.000000004049	
729.620000	0.000000089346	
729.820000	0.000000553736	
730.020000	0.000002397315	
730.220000	0.000010278637	
730.420000	0.000046872215	
730.620000	0.000139684782	
730.820000	0.000245751008	
731.020000	0.000349743877	
731.220000	0.000442228937	
731.420000	0.000523344128	
731.620000	0.000595405437	
731.820000	0.000660306017	
748.080000	0.001967965038	
748.280000	0.001973704153	
748.480000	0.001979334475	
748.680000	0.001984857302	
748.880000	0.001990273942	
749.080000	0.001995585720	
749.280000	0.002000793972	
749.480000	0.002005900047	
749.680000	0.002010905308	
749.880000	0.002015811128	
750.080000	0.002020618893	
750.280000	0.002025330000	
750.480000	0.002029945854	
750.680000	0.002034467870	
750.880000	0.002038897473	
751.080000	0.002043236093	
751.280000	0.002047485167	
751.480000	0.002051646139	
751.680000	0.002055720455	
751.880000	0.002059709567	
752.080000	0.002063614929	
752.280000	0.002067437994	
752.480000	0.002071180218	
752.680000	0.002074843055	
752.880000	0.002078427958	
753.080000	0.002081936375	
753.280000	0.002085369752	
753.480000	0.002088729530	
753.680000	0.002092017142	
753.880000	0.002095234015	
754.080000	0.002098381568	
754.280000	0.002101461210	
754.480000	0.002104474340	
754.680000	0.002107422345	
754.880000	0.002110306600	
755.080000	0.002113128466	
755.280000	0.002115889291	
755.480000	0.002118590407	
755.680000	0.002121233130	
755.880000	0.002123818757	
756.080000	0.002126348570	
756.280000	0.002128823830	
756.480000	0.002131245778	
756.680000	0.002133615636	
756.880000	0.002135934603	
757.080000	0.002138203856	
757.280000	0.002140424550	
757.480000	0.002142597814	
757.680000	0.002144724754	
757.880000	0.002146806450	
758.080000	0.002148843955	
758.280000	0.002150838296	
758.480000	0.002152790472	
758.680000	0.002154701453	
758.880000	0.002156572179	
759.080000	0.002158403561	
759.280000	0.002160196478	
759.480000	0.002161951779	
759.680000	0.002163670279	
759.880000	0.002165352758	
760.080000	0.002166999964	
760.280000	0.002168612609	
760.480000	0.002170191367	
760.680000	0.002171736877	
760.880000	0.002173249737	
761.080000	0.002174730506	
761.280000	0.002176179703	
761.480000	0.002177597803	
761.680000	0.002178985237	
761.880000	0.002180342390	
762.080000	0.002181669601	
762.280000	0.002182967157	
762.480000	0.002184235295	
762.680000	0.002185474197	
762.880000	0.002186683988	
763.080000	0.002187864732	
763.280000	0.002189016431	
763.480000	0.002190139020	
763.680000	0.002191232361	
763.880000	0.002192296241	
764.080000	0.002193330366	
764.280000	0.002194334351	
764.480000	0.002195307721	
764.680000	0.002196249895	
764.880000	0.002197160182	
765.080000	0.002198037768	
765.280000	0.002198881706	
765.480000	0.002199690901	
765.680000	0.002200464093	
765.880000	0.002201199842	
766.080000	0.002201896500	
766.280000	0.002202552192	
766.480000	0.002203164778	
766.680000	0.002203731822	
766.880000	0.002204250548	
767.080000	0.002204717781	
767.280000	0.002205129889	
767.480000	0.002205482699	
767.680000	0.002205771400	
767.880000	0.002205990420	
768.080000	0.002206133267	
768.280000	0.002206192329	
768.480000	0.002206158611	
768.680000	0.002206021389	
768.880000	0.002205767742	
769.080000	0.002205381910	
769.280000	0.002204844384	
769.480000	0.002204130596	
769.680000	0.002203208945	
769.880000	0.002202037719	
770.080000	0.002200560042	
770.280000	0.002198695022	
770.480000	0.002196320894	
770.680000	0.002193238922	
770.880000	0.002189081160	
771.080000	0.002182989440	
771.280000	0.002171070811	
771.480000	0.001930107888	
771.680000	0.000091081634	
771.880000	0.000000000013	
772.080000	0.000000000001	
772.280000	0.000000000008	
772.480000	0.000000000519	
772.680000	0.000000027824	
772.880000	0.000000279856	
773.080000	0.000001368523	
773.280000	0.000005789928	
773.480000	0.000025739617	
773.680000	0.000097648088	
773.880000	0.000198615820	
774.080000	0.000304916625	
774.280000	0.000402450459	
774.480000	0.000488208693	
774.680000	0.000564036485	
774.880000	0.000631961169	
775.080000	0.000693475296	
794.200000	0.002045048916	
794.400000	0.002049855245	
794.600000	0.002054576177	
794.800000	0.002059212937	
795.000000	0.002063766766	
795.200000	0.002068238912	
795.400000	0.002072630639	
795.600000	0.002076943215	
795.800000	0.002081177922	
796.000000	0.002085336048	
796.200000	0.002089418887	
796.400000	0.002093427741	
796.600000	0.002097363917	
796.800000	0.002101228725	
797.000000	0.002105023479	
797.200000	0.002108749496	
797.400000	0.002112408095	
797.600000	0.002116000593	
797.800000	0.002119528310	
798.000000	0.002122992562	
798.200000	0.002126394664	
798.400000	0.002129735929	
798.600000	0.002133017664	
798.800000	0.002136241172	
799.000000	0.002139407751	
799.200000	0.002142518693	
799.400000	0.002145575282	
799.600000	0.002148578794	
799.800000	0.002151530497	
800.000000	0.002154431649	
800.200000	0.002157283500	
800.400000	0.002160087285	
800.600000	0.002162844233	
800.800000	0.002165555557	
801.000000	0.002168222459	
801.200000	0.002170846129	
801.400000	0.002173427741	
801.600000	0.002175968457	
801.800000	0.002178469423	
802.000000	0.002180931771	
802.200000	0.002183356617	
802.400000	0.002185745062	
802.600000	0.002188098190	
802.800000	0.002190417068	
803.000000	0.002192702746	
803.200000	0.002194956260	
803.400000	0.002197178624	
803.600000	0.002199370837	
803.800000	0.002201533879	
804.000000	0.002203668714	
804.200000	0.002205776285	
804.400000	0.002207857519	
804.600000	0.002209913322	
804.800000	0.002211944583	
805.000000	0.002213952172	
805.200000	0.002215936940	
805.400000	0.002217899720	
805.600000	0.002219841324	
805.800000	0.002221762547	
806.000000	0.002223664165	
806.200000	0.002225546934	
806.400000	0.002227411593	
806.600000	0.002229258860	
806.800000	0.002231089435	
807.000000	0.002232904001	
807.200000	0.002234703220	
807.400000	0.002236487737	
807.600000	0.002238258179	
807.800000	0.002240015153	
808.000000	0.002241759250	
808.200000	0.002243491042	
808.400000	0.002245211083	
808.600000	0.002246919909	
808.800000	0.002248618041	
809.000000	0.002250305980	
809.200000	0.002251984210	
809.400000	0.002253653200	
809.600000	0.002255313401	
809.800000	0.002256965247	
810.000000	0.002258609157	
810.200000	0.002260245532	
810.400000	0.002261874759	
810.600000	0.002263497208	
810.800000	0.002265113232	
811.000000	0.002266723173	
811.200000	0.002268327352	
811.400000	0.002269926080	
811.600000	0.002271519651	
811.800000	0.002273108344	
812.000000	0.002274692424	
812.200000	0.002276272142	
812.400000	0.002277847734	
812.600000	0.002279419424	
812.800000	0.002280987419	
813.000000	0.002282551916	
813.200000	0.002284113095	
813.400000	0.002285671126	
813.600000	0.002287226164	
813.800000	0.002288778350	
814.000000	0.002290327813	
814.200000	0.002291874670	
814.400000	0.002293419024	
814.600000	0.002294960966	
814.800000	0.002296500573	
815.000000	0.002298037910	
815.200000	0.002299573030	
815.400000	0.002301105972	
815.600000	0.002302636765	
815.800000	0.002304165422	
816.000000	0.002305691945	
816.200000	0.002307216324	
816.400000	0.002308738533	
816.600000	0.002310258536	
816.800000	0.002311776284	
817.000000	0.002313291711	
817.200000	0.002314804740	
817.400000	0.002316315282	
817.600000	0.002317823229	
817.800000	0.002319328463	
818.000000	0.002320830848	
818.200000	0.002322330234	
818.400000	0.002323826455	
818.600000	0.002325319329	
818.800000	0.002326808656	
819.000000	0.002328294220	
819.200000	0.002329775785	
819.400000	0.002331253096	
819.600000	0.002332725878	
819.800000	0.002334193836	
820.000000	0.002335656651	
820.200000	0.002337113981	
820.400000	0.002338565460	
820.600000	0.002340010693	
820.800000	0.002341449259	
821.000000	0.002342880707	
821.200000	0.002344304551	
821.400000	0.002345720274	
821.600000	0.002347127318	
821.800000	0.002348525089	
822.000000	0.002349912946	
822.200000	0.002351290202	
822.400000	0.002352656119	
822.600000	0.002354009905	
822.800000	0.002355350703	
823.000000	0.002356677594	
823.200000	0.002357989582	
823.400000	0.002359285591	
823.600000	0.002360564458	
823.800000	0.002361824918	
824.000000	0.002363065597	
824.200000	0.002364284999	
824.400000	0.002365481490	
824.600000	0.002366653281	
824.800000	0.002367798410	
825.000000	0.002368914715	
825.200000	0.002369999812	
825.400000	0.002371051059	
825.600000	0.002372065520	
825.800000	0.002373039917	
826.000000	0.002373970579	
826.200000	0.002374853371	
826.400000	0.002375683617	
826.600000	0.002376455994	
826.800000	0.002377164414	
827.000000	0.002377801859	
827.200000	0.002378360186	
827.400000	0.002378829864	
827.600000	0.002379199636	
827.800000	0.002379456061	
828.000000	0.002379582903	
828.200000	0.002379560268	
828.400000	0.002379363383	
828.600000	0.002378960797	
828.800000	0.002378311638	
829.000000	0.002377361240	
829.200000	0.002376033783	
829.400000	0.002374218954	
829.600000	0.002371745393	
829.800000	0.002368319905	
830.000000	0.002363354260	
830.200000	0.002355205231	
830.400000	0.002319646027	
830.600000	0.001305747152	
830.800000	0.000000004666	
831.000000	0.000000000001	
831.200000	0.000000000001	
831.400000	0.000000000037	
831.600000	0.000000003393	
831.800000	0.000000100783	
832.000000	0.000000707312	
832.200000	0.000003169348	
832.400000	0.000013647252	
832.600000	0.000059172751	
832.800000	0.000156977032	
833.000000	0.000268842392	
833.200000	0.000378874245	
833.400000	0.000477072956	
833.600000	0.000563523251	
833.800000	0.000640395998	
834.000000	0.000709509692	
854.000000	0.002193186824	
863.280000	0.002391681135	
863.480000	0.002394808215	
863.680000	0.002397903272	
863.880000	0.002400967262	
864.080000	0.002404001128	
864.280000	0.002407005805	
864.480000	0.002409982214	
864.680000	0.002412931268	
864.880000	0.002415853867	
865.080000	0.002418750898	
865.280000	0.002421623238	
865.480000	0.002424471752	
865.680000	0.002427297290	
865.880000	0.002430100693	
866.080000	0.002432882786	
866.280000	0.002435644384	
866.480000	0.002438386287	
866.680000	0.002441109283	
866.880000	0.002443814146	
867.080000	0.002446501639	
867.280000	0.002449172509	
867.480000	0.002451827491	
867.680000	0.002454467306	
867.880000	0.002457092663	
868.080000	0.002459704255	
868.280000	0.002462302765	
868.480000	0.002464888859	
868.680000	0.002467463191	
868.880000	0.002470026404	
869.080000	0.002472579124	
869.280000	0.002475121966	
869.480000	0.002477655530	
869.680000	0.002480180405	
869.880000	0.002482697166	
870.080000	0.002485206373	
870.280000	0.002487708577	
870.480000	0.002490204313	
870.680000	0.002492694103	
870.880000	0.002495178460	
871.080000	0.002497657881	
871.280000	0.002500132852	
871.480000	0.002502603847	
871.680000	0.002505071326	
871.880000	0.002507535740	
872.080000	0.002509997525	
872.280000	0.002512457109	
872.480000	0.002514914904	
872.680000	0.002517371315	
872.880000	0.002519826732	
873.080000	0.002522281537	
873.280000	0.002524736099	
873.480000	0.002527190776	
873.680000	0.002529645917	
873.880000	0.002532101860	
874.080000	0.002534558933	
874.280000	0.002537017452	
874.480000	0.002539477724	
874.680000	0.002541940049	
874.880000	0.002544404713	
875.080000	0.002546871995	
875.280000	0.002549342164	
875.480000	0.002551815481	
875.680000	0.002554292196	
875.880000	0.002556772552	
876.080000	0.002559256784	
876.280000	0.002561745115	
876.480000	0.002564237764	
876.680000	0.002566734939	
876.880000	0.002569236841	
877.080000	0.002571743664	
877.280000	0.002574255593	
877.480000	0.002576772806	
877.680000	0.002579295474	
877.880000	0.002581823762	
878.080000	0.002584357824	
878.280000	0.002586897813	
878.480000	0.002589443869	
878.680000	0.002591996132	
878.880000	0.002594554730	
879.080000	0.002597119788	
879.280000	0.002599691423	
879.480000	0.002602269749	
879.680000	0.002604854870	
879.880000	0.002607446888	
880.080000	0.002610045898	
880.280000	0.002612651990	
880.480000	0.002615265248	
880.680000	0.002617885751	
880.880000	0.002620513573	
881.080000	0.002623148785	
881.280000	0.002625791450	
881.480000	0.002628441630	
881.680000	0.002631099379	
881.880000	0.002633764750	
882.080000	0.002636437788	
882.280000	0.002639118537	
882.480000	0.002641807036	
882.680000	0.002644503320	
882.880000	0.002647207419	
883.080000	0.002649919362	
883.280000	0.002652639172	
883.480000	0.002655366870	
883.680000	0.002658102472	
883.880000	0.002660845992	
884.080000	0.002663597441	
884.280000	0.002666356825	
884.480000	0.002669124151	
884.680000	0.002671899418	
884.880000	0.002674682626	
885.080000	0.002677473770	
885.280000	0.002680272844	
885.480000	0.002683079839	
885.680000	0.002685894742	
885.880000	0.002688717540	
886.080000	0.002691548215	
886.280000	0.002694386750	
886.480000	0.002697233123	
886.680000	0.002700087311	
886.880000	0.002702949290	
887.080000	0.002705819031	
887.280000	0.002708696507	
887.480000	0.002711581687	
887.680000	0.002714474538	
887.880000	0.002717375026	
888.080000	0.002720283115	
888.280000	0.002723198768	
888.480000	0.002726121946	
888.680000	0.002729052609	
888.880000	0.002731990716	
889.080000	0.002734936223	
889.280000	0.002737889086	
889.480000	0.002740849259	
889.680000	0.002743816697	
889.880000	0.002746791351	
890.080000	0.002749773173	
890.280000	0.002752762113	
890.480000	0.002755758119	
890.680000	0.002758761142	
890.880000	0.002761771127	
891.080000	0.002764788022	
891.280000	0.002767811773	
891.480000	0.002770842324	
891.680000	0.002773879621	
891.880000	0.002776923606	
892.080000	0.002779974224	
892.280000	0.002783031416	
892.480000	0.002786095126	
892.680000	0.002789165293	
892.880000	0.002792241861	
893.080000	0.002795324768	
893.280000	0.002798413957	
893.480000	0.002801509365	
893.680000	0.002804610934	
893.880000	0.002807718602	
894.080000	0.002810832308	
894.280000	0.002813951991	
894.480000	0.002817077590	
894.680000	0.002820209044	
894.880000	0.002823346289	
895.080000	0.002826489265	
895.280000	0.002829637909	
895.480000	0.002832792160	
895.680000	0.002835951955	
895.880000	0.002839117232	
896.080000	0.002842287929	
896.280000	0.002845463984	
896.480000	0.002848645334	
896.680000	0.002851831918	
896.880000	0.002855023673	
897.080000	0.002858220539	
897.280000	0.002861422452	
897.480000	0.002864629351	
897.680000	0.002867841176	
897.880000	0.002871057864	
898.080000	0.002874279354	
898.280000	0.002877505586	
898.480000	0.002880736498	
898.680000	0.002883972032	
898.880000	0.002887212125	
899.080000	0.002890456718	
899.280000	0.002893705752	
899.480000	0.002896959167	
899.680000	0.002900216904	
899.880000	0.002903478904	
900.080000	0.002906745109	
900.280000	0.002910015461	
900.480000	0.002913289901	
900.680000	0.002916568373	
900.880000	0.002919850819	
901.080000	0.002923137183	
901.280000	0.002926427408	
901.480000	0.002929721439	
901.680000	0.002933019219	
901.880000	0.002936320695	
902.080000	0.002939625810	
902.280000	0.002942934510	
902.480000	0.002946246743	
902.680000	0.002949562454	
902.880000	0.002952881591	
903.080000	0.002956204100	
903.280000	0.002959529930	
903.480000	0.002962859029	
903.680000	0.002966191345	
903.880000	0.002969526829	
904.080000	0.002972865429	
904.280000	0.002976207097	
904.480000	0.002979551781	
904.680000	0.002982899435	
904.880000	0.002986250008	
905.080000	0.002989603454	
905.280000	0.002992959725	
905.480000	0.002996318773	
905.680000	0.002999680553	
905.880000	0.003003045018	
906.080000	0.003006412122	
906.280000	0.003009781821	
906.480000	0.003013154071	
906.680000	0.003016528826	
906.880000	0.003019906044	
907.080000	0.003023285680	
907.280000	0.003026667694	
907.480000	0.003030052042	
907.680000	0.003033438683	
907.880000	0.003036827575	
908.080000	0.003040218678	
908.280000	0.003043611952	
908.480000	0.003047007357	
908.680000	0.003050404854	
908.880000	0.003053804403	
909.080000	0.003057205967	
909.280000	0.003060609508	
909.480000	0.003064014989	
909.680000	0.003067422371	
909.880000	0.003070831620	
910.080000	0.003074242699	
910.280000	0.003077655572	
910.480000	0.003081070205	
910.680000	0.003084486563	
910.880000	0.003087904612	
911.080000	0.003091324318	
911.280000	0.003094745648	
911.480000	0.003098168569	
911.680000	0.003101593049	
911.880000	0.003105019056	
912.080000	0.003108446558	
912.280000	0.003111875525	
912.480000	0.003115305925	
912.680000	0.003118737729	
912.880000	0.003122170907	
913.080000	0.003125605430	
913.280000	0.003129041268	
913.480000	0.003132478394	
913.680000	0.003135916778	
913.880000	0.003139356395	
914.080000	0.003142797215	
914.280000	0.003146239212	
914.480000	0.003149682360	
914.680000	0.003153126633	
914.880000	0.003156572005	
915.080000	0.003160018451	
915.280000	0.003163465945	
915.480000	0.003166914463	
915.680000	0.003170363982	
915.880000	0.003173814476	
916.080000	0.003177265923	
916.280000	0.003180718300	
916.480000	0.003184171583	
916.680000	0.003187625751	
916.880000	0.003191080781	
917.080000	0.003194536652	
917.280000	0.003197993342	
917.480000	0.003201450830	
937.480000	0.003548774049	
957.480000	0.003894764949	
977.480000	0.004237437376	
997.480000	0.004576308360	
1017.480000	0.004910942169	
1037.480000	0.005240823108	
1057.480000	0.005565393987	
1077.480000	0.005884099938	
1097.480000	0.006196421355	
1117.480000	0.006501896687	
1137.480000	0.006800136701	
1157.480000	0.007090831989	
1177.480000	0.007373754521	
1197.480000	0.007648755502	
1217.480000	0.007915759947	
1237.480000	0.008174758926	
1257.480000	0.008425800285	
1277.480000	0.008668978774	
1297.480000	0.008904426305	
1317.480000	0.009132302783	
1337.480000	0.009352787893	
1357.480000	0.009566074055	
1377.480000	0.009772360638	
1397.480000	0.009971849432	
1417.480000	0.010164741305	
1437.480000	0.010351233895	
1457.480000	0.010531520190	
1477.480000	0.010705787810	
1497.480000	0.010874218828	
1517.480000	0.011036989957	
1537.480000	0.011194272988	
1557.480000	0.011346235340	
1577.480000	0.011493040650	
1597.480000	0.011634849322	
1617.480000	0.011771819007	
1637.480000	0.011904104968	
1657.480000	0.012031860331	
1677.480000	0.012155236219	
1697.480000	0.012274381773	
1717.480000	0.012389444081	
1737.480000	0.012500568028	
1757.480000	0.012607896085	
1777.480000	0.012711568069	
1797.480000	0.012811720870	
1817.480000	0.012908488183	
1837.480000	0.013002000248	
1857.480000	0.013092383609	
1877.480000	0.013179760903	
1897.480000	0.013264250687	
1917.480000	0.013345967299	
1937.480000	0.013425020762	
1957.480000	0.013501516731	
1977.480000	0.013575556470	
1997.480000	0.013647236873	
2017.480000	0.013716650514	
2037.480000	0.013783885723	
2057.480000	0.013849026691	
2077.480000	0.013912153590	
2097.480000	0.013973342715	
2117.480000	0.014032666634	
2137.480000	0.014090194348	
2157.480000	0.014145991457	
2177.480000	0.014200120327	
2197.480000	0.014252640266	
2217.480000	0.014303607681	
2237.480000	0.014353076254	
2257.480000	0.014401097092	
2277.480000	0.014447718888	
2297.480000	0.014492988067	
2317.480000	0.014536948923	
2337.480000	0.014579643760	
2357.480000	0.014621113009	
2377.480000	0.014661395353	
2397.480000	0.014700527837	
2417.480000	0.014738545965	
2437.480000	0.014775483804	
2457.480000	0.014811374068	
2477.480000	0.014846248204	
2497.480000	0.014880136466	
