0.000000	-0.000000546627	
20.000000	-0.000000539566	
40.000000	-0.000000539702	
60.000000	-0.000000539938	
80.000000	-0.000000540073	
100.000000	-0.000000540141	
120.000000	-0.000000759216	
140.000000	-0.000000729374	
160.000000	-0.000000696530	
180.000000	-0.000000664586	
200.000000	-0.000000634706	
220.000000	-0.000000607195	
240.000000	-0.000000581831	
260.000000	-0.000000558317	
280.000000	-0.000000536395	
300.000000	-0.000000515854	
320.000000	-0.000000496521	
340.000000	-0.000000477448	
360.000000	-0.000000460054	
380.000000	-0.000000443761	
400.000000	-0.000000428293	
420.000000	-0.000000413502	
440.000000	-0.000000399289	
460.000000	-0.000000385572	
480.000000	-0.000000372274	
500.000000	-0.000000359313	
520.000000	-0.000000336641	
540.000000	-0.000000314867	
560.000000	-0.000000292023	
567.640000	-0.000000279139	
567.840000	-0.000000278592	
568.040000	-0.000000278012	
568.240000	-0.000000277394	
568.440000	-0.000000276730	
568.640000	-0.000000276012	
568.840000	-0.000000275226	
569.040000	-0.000000274357	
569.240000	-0.000000273380	
569.440000	-0.000000272262	
569.640000	-0.000000270950	
569.840000	-0.000000269360	
570.040000	-0.000000267341	
570.240000	-0.000000264588	
570.440000	-0.000000260343	
570.640000	-0.000000251645	
570.840000	-0.000000175349	
571.040000	0.000000047315	
571.240000	0.000000379015	
571.440000	0.000001826655	
571.640000	0.000002089539	
571.840000	0.000001902591	
572.040000	0.000001553518	
572.240000	0.000001222167	
572.440000	0.000001000565	
572.640000	0.000000803473	
572.840000	0.000000585554	
573.040000	0.000000308927	
573.240000	-0.000000083185	
573.440000	-0.000000412795	
573.640000	-0.000000592036	
573.840000	-0.000000703088	
593.840000	-0.000000806078	
602.340000	-0.000000760068	
602.540000	-0.000000759032	
602.740000	-0.000000757997	
602.940000	-0.000000756962	
603.140000	-0.000000755928	
603.340000	-0.000000754894	
603.540000	-0.000000753860	
603.740000	-0.000000752826	
603.940000	-0.000000751792	
604.140000	-0.000000750757	
604.340000	-0.000000749722	
604.540000	-0.000000748686	
604.740000	-0.000000747649	
604.940000	-0.000000746610	
605.140000	-0.000000745570	
605.340000	-0.000000744528	
605.540000	-0.000000743484	
605.740000	-0.000000742438	
605.940000	-0.000000741389	
606.140000	-0.000000740336	
606.340000	-0.000000739280	
606.540000	-0.000000738221	
606.740000	-0.000000737157	
606.940000	-0.000000736088	
607.140000	-0.000000735013	
607.340000	-0.000000733933	
607.540000	-0.000000732846	
607.740000	-0.000000731751	
607.940000	-0.000000730648	
608.140000	-0.000000729537	
608.340000	-0.000000728415	
608.540000	-0.000000727282	
608.740000	-0.000000726137	
608.940000	-0.000000724978	
609.140000	-0.000000723803	
609.340000	-0.000000722612	
609.540000	-0.000000721401	
609.740000	-0.000000720168	
609.940000	-0.000000718910	
610.140000	-0.000000717624	
610.340000	-0.000000716306	
610.540000	-0.000000714951	
610.740000	-0.000000713553	
610.940000	-0.000000712104	
611.140000	-0.000000710596	
611.340000	-0.000000709016	
611.540000	-0.000000707350	
611.740000	-0.000000705576	
611.940000	-0.000000703667	
612.140000	-0.000000701582	
612.340000	-0.000000699263	
612.540000	-0.000000696616	
612.740000	-0.000000693485	
612.940000	-0.000000689574	
613.140000	-0.000000684223	
613.340000	-0.000000675434	
613.540000	-0.000000648380	
613.740000	-0.000000397125	
613.940000	-0.000000046465	
614.140000	0.000001523474	
614.340000	0.000002040831	
614.540000	0.000001912186	
614.740000	0.000001542540	
614.940000	0.000001140881	
615.140000	0.000000863983	
615.340000	0.000000642660	
615.540000	0.000000414706	
615.740000	0.000000139482	
615.940000	-0.000000242110	
616.140000	-0.000000664066	
616.340000	-0.000000907805	
616.540000	-0.000001062614	
616.740000	-0.000001157625	
636.740000	-0.000001194398	
636.940000	-0.000001192648	
637.140000	-0.000001190902	
637.340000	-0.000001189161	
637.540000	-0.000001187424	
637.740000	-0.000001185691	
637.940000	-0.000001183962	
638.140000	-0.000001182238	
638.340000	-0.000001180517	
638.540000	-0.000001178800	
638.740000	-0.000001177086	
638.940000	-0.000001175376	
639.140000	-0.000001173670	
639.340000	-0.000001171967	
639.540000	-0.000001170267	
639.740000	-0.000001168570	
639.940000	-0.000001166876	
640.140000	-0.000001165184	
640.340000	-0.000001163496	
640.540000	-0.000001161809	
640.740000	-0.000001160125	
640.940000	-0.000001158443	
641.140000	-0.000001156764	
641.340000	-0.000001155085	
641.540000	-0.000001153409	
641.740000	-0.000001151733	
641.940000	-0.000001150059	
642.140000	-0.000001148385	
642.340000	-0.000001146712	
642.540000	-0.000001145040	
642.740000	-0.000001143367	
642.940000	-0.000001141694	
643.140000	-0.000001140021	
643.340000	-0.000001138347	
643.540000	-0.000001136671	
643.740000	-0.000001134994	
643.940000	-0.000001133315	
644.140000	-0.000001131633	
644.340000	-0.000001129949	
644.540000	-0.000001128261	
644.740000	-0.000001126569	
644.940000	-0.000001124872	
645.140000	-0.000001123170	
645.340000	-0.000001121462	
645.540000	-0.000001119748	
645.740000	-0.000001118026	
645.940000	-0.000001116296	
646.140000	-0.000001114556	
646.340000	-0.000001112805	
646.540000	-0.000001111043	
646.740000	-0.000001109268	
646.940000	-0.000001107477	
647.140000	-0.000001105671	
647.340000	-0.000001103845	
647.540000	-0.000001101999	
647.740000	-0.000001100130	
647.940000	-0.000001098234	
648.140000	-0.000001096308	
648.340000	-0.000001094348	
648.540000	-0.000001092349	
648.740000	-0.000001090305	
648.940000	-0.000001088210	
649.140000	-0.000001086054	
649.340000	-0.000001083827	
649.540000	-0.000001081515	
649.740000	-0.000001079102	
649.940000	-0.000001076564	
650.140000	-0.000001073870	
650.340000	-0.000001070979	
650.540000	-0.000001067828	
650.740000	-0.000001064324	
650.940000	-0.000001060316	
651.140000	-0.000001055535	
651.340000	-0.000001049437	
651.540000	-0.000001040646	
651.740000	-0.000001023454	
651.940000	-0.000000865874	
652.140000	-0.000000493720	
652.340000	0.000000661966	
652.540000	0.000001933504	
652.740000	0.000001952996	
652.940000	0.000001606995	
653.140000	0.000001155218	
653.340000	0.000000792715	
653.540000	0.000000537685	
653.740000	0.000000298257	
653.940000	0.000000027756	
654.140000	-0.000000324789	
654.340000	-0.000000792812	
654.540000	-0.000001127714	
654.740000	-0.000001329892	
654.940000	-0.000001465435	
655.140000	-0.000001547889	
655.340000	-0.000001597906	
671.880000	-0.000001569191	
672.080000	-0.000001566819	
672.280000	-0.000001564454	
672.480000	-0.000001562095	
672.680000	-0.000001559742	
672.880000	-0.000001557395	
673.080000	-0.000001555054	
673.280000	-0.000001552719	
673.480000	-0.000001550389	
673.680000	-0.000001548066	
673.880000	-0.000001545749	
674.080000	-0.000001543437	
674.280000	-0.000001541131	
674.480000	-0.000001538831	
674.680000	-0.000001536536	
674.880000	-0.000001534247	
675.080000	-0.000001531964	
675.280000	-0.000001529685	
675.480000	-0.000001527412	
675.680000	-0.000001525144	
675.880000	-0.000001522881	
676.080000	-0.000001520622	
676.280000	-0.000001518369	
676.480000	-0.000001516120	
676.680000	-0.000001513876	
676.880000	-0.000001511636	
677.080000	-0.000001509400	
677.280000	-0.000001507168	
677.480000	-0.000001504940	
677.680000	-0.000001502716	
677.880000	-0.000001500495	
678.080000	-0.000001498277	
678.280000	-0.000001496063	
678.480000	-0.000001493851	
678.680000	-0.000001491642	
678.880000	-0.000001489435	
679.080000	-0.000001487231	
679.280000	-0.000001485028	
679.480000	-0.000001482827	
679.680000	-0.000001480627	
679.880000	-0.000001478428	
680.080000	-0.000001476230	
680.280000	-0.000001474032	
680.480000	-0.000001471834	
680.680000	-0.000001469635	
680.880000	-0.000001467435	
681.080000	-0.000001465234	
681.280000	-0.000001463032	
681.480000	-0.000001460826	
681.680000	-0.000001458618	
681.880000	-0.000001456407	
682.080000	-0.000001454191	
682.280000	-0.000001451970	
682.480000	-0.000001449744	
682.680000	-0.000001447511	
682.880000	-0.000001445270	
683.080000	-0.000001443022	
683.280000	-0.000001440763	
683.480000	-0.000001438495	
683.680000	-0.000001436214	
683.880000	-0.000001433920	
684.080000	-0.000001431611	
684.280000	-0.000001429285	
684.480000	-0.000001426940	
684.680000	-0.000001424575	
684.880000	-0.000001422185	
685.080000	-0.000001419769	
685.280000	-0.000001417323	
685.480000	-0.000001414843	
685.680000	-0.000001412324	
685.880000	-0.000001409761	
686.080000	-0.000001407148	
686.280000	-0.000001404476	
686.480000	-0.000001401738	
686.680000	-0.000001398921	
686.880000	-0.000001396010	
687.080000	-0.000001392989	
687.280000	-0.000001389834	
687.480000	-0.000001386514	
687.680000	-0.000001382987	
687.880000	-0.000001379195	
688.080000	-0.000001375052	
688.280000	-0.000001370424	
688.480000	-0.000001365091	
688.680000	-0.000001358642	
688.880000	-0.000001350193	
689.080000	-0.000001337177	
689.280000	-0.000001303025	
689.480000	-0.000000975424	
689.680000	-0.000000403897	
689.880000	0.000001603336	
690.080000	0.000001982797	
690.280000	0.000001774858	
690.480000	0.000001323320	
690.680000	0.000000847504	
690.880000	0.000000521846	
691.080000	0.000000261596	
691.280000	-0.000000003651	
691.480000	-0.000000320347	
691.680000	-0.000000755357	
691.880000	-0.000001214604	
692.080000	-0.000001492121	
692.280000	-0.000001679714	
692.480000	-0.000001801974	
692.680000	-0.000001877117	
692.880000	-0.000001924041	
708.420000	-0.000001884255	
708.620000	-0.000001881390	
708.820000	-0.000001878532	
709.020000	-0.000001875682	
709.220000	-0.000001872838	
709.420000	-0.000001870002	
709.620000	-0.000001867174	
709.820000	-0.000001864353	
710.020000	-0.000001861539	
710.220000	-0.000001858732	
710.420000	-0.000001855934	
710.620000	-0.000001853142	
710.820000	-0.000001850358	
711.020000	-0.000001847582	
711.220000	-0.000001844813	
711.420000	-0.000001842051	
711.620000	-0.000001839297	
711.820000	-0.000001836550	
712.020000	-0.000001833810	
712.220000	-0.000001831077	
712.420000	-0.000001828351	
712.620000	-0.000001825633	
712.820000	-0.000001822921	
713.020000	-0.000001820216	
713.220000	-0.000001817518	
713.420000	-0.000001814827	
713.620000	-0.000001812142	
713.820000	-0.000001809464	
714.020000	-0.000001806792	
714.220000	-0.000001804126	
714.420000	-0.000001801466	
714.620000	-0.000001798812	
714.820000	-0.000001796164	
715.020000	-0.000001793522	
715.220000	-0.000001790885	
715.420000	-0.000001788253	
715.620000	-0.000001785627	
715.820000	-0.000001783005	
716.020000	-0.000001780388	
716.220000	-0.000001777776	
716.420000	-0.000001775168	
716.620000	-0.000001772564	
716.820000	-0.000001769964	
717.020000	-0.000001767368	
717.220000	-0.000001764775	
717.420000	-0.000001762185	
717.620000	-0.000001759598	
717.820000	-0.000001757013	
718.020000	-0.000001754431	
718.220000	-0.000001751851	
718.420000	-0.000001749272	
718.620000	-0.000001746694	
718.820000	-0.000001744118	
719.020000	-0.000001741541	
719.220000	-0.000001738965	
719.420000	-0.000001736388	
719.620000	-0.000001733810	
719.820000	-0.000001731230	
720.020000	-0.000001728649	
720.220000	-0.000001726065	
720.420000	-0.000001723477	
720.620000	-0.000001720886	
720.820000	-0.000001718290	
721.020000	-0.000001715688	
721.220000	-0.000001713080	
721.420000	-0.000001710465	
721.620000	-0.000001707841	
721.820000	-0.000001705208	
722.020000	-0.000001702564	
722.220000	-0.000001699908	
722.420000	-0.000001697239	
722.620000	-0.000001694554	
722.820000	-0.000001691853	
723.020000	-0.000001689133	
723.220000	-0.000001686391	
723.420000	-0.000001683626	
723.620000	-0.000001680834	
723.820000	-0.000001678012	
724.020000	-0.000001675157	
724.220000	-0.000001672264	
724.420000	-0.000001669327	
724.620000	-0.000001666342	
724.820000	-0.000001663301	
725.020000	-0.000001660197	
725.220000	-0.000001657018	
725.420000	-0.000001653753	
725.620000	-0.000001650388	
725.820000	-0.000001646903	
726.020000	-0.000001643275	
726.220000	-0.000001639473	
726.420000	-0.000001635454	
726.620000	-0.000001631163	
726.820000	-0.000001626516	
727.020000	-0.000001621391	
727.220000	-0.000001615591	
727.420000	-0.000001608774	
727.620000	-0.000001600264	
727.820000	-0.000001588407	
728.020000	-0.000001566838	
728.220000	-0.000001400477	
728.420000	-0.000000904239	
728.620000	0.000000808866	
728.820000	0.000001910746	
729.020000	0.000001890759	
729.220000	0.000001487957	
729.420000	0.000000961004	
729.620000	0.000000533947	
729.820000	0.000000236320	
730.020000	-0.000000036485	
730.220000	-0.000000340505	
730.420000	-0.000000734563	
730.620000	-0.000001238645	
730.820000	-0.000001600863	
731.020000	-0.000001831831	
731.220000	-0.000001992759	
731.420000	-0.000002094338	
731.620000	-0.000002158393	
731.820000	-0.000002199908	
748.080000	-0.000002131425	
748.280000	-0.000002128231	
748.480000	-0.000002125046	
748.680000	-0.000002121870	
748.880000	-0.000002118704	
749.080000	-0.000002115546	
749.280000	-0.000002112398	
749.480000	-0.000002109259	
749.680000	-0.000002106129	
749.880000	-0.000002103009	
750.080000	-0.000002099898	
750.280000	-0.000002096796	
750.480000	-0.000002093704	
750.680000	-0.000002090621	
750.880000	-0.000002087548	
751.080000	-0.000002084484	
751.280000	-0.000002081430	
751.480000	-0.000002078384	
751.680000	-0.000002075349	
751.880000	-0.000002072322	
752.080000	-0.000002069305	
752.280000	-0.000002066296	
752.480000	-0.000002063297	
752.680000	-0.000002060307	
752.880000	-0.000002057326	
753.080000	-0.000002054354	
753.280000	-0.000002051391	
753.480000	-0.000002048436	
753.680000	-0.000002045490	
753.880000	-0.000002042553	
754.080000	-0.000002039624	
754.280000	-0.000002036704	
754.480000	-0.000002033792	
754.680000	-0.000002030888	
754.880000	-0.000002027993	
755.080000	-0.000002025105	
755.280000	-0.000002022225	
755.480000	-0.000002019354	
755.680000	-0.000002016489	
755.880000	-0.000002013632	
756.080000	-0.000002010783	
756.280000	-0.000002007941	
756.480000	-0.000002005106	
756.680000	-0.000002002278	
756.880000	-0.000001999456	
757.080000	-0.000001996642	
757.280000	-0.000001993834	
757.480000	-0.000001991032	
757.680000	-0.000001988236	
757.880000	-0.000001985446	
758.080000	-0.000001982662	
758.280000	-0.000001979884	
758.480000	-0.000001977111	
758.680000	-0.000001974343	
758.880000	-0.000001971580	
759.080000	-0.000001968822	
759.280000	-0.000001966068	
759.480000	-0.000001963319	
759.680000	-0.000001960573	
759.880000	-0.000001957832	
760.080000	-0.000001955094	
760.280000	-0.000001952359	
760.480000	-0.000001949626	
760.680000	-0.000001946897	
760.880000	-0.000001944170	
761.080000	-0.000001941444	
761.280000	-0.000001938720	
761.480000	-0.000001935998	
761.680000	-0.000001933276	
761.880000	-0.000001930554	
762.080000	-0.000001927832	
762.280000	-0.000001925110	
762.480000	-0.000001922387	
762.680000	-0.000001919662	
762.880000	-0.000001916935	
763.080000	-0.000001914205	
763.280000	-0.000001911472	
763.480000	-0.000001908734	
763.680000	-0.000001905992	
763.880000	-0.000001903244	
764.080000	-0.000001900489	
764.280000	-0.000001897727	
764.480000	-0.000001894957	
764.680000	-0.000001892177	
764.880000	-0.000001889386	
765.080000	-0.000001886583	
765.280000	-0.000001883767	
765.480000	-0.000001880935	
765.680000	-0.000001878087	
765.880000	-0.000001875220	
766.080000	-0.000001872332	
766.280000	-0.000001869420	
766.480000	-0.000001866483	
766.680000	-0.000001863516	
766.880000	-0.000001860517	
767.080000	-0.000001857481	
767.280000	-0.000001854404	
767.480000	-0.000001851281	
767.680000	-0.000001848105	
767.880000	-0.000001844870	
768.080000	-0.000001841566	
768.280000	-0.000001838183	
768.480000	-0.000001834710	
768.680000	-0.000001831131	
768.880000	-0.000001827427	
769.080000	-0.000001823575	
769.280000	-0.000001819543	
769.480000	-0.000001815291	
769.680000	-0.000001810765	
769.880000	-0.000001805886	
770.080000	-0.000001800544	
770.280000	-0.000001794563	
770.480000	-0.000001787656	
770.680000	-0.000001779290	
770.880000	-0.000001768309	
771.080000	-0.000001751303	
771.280000	-0.000001703799	
771.480000	-0.000001283717	
771.680000	-0.000000388684	
771.880000	0.000001714409	
772.080000	0.000001971442	
772.280000	0.000001681557	
772.480000	0.000001157583	
772.680000	0.000000624889	
772.880000	0.000000264174	
773.080000	-0.000000026262	
773.280000	-0.000000324311	
773.480000	-0.000000685928	
773.680000	-0.000001175922	
773.880000	-0.000001628043	
774.080000	-0.000001909703	
774.280000	-0.000002108232	
774.480000	-0.000002237066	
774.680000	-0.000002319149	
774.880000	-0.000002372895	
775.080000	-0.000002409311	
794.200000	-0.000002287788	
794.400000	-0.000002284527	
794.600000	-0.000002281279	
794.800000	-0.000002278042	
795.000000	-0.000002274817	
795.200000	-0.000002271603	
795.400000	-0.000002268402	
795.600000	-0.000002265212	
795.800000	-0.000002262034	
796.000000	-0.000002258868	
796.200000	-0.000002255713	
796.400000	-0.000002252571	
796.600000	-0.000002249440	
796.800000	-0.000002246320	
797.000000	-0.000002243213	
797.200000	-0.000002240117	
797.400000	-0.000002237032	
797.600000	-0.000002233960	
797.800000	-0.000002230898	
798.000000	-0.000002227849	
798.200000	-0.000002224810	
798.400000	-0.000002221783	
798.600000	-0.000002218768	
798.800000	-0.000002215764	
799.000000	-0.000002212771	
799.200000	-0.000002209789	
799.400000	-0.000002206818	
799.600000	-0.000002203859	
799.800000	-0.000002200910	
800.000000	-0.000002197973	
800.200000	-0.000002195046	
800.400000	-0.000002192130	
800.600000	-0.000002189225	
800.800000	-0.000002186331	
801.000000	-0.000002183447	
801.200000	-0.000002180574	
801.400000	-0.000002177712	
801.600000	-0.000002174860	
801.800000	-0.000002172018	
802.000000	-0.000002169187	
802.200000	-0.000002166366	
802.400000	-0.000002163555	
802.600000	-0.000002160754	
802.800000	-0.000002157963	
803.000000	-0.000002155182	
803.200000	-0.000002152411	
803.400000	-0.000002149650	
803.600000	-0.000002146898	
803.800000	-0.000002144157	
804.000000	-0.000002141424	
804.200000	-0.000002138701	
804.400000	-0.000002135988	
804.600000	-0.000002133284	
804.800000	-0.000002130589	
805.000000	-0.000002127903	
805.200000	-0.000002125227	
805.400000	-0.000002122559	
805.600000	-0.000002119900	
805.800000	-0.000002117250	
806.000000	-0.000002114609	
806.200000	-0.000002111977	
806.400000	-0.000002109353	
806.600000	-0.000002106738	
806.800000	-0.000002104131	
807.000000	-0.000002101532	
807.200000	-0.000002098942	
807.400000	-0.000002096360	
807.600000	-0.000002093786	
807.800000	-0.000002091220	
808.000000	-0.000002088662	
808.200000	-0.000002086112	
808.400000	-0.000002083570	
808.600000	-0.000002081035	
808.800000	-0.000002078508	
809.000000	-0.000002075988	
809.200000	-0.000002073476	
809.400000	-0.000002070971	
809.600000	-0.000002068473	
809.800000	-0.000002065983	
810.000000	-0.000002063499	
810.200000	-0.000002061023	
810.400000	-0.000002058553	
810.600000	-0.000002056090	
810.800000	-0.000002053634	
811.000000	-0.000002051184	
811.200000	-0.000002048741	
811.400000	-0.000002046305	
811.600000	-0.000002043874	
811.800000	-0.000002041450	
812.000000	-0.000002039032	
812.200000	-0.000002036620	
812.400000	-0.000002034214	
812.600000	-0.000002031814	
812.800000	-0.000002029420	
813.000000	-0.000002027031	
813.200000	-0.000002024647	
813.400000	-0.000002022269	
813.600000	-0.000002019897	
813.800000	-0.000002017529	
814.000000	-0.000002015167	
814.200000	-0.000002012809	
814.400000	-0.000002010457	
814.600000	-0.000002008109	
814.800000	-0.000002005766	
815.000000	-0.000002003427	
815.200000	-0.000002001092	
815.400000	-0.000001998762	
815.600000	-0.000001996436	
815.800000	-0.000001994114	
816.000000	-0.000001991796	
816.200000	-0.000001989481	
816.400000	-0.000001987170	
816.600000	-0.000001984862	
816.800000	-0.000001982558	
817.000000	-0.000001980256	
817.200000	-0.000001977958	
817.400000	-0.000001975662	
817.600000	-0.000001973369	
817.800000	-0.000001971078	
818.000000	-0.000001968789	
818.200000	-0.000001966502	
818.400000	-0.000001964217	
818.600000	-0.000001961933	
818.800000	-0.000001959651	
819.000000	-0.000001957370	
819.200000	-0.000001955090	
819.400000	-0.000001952810	
819.600000	-0.000001950531	
819.800000	-0.000001948251	
820.000000	-0.000001945972	
820.200000	-0.000001943691	
820.400000	-0.000001941410	
820.600000	-0.000001939127	
820.800000	-0.000001936843	
821.000000	-0.000001934557	
821.200000	-0.000001932268	
821.400000	-0.000001929976	
821.600000	-0.000001927681	
821.800000	-0.000001925381	
822.000000	-0.000001923078	
822.200000	-0.000001920769	
822.400000	-0.000001918454	
822.600000	-0.000001916133	
822.800000	-0.000001913805	
823.000000	-0.000001911468	
823.200000	-0.000001909123	
823.400000	-0.000001906768	
823.600000	-0.000001904403	
823.800000	-0.000001902025	
824.000000	-0.000001899634	
824.200000	-0.000001897228	
824.400000	-0.000001894806	
824.600000	-0.000001892367	
824.800000	-0.000001889908	
825.000000	-0.000001887427	
825.200000	-0.000001884922	
825.400000	-0.000001882391	
825.600000	-0.000001879830	
825.800000	-0.000001877236	
826.000000	-0.000001874605	
826.200000	-0.000001871934	
826.400000	-0.000001869216	
826.600000	-0.000001866446	
826.800000	-0.000001863617	
827.000000	-0.000001860722	
827.200000	-0.000001857750	
827.400000	-0.000001854689	
827.600000	-0.000001851527	
827.800000	-0.000001848244	
828.000000	-0.000001844819	
828.200000	-0.000001841225	
828.400000	-0.000001837424	
828.600000	-0.000001833369	
828.800000	-0.000001828992	
829.000000	-0.000001824199	
829.200000	-0.000001818849	
829.400000	-0.000001812716	
829.600000	-0.000001805414	
829.800000	-0.000001796188	
830.000000	-0.000001783220	
830.200000	-0.000001759725	
830.400000	-0.000001587390	
830.600000	-0.000001019024	
830.800000	0.000001052496	
831.000000	0.000001974658	
831.200000	0.000001927152	
831.400000	0.000001490674	
831.600000	0.000000909328	
831.800000	0.000000427972	
832.000000	0.000000098172	
832.200000	-0.000000195848	
832.400000	-0.000000522385	
832.600000	-0.000000946266	
832.800000	-0.000001451933	
833.000000	-0.000001802501	
833.200000	-0.000002041582	
833.400000	-0.000002205484	
833.600000	-0.000002311430	
833.800000	-0.000002381581	
834.000000	-0.000002429827	
854.000000	-0.000002365137	
863.280000	-0.000002231244	
863.480000	-0.000002228664	
863.680000	-0.000002226096	
863.880000	-0.000002223540	
864.080000	-0.000002220996	
864.280000	-0.000002218464	
864.480000	-0.000002215944	
864.680000	-0.000002213436	
864.880000	-0.000002210939	
865.080000	-0.000002208454	
865.280000	-0.000002205981	
865.480000	-0.000002203519	
865.680000	-0.000002201069	
865.880000	-0.000002198630	
866.080000	-0.000002196203	
866.280000	-0.000002193786	
866.480000	-0.000002191381	
866.680000	-0.000002188988	
866.880000	-0.000002186605	
867.080000	-0.000002184233	
867.280000	-0.000002181873	
867.480000	-0.000002179523	
867.680000	-0.000002177184	
867.880000	-0.000002174856	
868.080000	-0.000002172538	
868.280000	-0.000002170231	
868.480000	-0.000002167935	
868.680000	-0.000002165649	
868.880000	-0.000002163374	
869.080000	-0.000002161109	
869.280000	-0.000002158855	
869.480000	-0.000002156611	
869.680000	-0.000002154377	
869.880000	-0.000002152153	
870.080000	-0.000002149939	
870.280000	-0.000002147735	
870.480000	-0.000002145542	
870.680000	-0.000002143358	
870.880000	-0.000002141184	
871.080000	-0.000002139019	
871.280000	-0.000002136865	
871.480000	-0.000002134720	
871.680000	-0.000002132584	
871.880000	-0.000002130458	
872.080000	-0.000002128342	
872.280000	-0.000002126235	
872.480000	-0.000002124137	
872.680000	-0.000002122048	
872.880000	-0.000002119969	
873.080000	-0.000002117899	
873.280000	-0.000002115838	
873.480000	-0.000002113786	
873.680000	-0.000002111743	
873.880000	-0.000002109708	
874.080000	-0.000002107683	
874.280000	-0.000002105666	
874.480000	-0.000002103658	
874.680000	-0.000002101659	
874.880000	-0.000002099668	
875.080000	-0.000002097686	
875.280000	-0.000002095712	
875.480000	-0.000002093747	
875.680000	-0.000002091790	
875.880000	-0.000002089841	
876.080000	-0.000002087900	
876.280000	-0.000002085968	
876.480000	-0.000002084043	
876.680000	-0.000002082127	
876.880000	-0.000002080219	
877.080000	-0.000002078318	
877.280000	-0.000002076425	
877.480000	-0.000002074541	
877.680000	-0.000002072664	
877.880000	-0.000002070794	
878.080000	-0.000002068932	
878.280000	-0.000002067078	
878.480000	-0.000002065231	
878.680000	-0.000002063392	
878.880000	-0.000002061560	
879.080000	-0.000002059735	
879.280000	-0.000002057918	
879.480000	-0.000002056107	
879.680000	-0.000002054304	
879.880000	-0.000002052508	
880.080000	-0.000002050719	
880.280000	-0.000002048937	
880.480000	-0.000002047162	
880.680000	-0.000002045393	
880.880000	-0.000002043632	
881.080000	-0.000002041877	
881.280000	-0.000002040129	
881.480000	-0.000002038387	
881.680000	-0.000002036652	
881.880000	-0.000002034923	
882.080000	-0.000002033201	
882.280000	-0.000002031486	
882.480000	-0.000002029776	
882.680000	-0.000002028073	
882.880000	-0.000002026376	
883.080000	-0.000002024685	
883.280000	-0.000002023000	
883.480000	-0.000002021322	
883.680000	-0.000002019649	
883.880000	-0.000002017982	
884.080000	-0.000002016321	
884.280000	-0.000002014666	
884.480000	-0.000002013017	
884.680000	-0.000002011373	
884.880000	-0.000002009735	
885.080000	-0.000002008103	
885.280000	-0.000002006476	
885.480000	-0.000002004855	
885.680000	-0.000002003239	
885.880000	-0.000002001628	
886.080000	-0.000002000023	
886.280000	-0.000001998423	
886.480000	-0.000001996829	
886.680000	-0.000001995239	
886.880000	-0.000001993655	
887.080000	-0.000001992076	
887.280000	-0.000001990501	
887.480000	-0.000001988932	
887.680000	-0.000001987367	
887.880000	-0.000001985808	
888.080000	-0.000001984253	
888.280000	-0.000001982703	
888.480000	-0.000001981158	
888.680000	-0.000001979617	
888.880000	-0.000001978081	
889.080000	-0.000001976550	
889.280000	-0.000001975023	
889.480000	-0.000001973501	
889.680000	-0.000001971983	
889.880000	-0.000001970469	
890.080000	-0.000001968960	
890.280000	-0.000001967455	
890.480000	-0.000001965954	
890.680000	-0.000001964457	
890.880000	-0.000001962965	
891.080000	-0.000001961477	
891.280000	-0.000001959992	
891.480000	-0.000001958512	
891.680000	-0.000001957036	
891.880000	-0.000001955563	
892.080000	-0.000001954095	
892.280000	-0.000001952630	
892.480000	-0.000001951169	
892.680000	-0.000001949712	
892.880000	-0.000001948259	
893.080000	-0.000001946809	
893.280000	-0.000001945363	
893.480000	-0.000001943920	
893.680000	-0.000001942481	
893.880000	-0.000001941046	
894.080000	-0.000001939614	
894.280000	-0.000001938185	
894.480000	-0.000001936760	
894.680000	-0.000001935338	
894.880000	-0.000001933919	
895.080000	-0.000001932504	
895.280000	-0.000001931092	
895.480000	-0.000001929683	
895.680000	-0.000001928278	
895.880000	-0.000001926875	
896.080000	-0.000001925476	
896.280000	-0.000001924079	
896.480000	-0.000001922686	
896.680000	-0.000001921295	
896.880000	-0.000001919908	
897.080000	-0.000001918524	
897.280000	-0.000001917142	
897.480000	-0.000001915763	
897.680000	-0.000001914387	
897.880000	-0.000001913014	
898.080000	-0.000001911644	
898.280000	-0.000001910276	
898.480000	-0.000001908911	
898.680000	-0.000001907549	
898.880000	-0.000001906189	
899.080000	-0.000001904832	
899.280000	-0.000001903478	
899.480000	-0.000001902126	
899.680000	-0.000001900777	
899.880000	-0.000001899430	
900.080000	-0.000001898085	
900.280000	-0.000001896743	
900.480000	-0.000001895404	
900.680000	-0.000001894067	
900.880000	-0.000001892732	
901.080000	-0.000001891399	
901.280000	-0.000001890069	
901.480000	-0.000001888742	
901.680000	-0.000001887416	
901.880000	-0.000001886093	
902.080000	-0.000001884772	
902.280000	-0.000001883453	
902.480000	-0.000001882136	
902.680000	-0.000001880821	
902.880000	-0.000001879509	
903.080000	-0.000001878199	
903.280000	-0.000001876890	
903.480000	-0.000001875584	
903.680000	-0.000001874280	
903.880000	-0.000001872978	
904.080000	-0.000001871678	
904.280000	-0.000001870379	
904.480000	-0.000001869083	
904.680000	-0.000001867789	
904.880000	-0.000001866497	
905.080000	-0.000001865206	
905.280000	-0.000001863918	
905.480000	-0.000001862631	
905.680000	-0.000001861346	
905.880000	-0.000001860063	
906.080000	-0.000001858782	
906.280000	-0.000001857503	
906.480000	-0.000001856225	
906.680000	-0.000001854949	
906.880000	-0.000001853675	
907.080000	-0.000001852403	
907.280000	-0.000001851132	
907.480000	-0.000001849863	
907.680000	-0.000001848596	
907.880000	-0.000001847331	
908.080000	-0.000001846067	
908.280000	-0.000001844805	
908.480000	-0.000001843544	
908.680000	-0.000001842285	
908.880000	-0.000001841028	
909.080000	-0.000001839772	
909.280000	-0.000001838518	
909.480000	-0.000001837265	
909.680000	-0.000001836014	
909.880000	-0.000001834765	
910.080000	-0.000001833517	
910.280000	-0.000001832270	
910.480000	-0.000001831025	
910.680000	-0.000001829782	
910.880000	-0.000001828540	
911.080000	-0.000001827299	
911.280000	-0.000001826060	
911.480000	-0.000001824823	
911.680000	-0.000001823587	
911.880000	-0.000001822352	
912.080000	-0.000001821119	
912.280000	-0.000001819887	
912.480000	-0.000001818656	
912.680000	-0.000001817427	
912.880000	-0.000001816200	
913.080000	-0.000001814974	
913.280000	-0.000001813749	
913.480000	-0.000001812525	
913.680000	-0.000001811303	
913.880000	-0.000001810082	
914.080000	-0.000001808863	
914.280000	-0.000001807645	
914.480000	-0.000001806428	
914.680000	-0.000001805212	
914.880000	-0.000001803998	
915.080000	-0.000001802785	
915.280000	-0.000001801574	
915.480000	-0.000001800363	
915.680000	-0.000001799154	
915.880000	-0.000001797946	
916.080000	-0.000001796740	
916.280000	-0.000001795535	
916.480000	-0.000001794331	
916.680000	-0.000001793128	
916.880000	-0.000001791927	
917.080000	-0.000001790726	
917.280000	-0.000001789527	
917.480000	-0.000001788329	
937.480000	-0.000001674123	
957.480000	-0.000001569860	
977.480000	-0.000001474780	
997.480000	-0.000001388267	
1017.480000	-0.000001309677	
1037.480000	-0.000001238370	
1057.480000	-0.000001173723	
1077.480000	-0.000001115149	
1097.480000	-0.000001062097	
1117.480000	-0.000001014058	
1137.480000	-0.000000970560	
1157.480000	-0.000000931172	
1177.480000	-0.000000895497	
1197.480000	-0.000000863175	
1217.480000	-0.000000833878	
1237.480000	-0.000000807308	
1257.480000	-0.000000783196	
1277.480000	-0.000000761299	
1297.480000	-0.000000741400	
1317.480000	-0.000000723303	
1337.480000	-0.000000706831	
1357.480000	-0.000000691828	
1377.480000	-0.000000678153	
1397.480000	-0.000000665680	
1417.480000	-0.000000654297	
1437.480000	-0.000000643904	
1457.480000	-0.000000634408	
1477.480000	-0.000000625731	
1497.480000	-0.000000617798	
1517.480000	-0.000000610543	
1537.480000	-0.000000603908	
1557.480000	-0.000000597839	
1577.480000	-0.000000592287	
1597.480000	-0.000000587208	
1617.480000	-0.000000582562	
1637.480000	-0.000000578312	
1657.480000	-0.000000574425	
1677.480000	-0.000000570871	
1697.480000	-0.000000567622	
1717.480000	-0.000000564652	
1737.480000	-0.000000561939	
1757.480000	-0.000000559461	
1777.480000	-0.000000557198	
1797.480000	-0.000000555134	
1817.480000	-0.000000553251	
1837.480000	-0.000000551534	
1857.480000	-0.000000549970	
1877.480000	-0.000000548545	
1897.480000	-0.000000547250	
1917.480000	-0.000000546071	
1937.480000	-0.000000545001	
1957.480000	-0.000000544030	
1977.480000	-0.000000543149	
1997.480000	-0.000000542351	
2017.480000	-0.000000541630	
2037.480000	-0.000000540977	
2057.480000	-0.000000540389	
2077.480000	-0.000000539859	
2097.480000	-0.000000539382	
2117.480000	-0.000000538954	
2137.480000	-0.000000538571	
2157.480000	-0.000000538228	
2177.480000	-0.000000537922	
2197.480000	-0.000000537650	
2217.480000	-0.000000537410	
2237.480000	-0.000000537197	
2257.480000	-0.000000537010	
2277.480000	-0.000000536847	
2297.480000	-0.000000536704	
2317.480000	-0.000000536581	
2337.480000	-0.000000536476	
2357.480000	-0.000000536387	
2377.480000	-0.000000536312	
2397.480000	-0.000000536250	
2417.480000	-0.000000536201	
2437.480000	-0.000000536162	
2457.480000	-0.000000536132	
2477.480000	-0.000000536112	
2497.480000	-0.000000536099	
