0.000000	0.010563658681	
20.000000	0.010564121345	
40.000000	0.010564227074	
60.000000	0.010564236143	
80.000000	0.010564236282	
100.000000	0.010564241542	
120.000000	0.010566080566	
140.000000	0.010584017308	
160.000000	0.010618905248	
180.000000	0.010659685054	
200.000000	0.010702725909	
220.000000	0.010746630657	
240.000000	0.010790851788	
260.000000	0.010835133713	
280.000000	0.010879325141	
300.000000	0.010923318512	
320.000000	0.010967029877	
340.000000	0.011010270220	
360.000000	0.011052812205	
380.000000	0.011094746298	
400.000000	0.011136134827	
420.000000	0.011176993581	
440.000000	0.011217318918	
460.000000	0.011257102860	
480.000000	0.011296338743	
500.000000	0.011335023994	
520.000000	0.011372670569	
540.000000	0.011407508707	
560.000000	0.011439347575	
567.640000	0.011450861014	
567.840000	0.011451160500	
568.040000	0.011451460098	
568.240000	0.011451759847	
568.440000	0.011452059795	
568.640000	0.011452360001	
568.840000	0.011452660533	
569.040000	0.011452961478	
569.240000	0.011453262946	
569.440000	0.011453565081	
569.640000	0.011453868073	
569.840000	0.011454172193	
570.040000	0.011454477843	
570.240000	0.011454785671	
570.440000	0.011455096881	
570.640000	0.011455414368	
570.840000	0.011455756695	
571.040000	0.011456293965	
571.240000	0.011457124662	
571.440000	0.011459346183	
571.640000	0.011469761828	
571.840000	0.011496755953	
572.040000	0.011541980633	
572.240000	0.011599557832	
572.440000	0.011662000157	
572.640000	0.011723356949	
572.840000	0.011778336801	
573.040000	0.011822833548	
573.240000	0.011854415072	
573.440000	0.011873368736	
573.640000	0.011884302797	
573.840000	0.011890386062	
593.840000	0.011633158247	
602.340000	0.011584471473	
602.540000	0.011583667111	
602.740000	0.011582876027	
602.940000	0.011582098074	
603.140000	0.011581333104	
603.340000	0.011580580972	
603.540000	0.011579841533	
603.740000	0.011579114644	
603.940000	0.011578400164	
604.140000	0.011577697952	
604.340000	0.011577007869	
604.540000	0.011576329779	
604.740000	0.011575663544	
604.940000	0.011575009030	
605.140000	0.011574366103	
605.340000	0.011573734633	
605.540000	0.011573114487	
605.740000	0.011572505539	
605.940000	0.011571907659	
606.140000	0.011571320723	
606.340000	0.011570744605	
606.540000	0.011570179182	
606.740000	0.011569624335	
606.940000	0.011569079942	
607.140000	0.011568545886	
607.340000	0.011568022051	
607.540000	0.011567508321	
607.740000	0.011567004585	
607.940000	0.011566510731	
608.140000	0.011566026650	
608.340000	0.011565552235	
608.540000	0.011565087382	
608.740000	0.011564631988	
608.940000	0.011564185953	
609.140000	0.011563749179	
609.340000	0.011563321572	
609.540000	0.011562903039	
609.740000	0.011562493492	
609.940000	0.011562092846	
610.140000	0.011561701021	
610.340000	0.011561317940	
610.540000	0.011560943533	
610.740000	0.011560577736	
610.940000	0.011560220492	
611.140000	0.011559871753	
611.340000	0.011559531484	
611.540000	0.011559199662	
611.740000	0.011558876285	
611.940000	0.011558561373	
612.140000	0.011558254982	
612.340000	0.011557957218	
612.540000	0.011557668258	
612.740000	0.011557388402	
612.940000	0.011557118164	
613.140000	0.011556858492	
613.340000	0.011556611449	
613.540000	0.011556384112	
613.740000	0.011556278393	
613.940000	0.011556485048	
614.140000	0.011557652115	
614.340000	0.011565522427	
614.540000	0.011589072163	
614.740000	0.011631690896	
614.940000	0.011688325116	
615.140000	0.011750810407	
615.340000	0.011812925456	
615.540000	0.011869483853	
615.740000	0.011916473073	
615.940000	0.011951427988	
616.140000	0.011973632622	
616.340000	0.011986517739	
616.540000	0.011993781320	
616.740000	0.011997412123	
636.740000	0.011702812624	
636.940000	0.011701093213	
637.140000	0.011699396393	
637.340000	0.011697721952	
637.540000	0.011696069678	
637.740000	0.011694439362	
637.940000	0.011692830795	
638.140000	0.011691243766	
638.340000	0.011689678069	
638.540000	0.011688133496	
638.740000	0.011686609842	
638.940000	0.011685106902	
639.140000	0.011683624472	
639.340000	0.011682162348	
639.540000	0.011680720329	
639.740000	0.011679298215	
639.940000	0.011677895806	
640.140000	0.011676512903	
640.340000	0.011675149309	
640.540000	0.011673804828	
640.740000	0.011672479265	
640.940000	0.011671172426	
641.140000	0.011669884120	
641.340000	0.011668614154	
641.540000	0.011667362340	
641.740000	0.011666128489	
641.940000	0.011664912415	
642.140000	0.011663713930	
642.340000	0.011662532852	
642.540000	0.011661368996	
642.740000	0.011660222183	
642.940000	0.011659092232	
643.140000	0.011657978965	
643.340000	0.011656882204	
643.540000	0.011655801775	
643.740000	0.011654737504	
643.940000	0.011653689218	
644.140000	0.011652656748	
644.340000	0.011651639923	
644.540000	0.011650638578	
644.740000	0.011649652546	
644.940000	0.011648681665	
645.140000	0.011647725771	
645.340000	0.011646784706	
645.540000	0.011645858311	
645.740000	0.011644946429	
645.940000	0.011644048908	
646.140000	0.011643165595	
646.340000	0.011642296339	
646.540000	0.011641440995	
646.740000	0.011640599416	
646.940000	0.011639771461	
647.140000	0.011638956989	
647.340000	0.011638155864	
647.540000	0.011637367951	
647.740000	0.011636593122	
647.940000	0.011635831247	
648.140000	0.011635082206	
648.340000	0.011634345880	
648.540000	0.011633622156	
648.740000	0.011632910927	
648.940000	0.011632212092	
649.140000	0.011631525559	
649.340000	0.011630851246	
649.540000	0.011630189079	
649.740000	0.011629539004	
649.940000	0.011628900982	
650.140000	0.011628274997	
650.340000	0.011627661069	
650.540000	0.011627059261	
650.740000	0.011626469705	
650.940000	0.011625892636	
651.140000	0.011625328466	
651.340000	0.011624777937	
651.540000	0.011624242534	
651.740000	0.011623726098	
651.940000	0.011623259643	
652.140000	0.011623059710	
652.340000	0.011623412114	
652.540000	0.011628056771	
652.740000	0.011646010832	
652.940000	0.011683418560	
653.140000	0.011737270899	
653.340000	0.011799196383	
653.540000	0.011862082834	
653.740000	0.011920612587	
653.940000	0.011970649328	
654.140000	0.012009555640	
654.340000	0.012036059474	
654.540000	0.012051877270	
654.740000	0.012061013608	
654.940000	0.012065842611	
655.140000	0.012067823633	
655.340000	0.012067893723	
671.880000	0.011785738077	
672.080000	0.011783494305	
672.280000	0.011781277765	
672.480000	0.011779088228	
672.680000	0.011776925467	
672.880000	0.011774789254	
673.080000	0.011772679359	
673.280000	0.011770595556	
673.480000	0.011768537616	
673.680000	0.011766505312	
673.880000	0.011764498417	
674.080000	0.011762516704	
674.280000	0.011760559947	
674.480000	0.011758627920	
674.680000	0.011756720398	
674.880000	0.011754837157	
675.080000	0.011752977972	
675.280000	0.011751142620	
675.480000	0.011749330879	
675.680000	0.011747542528	
675.880000	0.011745777345	
676.080000	0.011744035110	
676.280000	0.011742315604	
676.480000	0.011740618610	
676.680000	0.011738943909	
676.880000	0.011737291286	
677.080000	0.011735660526	
677.280000	0.011734051415	
677.480000	0.011732463739	
677.680000	0.011730897287	
677.880000	0.011729351848	
678.080000	0.011727827213	
678.280000	0.011726323174	
678.480000	0.011724839524	
678.680000	0.011723376056	
678.880000	0.011721932567	
679.080000	0.011720508854	
679.280000	0.011719104715	
679.480000	0.011717719950	
679.680000	0.011716354360	
679.880000	0.011715007747	
680.080000	0.011713679917	
680.280000	0.011712370673	
680.480000	0.011711079824	
680.680000	0.011709807178	
680.880000	0.011708552546	
681.080000	0.011707315739	
681.280000	0.011706096570	
681.480000	0.011704894856	
681.680000	0.011703710413	
681.880000	0.011702543059	
682.080000	0.011701392615	
682.280000	0.011700258904	
682.480000	0.011699141750	
682.680000	0.011698040978	
682.880000	0.011696956417	
683.080000	0.011695887897	
683.280000	0.011694835251	
683.480000	0.011693798312	
683.680000	0.011692776918	
683.880000	0.011691770908	
684.080000	0.011690780123	
684.280000	0.011689804408	
684.480000	0.011688843610	
684.680000	0.011687897579	
684.880000	0.011686966169	
685.080000	0.011686049236	
685.280000	0.011685146641	
685.480000	0.011684258248	
685.680000	0.011683383927	
685.880000	0.011682523552	
686.080000	0.011681677004	
686.280000	0.011680844169	
686.480000	0.011680024942	
686.680000	0.011679219227	
686.880000	0.011678426939	
687.080000	0.011677648007	
687.280000	0.011676882377	
687.480000	0.011676130016	
687.680000	0.011675390921	
687.880000	0.011674665128	
688.080000	0.011673952731	
688.280000	0.011673253905	
688.480000	0.011672568963	
688.680000	0.011671898448	
688.880000	0.011671243371	
689.080000	0.011670605888	
689.280000	0.011669992894	
689.480000	0.011669499483	
689.680000	0.011669368461	
689.880000	0.011670840509	
690.080000	0.011680998869	
690.280000	0.011708976430	
690.480000	0.011756434010	
690.680000	0.011816506137	
690.880000	0.011880382017	
691.080000	0.011941978375	
691.280000	0.011996692591	
691.480000	0.012041362881	
691.680000	0.012074271851	
691.880000	0.012095290794	
692.080000	0.012107688467	
692.280000	0.012114681850	
692.480000	0.012118075203	
692.680000	0.012119067392	
692.880000	0.012118419667	
708.420000	0.011837716305	
708.620000	0.011835253545	
708.820000	0.011832819801	
709.020000	0.011830414839	
709.220000	0.011828038422	
709.420000	0.011825690318	
709.620000	0.011823370289	
709.820000	0.011821078100	
710.020000	0.011818813517	
710.220000	0.011816576303	
710.420000	0.011814366223	
710.620000	0.011812183042	
710.820000	0.011810026526	
711.020000	0.011807896439	
711.220000	0.011805792548	
711.420000	0.011803714618	
711.620000	0.011801662416	
711.820000	0.011799635709	
712.020000	0.011797634265	
712.220000	0.011795657852	
712.420000	0.011793706240	
712.620000	0.011791779197	
712.820000	0.011789876494	
713.020000	0.011787997904	
713.220000	0.011786143196	
713.420000	0.011784312146	
713.620000	0.011782504526	
713.820000	0.011780720111	
714.020000	0.011778958677	
714.220000	0.011777220001	
714.420000	0.011775503861	
714.620000	0.011773810036	
714.820000	0.011772138306	
715.020000	0.011770488452	
715.220000	0.011768860257	
715.420000	0.011767253504	
715.620000	0.011765667978	
715.820000	0.011764103465	
716.020000	0.011762559753	
716.220000	0.011761036631	
716.420000	0.011759533888	
716.620000	0.011758051316	
716.820000	0.011756588707	
717.020000	0.011755145857	
717.220000	0.011753722560	
717.420000	0.011752318614	
717.620000	0.011750933817	
717.820000	0.011749567970	
718.020000	0.011748220873	
718.220000	0.011746892331	
718.420000	0.011745582147	
718.620000	0.011744290128	
718.820000	0.011743016082	
719.020000	0.011741759818	
719.220000	0.011740521147	
719.420000	0.011739299883	
719.620000	0.011738095839	
719.820000	0.011736908833	
720.020000	0.011735738681	
720.220000	0.011734585203	
720.420000	0.011733448222	
720.620000	0.011732327561	
720.820000	0.011731223044	
721.020000	0.011730134500	
721.220000	0.011729061757	
721.420000	0.011728004646	
721.620000	0.011726963001	
721.820000	0.011725936657	
722.020000	0.011724925452	
722.220000	0.011723929225	
722.420000	0.011722947819	
722.620000	0.011721981079	
722.820000	0.011721028851	
723.020000	0.011720090986	
723.220000	0.011719167336	
723.420000	0.011718257758	
723.620000	0.011717362109	
723.820000	0.011716480254	
724.020000	0.011715612057	
724.220000	0.011714757390	
724.420000	0.011713916128	
724.620000	0.011713088150	
724.820000	0.011712273343	
725.020000	0.011711471598	
725.220000	0.011710682816	
725.420000	0.011709906906	
725.620000	0.011709143788	
725.820000	0.011708393393	
726.020000	0.011707655669	
726.220000	0.011706930587	
726.420000	0.011706218141	
726.620000	0.011705518361	
726.820000	0.011704831327	
727.020000	0.011704157190	
727.220000	0.011703496212	
727.420000	0.011702848835	
727.620000	0.011702215839	
727.820000	0.011701598735	
728.020000	0.011701001225	
728.220000	0.011700447961	
728.420000	0.011700154519	
728.620000	0.011700546143	
728.820000	0.011706231476	
729.020000	0.011726938457	
729.220000	0.011768437315	
729.420000	0.011826336519	
729.620000	0.011891088314	
729.820000	0.011955194516	
730.020000	0.012013594267	
730.220000	0.012062718205	
730.420000	0.012100530853	
730.620000	0.012126253509	
730.820000	0.012141835020	
731.020000	0.012150929881	
731.220000	0.012155738530	
731.420000	0.012157671576	
731.620000	0.012157656197	
731.820000	0.012156284788	
748.080000	0.011860559432	
748.280000	0.011858161417	
748.480000	0.011855791821	
748.680000	0.011853450405	
748.880000	0.011851136927	
749.080000	0.011848851146	
749.280000	0.011846592822	
749.480000	0.011844361713	
749.680000	0.011842157580	
749.880000	0.011839980183	
750.080000	0.011837829283	
750.280000	0.011835704639	
750.480000	0.011833606014	
750.680000	0.011831533170	
750.880000	0.011829485869	
751.080000	0.011827463875	
751.280000	0.011825466951	
751.480000	0.011823494862	
751.680000	0.011821547375	
751.880000	0.011819624254	
752.080000	0.011817725268	
752.280000	0.011815850185	
752.480000	0.011813998773	
752.680000	0.011812170803	
752.880000	0.011810366047	
753.080000	0.011808584275	
753.280000	0.011806825262	
753.480000	0.011805088781	
753.680000	0.011803374609	
753.880000	0.011801682521	
754.080000	0.011800012296	
754.280000	0.011798363713	
754.480000	0.011796736552	
754.680000	0.011795130594	
754.880000	0.011793545623	
755.080000	0.011791981422	
755.280000	0.011790437778	
755.480000	0.011788914476	
755.680000	0.011787411306	
755.880000	0.011785928056	
756.080000	0.011784464517	
756.280000	0.011783020483	
756.480000	0.011781595747	
756.680000	0.011780190103	
756.880000	0.011778803349	
757.080000	0.011777435284	
757.280000	0.011776085705	
757.480000	0.011774754416	
757.680000	0.011773441218	
757.880000	0.011772145916	
758.080000	0.011770868315	
758.280000	0.011769608222	
758.480000	0.011768365447	
758.680000	0.011767139800	
758.880000	0.011765931093	
759.080000	0.011764739138	
759.280000	0.011763563753	
759.480000	0.011762404752	
759.680000	0.011761261954	
759.880000	0.011760135180	
760.080000	0.011759024250	
760.280000	0.011757928989	
760.480000	0.011756849220	
760.680000	0.011755784770	
760.880000	0.011754735467	
761.080000	0.011753701141	
761.280000	0.011752681624	
761.480000	0.011751676748	
761.680000	0.011750686348	
761.880000	0.011749710261	
762.080000	0.011748748325	
762.280000	0.011747800379	
762.480000	0.011746866266	
762.680000	0.011745945829	
762.880000	0.011745038912	
763.080000	0.011744145364	
763.280000	0.011743265032	
763.480000	0.011742397767	
763.680000	0.011741543422	
763.880000	0.011740701851	
764.080000	0.011739872911	
764.280000	0.011739056458	
764.480000	0.011738252355	
764.680000	0.011737460462	
764.880000	0.011736680643	
765.080000	0.011735912767	
765.280000	0.011735156700	
765.480000	0.011734412314	
765.680000	0.011733679483	
765.880000	0.011732958082	
766.080000	0.011732247988	
766.280000	0.011731549085	
766.480000	0.011730861254	
766.680000	0.011730184385	
766.880000	0.011729518366	
767.080000	0.011728863092	
767.280000	0.011728218462	
767.480000	0.011727584376	
767.680000	0.011726960743	
767.880000	0.011726347475	
768.080000	0.011725744490	
768.280000	0.011725151715	
768.480000	0.011724569084	
768.680000	0.011723996540	
768.880000	0.011723434039	
769.080000	0.011722881553	
769.280000	0.011722339069	
769.480000	0.011721806600	
769.680000	0.011721284190	
769.880000	0.011720771925	
770.080000	0.011720269952	
770.280000	0.011719778507	
770.480000	0.011719297970	
770.680000	0.011718828971	
770.880000	0.011718372635	
771.080000	0.011717931321	
771.280000	0.011717512757	
771.480000	0.011717224210	
771.680000	0.011717335321	
771.880000	0.011719987725	
772.080000	0.011733853463	
772.280000	0.011768145946	
772.480000	0.011822415771	
772.680000	0.011887704892	
772.880000	0.011954497092	
773.080000	0.012016847551	
773.280000	0.012070691124	
773.480000	0.012113556252	
773.680000	0.012144324093	
773.880000	0.012163724636	
774.080000	0.012175280274	
774.280000	0.012181755036	
774.480000	0.012184818393	
774.680000	0.012185585029	
774.880000	0.012184764303	
775.080000	0.012182821225	
794.200000	0.011853439606	
794.400000	0.011851419731	
794.600000	0.011849424705	
794.800000	0.011847454293	
795.000000	0.011845508257	
795.200000	0.011843586361	
795.400000	0.011841688370	
795.600000	0.011839814052	
795.800000	0.011837963172	
796.000000	0.011836135500	
796.200000	0.011834330805	
796.400000	0.011832548857	
796.600000	0.011830789429	
796.800000	0.011829052292	
797.000000	0.011827337220	
797.200000	0.011825643990	
797.400000	0.011823972378	
797.600000	0.011822322160	
797.800000	0.011820693117	
798.000000	0.011819085028	
798.200000	0.011817497675	
798.400000	0.011815930842	
798.600000	0.011814384312	
798.800000	0.011812857871	
799.000000	0.011811351306	
799.200000	0.011809864405	
799.400000	0.011808396960	
799.600000	0.011806948760	
799.800000	0.011805519598	
800.000000	0.011804109270	
800.200000	0.011802717570	
800.400000	0.011801344295	
800.600000	0.011799989245	
800.800000	0.011798652219	
801.000000	0.011797333018	
801.200000	0.011796031447	
801.400000	0.011794747309	
801.600000	0.011793480411	
801.800000	0.011792230560	
802.000000	0.011790997565	
802.200000	0.011789781238	
802.400000	0.011788581390	
802.600000	0.011787397835	
802.800000	0.011786230388	
803.000000	0.011785078865	
803.200000	0.011783943087	
803.400000	0.011782822871	
803.600000	0.011781718040	
803.800000	0.011780628417	
804.000000	0.011779553826	
804.200000	0.011778494092	
804.400000	0.011777449045	
804.600000	0.011776418512	
804.800000	0.011775402324	
805.000000	0.011774400313	
805.200000	0.011773412314	
805.400000	0.011772438161	
805.600000	0.011771477690	
805.800000	0.011770530741	
806.000000	0.011769597153	
806.200000	0.011768676766	
806.400000	0.011767769425	
806.600000	0.011766874973	
806.800000	0.011765993255	
807.000000	0.011765124120	
807.200000	0.011764267415	
807.400000	0.011763422991	
807.600000	0.011762590700	
807.800000	0.011761770395	
808.000000	0.011760961930	
808.200000	0.011760165161	
808.400000	0.011759379946	
808.600000	0.011758606144	
808.800000	0.011757843615	
809.000000	0.011757092221	
809.200000	0.011756351824	
809.400000	0.011755622291	
809.600000	0.011754903486	
809.800000	0.011754195278	
810.000000	0.011753497534	
810.200000	0.011752810125	
810.400000	0.011752132923	
810.600000	0.011751465801	
810.800000	0.011750808633	
811.000000	0.011750161294	
811.200000	0.011749523661	
811.400000	0.011748895614	
811.600000	0.011748277031	
811.800000	0.011747667793	
812.000000	0.011747067783	
812.200000	0.011746476884	
812.400000	0.011745894981	
812.600000	0.011745321960	
812.800000	0.011744757709	
813.000000	0.011744202117	
813.200000	0.011743655072	
813.400000	0.011743116467	
813.600000	0.011742586194	
813.800000	0.011742064146	
814.000000	0.011741550218	
814.200000	0.011741044307	
814.400000	0.011740546310	
814.600000	0.011740056125	
814.800000	0.011739573652	
815.000000	0.011739098792	
815.200000	0.011738631447	
815.400000	0.011738171521	
815.600000	0.011737718916	
815.800000	0.011737273540	
816.000000	0.011736835299	
816.200000	0.011736404100	
816.400000	0.011735979853	
816.600000	0.011735562468	
816.800000	0.011735151855	
817.000000	0.011734747928	
817.200000	0.011734350599	
817.400000	0.011733959783	
817.600000	0.011733575397	
817.800000	0.011733197355	
818.000000	0.011732825577	
818.200000	0.011732459981	
818.400000	0.011732100486	
818.600000	0.011731747015	
818.800000	0.011731399488	
819.000000	0.011731057830	
819.200000	0.011730721963	
819.400000	0.011730391815	
819.600000	0.011730067309	
819.800000	0.011729748375	
820.000000	0.011729434940	
820.200000	0.011729126933	
820.400000	0.011728824286	
820.600000	0.011728526929	
820.800000	0.011728234796	
821.000000	0.011727947819	
821.200000	0.011727665934	
821.400000	0.011727389075	
821.600000	0.011727117181	
821.800000	0.011726850188	
822.000000	0.011726588036	
822.200000	0.011726330665	
822.400000	0.011726078017	
822.600000	0.011725830032	
822.800000	0.011725586656	
823.000000	0.011725347832	
823.200000	0.011725113506	
823.400000	0.011724883627	
823.600000	0.011724658142	
823.800000	0.011724437001	
824.000000	0.011724220155	
824.200000	0.011724007556	
824.400000	0.011723799160	
824.600000	0.011723594922	
824.800000	0.011723394799	
825.000000	0.011723198750	
825.200000	0.011723006737	
825.400000	0.011722818723	
825.600000	0.011722634673	
825.800000	0.011722454555	
826.000000	0.011722278340	
826.200000	0.011722106002	
826.400000	0.011721937517	
826.600000	0.011721772865	
826.800000	0.011721612033	
827.000000	0.011721455011	
827.200000	0.011721301793	
827.400000	0.011721152383	
827.600000	0.011721006791	
827.800000	0.011720865038	
828.000000	0.011720727156	
828.200000	0.011720593194	
828.400000	0.011720463220	
828.600000	0.011720337325	
828.800000	0.011720215637	
829.000000	0.011720098332	
829.200000	0.011719985653	
829.400000	0.011719877952	
829.600000	0.011719775754	
829.800000	0.011719679904	
830.000000	0.011719591931	
830.200000	0.011719515373	
830.400000	0.011719471635	
830.600000	0.011719660669	
830.800000	0.011720623491	
831.000000	0.011727767888	
831.200000	0.011751988341	
831.400000	0.011799095677	
831.600000	0.011863266952	
831.800000	0.011933285006	
832.000000	0.012000863709	
832.200000	0.012061063389	
832.400000	0.012110747166	
832.600000	0.012148342518	
832.800000	0.012173612843	
833.000000	0.012189075358	
833.200000	0.012198197901	
833.400000	0.012203075193	
833.600000	0.012205104146	
833.800000	0.012205184607	
834.000000	0.012203897184	
854.000000	0.011866818937	
863.280000	0.011798994808	
863.480000	0.011797941610	
863.680000	0.011796902621	
863.880000	0.011795877671	
864.080000	0.011794866593	
864.280000	0.011793869221	
864.480000	0.011792885392	
864.680000	0.011791914943	
864.880000	0.011790957713	
865.080000	0.011790013543	
865.280000	0.011789082275	
865.480000	0.011788163752	
865.680000	0.011787257820	
865.880000	0.011786364325	
866.080000	0.011785483116	
866.280000	0.011784614041	
866.480000	0.011783756952	
866.680000	0.011782911702	
866.880000	0.011782078145	
867.080000	0.011781256136	
867.280000	0.011780445532	
867.480000	0.011779646191	
867.680000	0.011778857974	
867.880000	0.011778080742	
868.080000	0.011777314356	
868.280000	0.011776558683	
868.480000	0.011775813586	
868.680000	0.011775078933	
868.880000	0.011774354592	
869.080000	0.011773640433	
869.280000	0.011772936327	
869.480000	0.011772242147	
869.680000	0.011771557765	
869.880000	0.011770883058	
870.080000	0.011770217902	
870.280000	0.011769562174	
870.480000	0.011768915754	
870.680000	0.011768278522	
870.880000	0.011767650359	
871.080000	0.011767031150	
871.280000	0.011766420777	
871.480000	0.011765819127	
871.680000	0.011765226087	
871.880000	0.011764641544	
872.080000	0.011764065388	
872.280000	0.011763497510	
872.480000	0.011762937800	
872.680000	0.011762386153	
872.880000	0.011761842463	
873.080000	0.011761306624	
873.280000	0.011760778534	
873.480000	0.011760258090	
873.680000	0.011759745191	
873.880000	0.011759239737	
874.080000	0.011758741630	
874.280000	0.011758250771	
874.480000	0.011757767065	
874.680000	0.011757290416	
874.880000	0.011756820729	
875.080000	0.011756357912	
875.280000	0.011755901872	
875.480000	0.011755452519	
875.680000	0.011755009762	
875.880000	0.011754573513	
876.080000	0.011754143683	
876.280000	0.011753720186	
876.480000	0.011753302937	
876.680000	0.011752891849	
876.880000	0.011752486841	
877.080000	0.011752087829	
877.280000	0.011751694731	
877.480000	0.011751307466	
877.680000	0.011750925955	
877.880000	0.011750550119	
878.080000	0.011750179881	
878.280000	0.011749815162	
878.480000	0.011749455888	
878.680000	0.011749101983	
878.880000	0.011748753373	
879.080000	0.011748409985	
879.280000	0.011748071746	
879.480000	0.011747738586	
879.680000	0.011747410434	
879.880000	0.011747087219	
880.080000	0.011746768874	
880.280000	0.011746455330	
880.480000	0.011746146520	
880.680000	0.011745842379	
880.880000	0.011745542840	
881.080000	0.011745247839	
881.280000	0.011744957312	
881.480000	0.011744671196	
881.680000	0.011744389430	
881.880000	0.011744111951	
882.080000	0.011743838699	
882.280000	0.011743569615	
882.480000	0.011743304639	
882.680000	0.011743043713	
882.880000	0.011742786779	
883.080000	0.011742533780	
883.280000	0.011742284661	
883.480000	0.011742039366	
883.680000	0.011741797841	
883.880000	0.011741560031	
884.080000	0.011741325883	
884.280000	0.011741095345	
884.480000	0.011740868365	
884.680000	0.011740644891	
884.880000	0.011740424873	
885.080000	0.011740208262	
885.280000	0.011739995007	
885.480000	0.011739785061	
885.680000	0.011739578376	
885.880000	0.011739374904	
886.080000	0.011739174598	
886.280000	0.011738977413	
886.480000	0.011738783303	
886.680000	0.011738592223	
886.880000	0.011738404130	
887.080000	0.011738218978	
887.280000	0.011738036727	
887.480000	0.011737857332	
887.680000	0.011737680752	
887.880000	0.011737506945	
888.080000	0.011737335872	
888.280000	0.011737167491	
888.480000	0.011737001763	
888.680000	0.011736838649	
888.880000	0.011736678110	
889.080000	0.011736520108	
889.280000	0.011736364606	
889.480000	0.011736211565	
889.680000	0.011736060951	
889.880000	0.011735912726	
890.080000	0.011735766856	
890.280000	0.011735623305	
890.480000	0.011735482038	
890.680000	0.011735343022	
890.880000	0.011735206222	
891.080000	0.011735071606	
891.280000	0.011734939140	
891.480000	0.011734808793	
891.680000	0.011734680533	
891.880000	0.011734554328	
892.080000	0.011734430147	
892.280000	0.011734307960	
892.480000	0.011734187737	
892.680000	0.011734069448	
892.880000	0.011733953064	
893.080000	0.011733838555	
893.280000	0.011733725894	
893.480000	0.011733615053	
893.680000	0.011733506003	
893.880000	0.011733398718	
894.080000	0.011733293170	
894.280000	0.011733189333	
894.480000	0.011733087182	
894.680000	0.011732986689	
894.880000	0.011732887831	
895.080000	0.011732790581	
895.280000	0.011732694915	
895.480000	0.011732600809	
895.680000	0.011732508239	
895.880000	0.011732417181	
896.080000	0.011732327612	
896.280000	0.011732239509	
896.480000	0.011732152849	
896.680000	0.011732067610	
896.880000	0.011731983770	
897.080000	0.011731901307	
897.280000	0.011731820200	
897.480000	0.011731740428	
897.680000	0.011731661970	
897.880000	0.011731584805	
898.080000	0.011731508914	
898.280000	0.011731434277	
898.480000	0.011731360874	
898.680000	0.011731288685	
898.880000	0.011731217692	
899.080000	0.011731147876	
899.280000	0.011731079218	
899.480000	0.011731011701	
899.680000	0.011730945306	
899.880000	0.011730880015	
900.080000	0.011730815812	
900.280000	0.011730752678	
900.480000	0.011730690598	
900.680000	0.011730629554	
900.880000	0.011730569531	
901.080000	0.011730510511	
901.280000	0.011730452479	
901.480000	0.011730395419	
901.680000	0.011730339316	
901.880000	0.011730284154	
902.080000	0.011730229919	
902.280000	0.011730176595	
902.480000	0.011730124168	
902.680000	0.011730072624	
902.880000	0.011730021949	
903.080000	0.011729972127	
903.280000	0.011729923147	
903.480000	0.011729874994	
903.680000	0.011729827654	
903.880000	0.011729781116	
904.080000	0.011729735365	
904.280000	0.011729690389	
904.480000	0.011729646175	
904.680000	0.011729602712	
904.880000	0.011729559986	
905.080000	0.011729517986	
905.280000	0.011729476700	
905.480000	0.011729436117	
905.680000	0.011729396224	
905.880000	0.011729357010	
906.080000	0.011729318465	
906.280000	0.011729280578	
906.480000	0.011729243336	
906.680000	0.011729206731	
906.880000	0.011729170751	
907.080000	0.011729135386	
907.280000	0.011729100626	
907.480000	0.011729066461	
907.680000	0.011729032881	
907.880000	0.011728999875	
908.080000	0.011728967436	
908.280000	0.011728935552	
908.480000	0.011728904216	
908.680000	0.011728873417	
908.880000	0.011728843146	
909.080000	0.011728813396	
909.280000	0.011728784156	
909.480000	0.011728755419	
909.680000	0.011728727175	
909.880000	0.011728699418	
910.080000	0.011728672137	
910.280000	0.011728645325	
910.480000	0.011728618975	
910.680000	0.011728593078	
910.880000	0.011728567626	
911.080000	0.011728542613	
911.280000	0.011728518029	
911.480000	0.011728493869	
911.680000	0.011728470124	
911.880000	0.011728446788	
912.080000	0.011728423853	
912.280000	0.011728401313	
912.480000	0.011728379160	
912.680000	0.011728357387	
912.880000	0.011728335989	
913.080000	0.011728314959	
913.280000	0.011728294290	
913.480000	0.011728273975	
913.680000	0.011728254009	
913.880000	0.011728234385	
914.080000	0.011728215098	
914.280000	0.011728196140	
914.480000	0.011728177507	
914.680000	0.011728159193	
914.880000	0.011728141192	
915.080000	0.011728123498	
915.280000	0.011728106105	
915.480000	0.011728089009	
915.680000	0.011728072204	
915.880000	0.011728055684	
916.080000	0.011728039444	
916.280000	0.011728023480	
916.480000	0.011728007786	
916.680000	0.011727992358	
916.880000	0.011727977189	
917.080000	0.011727962276	
917.280000	0.011727947614	
917.480000	0.011727933198	
937.480000	0.011727172514	
957.480000	0.011726648970	
977.480000	0.011725792466	
997.480000	0.011724516211	
1017.480000	0.011722835406	
1037.480000	0.011720784566	
1057.480000	0.011718399536	
1077.480000	0.011715713674	
1097.480000	0.011712757218	
1117.480000	0.011709557360	
1137.480000	0.011706138548	
1157.480000	0.011702522643	
1177.480000	0.011698729048	
1197.480000	0.011694775159	
1217.480000	0.011690676478	
1237.480000	0.011686446770	
1257.480000	0.011682098213	
1277.480000	0.011677641552	
1297.480000	0.011673086237	
1317.480000	0.011668440550	
1337.480000	0.011663711741	
1357.480000	0.011658906141	
1377.480000	0.011654029280	
1397.480000	0.011649085995	
1417.480000	0.011644080531	
1437.480000	0.011639016630	
1457.480000	0.011633897611	
1477.480000	0.011628726449	
1497.480000	0.011623505831	
1517.480000	0.011618238213	
1537.480000	0.011612925862	
1557.480000	0.011607570897	
1577.480000	0.011602175318	
1597.480000	0.011596741028	
1617.480000	0.011591269857	
1637.480000	0.011585763573	
1657.480000	0.011580223894	
1677.480000	0.011574652499	
1697.480000	0.011569051034	
1717.480000	0.011563421113	
1737.480000	0.011557764327	
1757.480000	0.011552082241	
1777.480000	0.011546376398	
1797.480000	0.011540648318	
1817.480000	0.011534899502	
1837.480000	0.011529131424	
1857.480000	0.011523345541	
1877.480000	0.011517543282	
1897.480000	0.011511726058	
1917.480000	0.011505895250	
1937.480000	0.011500052221	
1957.480000	0.011494198303	
1977.480000	0.011488334806	
1997.480000	0.011482463014	
2017.480000	0.011476584181	
2037.480000	0.011470699540	
2057.480000	0.011464810293	
2077.480000	0.011458917616	
2097.480000	0.011453022659	
2117.480000	0.011447126543	
2137.480000	0.011441230365	
2157.480000	0.011435335192	
2177.480000	0.011429442066	
2197.480000	0.011423552003	
2217.480000	0.011417665990	
2237.480000	0.011411784991	
2257.480000	0.011405909944	
2277.480000	0.011400041758	
2297.480000	0.011394181322	
2317.480000	0.011388329498	
2337.480000	0.011382487121	
2357.480000	0.011376655008	
2377.480000	0.011370833948	
2397.480000	0.011365024707	
2417.480000	0.011359228032	
2437.480000	0.011353444643	
2457.480000	0.011347675242	
2477.480000	0.011341920508	
2497.480000	0.011336181099	
