0.000000	0.000000000095	
20.000000	0.000000000096	
40.000000	0.000000000096	
60.000000	0.000000000096	
80.000000	0.000000000096	
100.000000	0.000000000096	
120.000000	0.000000000072	
140.000000	0.000000000075	
160.000000	0.000000000078	
180.000000	0.000000000081	
200.000000	0.000000000083	
220.000000	0.000000000085	
240.000000	0.000000000087	
260.000000	0.000000000089	
280.000000	0.000000000091	
300.000000	0.000000000092	
320.000000	0.000000000094	
340.000000	0.000000000095	
360.000000	0.000000000096	
380.000000	0.000000000097	
400.000000	0.000000000098	
420.000000	0.000000000099	
440.000000	0.000000000100	
460.000000	0.000000000101	
480.000000	0.000000000102	
500.000000	0.000000000103	
520.000000	0.000000000105	
540.000000	0.000000000106	
560.000000	0.000000000108	
567.640000	0.000000000110	
567.840000	0.000000000110	
568.040000	0.000000000110	
568.240000	0.000000000110	
568.440000	0.000000000110	
568.640000	0.000000000110	
568.840000	0.000000000110	
569.040000	0.000000000110	
569.240000	0.000000000110	
569.440000	0.000000000110	
569.640000	0.000000000110	
569.840000	0.000000000111	
570.040000	0.000000000111	
570.240000	0.000000000111	
570.440000	0.000000000111	
570.640000	0.000000000112	
570.840000	0.000000000121	
571.040000	0.000000000145	
571.240000	0.000000000180	
571.440000	0.000000000324	
571.640000	0.000000000346	
571.840000	0.000000000330	
572.040000	0.000000000300	
572.240000	0.000000000270	
572.440000	0.000000000250	
572.640000	0.000000000233	
572.840000	0.000000000215	
573.040000	0.000000000191	
573.240000	0.000000000157	
573.440000	0.000000000129	
573.640000	0.000000000115	
573.840000	0.000000000106	
593.840000	0.000000000129	
602.340000	0.000000000142	
602.540000	0.000000000143	
602.740000	0.000000000143	
602.940000	0.000000000143	
603.140000	0.000000000144	
603.340000	0.000000000144	
603.540000	0.000000000144	
603.740000	0.000000000145	
603.940000	0.000000000145	
604.140000	0.000000000145	
604.340000	0.000000000146	
604.540000	0.000000000146	
604.740000	0.000000000146	
604.940000	0.000000000147	
605.140000	0.000000000147	
605.340000	0.000000000147	
605.540000	0.000000000147	
605.740000	0.000000000148	
605.940000	0.000000000148	
606.140000	0.000000000148	
606.340000	0.000000000149	
606.540000	0.000000000149	
606.740000	0.000000000149	
606.940000	0.000000000150	
607.140000	0.000000000150	
607.340000	0.000000000150	
607.540000	0.000000000151	
607.740000	0.000000000151	
607.940000	0.000000000151	
608.140000	0.000000000151	
608.340000	0.000000000152	
608.540000	0.000000000152	
608.740000	0.000000000152	
608.940000	0.000000000153	
609.140000	0.000000000153	
609.340000	0.000000000153	
609.540000	0.000000000154	
609.740000	0.000000000154	
609.940000	0.000000000154	
610.140000	0.000000000155	
610.340000	0.000000000155	
610.540000	0.000000000155	
610.740000	0.000000000156	
610.940000	0.000000000156	
611.140000	0.000000000156	
611.340000	0.000000000157	
611.540000	0.000000000157	
611.740000	0.000000000158	
611.940000	0.000000000158	
612.140000	0.000000000158	
612.340000	0.000000000159	
612.540000	0.000000000159	
612.740000	0.000000000160	
612.940000	0.000000000161	
613.140000	0.000000000161	
613.340000	0.000000000163	
613.540000	0.000000000166	
613.740000	0.000000000198	
613.940000	0.000000000242	
614.140000	0.000000000443	
614.340000	0.000000000505	
614.540000	0.000000000491	
614.740000	0.000000000448	
614.940000	0.000000000400	
615.140000	0.000000000368	
615.340000	0.000000000344	
615.540000	0.000000000319	
615.740000	0.000000000289	
615.940000	0.000000000247	
616.140000	0.000000000202	
616.340000	0.000000000177	
616.540000	0.000000000163	
616.740000	0.000000000154	
636.740000	0.000000000218	
636.940000	0.000000000219	
637.140000	0.000000000219	
637.340000	0.000000000220	
637.540000	0.000000000221	
637.740000	0.000000000222	
637.940000	0.000000000223	
638.140000	0.000000000223	
638.340000	0.000000000224	
638.540000	0.000000000225	
638.740000	0.000000000226	
638.940000	0.000000000226	
639.140000	0.000000000227	
639.340000	0.000000000228	
639.540000	0.000000000229	
639.740000	0.000000000230	
639.940000	0.000000000230	
640.140000	0.000000000231	
640.340000	0.000000000232	
640.540000	0.000000000233	
640.740000	0.000000000233	
640.940000	0.000000000234	
641.140000	0.000000000235	
641.340000	0.000000000236	
641.540000	0.000000000237	
641.740000	0.000000000237	
641.940000	0.000000000238	
642.140000	0.000000000239	
642.340000	0.000000000240	
642.540000	0.000000000240	
642.740000	0.000000000241	
642.940000	0.000000000242	
643.140000	0.000000000243	
643.340000	0.000000000244	
643.540000	0.000000000244	
643.740000	0.000000000245	
643.940000	0.000000000246	
644.140000	0.000000000247	
644.340000	0.000000000247	
644.540000	0.000000000248	
644.740000	0.000000000249	
644.940000	0.000000000250	
645.140000	0.000000000251	
645.340000	0.000000000251	
645.540000	0.000000000252	
645.740000	0.000000000253	
645.940000	0.000000000254	
646.140000	0.000000000255	
646.340000	0.000000000255	
646.540000	0.000000000256	
646.740000	0.000000000257	
646.940000	0.000000000258	
647.140000	0.000000000258	
647.340000	0.000000000259	
647.540000	0.000000000260	
647.740000	0.000000000261	
647.940000	0.000000000262	
648.140000	0.000000000262	
648.340000	0.000000000263	
648.540000	0.000000000264	
648.740000	0.000000000265	
648.940000	0.000000000266	
649.140000	0.000000000267	
649.340000	0.000000000268	
649.540000	0.000000000268	
649.740000	0.000000000269	
649.940000	0.000000000270	
650.140000	0.000000000271	
650.340000	0.000000000272	
650.540000	0.000000000273	
650.740000	0.000000000274	
650.940000	0.000000000276	
651.140000	0.000000000277	
651.340000	0.000000000278	
651.540000	0.000000000280	
651.740000	0.000000000284	
651.940000	0.000000000313	
652.140000	0.000000000383	
652.340000	0.000000000611	
652.540000	0.000000000864	
652.740000	0.000000000869	
652.940000	0.000000000805	
653.140000	0.000000000719	
653.340000	0.000000000650	
653.540000	0.000000000604	
653.740000	0.000000000563	
653.940000	0.000000000517	
654.140000	0.000000000457	
654.340000	0.000000000378	
654.540000	0.000000000325	
654.740000	0.000000000295	
654.940000	0.000000000276	
655.140000	0.000000000265	
655.340000	0.000000000260	
671.880000	0.000000000370	
672.080000	0.000000000371	
672.280000	0.000000000373	
672.480000	0.000000000374	
672.680000	0.000000000376	
672.880000	0.000000000378	
673.080000	0.000000000379	
673.280000	0.000000000381	
673.480000	0.000000000382	
673.680000	0.000000000384	
673.880000	0.000000000385	
674.080000	0.000000000387	
674.280000	0.000000000389	
674.480000	0.000000000390	
674.680000	0.000000000392	
674.880000	0.000000000393	
675.080000	0.000000000395	
675.280000	0.000000000396	
675.480000	0.000000000398	
675.680000	0.000000000399	
675.880000	0.000000000401	
676.080000	0.000000000403	
676.280000	0.000000000404	
676.480000	0.000000000406	
676.680000	0.000000000407	
676.880000	0.000000000409	
677.080000	0.000000000410	
677.280000	0.000000000412	
677.480000	0.000000000413	
677.680000	0.000000000415	
677.880000	0.000000000417	
678.080000	0.000000000418	
678.280000	0.000000000420	
678.480000	0.000000000421	
678.680000	0.000000000423	
678.880000	0.000000000424	
679.080000	0.000000000426	
679.280000	0.000000000427	
679.480000	0.000000000429	
679.680000	0.000000000430	
679.880000	0.000000000432	
680.080000	0.000000000433	
680.280000	0.000000000435	
680.480000	0.000000000437	
680.680000	0.000000000438	
680.880000	0.000000000440	
681.080000	0.000000000441	
681.280000	0.000000000443	
681.480000	0.000000000444	
681.680000	0.000000000446	
681.880000	0.000000000447	
682.080000	0.000000000449	
682.280000	0.000000000450	
682.480000	0.000000000452	
682.680000	0.000000000453	
682.880000	0.000000000455	
683.080000	0.000000000457	
683.280000	0.000000000458	
683.480000	0.000000000460	
683.680000	0.000000000461	
683.880000	0.000000000463	
684.080000	0.000000000464	
684.280000	0.000000000466	
684.480000	0.000000000467	
684.680000	0.000000000469	
684.880000	0.000000000471	
685.080000	0.000000000472	
685.280000	0.000000000474	
685.480000	0.000000000475	
685.680000	0.000000000477	
685.880000	0.000000000479	
686.080000	0.000000000480	
686.280000	0.000000000482	
686.480000	0.000000000484	
686.680000	0.000000000485	
686.880000	0.000000000487	
687.080000	0.000000000489	
687.280000	0.000000000491	
687.480000	0.000000000493	
687.680000	0.000000000494	
687.880000	0.000000000496	
688.080000	0.000000000499	
688.280000	0.000000000501	
688.480000	0.000000000503	
688.680000	0.000000000506	
688.880000	0.000000000509	
689.080000	0.000000000514	
689.280000	0.000000000525	
689.480000	0.000000000623	
689.680000	0.000000000801	
689.880000	0.000000001478	
690.080000	0.000000001606	
690.280000	0.000000001541	
690.480000	0.000000001393	
690.680000	0.000000001236	
690.880000	0.000000001133	
691.080000	0.000000001055	
691.280000	0.000000000978	
691.480000	0.000000000886	
691.680000	0.000000000763	
691.880000	0.000000000639	
692.080000	0.000000000568	
692.280000	0.000000000522	
692.480000	0.000000000494	
692.680000	0.000000000478	
692.880000	0.000000000470	
708.420000	0.000000000647	
708.620000	0.000000000650	
708.820000	0.000000000653	
709.020000	0.000000000656	
709.220000	0.000000000658	
709.420000	0.000000000661	
709.620000	0.000000000664	
709.820000	0.000000000667	
710.020000	0.000000000669	
710.220000	0.000000000672	
710.420000	0.000000000675	
710.620000	0.000000000678	
710.820000	0.000000000680	
711.020000	0.000000000683	
711.220000	0.000000000686	
711.420000	0.000000000688	
711.620000	0.000000000691	
711.820000	0.000000000694	
712.020000	0.000000000697	
712.220000	0.000000000699	
712.420000	0.000000000702	
712.620000	0.000000000705	
712.820000	0.000000000707	
713.020000	0.000000000710	
713.220000	0.000000000713	
713.420000	0.000000000715	
713.620000	0.000000000718	
713.820000	0.000000000721	
714.020000	0.000000000723	
714.220000	0.000000000726	
714.420000	0.000000000729	
714.620000	0.000000000731	
714.820000	0.000000000734	
715.020000	0.000000000737	
715.220000	0.000000000739	
715.420000	0.000000000742	
715.620000	0.000000000745	
715.820000	0.000000000747	
716.020000	0.000000000750	
716.220000	0.000000000753	
716.420000	0.000000000755	
716.620000	0.000000000758	
716.820000	0.000000000761	
717.020000	0.000000000763	
717.220000	0.000000000766	
717.420000	0.000000000769	
717.620000	0.000000000771	
717.820000	0.000000000774	
718.020000	0.000000000776	
718.220000	0.000000000779	
718.420000	0.000000000782	
718.620000	0.000000000784	
718.820000	0.000000000787	
719.020000	0.000000000790	
719.220000	0.000000000792	
719.420000	0.000000000795	
719.620000	0.000000000797	
719.820000	0.000000000800	
720.020000	0.000000000803	
720.220000	0.000000000805	
720.420000	0.000000000808	
720.620000	0.000000000811	
720.820000	0.000000000813	
721.020000	0.000000000816	
721.220000	0.000000000818	
721.420000	0.000000000821	
721.620000	0.000000000824	
721.820000	0.000000000826	
722.020000	0.000000000829	
722.220000	0.000000000832	
722.420000	0.000000000834	
722.620000	0.000000000837	
722.820000	0.000000000840	
723.020000	0.000000000842	
723.220000	0.000000000845	
723.420000	0.000000000848	
723.620000	0.000000000850	
723.820000	0.000000000853	
724.020000	0.000000000856	
724.220000	0.000000000858	
724.420000	0.000000000861	
724.620000	0.000000000864	
724.820000	0.000000000867	
725.020000	0.000000000870	
725.220000	0.000000000873	
725.420000	0.000000000875	
725.620000	0.000000000878	
725.820000	0.000000000881	
726.020000	0.000000000885	
726.220000	0.000000000888	
726.420000	0.000000000891	
726.620000	0.000000000894	
726.820000	0.000000000898	
727.020000	0.000000000902	
727.220000	0.000000000906	
727.420000	0.000000000911	
727.620000	0.000000000916	
727.820000	0.000000000923	
728.020000	0.000000000935	
728.220000	0.000000001016	
728.420000	0.000000001266	
728.620000	0.000000002218	
728.820000	0.000000002865	
729.020000	0.000000002858	
729.220000	0.000000002631	
729.420000	0.000000002329	
729.620000	0.000000002091	
729.820000	0.000000001935	
730.020000	0.000000001797	
730.220000	0.000000001648	
730.420000	0.000000001458	
730.620000	0.000000001223	
730.820000	0.000000001064	
731.020000	0.000000000968	
731.220000	0.000000000905	
731.420000	0.000000000867	
731.620000	0.000000000845	
731.820000	0.000000000833	
748.080000	0.000000001125	
748.280000	0.000000001129	
748.480000	0.000000001133	
748.680000	0.000000001137	
748.880000	0.000000001142	
749.080000	0.000000001146	
749.280000	0.000000001150	
749.480000	0.000000001155	
749.680000	0.000000001159	
749.880000	0.000000001163	
750.080000	0.000000001167	
750.280000	0.000000001171	
750.480000	0.000000001176	
750.680000	0.000000001180	
750.880000	0.000000001184	
751.080000	0.000000001188	
751.280000	0.000000001193	
751.480000	0.000000001197	
751.680000	0.000000001201	
751.880000	0.000000001205	
752.080000	0.000000001209	
752.280000	0.000000001213	
752.480000	0.000000001218	
752.680000	0.000000001222	
752.880000	0.000000001226	
753.080000	0.000000001230	
753.280000	0.000000001234	
753.480000	0.000000001238	
753.680000	0.000000001242	
753.880000	0.000000001246	
754.080000	0.000000001250	
754.280000	0.000000001255	
754.480000	0.000000001259	
754.680000	0.000000001263	
754.880000	0.000000001267	
755.080000	0.000000001271	
755.280000	0.000000001275	
755.480000	0.000000001279	
755.680000	0.000000001283	
755.880000	0.000000001287	
756.080000	0.000000001291	
756.280000	0.000000001295	
756.480000	0.000000001299	
756.680000	0.000000001303	
756.880000	0.000000001307	
757.080000	0.000000001311	
757.280000	0.000000001315	
757.480000	0.000000001319	
757.680000	0.000000001323	
757.880000	0.000000001327	
758.080000	0.000000001331	
758.280000	0.000000001335	
758.480000	0.000000001339	
758.680000	0.000000001343	
758.880000	0.000000001346	
759.080000	0.000000001350	
759.280000	0.000000001354	
759.480000	0.000000001358	
759.680000	0.000000001362	
759.880000	0.000000001366	
760.080000	0.000000001370	
760.280000	0.000000001374	
760.480000	0.000000001378	
760.680000	0.000000001381	
760.880000	0.000000001385	
761.080000	0.000000001389	
761.280000	0.000000001393	
761.480000	0.000000001397	
761.680000	0.000000001401	
761.880000	0.000000001405	
762.080000	0.000000001408	
762.280000	0.000000001412	
762.480000	0.000000001416	
762.680000	0.000000001420	
762.880000	0.000000001424	
763.080000	0.000000001428	
763.280000	0.000000001431	
763.480000	0.000000001435	
763.680000	0.000000001439	
763.880000	0.000000001443	
764.080000	0.000000001447	
764.280000	0.000000001451	
764.480000	0.000000001454	
764.680000	0.000000001458	
764.880000	0.000000001462	
765.080000	0.000000001466	
765.280000	0.000000001470	
765.480000	0.000000001474	
765.680000	0.000000001478	
765.880000	0.000000001482	
766.080000	0.000000001485	
766.280000	0.000000001489	
766.480000	0.000000001493	
766.680000	0.000000001497	
766.880000	0.000000001501	
767.080000	0.000000001505	
767.280000	0.000000001509	
767.480000	0.000000001513	
767.680000	0.000000001517	
767.880000	0.000000001522	
768.080000	0.000000001526	
768.280000	0.000000001530	
768.480000	0.000000001534	
768.680000	0.000000001539	
768.880000	0.000000001543	
769.080000	0.000000001548	
769.280000	0.000000001553	
769.480000	0.000000001558	
769.680000	0.000000001563	
769.880000	0.000000001568	
770.080000	0.000000001574	
770.280000	0.000000001580	
770.480000	0.000000001587	
770.680000	0.000000001595	
770.880000	0.000000001606	
771.080000	0.000000001621	
771.280000	0.000000001660	
771.480000	0.000000001999	
771.680000	0.000000002773	
771.880000	0.000000004810	
772.080000	0.000000005065	
772.280000	0.000000004790	
772.480000	0.000000004281	
772.680000	0.000000003770	
772.880000	0.000000003441	
773.080000	0.000000003191	
773.280000	0.000000002942	
773.480000	0.000000002649	
773.680000	0.000000002264	
773.880000	0.000000001928	
774.080000	0.000000001731	
774.280000	0.000000001598	
774.480000	0.000000001516	
774.680000	0.000000001467	
774.880000	0.000000001439	
775.080000	0.000000001422	
794.200000	0.000000001906	
794.400000	0.000000001912	
794.600000	0.000000001918	
794.800000	0.000000001924	
795.000000	0.000000001930	
795.200000	0.000000001936	
795.400000	0.000000001941	
795.600000	0.000000001947	
795.800000	0.000000001953	
796.000000	0.000000001959	
796.200000	0.000000001964	
796.400000	0.000000001970	
796.600000	0.000000001976	
796.800000	0.000000001981	
797.000000	0.000000001987	
797.200000	0.000000001993	
797.400000	0.000000001998	
797.600000	0.000000002004	
797.800000	0.000000002009	
798.000000	0.000000002015	
798.200000	0.000000002020	
798.400000	0.000000002026	
798.600000	0.000000002031	
798.800000	0.000000002037	
799.000000	0.000000002042	
799.200000	0.000000002048	
799.400000	0.000000002053	
799.600000	0.000000002059	
799.800000	0.000000002064	
800.000000	0.000000002069	
800.200000	0.000000002075	
800.400000	0.000000002080	
800.600000	0.000000002085	
800.800000	0.000000002091	
801.000000	0.000000002096	
801.200000	0.000000002101	
801.400000	0.000000002107	
801.600000	0.000000002112	
801.800000	0.000000002117	
802.000000	0.000000002122	
802.200000	0.000000002127	
802.400000	0.000000002133	
802.600000	0.000000002138	
802.800000	0.000000002143	
803.000000	0.000000002148	
803.200000	0.000000002153	
803.400000	0.000000002158	
803.600000	0.000000002163	
803.800000	0.000000002168	
804.000000	0.000000002173	
804.200000	0.000000002178	
804.400000	0.000000002183	
804.600000	0.000000002188	
804.800000	0.000000002193	
805.000000	0.000000002198	
805.200000	0.000000002203	
805.400000	0.000000002208	
805.600000	0.000000002213	
805.800000	0.000000002218	
806.000000	0.000000002223	
806.200000	0.000000002228	
806.400000	0.000000002233	
806.600000	0.000000002237	
806.800000	0.000000002242	
807.000000	0.000000002247	
807.200000	0.000000002252	
807.400000	0.000000002256	
807.600000	0.000000002261	
807.800000	0.000000002266	
808.000000	0.000000002271	
808.200000	0.000000002275	
808.400000	0.000000002280	
808.600000	0.000000002285	
808.800000	0.000000002289	
809.000000	0.000000002294	
809.200000	0.000000002299	
809.400000	0.000000002303	
809.600000	0.000000002308	
809.800000	0.000000002312	
810.000000	0.000000002317	
810.200000	0.000000002321	
810.400000	0.000000002326	
810.600000	0.000000002330	
810.800000	0.000000002335	
811.000000	0.000000002339	
811.200000	0.000000002344	
811.400000	0.000000002348	
811.600000	0.000000002353	
811.800000	0.000000002357	
812.000000	0.000000002362	
812.200000	0.000000002366	
812.400000	0.000000002370	
812.600000	0.000000002375	
812.800000	0.000000002379	
813.000000	0.000000002383	
813.200000	0.000000002388	
813.400000	0.000000002392	
813.600000	0.000000002396	
813.800000	0.000000002401	
814.000000	0.000000002405	
814.200000	0.000000002409	
814.400000	0.000000002413	
814.600000	0.000000002418	
814.800000	0.000000002422	
815.000000	0.000000002426	
815.200000	0.000000002430	
815.400000	0.000000002435	
815.600000	0.000000002439	
815.800000	0.000000002443	
816.000000	0.000000002447	
816.200000	0.000000002451	
816.400000	0.000000002455	
816.600000	0.000000002459	
816.800000	0.000000002464	
817.000000	0.000000002468	
817.200000	0.000000002472	
817.400000	0.000000002476	
817.600000	0.000000002480	
817.800000	0.000000002484	
818.000000	0.000000002488	
818.200000	0.000000002492	
818.400000	0.000000002496	
818.600000	0.000000002500	
818.800000	0.000000002504	
819.000000	0.000000002508	
819.200000	0.000000002512	
819.400000	0.000000002516	
819.600000	0.000000002520	
819.800000	0.000000002524	
820.000000	0.000000002528	
820.200000	0.000000002532	
820.400000	0.000000002536	
820.600000	0.000000002540	
820.800000	0.000000002544	
821.000000	0.000000002548	
821.200000	0.000000002552	
821.400000	0.000000002556	
821.600000	0.000000002559	
821.800000	0.000000002563	
822.000000	0.000000002567	
822.200000	0.000000002571	
822.400000	0.000000002575	
822.600000	0.000000002579	
822.800000	0.000000002583	
823.000000	0.000000002587	
823.200000	0.000000002591	
823.400000	0.000000002595	
823.600000	0.000000002599	
823.800000	0.000000002603	
824.000000	0.000000002607	
824.200000	0.000000002611	
824.400000	0.000000002615	
824.600000	0.000000002619	
824.800000	0.000000002623	
825.000000	0.000000002627	
825.200000	0.000000002631	
825.400000	0.000000002635	
825.600000	0.000000002639	
825.800000	0.000000002643	
826.000000	0.000000002648	
826.200000	0.000000002652	
826.400000	0.000000002656	
826.600000	0.000000002661	
826.800000	0.000000002665	
827.000000	0.000000002670	
827.200000	0.000000002674	
827.400000	0.000000002679	
827.600000	0.000000002684	
827.800000	0.000000002689	
828.000000	0.000000002694	
828.200000	0.000000002700	
828.400000	0.000000002705	
828.600000	0.000000002711	
828.800000	0.000000002718	
829.000000	0.000000002725	
829.200000	0.000000002733	
829.400000	0.000000002741	
829.600000	0.000000002752	
829.800000	0.000000002765	
830.000000	0.000000002783	
830.200000	0.000000002815	
830.400000	0.000000003048	
830.600000	0.000000003843	
830.800000	0.000000007137	
831.000000	0.000000008685	
831.200000	0.000000008612	
831.400000	0.000000007890	
831.600000	0.000000006922	
831.800000	0.000000006145	
832.000000	0.000000005642	
832.200000	0.000000005215	
832.400000	0.000000004757	
832.600000	0.000000004180	
832.800000	0.000000003524	
833.000000	0.000000003095	
833.200000	0.000000002817	
833.400000	0.000000002634	
833.600000	0.000000002523	
833.800000	0.000000002453	
834.000000	0.000000002410	
854.000000	0.000000002927	
863.280000	0.000000003208	
863.480000	0.000000003214	
863.680000	0.000000003219	
863.880000	0.000000003224	
864.080000	0.000000003230	
864.280000	0.000000003235	
864.480000	0.000000003240	
864.680000	0.000000003245	
864.880000	0.000000003250	
865.080000	0.000000003255	
865.280000	0.000000003260	
865.480000	0.000000003265	
865.680000	0.000000003270	
865.880000	0.000000003275	
866.080000	0.000000003280	
866.280000	0.000000003285	
866.480000	0.000000003290	
866.680000	0.000000003295	
866.880000	0.000000003300	
867.080000	0.000000003304	
867.280000	0.000000003309	
867.480000	0.000000003314	
867.680000	0.000000003318	
867.880000	0.000000003323	
868.080000	0.000000003328	
868.280000	0.000000003332	
868.480000	0.000000003337	
868.680000	0.000000003341	
868.880000	0.000000003346	
869.080000	0.000000003350	
869.280000	0.000000003355	
869.480000	0.000000003359	
869.680000	0.000000003364	
869.880000	0.000000003368	
870.080000	0.000000003372	
870.280000	0.000000003377	
870.480000	0.000000003381	
870.680000	0.000000003385	
870.880000	0.000000003389	
871.080000	0.000000003394	
871.280000	0.000000003398	
871.480000	0.000000003402	
871.680000	0.000000003406	
871.880000	0.000000003410	
872.080000	0.000000003414	
872.280000	0.000000003418	
872.480000	0.000000003422	
872.680000	0.000000003426	
872.880000	0.000000003430	
873.080000	0.000000003434	
873.280000	0.000000003438	
873.480000	0.000000003442	
873.680000	0.000000003445	
873.880000	0.000000003449	
874.080000	0.000000003453	
874.280000	0.000000003457	
874.480000	0.000000003461	
874.680000	0.000000003464	
874.880000	0.000000003468	
875.080000	0.000000003472	
875.280000	0.000000003475	
875.480000	0.000000003479	
875.680000	0.000000003482	
875.880000	0.000000003486	
876.080000	0.000000003489	
876.280000	0.000000003493	
876.480000	0.000000003496	
876.680000	0.000000003500	
876.880000	0.000000003503	
877.080000	0.000000003507	
877.280000	0.000000003510	
877.480000	0.000000003513	
877.680000	0.000000003517	
877.880000	0.000000003520	
878.080000	0.000000003523	
878.280000	0.000000003526	
878.480000	0.000000003530	
878.680000	0.000000003533	
878.880000	0.000000003536	
879.080000	0.000000003539	
879.280000	0.000000003542	
879.480000	0.000000003545	
879.680000	0.000000003548	
879.880000	0.000000003552	
880.080000	0.000000003555	
880.280000	0.000000003558	
880.480000	0.000000003561	
880.680000	0.000000003563	
880.880000	0.000000003566	
881.080000	0.000000003569	
881.280000	0.000000003572	
881.480000	0.000000003575	
881.680000	0.000000003578	
881.880000	0.000000003581	
882.080000	0.000000003584	
882.280000	0.000000003586	
882.480000	0.000000003589	
882.680000	0.000000003592	
882.880000	0.000000003595	
883.080000	0.000000003597	
883.280000	0.000000003600	
883.480000	0.000000003603	
883.680000	0.000000003605	
883.880000	0.000000003608	
884.080000	0.000000003610	
884.280000	0.000000003613	
884.480000	0.000000003615	
884.680000	0.000000003618	
884.880000	0.000000003620	
885.080000	0.000000003623	
885.280000	0.000000003625	
885.480000	0.000000003628	
885.680000	0.000000003630	
885.880000	0.000000003633	
886.080000	0.000000003635	
886.280000	0.000000003637	
886.480000	0.000000003640	
886.680000	0.000000003642	
886.880000	0.000000003644	
887.080000	0.000000003647	
887.280000	0.000000003649	
887.480000	0.000000003651	
887.680000	0.000000003653	
887.880000	0.000000003655	
888.080000	0.000000003658	
888.280000	0.000000003660	
888.480000	0.000000003662	
888.680000	0.000000003664	
888.880000	0.000000003666	
889.080000	0.000000003668	
889.280000	0.000000003670	
889.480000	0.000000003672	
889.680000	0.000000003674	
889.880000	0.000000003676	
890.080000	0.000000003678	
890.280000	0.000000003680	
890.480000	0.000000003682	
890.680000	0.000000003684	
890.880000	0.000000003686	
891.080000	0.000000003688	
891.280000	0.000000003690	
891.480000	0.000000003692	
891.680000	0.000000003694	
891.880000	0.000000003695	
892.080000	0.000000003697	
892.280000	0.000000003699	
892.480000	0.000000003701	
892.680000	0.000000003703	
892.880000	0.000000003704	
893.080000	0.000000003706	
893.280000	0.000000003708	
893.480000	0.000000003709	
893.680000	0.000000003711	
893.880000	0.000000003713	
894.080000	0.000000003714	
894.280000	0.000000003716	
894.480000	0.000000003718	
894.680000	0.000000003719	
894.880000	0.000000003721	
895.080000	0.000000003722	
895.280000	0.000000003724	
895.480000	0.000000003725	
895.680000	0.000000003727	
895.880000	0.000000003729	
896.080000	0.000000003730	
896.280000	0.000000003731	
896.480000	0.000000003733	
896.680000	0.000000003734	
896.880000	0.000000003736	
897.080000	0.000000003737	
897.280000	0.000000003739	
897.480000	0.000000003740	
897.680000	0.000000003741	
897.880000	0.000000003743	
898.080000	0.000000003744	
898.280000	0.000000003745	
898.480000	0.000000003747	
898.680000	0.000000003748	
898.880000	0.000000003749	
899.080000	0.000000003751	
899.280000	0.000000003752	
899.480000	0.000000003753	
899.680000	0.000000003754	
899.880000	0.000000003755	
900.080000	0.000000003757	
900.280000	0.000000003758	
900.480000	0.000000003759	
900.680000	0.000000003760	
900.880000	0.000000003761	
901.080000	0.000000003762	
901.280000	0.000000003764	
901.480000	0.000000003765	
901.680000	0.000000003766	
901.880000	0.000000003767	
902.080000	0.000000003768	
902.280000	0.000000003769	
902.480000	0.000000003770	
902.680000	0.000000003771	
902.880000	0.000000003772	
903.080000	0.000000003773	
903.280000	0.000000003774	
903.480000	0.000000003775	
903.680000	0.000000003776	
903.880000	0.000000003777	
904.080000	0.000000003778	
904.280000	0.000000003779	
904.480000	0.000000003780	
904.680000	0.000000003781	
904.880000	0.000000003782	
905.080000	0.000000003782	
905.280000	0.000000003783	
905.480000	0.000000003784	
905.680000	0.000000003785	
905.880000	0.000000003786	
906.080000	0.000000003787	
906.280000	0.000000003787	
906.480000	0.000000003788	
906.680000	0.000000003789	
906.880000	0.000000003790	
907.080000	0.000000003791	
907.280000	0.000000003791	
907.480000	0.000000003792	
907.680000	0.000000003793	
907.880000	0.000000003794	
908.080000	0.000000003794	
908.280000	0.000000003795	
908.480000	0.000000003796	
908.680000	0.000000003796	
908.880000	0.000000003797	
909.080000	0.000000003798	
909.280000	0.000000003798	
909.480000	0.000000003799	
909.680000	0.000000003800	
909.880000	0.000000003800	
910.080000	0.000000003801	
910.280000	0.000000003801	
910.480000	0.000000003802	
910.680000	0.000000003802	
910.880000	0.000000003803	
911.080000	0.000000003804	
911.280000	0.000000003804	
911.480000	0.000000003805	
911.680000	0.000000003805	
911.880000	0.000000003806	
912.080000	0.000000003806	
912.280000	0.000000003807	
912.480000	0.000000003807	
912.680000	0.000000003808	
912.880000	0.000000003808	
913.080000	0.000000003808	
913.280000	0.000000003809	
913.480000	0.000000003809	
913.680000	0.000000003810	
913.880000	0.000000003810	
914.080000	0.000000003810	
914.280000	0.000000003811	
914.480000	0.000000003811	
914.680000	0.000000003812	
914.880000	0.000000003812	
915.080000	0.000000003812	
915.280000	0.000000003813	
915.480000	0.000000003813	
915.680000	0.000000003813	
915.880000	0.000000003814	
916.080000	0.000000003814	
916.280000	0.000000003814	
916.480000	0.000000003814	
916.680000	0.000000003815	
916.880000	0.000000003815	
917.080000	0.000000003815	
917.280000	0.000000003815	
917.480000	0.000000003816	
937.480000	0.000000003796	
957.480000	0.000000003708	
977.480000	0.000000003570	
997.480000	0.000000003396	
1017.480000	0.000000003201	
1037.480000	0.000000002993	
1057.480000	0.000000002781	
1077.480000	0.000000002570	
1097.480000	0.000000002365	
1117.480000	0.000000002170	
1137.480000	0.000000001985	
1157.480000	0.000000001812	
1177.480000	0.000000001652	
1197.480000	0.000000001505	
1217.480000	0.000000001370	
1237.480000	0.000000001246	
1257.480000	0.000000001134	
1277.480000	0.000000001033	
1297.480000	0.000000000941	
1317.480000	0.000000000858	
1337.480000	0.000000000783	
1357.480000	0.000000000716	
1377.480000	0.000000000655	
1397.480000	0.000000000601	
1417.480000	0.000000000552	
1437.480000	0.000000000508	
1457.480000	0.000000000468	
1477.480000	0.000000000432	
1497.480000	0.000000000400	
1517.480000	0.000000000371	
1537.480000	0.000000000345	
1557.480000	0.000000000321	
1577.480000	0.000000000300	
1597.480000	0.000000000281	
1617.480000	0.000000000263	
1637.480000	0.000000000247	
1657.480000	0.000000000233	
1677.480000	0.000000000220	
1697.480000	0.000000000209	
1717.480000	0.000000000198	
1737.480000	0.000000000188	
1757.480000	0.000000000179	
1777.480000	0.000000000171	
1797.480000	0.000000000164	
1817.480000	0.000000000157	
1837.480000	0.000000000151	
1857.480000	0.000000000146	
1877.480000	0.000000000141	
1897.480000	0.000000000136	
1917.480000	0.000000000132	
1937.480000	0.000000000128	
1957.480000	0.000000000124	
1977.480000	0.000000000121	
1997.480000	0.000000000118	
2017.480000	0.000000000115	
2037.480000	0.000000000113	
2057.480000	0.000000000110	
2077.480000	0.000000000108	
2097.480000	0.000000000106	
2117.480000	0.000000000105	
2137.480000	0.000000000103	
2157.480000	0.000000000102	
2177.480000	0.000000000100	
2197.480000	0.000000000099	
2217.480000	0.000000000098	
2237.480000	0.000000000097	
2257.480000	0.000000000096	
2277.480000	0.000000000095	
2297.480000	0.000000000094	
2317.480000	0.000000000093	
2337.480000	0.000000000092	
2357.480000	0.000000000092	
2377.480000	0.000000000091	
2397.480000	0.000000000091	
2417.480000	0.000000000090	
2437.480000	0.000000000090	
2457.480000	0.000000000089	
2477.480000	0.000000000089	
2497.480000	0.000000000089	
