0.000000	-65.999999999999772626	
20.000000	-65.969237460233600245	
40.000000	-65.969265148944046473	
60.000000	-65.969199417691498866	
80.000000	-65.969135631199705472	
100.000000	-65.969075321595767036	
120.000000	-68.307916934682765486	
140.000000	-68.476124402643165467	
160.000000	-68.274200389469214656	
180.000000	-67.980151399860574202	
200.000000	-67.679586559044196292	
220.000000	-67.402358141835222227	
240.000000	-67.151597003059620761	
260.000000	-66.924782791777914781	
280.000000	-66.718814473220419359	
300.000000	-66.530930076088239389	
320.000000	-66.358733867977903742	
340.000000	-66.192093957958974215	
360.000000	-66.047097262926698136	
380.000000	-65.915902876415259470	
400.000000	-65.795114570783923114	
420.000000	-65.683031201691662204	
440.000000	-65.578599646994291561	
460.000000	-65.481044080179401590	
480.000000	-65.389731275588644621	
500.000000	-65.304117914843260451	
520.000000	-65.183686490881640907	
540.000000	-65.101084842724219470	
560.000000	-65.049927821173994857	
580.000000	-65.024352737723347673	
600.000000	-65.019258754087658758	
620.000000	-65.030253612280446873	
640.000000	-65.053577519007106389	
660.000000	-65.086035441704709115	
680.000000	-65.124937454131924142	
700.000000	-65.168045228028034899	
720.000000	-65.213522304828558163	
740.000000	-65.259887589876001357	
760.000000	-65.305971595194449719	
780.000000	-65.350875336777662028	
800.000000	-65.393931945923242210	
820.000000	-65.434671120479038109	
840.000000	-65.472786542019989042	
860.000000	-65.508106359606159685	
880.000000	-65.540566787950396588	
900.000000	-65.570188436697435463	
920.000000	-65.597056894101356761	
940.000000	-65.621304635401571659	
960.000000	-65.643097010810450342	
980.000000	-65.662618322731134413	
1000.000000	-65.680065354183511772	
1020.000000	-65.695636914206033907	
1040.000000	-65.709527584226080421	
1060.000000	-65.721923118587952217	
1080.000000	-65.733003259644618765	
1100.000000	-65.742928597610244879	
1120.000000	-65.751856666800691187	
1140.000000	-65.759923588717370535	
1160.000000	-65.767250971618210542	
1180.000000	-65.773946428830385003	
1200.000000	-65.780104353676833284	
1220.000000	-65.785804461515397179	
1240.000000	-65.791117074538391307	
1260.000000	-65.796105787291153888	
1280.000000	-65.800821919309811392	
1300.000000	-65.805308606789807868	
1320.000000	-65.809601846178651385	
1340.000000	-65.813731406829006687	
1360.000000	-65.817721719445941631	
1380.000000	-65.821592596863013114	
1400.000000	-65.825359972422276655	
1420.000000	-65.829036463841134719	
1440.000000	-65.832631930621403171	
1460.000000	-65.836153960347104430	
1480.000000	-65.839608335223047675	
1500.000000	-65.842999251153614182	
1520.000000	-65.846329725297508162	
1540.000000	-65.849601740288463247	
1560.000000	-65.852816540173208182	
1580.000000	-65.855974843008624475	
1600.000000	-65.859076876841697867	
1620.000000	-65.862122584346749932	
1640.000000	-65.865111618376829483	
1660.000000	-65.868043608343171513	
1680.000000	-65.870918066718090245	
1700.000000	-65.873734541432071410	
1720.000000	-65.876492526391729143	
1740.000000	-65.879191621518316424	
1760.000000	-65.881831461921137816	
1780.000000	-65.884411796454259047	
1800.000000	-65.886932438190683570	
1820.000000	-65.889393330999851628	
1840.000000	-65.891794538928010638	
1860.000000	-65.894136180275125980	
1880.000000	-65.896418527433439749	
1900.000000	-65.898641925318443668	
1920.000000	-65.900806826364899393	
1940.000000	-65.902913420515531584	
1960.000000	-65.904961628370855919	
1980.000000	-65.906953244400312997	
2000.000000	-65.908888942509790354	
2020.000000	-65.910769423447874260	
2040.000000	-65.912595774951924454	
2060.000000	-65.914368901138757906	
2080.000000	-65.916089778695280188	
2100.000000	-65.917759008267680088	
2120.000000	-65.919376748973050439	
2140.000000	-65.920945444874121222	
2160.000000	-65.922465631720967849	
2180.000000	-65.923938797930773603	
2200.000000	-65.925365959200433963	
2220.000000	-65.926748434883720051	
2240.000000	-65.928087337712241833	
2260.000000	-65.929383789087822265	
2280.000000	-65.930638880959207881	
2300.000000	-65.931853651365685209	
2320.000000	-65.933029182372663968	
2340.000000	-65.934166581966607623	
2360.000000	-65.935266820798929643	
2380.000000	-65.936330995477661077	
2400.000000	-65.937360136567903623	
2420.000000	-65.938355249228550292	
2440.000000	-65.939317324977480439	
2460.000000	-65.940247411604019590	
2480.000000	-65.941146446559429251	
2500.000000	-65.942015285378531075	
