0.000000	-65.999999999999729994	
20.000000	-65.809183446082812452	
40.000000	-65.815414513251326412	
60.000000	-65.818820085723928059	
80.000000	-65.820583175780427609	
100.000000	-65.821519637303396166	
120.000000	-72.854458027455152092	
140.000000	-71.976876896171404496	
160.000000	-70.953747829029566674	
180.000000	-69.945490862523826081	
200.000000	-69.001141033698146998	
220.000000	-68.134206644568237721	
240.000000	-67.338352634259592833	
260.000000	-66.604197497754185520	
280.000000	-65.923281346955093341	
300.000000	-65.288670229068898720	
320.000000	-64.694631481220312708	
340.000000	-64.112744244521948644	
360.000000	-63.585772883558576041	
380.000000	-63.095542330241649154	
400.000000	-62.633583019441964268	
420.000000	-62.195450908905115739	
440.000000	-61.778319445444637381	
460.000000	-61.380071763920803107	
480.000000	-60.998951629441542366	
500.000000	-60.633418401526228081	
520.000000	-60.027960554443886565	
540.000000	-59.494727365941642461	
560.000000	-59.031964597951578355	
580.000000	-58.637579354219980132	
600.000000	-58.310216292968860330	
620.000000	-58.048983809384679944	
640.000000	-57.852981342531528242	
660.000000	-57.720813285195113451	
680.000000	-57.650239596862945746	
700.000000	-57.638061997124076186	
720.000000	-57.680233502411468294	
740.000000	-57.772091784511651724	
760.000000	-57.908612474200253928	
780.000000	-58.084623213206128867	
800.000000	-58.294964759681285216	
820.000000	-58.534605713918431036	
840.000000	-58.798721154312367787	
860.000000	-59.082744432920009103	
880.000000	-59.382398218479700347	
900.000000	-59.693710020777203340	
920.000000	-60.013016356529426787	
940.000000	-60.336958668734787636	
960.000000	-60.662474052588741813	
980.000000	-60.986785611907343707	
1000.000000	-61.307392909816094573	
1020.000000	-61.622060445164535736	
1040.000000	-61.928806846622023841	
1060.000000	-62.225903733688426200	
1080.000000	-62.511869226387958065	
1100.000000	-62.785464668462800830	
1120.000000	-63.045685644545777393	
1140.000000	-63.291759935872384801	
1160.000000	-63.523141396677438308	
1180.000000	-63.739498942285536032	
1200.000000	-63.940704261205354442	
1220.000000	-64.126816402137720274	
1240.000000	-64.298063707069658790	
1260.000000	-64.454823474501282021	
1280.000000	-64.597600014908138633	
1300.000000	-64.727001882562134938	
1320.000000	-64.843719102268352117	
1340.000000	-64.948501164198674473	
1360.000000	-65.042136451096439487	
1380.000000	-65.125433611862220573	
1400.000000	-65.199205227093059989	
1420.000000	-65.264253946136747686	
1440.000000	-65.321361127143674707	
1460.000000	-65.371277891093711787	
1480.000000	-65.414718411869714032	
1500.000000	-65.452355206601680493	
1520.000000	-65.484816160205994606	
1540.000000	-65.512683009983433635	
1560.000000	-65.536491024675243011	
1580.000000	-65.556729632016811138	
1600.000000	-65.573843775029658332	
1620.000000	-65.588235806405251083	
1640.000000	-65.600267759746657248	
1660.000000	-65.610263864392109667	
1680.000000	-65.618513196022874467	
1700.000000	-65.625272377722026818	
1720.000000	-65.630768265495163405	
1740.000000	-65.635200568541918642	
1760.000000	-65.638744368069254165	
1780.000000	-65.641552509406480453	
1800.000000	-65.643757851038685658	
1820.000000	-65.645475361121725655	
1840.000000	-65.646804057497632812	
1860.000000	-65.647828791371793500	
1880.000000	-65.648621877921797818	
1900.000000	-65.649244579364534502	
1920.000000	-65.649748447569464815	
1940.000000	-65.650176534360724645	
1960.000000	-65.650564478229796350	
1980.000000	-65.650941476481122550	
2000.000000	-65.651331151845482736	
2020.000000	-65.651752322431804032	
2040.000000	-65.652219683595021138	
2060.000000	-65.652744409902297207	
2080.000000	-65.653334684902830531	
2100.000000	-65.653996165936135299	
2120.000000	-65.654732390668669950	
2140.000000	-65.655545131554177374	
2160.000000	-65.656434703874239744	
2180.000000	-65.657400232549065322	
2200.000000	-65.658439882413915711	
2220.000000	-65.659551056206453268	
2240.000000	-65.660730564121593034	
2260.000000	-65.661974768356486720	
2280.000000	-65.663279705747470416	
2300.000000	-65.664641191250012753	
2320.000000	-65.666054904714570739	
2340.000000	-65.667516463135896743	
2360.000000	-65.669021480320111550	
2380.000000	-65.670565615660336789	
2400.000000	-65.672144613537383862	
2420.000000	-65.673754334672153732	
2440.000000	-65.675390780578254635	
2460.000000	-65.677050112157886019	
2480.000000	-65.678728663309186686	
2500.000000	-65.680422950332314258	
