0.000000	-65.999999999999729994	
20.000000	-65.852718704261008043	
40.000000	-65.856333325263221923	
60.000000	-65.857562808377537067	
80.000000	-65.858228028000169729	
100.000000	-65.858597505348413392	
120.000000	-72.391785187502932786	
140.000000	-71.677655801960540316	
160.000000	-70.757890555853848014	
180.000000	-69.833070495303971370	
200.000000	-68.962943543212418263	
220.000000	-68.164915295452658484	
240.000000	-67.434308754808427011	
260.000000	-66.762651508524299970	
280.000000	-66.142068106275928585	
300.000000	-65.566008723287197313	
320.000000	-65.029038006064155297	
340.000000	-64.505934541413225247	
360.000000	-64.034668773284963095	
380.000000	-63.598438132731331507	
400.000000	-63.189455015284821116	
420.000000	-62.803632262981942347	
440.000000	-62.438371957327539974	
460.000000	-62.091736697246304288	
480.000000	-61.762134653206821611	
500.000000	-61.448192299365814506	
520.000000	-60.949141118732164557	
540.000000	-60.526436176443027648	
560.000000	-60.176566271903517702	
580.000000	-59.895458739181663077	
600.000000	-59.679213665946868161	
620.000000	-59.524029599102277643	
640.000000	-59.426071154930880880	
660.000000	-59.381381325255944148	
680.000000	-59.385846027017443305	
700.000000	-59.435201209870392347	
720.000000	-59.525069638911951131	
740.000000	-59.651015115957946477	
760.000000	-59.808603448218100596	
780.000000	-59.993462637345544408	
800.000000	-60.201337309683552235	
820.000000	-60.428134490921529220	
840.000000	-60.669959752186073842	
860.000000	-60.923144054225502941	
880.000000	-61.184262698141232306	
900.000000	-61.450148887752753524	
920.000000	-61.717896844861847683	
940.000000	-61.984869177912287341	
960.000000	-62.248696812357273700	
980.000000	-62.507278578457125207	
1000.000000	-62.758778855397864049	
1020.000000	-63.001623975366918273	
1040.000000	-63.234498271895695609	
1060.000000	-63.456336623405810826	
1080.000000	-63.666314679255421538	
1100.000000	-63.863840568071857717	
1120.000000	-64.048540315235882758	
1140.000000	-64.220241768036146368	
1160.000000	-64.378956220742068695	
1180.000000	-64.524858102729439224	
1200.000000	-64.658263247724832468	
1220.000000	-64.779606394535278469	
1240.000000	-64.889418612379259343	
1260.000000	-64.988305325353707076	
1280.000000	-65.076925538478207045	
1300.000000	-65.155972756297032333	
1320.000000	-65.226157951017242453	
1340.000000	-65.288194797246688950	
1360.000000	-65.342787258364111835	
1380.000000	-65.390619495432602548	
1400.000000	-65.432347978994940263	
1420.000000	-65.468595618952903692	
1440.000000	-65.499947686845956696	
1460.000000	-65.526949285142634949	
1480.000000	-65.550104115441882868	
1500.000000	-65.569874307401704527	
1520.000000	-65.586681088683278062	
1540.000000	-65.600906099662253723	
1560.000000	-65.612893182389598223	
1580.000000	-65.622950499227599153	
1600.000000	-65.631352861309508739	
1620.000000	-65.638344169635985281	
1640.000000	-65.644139891769484052	
1660.000000	-65.648929514545912411	
1680.000000	-65.652878928034169803	
1700.000000	-65.656132708333004189	
1720.000000	-65.658816276900154207	
1740.000000	-65.661037922254223531	
1760.000000	-65.662890676338847129	
1780.000000	-65.664454042852653970	
1800.000000	-65.665795578669033716	
1820.000000	-65.666972332280536762	
1840.000000	-65.668032145245447850	
1860.000000	-65.669014823980319306	
1880.000000	-65.669953190118050657	
1900.000000	-65.670874018111632608	
1920.000000	-65.671798868928448201	
1940.000000	-65.672744828620352564	
1960.000000	-65.673725160290118197	
1980.000000	-65.674749877638760154	
2000.000000	-65.675826247821973425	
2020.000000	-65.676959230854947691	
2040.000000	-65.678151862284096296	
2060.000000	-65.679405585317354621	
2080.000000	-65.680720538081715176	
2100.000000	-65.682095801169523952	
2120.000000	-65.683529610143395416	
2140.000000	-65.685019537228313879	
2160.000000	-65.686562645958858297	
2180.000000	-65.688155622194727812	
2200.000000	-65.689794884508415862	
2220.000000	-65.691476676643517862	
2240.000000	-65.693197144423663758	
2260.000000	-65.694952399220767347	
2280.000000	-65.696738569836654165	
2300.000000	-65.698551844438853209	
2320.000000	-65.700388503969094245	
2340.000000	-65.702244948296865346	
2360.000000	-65.704117716204180510	
2380.000000	-65.706003500147758700	
2400.000000	-65.707899156642056937	
2420.000000	-65.709801712969479581	
2440.000000	-65.711708370844903015	
2460.000000	-65.713616507565916436	
2480.000000	-65.715523675110418367	
2500.000000	-65.717427597573490061	
