0.000000	0.00	
20.000000	0.00	
40.000000	0.00	
60.000000	0.00	
80.000000	0.00	
100.000000	0.00	
120.000000	0.00	
140.000000	0.00	
160.000000	0.00	
180.000000	0.00	
200.000000	0.00	
220.000000	0.00	
240.000000	0.00	
260.000000	0.00	
280.000000	0.00	
300.000000	0.00	
320.000000	0.00	
340.000000	0.00	
360.000000	0.00	
380.000000	0.00	
397.680000	0.00	
397.880000	0.00	
398.080000	0.00	
398.280000	0.00	
398.480000	0.00	
398.680000	0.00	
398.880000	0.00	
399.080000	0.00	
399.280000	0.00	
399.480000	0.00	
399.680000	0.00	
399.880000	0.00	
400.080000	0.00	
400.280000	0.00	
400.480000	0.00	
400.680000	0.00	
420.680000	0.00	
428.760000	0.00	
428.960000	0.00	
429.160000	0.00	
429.360000	0.00	
429.560000	0.00	
429.760000	0.00	
429.960000	0.00	
430.160000	0.00	
430.360000	0.00	
430.560000	0.00	
430.760000	0.00	
430.960000	0.00	
431.160000	0.00	
431.360000	0.00	
431.560000	0.00	
431.760000	0.00	
451.760000	0.00	
452.940000	0.00	
453.140000	0.00	
453.340000	0.00	
453.540000	0.00	
453.740000	0.00	
453.940000	0.00	
454.140000	0.00	
454.340000	0.00	
454.540000	0.00	
454.740000	0.00	
454.940000	0.00	
455.140000	0.00	
455.340000	0.00	
455.540000	0.00	
455.740000	0.00	
455.940000	0.00	
456.140000	0.00	
456.340000	0.00	
473.060000	0.00	
473.260000	0.00	
473.460000	0.00	
473.660000	0.00	
473.860000	0.00	
474.060000	0.00	
474.260000	0.00	
474.460000	0.00	
474.660000	0.00	
474.860000	0.00	
475.060000	0.00	
475.260000	0.00	
475.460000	0.00	
475.660000	0.00	
475.860000	0.00	
476.060000	0.00	
476.260000	0.00	
476.460000	0.00	
476.660000	0.00	
476.860000	0.00	
477.060000	0.00	
477.260000	0.00	
477.460000	0.00	
488.840000	0.00	
489.040000	0.00	
489.240000	0.00	
489.440000	0.00	
489.640000	0.00	
489.840000	0.00	
490.040000	0.00	
490.240000	0.00	
490.440000	0.00	
490.640000	0.00	
490.840000	0.00	
491.040000	0.00	
491.240000	0.00	
491.440000	0.00	
491.640000	0.00	
491.840000	0.00	
492.040000	0.00	
492.240000	0.00	
492.440000	0.00	
492.640000	0.00	
492.840000	0.00	
493.040000	0.00	
493.240000	0.00	
493.440000	0.00	
493.640000	0.00	
493.840000	0.00	
494.040000	0.00	
494.240000	0.00	
494.440000	0.00	
494.640000	0.00	
494.840000	0.00	
495.040000	0.00	
495.240000	0.00	
495.440000	0.00	
495.640000	0.00	
495.840000	0.00	
496.040000	0.00	
496.240000	0.00	
496.440000	0.00	
502.260000	0.00	
502.460000	0.00	
502.660000	0.00	
502.860000	0.00	
503.060000	0.00	
503.260000	0.00	
503.460000	0.00	
503.660000	0.00	
503.860000	0.00	
504.060000	0.00	
504.260000	0.00	
504.460000	0.00	
504.660000	0.00	
504.860000	0.00	
505.060000	0.00	
505.260000	0.00	
505.460000	0.00	
505.660000	0.00	
505.860000	0.00	
506.060000	0.00	
506.260000	0.00	
506.460000	0.00	
506.660000	0.00	
506.860000	0.00	
507.060000	0.00	
507.260000	0.00	
507.460000	0.00	
507.660000	0.00	
507.860000	0.00	
508.060000	0.00	
508.260000	0.00	
508.460000	0.00	
508.660000	0.00	
508.860000	0.00	
509.060000	0.00	
509.260000	0.00	
509.460000	0.00	
509.660000	0.00	
509.860000	0.00	
510.060000	0.00	
510.260000	0.00	
510.460000	0.00	
510.660000	0.00	
510.860000	0.00	
511.060000	0.00	
511.260000	0.00	
511.460000	0.00	
511.660000	0.00	
511.860000	0.00	
512.060000	0.00	
512.260000	0.00	
512.460000	0.00	
512.660000	0.00	
512.860000	0.00	
513.060000	0.00	
513.260000	0.00	
513.460000	0.00	
513.660000	0.00	
513.860000	0.00	
514.060000	0.00	
514.260000	0.00	
514.460000	0.00	
514.660000	0.00	
514.860000	0.00	
515.060000	0.00	
515.260000	0.00	
515.460000	0.00	
515.660000	0.00	
515.860000	0.00	
516.060000	0.00	
516.260000	0.00	
516.460000	0.00	
516.660000	0.00	
516.860000	0.00	
517.060000	0.00	
517.260000	0.00	
517.460000	0.00	
517.660000	0.00	
517.860000	0.00	
518.060000	0.00	
518.260000	0.00	
518.460000	0.00	
518.660000	0.00	
518.860000	0.00	
519.060000	0.00	
519.260000	0.00	
519.460000	0.00	
519.660000	0.00	
519.860000	0.00	
520.060000	0.00	
520.260000	0.00	
520.460000	0.00	
520.660000	0.00	
520.860000	0.00	
521.060000	0.00	
521.260000	0.00	
521.460000	0.00	
521.660000	0.00	
521.860000	0.00	
522.060000	0.00	
522.260000	0.00	
522.460000	0.00	
522.660000	0.00	
522.860000	0.00	
523.060000	0.00	
523.260000	0.00	
523.460000	0.00	
523.660000	0.00	
523.860000	0.00	
524.060000	0.00	
524.260000	0.00	
524.460000	0.00	
524.660000	0.00	
524.860000	0.00	
525.060000	0.00	
525.260000	0.00	
525.460000	0.00	
525.660000	0.00	
525.860000	0.00	
526.060000	0.00	
526.260000	0.00	
526.460000	0.00	
526.660000	0.00	
526.860000	0.00	
527.060000	0.00	
527.260000	0.00	
527.460000	0.00	
527.660000	0.00	
527.860000	0.00	
528.060000	0.00	
528.260000	0.00	
528.460000	0.00	
528.660000	0.00	
528.860000	0.00	
529.060000	0.00	
529.260000	0.00	
529.460000	0.00	
529.660000	0.00	
529.860000	0.00	
530.060000	0.00	
530.260000	0.00	
530.460000	0.00	
530.660000	0.00	
530.860000	0.00	
531.060000	0.00	
531.260000	0.00	
531.460000	0.00	
531.660000	0.00	
531.860000	0.00	
532.060000	0.00	
532.260000	0.00	
532.460000	0.00	
532.660000	0.00	
532.860000	0.00	
533.060000	0.00	
533.260000	0.00	
533.460000	0.00	
533.660000	0.00	
533.860000	0.00	
534.060000	0.00	
534.260000	0.00	
534.460000	0.00	
534.660000	0.00	
534.860000	0.00	
535.060000	0.00	
535.260000	0.00	
535.460000	0.00	
535.660000	0.00	
535.860000	0.00	
536.060000	0.00	
536.260000	0.00	
536.460000	0.00	
536.660000	0.00	
536.860000	0.00	
537.060000	0.00	
537.260000	0.00	
537.460000	0.00	
537.660000	0.00	
537.860000	0.00	
538.060000	0.00	
538.260000	0.00	
538.460000	0.00	
538.660000	0.00	
538.860000	0.00	
539.060000	0.00	
539.260000	0.00	
539.460000	0.00	
539.660000	0.00	
539.860000	0.00	
540.060000	0.00	
540.260000	0.00	
540.460000	0.00	
540.660000	0.00	
540.860000	0.00	
541.060000	0.00	
541.260000	0.00	
541.460000	0.00	
541.660000	0.00	
541.860000	0.00	
542.060000	0.00	
542.260000	0.00	
542.460000	0.00	
542.660000	0.00	
542.860000	0.00	
543.060000	0.00	
543.260000	0.00	
543.460000	0.00	
543.660000	0.00	
543.860000	0.00	
544.060000	0.00	
544.260000	0.00	
544.460000	0.00	
544.660000	0.00	
544.860000	0.00	
545.060000	0.00	
545.260000	0.00	
545.460000	0.00	
545.660000	0.00	
545.860000	0.00	
546.060000	0.00	
546.260000	0.00	
546.460000	0.00	
546.660000	0.00	
546.860000	0.00	
547.060000	0.00	
547.260000	0.00	
547.460000	0.00	
547.660000	0.00	
547.860000	0.00	
548.060000	0.00	
548.260000	0.00	
548.460000	0.00	
548.660000	0.00	
548.860000	0.00	
549.060000	0.00	
549.260000	0.00	
549.460000	0.00	
549.660000	0.00	
549.860000	0.00	
550.060000	0.00	
550.260000	0.00	
550.460000	0.00	
550.660000	0.00	
550.860000	0.00	
551.060000	0.00	
551.260000	0.00	
551.460000	0.00	
551.660000	0.00	
551.860000	0.00	
552.060000	0.00	
552.260000	0.00	
552.460000	0.00	
552.660000	0.00	
552.860000	0.00	
553.060000	0.00	
553.260000	0.00	
553.460000	0.00	
553.660000	0.00	
553.860000	0.00	
554.060000	0.00	
554.260000	0.00	
554.460000	0.00	
554.660000	0.00	
554.860000	0.00	
555.060000	0.00	
555.260000	0.00	
555.460000	0.00	
555.660000	0.00	
555.860000	0.00	
556.060000	0.00	
556.260000	0.00	
556.460000	0.00	
556.660000	0.00	
556.860000	0.00	
557.060000	0.00	
557.260000	0.00	
557.460000	0.00	
557.660000	0.00	
557.860000	0.00	
558.060000	0.00	
558.260000	0.00	
558.460000	0.00	
558.660000	0.00	
558.860000	0.00	
559.060000	0.00	
559.260000	0.00	
559.460000	0.00	
559.660000	0.00	
559.860000	0.00	
560.060000	0.00	
560.260000	0.00	
560.460000	0.00	
560.660000	0.00	
560.860000	0.00	
561.060000	0.00	
561.260000	0.00	
561.460000	0.00	
561.660000	0.00	
561.860000	0.00	
562.060000	0.00	
562.260000	0.00	
562.460000	0.00	
562.660000	0.00	
562.860000	0.00	
563.060000	0.00	
563.260000	0.00	
563.460000	0.00	
563.660000	0.00	
563.860000	0.00	
564.060000	0.00	
564.260000	0.00	
564.460000	0.00	
564.660000	0.00	
564.860000	0.00	
565.060000	0.00	
565.260000	0.00	
565.460000	0.00	
565.660000	0.00	
565.860000	0.00	
566.060000	0.00	
566.260000	0.00	
566.460000	0.00	
566.660000	0.00	
566.860000	0.00	
567.060000	0.00	
567.260000	0.00	
567.460000	0.00	
567.660000	0.00	
567.860000	0.00	
568.060000	0.00	
568.260000	0.00	
568.460000	0.00	
568.660000	0.00	
568.860000	0.00	
569.060000	0.00	
569.260000	0.00	
569.460000	0.00	
569.660000	0.00	
569.860000	0.00	
570.060000	0.00	
570.260000	0.00	
570.460000	0.00	
570.660000	0.00	
570.860000	0.00	
571.060000	0.00	
571.260000	0.00	
571.460000	0.00	
571.660000	0.00	
571.860000	0.00	
572.060000	0.00	
572.260000	0.00	
572.460000	0.00	
572.660000	0.00	
572.860000	0.00	
573.060000	0.00	
573.260000	0.00	
573.460000	0.00	
573.660000	0.00	
573.860000	0.00	
574.060000	0.00	
574.260000	0.00	
574.460000	0.00	
574.660000	0.00	
574.860000	0.00	
575.060000	0.00	
575.260000	0.00	
575.460000	0.00	
575.660000	0.00	
575.860000	0.00	
576.060000	0.00	
576.260000	0.00	
576.460000	0.00	
576.660000	0.00	
576.860000	0.00	
577.060000	0.00	
577.260000	0.00	
577.460000	0.00	
577.660000	0.00	
577.860000	0.00	
578.060000	0.00	
578.260000	0.00	
578.460000	0.00	
578.660000	0.00	
578.860000	0.00	
579.060000	0.00	
579.260000	0.00	
579.460000	0.00	
579.660000	0.00	
579.860000	0.00	
580.060000	0.00	
580.260000	0.00	
580.460000	0.00	
580.660000	0.00	
580.860000	0.00	
581.060000	0.00	
581.260000	0.00	
581.460000	0.00	
581.660000	0.00	
581.860000	0.00	
582.060000	0.00	
582.260000	0.00	
582.460000	0.00	
582.660000	0.00	
582.860000	0.00	
583.060000	0.00	
583.260000	0.00	
583.460000	0.00	
583.660000	0.00	
583.860000	0.00	
584.060000	0.00	
584.260000	0.00	
584.460000	0.00	
584.660000	0.00	
584.860000	0.00	
585.060000	0.00	
585.260000	0.00	
585.460000	0.00	
585.660000	0.00	
585.860000	0.00	
586.060000	0.00	
586.260000	0.00	
586.460000	0.00	
586.660000	0.00	
586.860000	0.00	
587.060000	0.00	
587.260000	0.00	
587.460000	0.00	
587.660000	0.00	
587.860000	0.00	
588.060000	0.00	
588.260000	0.00	
588.460000	0.00	
588.660000	0.00	
588.860000	0.00	
589.060000	0.00	
589.260000	0.00	
589.460000	0.00	
589.660000	0.00	
589.860000	0.00	
590.060000	0.00	
590.260000	0.00	
590.460000	0.00	
590.660000	0.00	
590.860000	0.00	
591.060000	0.00	
591.260000	0.00	
591.460000	0.00	
591.660000	0.00	
591.860000	0.00	
592.060000	0.00	
592.260000	0.00	
592.460000	0.00	
592.660000	0.00	
592.860000	0.00	
593.060000	0.00	
593.260000	0.00	
593.460000	0.00	
593.660000	0.00	
593.860000	0.00	
594.060000	0.00	
594.260000	0.00	
594.460000	0.00	
594.660000	0.00	
594.860000	0.00	
595.060000	0.00	
595.260000	0.00	
595.460000	0.00	
595.660000	0.00	
595.860000	0.00	
596.060000	0.00	
596.260000	0.00	
596.460000	0.00	
596.660000	0.00	
596.860000	0.00	
597.060000	0.00	
597.260000	0.00	
597.460000	0.00	
597.660000	0.00	
597.860000	0.00	
598.060000	0.00	
598.260000	0.00	
598.460000	0.00	
598.660000	0.00	
598.860000	0.00	
599.060000	0.00	
599.260000	0.00	
599.460000	0.00	
599.660000	0.00	
599.860000	0.00	
600.060000	0.00	
600.260000	0.00	
600.460000	0.00	
600.660000	0.00	
600.860000	0.00	
601.060000	0.00	
601.260000	0.00	
601.460000	0.00	
601.660000	0.00	
601.860000	0.00	
602.060000	0.00	
602.260000	0.00	
602.460000	0.00	
602.660000	0.00	
602.860000	0.00	
603.060000	0.00	
603.260000	0.00	
603.460000	0.00	
603.660000	0.00	
603.860000	0.00	
604.060000	0.00	
604.260000	0.00	
604.460000	0.00	
604.660000	0.00	
604.860000	0.00	
605.060000	0.00	
605.260000	0.00	
605.460000	0.00	
605.660000	0.00	
605.860000	0.00	
606.060000	0.00	
606.260000	0.00	
606.460000	0.00	
606.660000	0.00	
606.860000	0.00	
607.060000	0.00	
607.260000	0.00	
607.460000	0.00	
607.660000	0.00	
607.860000	0.00	
608.060000	0.00	
608.260000	0.00	
608.460000	0.00	
608.660000	0.00	
608.860000	0.00	
609.060000	0.00	
609.260000	0.00	
609.460000	0.00	
609.660000	0.00	
609.860000	0.00	
610.060000	0.00	
610.260000	0.00	
610.460000	0.00	
610.660000	0.00	
610.860000	0.00	
611.060000	0.00	
611.260000	0.00	
611.460000	0.00	
611.660000	0.00	
611.860000	0.00	
612.060000	0.00	
612.260000	0.00	
612.460000	0.00	
612.660000	0.00	
612.860000	0.00	
613.060000	0.00	
613.260000	0.00	
613.460000	0.00	
613.660000	0.00	
613.860000	0.00	
614.060000	0.00	
614.260000	0.00	
614.460000	0.00	
614.660000	0.00	
614.860000	0.00	
615.060000	0.00	
615.260000	0.00	
615.460000	0.00	
615.660000	0.00	
615.860000	0.00	
616.060000	0.00	
616.260000	0.00	
616.460000	0.00	
616.660000	0.00	
616.860000	0.00	
617.060000	0.00	
617.260000	0.00	
617.460000	0.00	
617.660000	0.00	
617.860000	0.00	
618.060000	0.00	
618.260000	0.00	
618.460000	0.00	
618.660000	0.00	
618.860000	0.00	
619.060000	0.00	
619.260000	0.00	
619.460000	0.00	
619.660000	0.00	
619.860000	0.00	
620.060000	0.00	
620.260000	0.00	
620.460000	0.00	
620.660000	0.00	
620.860000	0.00	
621.060000	0.00	
621.260000	0.00	
621.460000	0.00	
621.660000	0.00	
621.860000	0.00	
622.060000	0.00	
622.260000	0.00	
622.460000	0.00	
622.660000	0.00	
622.860000	0.00	
623.060000	0.00	
623.260000	0.00	
623.460000	0.00	
623.660000	0.00	
623.860000	0.00	
624.060000	0.00	
624.260000	0.00	
624.460000	0.00	
624.660000	0.00	
624.860000	0.00	
625.060000	0.00	
625.260000	0.00	
625.460000	0.00	
625.660000	0.00	
625.860000	0.00	
626.060000	0.00	
626.260000	0.00	
626.460000	0.00	
626.660000	0.00	
626.860000	0.00	
627.060000	0.00	
627.260000	0.00	
627.460000	0.00	
627.660000	0.00	
627.860000	0.00	
628.060000	0.00	
628.260000	0.00	
628.460000	0.00	
628.660000	0.00	
628.860000	0.00	
629.060000	0.00	
629.260000	0.00	
629.460000	0.00	
629.660000	0.00	
629.860000	0.00	
630.060000	0.00	
630.260000	0.00	
630.460000	0.00	
630.660000	0.00	
630.860000	0.00	
631.060000	0.00	
631.260000	0.00	
631.460000	0.00	
631.660000	0.00	
631.860000	0.00	
632.060000	0.00	
632.260000	0.00	
632.460000	0.00	
632.660000	0.00	
632.860000	0.00	
633.060000	0.00	
633.260000	0.00	
633.460000	0.00	
633.660000	0.00	
633.860000	0.00	
634.060000	0.00	
634.260000	0.00	
634.460000	0.00	
634.660000	0.00	
634.860000	0.00	
635.060000	0.00	
635.260000	0.00	
635.460000	0.00	
635.660000	0.00	
635.860000	0.00	
636.060000	0.00	
636.260000	0.00	
636.460000	0.00	
636.660000	0.00	
636.860000	0.00	
637.060000	0.00	
637.260000	0.00	
637.460000	0.00	
637.660000	0.00	
637.860000	0.00	
638.060000	0.00	
638.260000	0.00	
638.460000	0.00	
638.660000	0.00	
638.860000	0.00	
639.060000	0.00	
639.260000	0.00	
639.460000	0.00	
639.660000	0.00	
639.860000	0.00	
640.060000	0.00	
640.260000	0.00	
640.460000	0.00	
640.660000	0.00	
640.860000	0.00	
641.060000	0.00	
641.260000	0.00	
641.460000	0.00	
641.660000	0.00	
641.860000	0.00	
642.060000	0.00	
642.260000	0.00	
642.460000	0.00	
642.660000	0.00	
642.860000	0.00	
643.060000	0.00	
643.260000	0.00	
643.460000	0.00	
643.660000	0.00	
643.860000	0.00	
644.060000	0.00	
644.260000	0.00	
644.460000	0.00	
644.660000	0.00	
644.860000	0.00	
645.060000	0.00	
645.260000	0.00	
645.460000	0.00	
645.660000	0.00	
645.860000	0.00	
646.060000	0.00	
646.260000	0.00	
646.460000	0.00	
646.660000	0.00	
646.860000	0.00	
647.060000	0.00	
647.260000	0.00	
647.460000	0.00	
647.660000	0.00	
647.860000	0.00	
648.060000	0.00	
648.260000	0.00	
648.460000	0.00	
648.660000	0.00	
648.860000	0.00	
649.060000	0.00	
649.260000	0.00	
649.460000	0.00	
649.660000	0.00	
649.860000	0.00	
650.060000	0.00	
650.260000	0.00	
650.460000	0.00	
650.660000	0.00	
650.860000	0.00	
651.060000	0.00	
651.260000	0.00	
651.460000	0.00	
651.660000	0.00	
651.860000	0.00	
652.060000	0.00	
652.260000	0.00	
652.460000	0.00	
652.660000	0.00	
652.860000	0.00	
653.060000	0.00	
653.260000	0.00	
653.460000	0.00	
653.660000	0.00	
653.860000	0.00	
654.060000	0.00	
654.260000	0.00	
654.460000	0.00	
654.660000	0.00	
654.860000	0.00	
655.060000	0.00	
655.260000	0.00	
655.460000	0.00	
655.660000	0.00	
655.860000	0.00	
656.060000	0.00	
656.260000	0.00	
656.460000	0.00	
656.660000	0.00	
656.860000	0.00	
657.060000	0.00	
657.260000	0.00	
657.460000	0.00	
657.660000	0.00	
657.860000	0.00	
658.060000	0.00	
658.260000	0.00	
658.460000	0.00	
658.660000	0.00	
658.860000	0.00	
659.060000	0.00	
659.260000	0.00	
659.460000	0.00	
659.660000	0.00	
659.860000	0.00	
660.060000	0.00	
660.260000	0.00	
660.460000	0.00	
660.660000	0.00	
660.860000	0.00	
661.060000	0.00	
661.260000	0.00	
661.460000	0.00	
661.660000	0.00	
661.860000	0.00	
662.060000	0.00	
662.260000	0.00	
662.460000	0.00	
662.660000	0.00	
662.860000	0.00	
663.060000	0.00	
663.260000	0.00	
663.460000	0.00	
663.660000	0.00	
663.860000	0.00	
664.060000	0.00	
664.260000	0.00	
664.460000	0.00	
664.660000	0.00	
664.860000	0.00	
665.060000	0.00	
665.260000	0.00	
665.460000	0.00	
665.660000	0.00	
665.860000	0.00	
666.060000	0.00	
666.260000	0.00	
666.460000	0.00	
666.660000	0.00	
666.860000	0.00	
667.060000	0.00	
667.260000	0.00	
667.460000	0.00	
667.660000	0.00	
667.860000	0.00	
668.060000	0.00	
668.260000	0.00	
668.460000	0.00	
668.660000	0.00	
668.860000	0.00	
669.060000	0.00	
669.260000	0.00	
669.460000	0.00	
669.660000	0.00	
669.860000	0.00	
670.060000	0.00	
670.260000	0.00	
670.460000	0.00	
670.660000	0.00	
670.860000	0.00	
671.060000	0.00	
671.260000	0.00	
671.460000	0.00	
671.660000	0.00	
671.860000	0.00	
672.060000	0.00	
672.260000	0.00	
672.460000	0.00	
672.660000	0.00	
672.860000	0.00	
673.060000	0.00	
673.260000	0.00	
673.460000	0.00	
673.660000	0.00	
673.860000	0.00	
674.060000	0.00	
674.260000	0.00	
674.460000	0.00	
674.660000	0.00	
674.860000	0.00	
675.060000	0.00	
675.260000	0.00	
675.460000	0.00	
675.660000	0.00	
675.860000	0.00	
676.060000	0.00	
676.260000	0.00	
676.460000	0.00	
676.660000	0.00	
676.860000	0.00	
677.060000	0.00	
677.260000	0.00	
677.460000	0.00	
677.660000	0.00	
677.860000	0.00	
678.060000	0.00	
678.260000	0.00	
678.460000	0.00	
678.660000	0.00	
678.860000	0.00	
679.060000	0.00	
679.260000	0.00	
679.460000	0.00	
679.660000	0.00	
679.860000	0.00	
680.060000	0.00	
680.260000	0.00	
680.460000	0.00	
680.660000	0.00	
680.860000	0.00	
681.060000	0.00	
681.260000	0.00	
681.460000	0.00	
681.660000	0.00	
681.860000	0.00	
682.060000	0.00	
682.260000	0.00	
682.460000	0.00	
682.660000	0.00	
682.860000	0.00	
683.060000	0.00	
683.260000	0.00	
683.460000	0.00	
683.660000	0.00	
683.860000	0.00	
684.060000	0.00	
684.260000	0.00	
684.460000	0.00	
684.660000	0.00	
684.860000	0.00	
685.060000	0.00	
685.260000	0.00	
685.460000	0.00	
685.660000	0.00	
685.860000	0.00	
686.060000	0.00	
686.260000	0.00	
686.460000	0.00	
686.660000	0.00	
686.860000	0.00	
687.060000	0.00	
687.260000	0.00	
687.460000	0.00	
687.660000	0.00	
687.860000	0.00	
688.060000	0.00	
688.260000	0.00	
688.460000	0.00	
688.660000	0.00	
688.860000	0.00	
689.060000	0.00	
689.260000	0.00	
689.460000	0.00	
689.660000	0.00	
689.860000	0.00	
690.060000	0.00	
690.260000	0.00	
690.460000	0.00	
690.660000	0.00	
690.860000	0.00	
691.060000	0.00	
691.260000	0.00	
691.460000	0.00	
691.660000	0.00	
691.860000	0.00	
692.060000	0.00	
692.260000	0.00	
692.460000	0.00	
692.660000	0.00	
692.860000	0.00	
693.060000	0.00	
693.260000	0.00	
693.460000	0.00	
693.660000	0.00	
693.860000	0.00	
694.060000	0.00	
694.260000	0.00	
694.460000	0.00	
694.660000	0.00	
694.860000	0.00	
695.060000	0.00	
695.260000	0.00	
695.460000	0.00	
695.660000	0.00	
695.860000	0.00	
696.060000	0.00	
696.260000	0.00	
696.460000	0.00	
696.660000	0.00	
696.860000	0.00	
697.060000	0.00	
697.260000	0.00	
697.460000	0.00	
697.660000	0.00	
697.860000	0.00	
698.060000	0.00	
698.260000	0.00	
698.460000	0.00	
698.660000	0.00	
698.860000	0.00	
699.060000	0.00	
699.260000	0.00	
699.460000	0.00	
699.660000	0.00	
699.860000	0.00	
700.060000	0.00	
700.260000	0.00	
700.460000	0.00	
700.660000	0.00	
700.860000	0.00	
701.060000	0.00	
701.260000	0.00	
701.460000	0.00	
701.660000	0.00	
701.860000	0.00	
702.060000	0.00	
702.260000	0.00	
702.460000	0.00	
702.660000	0.00	
702.860000	0.00	
703.060000	0.00	
703.260000	0.00	
703.460000	0.00	
703.660000	0.00	
703.860000	0.00	
704.060000	0.00	
704.260000	0.00	
704.460000	0.00	
704.660000	0.00	
704.860000	0.00	
705.060000	0.00	
705.260000	0.00	
705.460000	0.00	
705.660000	0.00	
705.860000	0.00	
706.060000	0.00	
706.260000	0.00	
706.460000	0.00	
706.660000	0.00	
706.860000	0.00	
707.060000	0.00	
707.260000	0.00	
707.460000	0.00	
707.660000	0.00	
707.860000	0.00	
708.060000	0.00	
708.260000	0.00	
708.460000	0.00	
708.660000	0.00	
708.860000	0.00	
709.060000	0.00	
709.260000	0.00	
709.460000	0.00	
709.660000	0.00	
709.860000	0.00	
710.060000	0.00	
710.260000	0.00	
710.460000	0.00	
710.660000	0.00	
710.860000	0.00	
711.060000	0.00	
711.260000	0.00	
711.460000	0.00	
711.660000	0.00	
711.860000	0.00	
712.060000	0.00	
712.260000	0.00	
712.460000	0.00	
712.660000	0.00	
712.860000	0.00	
713.060000	0.00	
713.260000	0.00	
713.460000	0.00	
713.660000	0.00	
713.860000	0.00	
714.060000	0.00	
714.260000	0.00	
714.460000	0.00	
714.660000	0.00	
714.860000	0.00	
715.060000	0.00	
715.260000	0.00	
715.460000	0.00	
715.660000	0.00	
715.860000	0.00	
716.060000	0.00	
716.260000	0.00	
716.460000	0.00	
716.660000	0.00	
716.860000	0.00	
717.060000	0.00	
717.260000	0.00	
717.460000	0.00	
717.660000	0.00	
717.860000	0.00	
718.060000	0.00	
718.260000	0.00	
718.460000	0.00	
718.660000	0.00	
718.860000	0.00	
719.060000	0.00	
719.260000	0.00	
719.460000	0.00	
719.660000	0.00	
719.860000	0.00	
720.060000	0.00	
720.260000	0.00	
720.460000	0.00	
720.660000	0.00	
720.860000	0.00	
721.060000	0.00	
721.260000	0.00	
721.460000	0.00	
721.660000	0.00	
721.860000	0.00	
722.060000	0.00	
722.260000	0.00	
722.460000	0.00	
722.660000	0.00	
722.860000	0.00	
723.060000	0.00	
723.260000	0.00	
723.460000	0.00	
723.660000	0.00	
723.860000	0.00	
724.060000	0.00	
724.260000	0.00	
724.460000	0.00	
724.660000	0.00	
724.860000	0.00	
725.060000	0.00	
725.260000	0.00	
725.460000	0.00	
725.660000	0.00	
725.860000	0.00	
726.060000	0.00	
726.260000	0.00	
726.460000	0.00	
726.660000	0.00	
726.860000	0.00	
727.060000	0.00	
727.260000	0.00	
727.460000	0.00	
727.660000	0.00	
727.860000	0.00	
728.060000	0.00	
728.260000	0.00	
728.460000	0.00	
728.660000	0.00	
728.860000	0.00	
729.060000	0.00	
729.260000	0.00	
729.460000	0.00	
729.660000	0.00	
729.860000	0.00	
730.060000	0.00	
730.260000	0.00	
730.460000	0.00	
730.660000	0.00	
730.860000	0.00	
731.060000	0.00	
731.260000	0.00	
731.460000	0.00	
731.660000	0.00	
731.860000	0.00	
732.060000	0.00	
732.260000	0.00	
732.460000	0.00	
732.660000	0.00	
732.860000	0.00	
733.060000	0.00	
733.260000	0.00	
733.460000	0.00	
733.660000	0.00	
733.860000	0.00	
734.060000	0.00	
734.260000	0.00	
734.460000	0.00	
734.660000	0.00	
734.860000	0.00	
735.060000	0.00	
735.260000	0.00	
735.460000	0.00	
735.660000	0.00	
735.860000	0.00	
736.060000	0.00	
736.260000	0.00	
736.460000	0.00	
736.660000	0.00	
736.860000	0.00	
737.060000	0.00	
737.260000	0.00	
737.460000	0.00	
737.660000	0.00	
737.860000	0.00	
738.060000	0.00	
738.260000	0.00	
738.460000	0.00	
738.660000	0.00	
738.860000	0.00	
739.060000	0.00	
739.260000	0.00	
739.460000	0.00	
739.660000	0.00	
739.860000	0.00	
740.060000	0.00	
740.260000	0.00	
740.460000	0.00	
740.660000	0.00	
740.860000	0.00	
741.060000	0.00	
741.260000	0.00	
741.460000	0.00	
741.660000	0.00	
741.860000	0.00	
742.060000	0.00	
742.260000	0.00	
742.460000	0.00	
742.660000	0.00	
742.860000	0.00	
743.060000	0.00	
743.260000	0.00	
743.460000	0.00	
743.660000	0.00	
743.860000	0.00	
744.060000	0.00	
744.260000	0.00	
744.460000	0.00	
744.660000	0.00	
744.860000	0.00	
745.060000	0.00	
745.260000	0.00	
745.460000	0.00	
745.660000	0.00	
745.860000	0.00	
746.060000	0.00	
746.260000	0.00	
746.460000	0.00	
746.660000	0.00	
746.860000	0.00	
747.060000	0.00	
747.260000	0.00	
747.460000	0.00	
747.660000	0.00	
747.860000	0.00	
748.060000	0.00	
748.260000	0.00	
748.460000	0.00	
748.660000	0.00	
748.860000	0.00	
749.060000	0.00	
749.260000	0.00	
749.460000	0.00	
749.660000	0.00	
749.860000	0.00	
750.060000	0.00	
750.260000	0.00	
750.460000	0.00	
750.660000	0.00	
750.860000	0.00	
751.060000	0.00	
751.260000	0.00	
751.460000	0.00	
751.660000	0.00	
751.860000	0.00	
752.060000	0.00	
752.260000	0.00	
752.460000	0.00	
752.660000	0.00	
752.860000	0.00	
753.060000	0.00	
753.260000	0.00	
753.460000	0.00	
753.660000	0.00	
753.860000	0.00	
754.060000	0.00	
754.260000	0.00	
754.460000	0.00	
754.660000	0.00	
754.860000	0.00	
755.060000	0.00	
755.260000	0.00	
755.460000	0.00	
755.660000	0.00	
755.860000	0.00	
756.060000	0.00	
756.260000	0.00	
756.460000	0.00	
756.660000	0.00	
756.860000	0.00	
757.060000	0.00	
757.260000	0.00	
757.460000	0.00	
757.660000	0.00	
757.860000	0.00	
758.060000	0.00	
758.260000	0.00	
758.460000	0.00	
758.660000	0.00	
758.860000	0.00	
759.060000	0.00	
759.260000	0.00	
759.460000	0.00	
759.660000	0.00	
759.860000	0.00	
760.060000	0.00	
760.260000	0.00	
760.460000	0.00	
760.660000	0.00	
760.860000	0.00	
761.060000	0.00	
761.260000	0.00	
761.460000	0.00	
761.660000	0.00	
761.860000	0.00	
762.060000	0.00	
762.260000	0.00	
762.460000	0.00	
762.660000	0.00	
762.860000	0.00	
763.060000	0.00	
763.260000	0.00	
763.460000	0.00	
763.660000	0.00	
763.860000	0.00	
764.060000	0.00	
764.260000	0.00	
764.460000	0.00	
764.660000	0.00	
764.860000	0.00	
765.060000	0.00	
765.260000	0.00	
765.460000	0.00	
765.660000	0.00	
765.860000	0.00	
766.060000	0.00	
766.260000	0.00	
766.460000	0.00	
766.660000	0.00	
766.860000	0.00	
767.060000	0.00	
767.260000	0.00	
767.460000	0.00	
767.660000	0.00	
767.860000	0.00	
768.060000	0.00	
768.260000	0.00	
768.460000	0.00	
768.660000	0.00	
768.860000	0.00	
769.060000	0.00	
769.260000	0.00	
769.460000	0.00	
769.660000	0.00	
769.860000	0.00	
770.060000	0.00	
770.260000	0.00	
770.460000	0.00	
770.660000	0.00	
770.860000	0.00	
771.060000	0.00	
771.260000	0.00	
771.460000	0.00	
771.660000	0.00	
771.860000	0.00	
772.060000	0.00	
772.260000	0.00	
772.460000	0.00	
772.660000	0.00	
772.860000	0.00	
773.060000	0.00	
773.260000	0.00	
773.460000	0.00	
773.660000	0.00	
773.860000	0.00	
774.060000	0.00	
774.260000	0.00	
774.460000	0.00	
774.660000	0.00	
774.860000	0.00	
775.060000	0.00	
775.260000	0.00	
775.460000	0.00	
775.660000	0.00	
775.860000	0.00	
776.060000	0.00	
776.260000	0.00	
776.460000	0.00	
776.660000	0.00	
776.860000	0.00	
777.060000	0.00	
777.260000	0.00	
777.460000	0.00	
777.660000	0.00	
777.860000	0.00	
778.060000	0.00	
778.260000	0.00	
778.460000	0.00	
778.660000	0.00	
778.860000	0.00	
779.060000	0.00	
779.260000	0.00	
779.460000	0.00	
779.660000	0.00	
779.860000	0.00	
780.060000	0.00	
780.260000	0.00	
780.460000	0.00	
780.660000	0.00	
780.860000	0.00	
781.060000	0.00	
781.260000	0.00	
781.460000	0.00	
781.660000	0.00	
781.860000	0.00	
782.060000	0.00	
782.260000	0.00	
782.460000	0.00	
782.660000	0.00	
782.860000	0.00	
783.060000	0.00	
783.260000	0.00	
783.460000	0.00	
783.660000	0.00	
783.860000	0.00	
784.060000	0.00	
784.260000	0.00	
784.460000	0.00	
784.660000	0.00	
784.860000	0.00	
785.060000	0.00	
785.260000	0.00	
785.460000	0.00	
785.660000	0.00	
785.860000	0.00	
786.060000	0.00	
786.260000	0.00	
786.460000	0.00	
786.660000	0.00	
786.860000	0.00	
787.060000	0.00	
787.260000	0.00	
787.460000	0.00	
787.660000	0.00	
787.860000	0.00	
788.060000	0.00	
788.260000	0.00	
788.460000	0.00	
788.660000	0.00	
788.860000	0.00	
789.060000	0.00	
789.260000	0.00	
789.460000	0.00	
789.660000	0.00	
789.860000	0.00	
790.060000	0.00	
790.260000	0.00	
790.460000	0.00	
790.660000	0.00	
790.860000	0.00	
791.060000	0.00	
791.260000	0.00	
791.460000	0.00	
791.660000	0.00	
791.860000	0.00	
792.060000	0.00	
792.260000	0.00	
792.460000	0.00	
792.660000	0.00	
792.860000	0.00	
793.060000	0.00	
793.260000	0.00	
793.460000	0.00	
793.660000	0.00	
793.860000	0.00	
794.060000	0.00	
794.260000	0.00	
794.460000	0.00	
794.660000	0.00	
794.860000	0.00	
795.060000	0.00	
795.260000	0.00	
795.460000	0.00	
795.660000	0.00	
795.860000	0.00	
796.060000	0.00	
796.260000	0.00	
796.460000	0.00	
796.660000	0.00	
796.860000	0.00	
797.060000	0.00	
797.260000	0.00	
797.460000	0.00	
797.660000	0.00	
797.860000	0.00	
798.060000	0.00	
798.260000	0.00	
798.460000	0.00	
798.660000	0.00	
798.860000	0.00	
799.060000	0.00	
799.260000	0.00	
799.460000	0.00	
799.660000	0.00	
799.860000	0.00	
800.060000	0.00	
800.260000	0.00	
800.460000	0.00	
800.660000	0.00	
800.860000	0.00	
801.060000	0.00	
801.260000	0.00	
801.460000	0.00	
801.660000	0.00	
801.860000	0.00	
802.060000	0.00	
802.260000	0.00	
802.460000	0.00	
802.660000	0.00	
802.860000	0.00	
803.060000	0.00	
803.260000	0.00	
803.460000	0.00	
803.660000	0.00	
803.860000	0.00	
804.060000	0.00	
804.260000	0.00	
804.460000	0.00	
804.660000	0.00	
804.860000	0.00	
805.060000	0.00	
805.260000	0.00	
805.460000	0.00	
805.660000	0.00	
805.860000	0.00	
806.060000	0.00	
806.260000	0.00	
806.460000	0.00	
806.660000	0.00	
806.860000	0.00	
807.060000	0.00	
807.260000	0.00	
807.460000	0.00	
807.660000	0.00	
807.860000	0.00	
808.060000	0.00	
808.260000	0.00	
808.460000	0.00	
808.660000	0.00	
808.860000	0.00	
809.060000	0.00	
809.260000	0.00	
809.460000	0.00	
809.660000	0.00	
809.860000	0.00	
810.060000	0.00	
810.260000	0.00	
810.460000	0.00	
810.660000	0.00	
810.860000	0.00	
811.060000	0.00	
811.260000	0.00	
811.460000	0.00	
811.660000	0.00	
811.860000	0.00	
812.060000	0.00	
812.260000	0.00	
812.460000	0.00	
812.660000	0.00	
812.860000	0.00	
813.060000	0.00	
813.260000	0.00	
813.460000	0.00	
813.660000	0.00	
813.860000	0.00	
814.060000	0.00	
814.260000	0.00	
814.460000	0.00	
814.660000	0.00	
814.860000	0.00	
815.060000	0.00	
815.260000	0.00	
815.460000	0.00	
815.660000	0.00	
815.860000	0.00	
816.060000	0.00	
816.260000	0.00	
816.460000	0.00	
816.660000	0.00	
816.860000	0.00	
817.060000	0.00	
817.260000	0.00	
817.460000	0.00	
817.660000	0.00	
817.860000	0.00	
818.060000	0.00	
818.260000	0.00	
818.460000	0.00	
818.660000	0.00	
818.860000	0.00	
819.060000	0.00	
819.260000	0.00	
819.460000	0.00	
819.660000	0.00	
819.860000	0.00	
820.060000	0.00	
820.260000	0.00	
820.460000	0.00	
820.660000	0.00	
820.860000	0.00	
821.060000	0.00	
821.260000	0.00	
821.460000	0.00	
821.660000	0.00	
821.860000	0.00	
822.060000	0.00	
822.260000	0.00	
822.460000	0.00	
822.660000	0.00	
822.860000	0.00	
823.060000	0.00	
823.260000	0.00	
823.460000	0.00	
823.660000	0.00	
823.860000	0.00	
824.060000	0.00	
824.260000	0.00	
824.460000	0.00	
824.660000	0.00	
824.860000	0.00	
825.060000	0.00	
825.260000	0.00	
825.460000	0.00	
825.660000	0.00	
825.860000	0.00	
826.060000	0.00	
826.260000	0.00	
826.460000	0.00	
826.660000	0.00	
826.860000	0.00	
827.060000	0.00	
827.260000	0.00	
827.460000	0.00	
827.660000	0.00	
827.860000	0.00	
828.060000	0.00	
828.260000	0.00	
828.460000	0.00	
828.660000	0.00	
828.860000	0.00	
829.060000	0.00	
829.260000	0.00	
829.460000	0.00	
829.660000	0.00	
829.860000	0.00	
830.060000	0.00	
830.260000	0.00	
830.460000	0.00	
830.660000	0.00	
830.860000	0.00	
831.060000	0.00	
831.260000	0.00	
831.460000	0.00	
831.660000	0.00	
831.860000	0.00	
832.060000	0.00	
832.260000	0.00	
832.460000	0.00	
832.660000	0.00	
832.860000	0.00	
833.060000	0.00	
833.260000	0.00	
833.460000	0.00	
833.660000	0.00	
833.860000	0.00	
834.060000	0.00	
834.260000	0.00	
834.460000	0.00	
834.660000	0.00	
834.860000	0.00	
835.060000	0.00	
835.260000	0.00	
835.460000	0.00	
835.660000	0.00	
835.860000	0.00	
836.060000	0.00	
836.260000	0.00	
836.460000	0.00	
836.660000	0.00	
836.860000	0.00	
837.060000	0.00	
837.260000	0.00	
837.460000	0.00	
837.660000	0.00	
837.860000	0.00	
838.060000	0.00	
838.260000	0.00	
838.460000	0.00	
838.660000	0.00	
838.860000	0.00	
839.060000	0.00	
839.260000	0.00	
839.460000	0.00	
839.660000	0.00	
839.860000	0.00	
840.060000	0.00	
840.260000	0.00	
840.460000	0.00	
840.660000	0.00	
840.860000	0.00	
841.060000	0.00	
841.260000	0.00	
841.460000	0.00	
841.660000	0.00	
841.860000	0.00	
842.060000	0.00	
842.260000	0.00	
842.460000	0.00	
842.660000	0.00	
842.860000	0.00	
843.060000	0.00	
843.260000	0.00	
843.460000	0.00	
843.660000	0.00	
843.860000	0.00	
844.060000	0.00	
844.260000	0.00	
844.460000	0.00	
844.660000	0.00	
844.860000	0.00	
845.060000	0.00	
845.260000	0.00	
845.460000	0.00	
845.660000	0.00	
845.860000	0.00	
846.060000	0.00	
846.260000	0.00	
846.460000	0.00	
846.660000	0.00	
846.860000	0.00	
847.060000	0.00	
847.260000	0.00	
847.460000	0.00	
847.660000	0.00	
847.860000	0.00	
848.060000	0.00	
848.260000	0.00	
848.460000	0.00	
848.660000	0.00	
848.860000	0.00	
849.060000	0.00	
849.260000	0.00	
849.460000	0.00	
849.660000	0.00	
849.860000	0.00	
850.060000	0.00	
850.260000	0.00	
850.460000	0.00	
850.660000	0.00	
850.860000	0.00	
851.060000	0.00	
851.260000	0.00	
851.460000	0.00	
851.660000	0.00	
851.860000	0.00	
852.060000	0.00	
852.260000	0.00	
852.460000	0.00	
852.660000	0.00	
852.860000	0.00	
853.060000	0.00	
853.260000	0.00	
853.460000	0.00	
853.660000	0.00	
853.860000	0.00	
854.060000	0.00	
854.260000	0.00	
854.460000	0.00	
854.660000	0.00	
854.860000	0.00	
855.060000	0.00	
855.260000	0.00	
855.460000	0.00	
855.660000	0.00	
855.860000	0.00	
856.060000	0.00	
856.260000	0.00	
856.460000	0.00	
856.660000	0.00	
856.860000	0.00	
857.060000	0.00	
857.260000	0.00	
857.460000	0.00	
857.660000	0.00	
857.860000	0.00	
858.060000	0.00	
858.260000	0.00	
858.460000	0.00	
858.660000	0.00	
858.860000	0.00	
859.060000	0.00	
859.260000	0.00	
859.460000	0.00	
859.660000	0.00	
859.860000	0.00	
860.060000	0.00	
860.260000	0.00	
860.460000	0.00	
860.660000	0.00	
860.860000	0.00	
861.060000	0.00	
861.260000	0.00	
861.460000	0.00	
861.660000	0.00	
861.860000	0.00	
862.060000	0.00	
862.260000	0.00	
862.460000	0.00	
862.660000	0.00	
862.860000	0.00	
863.060000	0.00	
863.260000	0.00	
863.460000	0.00	
863.660000	0.00	
863.860000	0.00	
864.060000	0.00	
864.260000	0.00	
864.460000	0.00	
864.660000	0.00	
864.860000	0.00	
865.060000	0.00	
865.260000	0.00	
865.460000	0.00	
865.660000	0.00	
865.860000	0.00	
866.060000	0.00	
866.260000	0.00	
866.460000	0.00	
866.660000	0.00	
866.860000	0.00	
867.060000	0.00	
867.260000	0.00	
867.460000	0.00	
867.660000	0.00	
867.860000	0.00	
868.060000	0.00	
868.260000	0.00	
868.460000	0.00	
868.660000	0.00	
868.860000	0.00	
869.060000	0.00	
869.260000	0.00	
869.460000	0.00	
869.660000	0.00	
869.860000	0.00	
870.060000	0.00	
870.260000	0.00	
870.460000	0.00	
870.660000	0.00	
870.860000	0.00	
871.060000	0.00	
871.260000	0.00	
871.460000	0.00	
871.660000	0.00	
871.860000	0.00	
872.060000	0.00	
872.260000	0.00	
872.460000	0.00	
872.660000	0.00	
872.860000	0.00	
873.060000	0.00	
873.260000	0.00	
873.460000	0.00	
873.660000	0.00	
873.860000	0.00	
874.060000	0.00	
874.260000	0.00	
874.460000	0.00	
874.660000	0.00	
874.860000	0.00	
875.060000	0.00	
875.260000	0.00	
875.460000	0.00	
875.660000	0.00	
875.860000	0.00	
876.060000	0.00	
876.260000	0.00	
876.460000	0.00	
876.660000	0.00	
876.860000	0.00	
877.060000	0.00	
877.260000	0.00	
877.460000	0.00	
877.660000	0.00	
877.860000	0.00	
878.060000	0.00	
878.260000	0.00	
878.460000	0.00	
878.660000	0.00	
878.860000	0.00	
879.060000	0.00	
879.260000	0.00	
879.460000	0.00	
879.660000	0.00	
879.860000	0.00	
880.060000	0.00	
880.260000	0.00	
880.460000	0.00	
880.660000	0.00	
880.860000	0.00	
881.060000	0.00	
881.260000	0.00	
881.460000	0.00	
881.660000	0.00	
881.860000	0.00	
882.060000	0.00	
882.260000	0.00	
882.460000	0.00	
882.660000	0.00	
882.860000	0.00	
883.060000	0.00	
883.260000	0.00	
883.460000	0.00	
883.660000	0.00	
883.860000	0.00	
884.060000	0.00	
884.260000	0.00	
884.460000	0.00	
884.660000	0.00	
884.860000	0.00	
885.060000	0.00	
885.260000	0.00	
885.460000	0.00	
885.660000	0.00	
885.860000	0.00	
886.060000	0.00	
886.260000	0.00	
886.460000	0.00	
886.660000	0.00	
886.860000	0.00	
887.060000	0.00	
887.260000	0.00	
887.460000	0.00	
887.660000	0.00	
887.860000	0.00	
888.060000	0.00	
888.260000	0.00	
888.460000	0.00	
888.660000	0.00	
888.860000	0.00	
889.060000	0.00	
889.260000	0.00	
889.460000	0.00	
889.660000	0.00	
889.860000	0.00	
890.060000	0.00	
890.260000	0.00	
890.460000	0.00	
890.660000	0.00	
890.860000	0.00	
891.060000	0.00	
891.260000	0.00	
891.460000	0.00	
891.660000	0.00	
891.860000	0.00	
892.060000	0.00	
892.260000	0.00	
892.460000	0.00	
892.660000	0.00	
892.860000	0.00	
893.060000	0.00	
893.260000	0.00	
893.460000	0.00	
893.660000	0.00	
893.860000	0.00	
894.060000	0.00	
894.260000	0.00	
894.460000	0.00	
894.660000	0.00	
894.860000	0.00	
895.060000	0.00	
895.260000	0.00	
895.460000	0.00	
895.660000	0.00	
895.860000	0.00	
896.060000	0.00	
896.260000	0.00	
896.460000	0.00	
896.660000	0.00	
896.860000	0.00	
897.060000	0.00	
897.260000	0.00	
897.460000	0.00	
897.660000	0.00	
897.860000	0.00	
898.060000	0.00	
898.260000	0.00	
898.460000	0.00	
898.660000	0.00	
898.860000	0.00	
899.060000	0.00	
899.260000	0.00	
899.460000	0.00	
899.660000	0.00	
899.860000	0.00	
900.060000	0.00	
900.260000	0.00	
900.460000	0.00	
900.660000	0.00	
900.860000	0.00	
901.060000	0.00	
901.260000	0.00	
901.460000	0.00	
901.660000	0.00	
901.860000	0.00	
902.060000	0.00	
902.260000	0.00	
902.460000	0.00	
902.660000	0.00	
902.860000	0.00	
903.060000	0.00	
903.260000	0.00	
903.460000	0.00	
903.660000	0.00	
903.860000	0.00	
904.060000	0.00	
904.260000	0.00	
904.460000	0.00	
904.660000	0.00	
904.860000	0.00	
905.060000	0.00	
905.260000	0.00	
905.460000	0.00	
905.660000	0.00	
905.860000	0.00	
906.060000	0.00	
906.260000	0.00	
906.460000	0.00	
906.660000	0.00	
906.860000	0.00	
907.060000	0.00	
907.260000	0.00	
907.460000	0.00	
907.660000	0.00	
907.860000	0.00	
908.060000	0.00	
908.260000	0.00	
908.460000	0.00	
908.660000	0.00	
908.860000	0.00	
909.060000	0.00	
909.260000	0.00	
909.460000	0.00	
909.660000	0.00	
909.860000	0.00	
910.060000	0.00	
910.260000	0.00	
910.460000	0.00	
910.660000	0.00	
910.860000	0.00	
911.060000	0.00	
911.260000	0.00	
911.460000	0.00	
911.660000	0.00	
911.860000	0.00	
912.060000	0.00	
912.260000	0.00	
912.460000	0.00	
912.660000	0.00	
912.860000	0.00	
913.060000	0.00	
913.260000	0.00	
913.460000	0.00	
913.660000	0.00	
913.860000	0.00	
914.060000	0.00	
914.260000	0.00	
914.460000	0.00	
914.660000	0.00	
914.860000	0.00	
915.060000	0.00	
915.260000	0.00	
915.460000	0.00	
915.660000	0.00	
915.860000	0.00	
916.060000	0.00	
916.260000	0.00	
916.460000	0.00	
916.660000	0.00	
916.860000	0.00	
917.060000	0.00	
917.260000	0.00	
917.460000	0.00	
917.660000	0.00	
917.860000	0.00	
918.060000	0.00	
918.260000	0.00	
918.460000	0.00	
918.660000	0.00	
918.860000	0.00	
919.060000	0.00	
919.260000	0.00	
919.460000	0.00	
919.660000	0.00	
919.860000	0.00	
920.060000	0.00	
920.260000	0.00	
920.460000	0.00	
920.660000	0.00	
920.860000	0.00	
921.060000	0.00	
921.260000	0.00	
921.460000	0.00	
921.660000	0.00	
921.860000	0.00	
922.060000	0.00	
922.260000	0.00	
922.460000	0.00	
922.660000	0.00	
922.860000	0.00	
923.060000	0.00	
923.260000	0.00	
923.460000	0.00	
923.660000	0.00	
923.860000	0.00	
924.060000	0.00	
924.260000	0.00	
924.460000	0.00	
924.660000	0.00	
924.860000	0.00	
925.060000	0.00	
925.260000	0.00	
925.460000	0.00	
925.660000	0.00	
925.860000	0.00	
926.060000	0.00	
926.260000	0.00	
926.460000	0.00	
926.660000	0.00	
926.860000	0.00	
927.060000	0.00	
927.260000	0.00	
927.460000	0.00	
927.660000	0.00	
927.860000	0.00	
928.060000	0.00	
928.260000	0.00	
928.460000	0.00	
928.660000	0.00	
928.860000	0.00	
929.060000	0.00	
929.260000	0.00	
929.460000	0.00	
929.660000	0.00	
929.860000	0.00	
930.060000	0.00	
930.260000	0.00	
930.460000	0.00	
930.660000	0.00	
930.860000	0.00	
931.060000	0.00	
931.260000	0.00	
931.460000	0.00	
931.660000	0.00	
931.860000	0.00	
932.060000	0.00	
932.260000	0.00	
932.460000	0.00	
932.660000	0.00	
932.860000	0.00	
933.060000	0.00	
933.260000	0.00	
933.460000	0.00	
933.660000	0.00	
933.860000	0.00	
934.060000	0.00	
934.260000	0.00	
934.460000	0.00	
934.660000	0.00	
934.860000	0.00	
935.060000	0.00	
935.260000	0.00	
935.460000	0.00	
935.660000	0.00	
935.860000	0.00	
936.060000	0.00	
936.260000	0.00	
936.460000	0.00	
936.660000	0.00	
936.860000	0.00	
937.060000	0.00	
937.260000	0.00	
937.460000	0.00	
937.660000	0.00	
937.860000	0.00	
938.060000	0.00	
938.260000	0.00	
938.460000	0.00	
938.660000	0.00	
938.860000	0.00	
939.060000	0.00	
939.260000	0.00	
939.460000	0.00	
939.660000	0.00	
939.860000	0.00	
940.060000	0.00	
940.260000	0.00	
940.460000	0.00	
940.660000	0.00	
940.860000	0.00	
941.060000	0.00	
941.260000	0.00	
941.460000	0.00	
941.660000	0.00	
941.860000	0.00	
942.060000	0.00	
942.260000	0.00	
942.460000	0.00	
942.660000	0.00	
942.860000	0.00	
943.060000	0.00	
943.260000	0.00	
943.460000	0.00	
943.660000	0.00	
943.860000	0.00	
944.060000	0.00	
944.260000	0.00	
944.460000	0.00	
944.660000	0.00	
944.860000	0.00	
945.060000	0.00	
945.260000	0.00	
945.460000	0.00	
945.660000	0.00	
945.860000	0.00	
946.060000	0.00	
946.260000	0.00	
946.460000	0.00	
946.660000	0.00	
946.860000	0.00	
947.060000	0.00	
947.260000	0.00	
947.460000	0.00	
947.660000	0.00	
947.860000	0.00	
948.060000	0.00	
948.260000	0.00	
948.460000	0.00	
948.660000	0.00	
948.860000	0.00	
949.060000	0.00	
949.260000	0.00	
949.460000	0.00	
949.660000	0.00	
949.860000	0.00	
950.060000	0.00	
950.260000	0.00	
950.460000	0.00	
950.660000	0.00	
950.860000	0.00	
951.060000	0.00	
951.260000	0.00	
951.460000	0.00	
951.660000	0.00	
951.860000	0.00	
952.060000	0.00	
952.260000	0.00	
952.460000	0.00	
952.660000	0.00	
952.860000	0.00	
953.060000	0.00	
953.260000	0.00	
953.460000	0.00	
953.660000	0.00	
953.860000	0.00	
954.060000	0.00	
954.260000	0.00	
954.460000	0.00	
954.660000	0.00	
954.860000	0.00	
955.060000	0.00	
955.260000	0.00	
955.460000	0.00	
955.660000	0.00	
955.860000	0.00	
956.060000	0.00	
956.260000	0.00	
956.460000	0.00	
956.660000	0.00	
956.860000	0.00	
957.060000	0.00	
957.260000	0.00	
957.460000	0.00	
957.660000	0.00	
957.860000	0.00	
958.060000	0.00	
958.260000	0.00	
958.460000	0.00	
958.660000	0.00	
958.860000	0.00	
959.060000	0.00	
959.260000	0.00	
959.460000	0.00	
959.660000	0.00	
959.860000	0.00	
960.060000	0.00	
960.260000	0.00	
960.460000	0.00	
960.660000	0.00	
960.860000	0.00	
961.060000	0.00	
961.260000	0.00	
961.460000	0.00	
961.660000	0.00	
961.860000	0.00	
962.060000	0.00	
962.260000	0.00	
962.460000	0.00	
962.660000	0.00	
962.860000	0.00	
963.060000	0.00	
963.260000	0.00	
963.460000	0.00	
963.660000	0.00	
963.860000	0.00	
964.060000	0.00	
964.260000	0.00	
964.460000	0.00	
964.660000	0.00	
964.860000	0.00	
965.060000	0.00	
965.260000	0.00	
965.460000	0.00	
965.660000	0.00	
965.860000	0.00	
966.060000	0.00	
966.260000	0.00	
966.460000	0.00	
966.660000	0.00	
966.860000	0.00	
967.060000	0.00	
967.260000	0.00	
967.460000	0.00	
967.660000	0.00	
967.860000	0.00	
968.060000	0.00	
968.260000	0.00	
968.460000	0.00	
968.660000	0.00	
968.860000	0.00	
969.060000	0.00	
969.260000	0.00	
969.460000	0.00	
969.660000	0.00	
969.860000	0.00	
970.060000	0.00	
970.260000	0.00	
970.460000	0.00	
970.660000	0.00	
970.860000	0.00	
971.060000	0.00	
971.260000	0.00	
971.460000	0.00	
971.660000	0.00	
971.860000	0.00	
972.060000	0.00	
972.260000	0.00	
972.460000	0.00	
972.660000	0.00	
972.860000	0.00	
973.060000	0.00	
973.260000	0.00	
973.460000	0.00	
973.660000	0.00	
973.860000	0.00	
974.060000	0.00	
974.260000	0.00	
974.460000	0.00	
974.660000	0.00	
974.860000	0.00	
975.060000	0.00	
975.260000	0.00	
975.460000	0.00	
975.660000	0.00	
975.860000	0.00	
976.060000	0.00	
976.260000	0.00	
976.460000	0.00	
976.660000	0.00	
976.860000	0.00	
977.060000	0.00	
977.260000	0.00	
977.460000	0.00	
977.660000	0.00	
977.860000	0.00	
978.060000	0.00	
978.260000	0.00	
978.460000	0.00	
978.660000	0.00	
978.860000	0.00	
979.060000	0.00	
979.260000	0.00	
979.460000	0.00	
979.660000	0.00	
979.860000	0.00	
980.060000	0.00	
980.260000	0.00	
980.460000	0.00	
980.660000	0.00	
980.860000	0.00	
981.060000	0.00	
981.260000	0.00	
981.460000	0.00	
981.660000	0.00	
981.860000	0.00	
982.060000	0.00	
982.260000	0.00	
982.460000	0.00	
982.660000	0.00	
982.860000	0.00	
983.060000	0.00	
983.260000	0.00	
983.460000	0.00	
983.660000	0.00	
983.860000	0.00	
984.060000	0.00	
984.260000	0.00	
984.460000	0.00	
984.660000	0.00	
984.860000	0.00	
985.060000	0.00	
985.260000	0.00	
985.460000	0.00	
985.660000	0.00	
985.860000	0.00	
986.060000	0.00	
986.260000	0.00	
986.460000	0.00	
986.660000	0.00	
986.860000	0.00	
987.060000	0.00	
987.260000	0.00	
987.460000	0.00	
987.660000	0.00	
987.860000	0.00	
988.060000	0.00	
988.260000	0.00	
988.460000	0.00	
988.660000	0.00	
988.860000	0.00	
989.060000	0.00	
989.260000	0.00	
989.460000	0.00	
989.660000	0.00	
989.860000	0.00	
990.060000	0.00	
990.260000	0.00	
990.460000	0.00	
990.660000	0.00	
990.860000	0.00	
991.060000	0.00	
991.260000	0.00	
991.460000	0.00	
991.660000	0.00	
991.860000	0.00	
992.060000	0.00	
992.260000	0.00	
992.460000	0.00	
992.660000	0.00	
992.860000	0.00	
993.060000	0.00	
993.260000	0.00	
993.460000	0.00	
993.660000	0.00	
993.860000	0.00	
994.060000	0.00	
994.260000	0.00	
994.460000	0.00	
994.660000	0.00	
994.860000	0.00	
995.060000	0.00	
995.260000	0.00	
995.460000	0.00	
995.660000	0.00	
995.860000	0.00	
996.060000	0.00	
996.260000	0.00	
996.460000	0.00	
996.660000	0.00	
996.860000	0.00	
997.060000	0.00	
997.260000	0.00	
997.460000	0.00	
997.660000	0.00	
997.860000	0.00	
998.060000	0.00	
998.260000	0.00	
998.460000	0.00	
998.660000	0.00	
998.860000	0.00	
999.060000	0.00	
999.260000	0.00	
999.460000	0.00	
999.660000	0.00	
999.860000	0.00	
1000.060000	0.00	
1000.260000	0.00	
1000.460000	0.00	
1000.660000	0.00	
1000.860000	0.00	
1001.060000	0.00	
1001.260000	0.00	
1001.460000	0.00	
1001.660000	0.00	
1001.860000	0.00	
1002.060000	0.00	
1002.260000	0.00	
1002.460000	0.00	
1002.660000	0.00	
1002.860000	0.00	
1003.060000	0.00	
1003.260000	0.00	
1003.460000	0.00	
1003.660000	0.00	
1003.860000	0.00	
1004.060000	0.00	
1004.260000	0.00	
1004.460000	0.00	
1004.660000	0.00	
1004.860000	0.00	
1005.060000	0.00	
1005.260000	0.00	
1005.460000	0.00	
1005.660000	0.00	
1005.860000	0.00	
1006.060000	0.00	
1006.260000	0.00	
1006.460000	0.00	
1006.660000	0.00	
1006.860000	0.00	
1007.060000	0.00	
1007.260000	0.00	
1007.460000	0.00	
1007.660000	0.00	
1007.860000	0.00	
1008.060000	0.00	
1008.260000	0.00	
1008.460000	0.00	
1008.660000	0.00	
1008.860000	0.00	
1009.060000	0.00	
1009.260000	0.00	
1009.460000	0.00	
1009.660000	0.00	
1009.860000	0.00	
1010.060000	0.00	
1010.260000	0.00	
1010.460000	0.00	
1010.660000	0.00	
1010.860000	0.00	
1011.060000	0.00	
1011.260000	0.00	
1011.460000	0.00	
1011.660000	0.00	
1011.860000	0.00	
1012.060000	0.00	
1012.260000	0.00	
1012.460000	0.00	
1012.660000	0.00	
1012.860000	0.00	
1013.060000	0.00	
1013.260000	0.00	
1013.460000	0.00	
1013.660000	0.00	
1013.860000	0.00	
1014.060000	0.00	
1014.260000	0.00	
1014.460000	0.00	
1014.660000	0.00	
1014.860000	0.00	
1015.060000	0.00	
1015.260000	0.00	
1015.460000	0.00	
1015.660000	0.00	
1015.860000	0.00	
1016.060000	0.00	
1016.260000	0.00	
1016.460000	0.00	
1016.660000	0.00	
1016.860000	0.00	
1017.060000	0.00	
1017.260000	0.00	
1017.460000	0.00	
1017.660000	0.00	
1017.860000	0.00	
1018.060000	0.00	
1018.260000	0.00	
1018.460000	0.00	
1018.660000	0.00	
1018.860000	0.00	
1019.060000	0.00	
1019.260000	0.00	
1019.460000	0.00	
1019.660000	0.00	
1019.860000	0.00	
1020.060000	0.00	
1020.260000	0.00	
1020.460000	0.00	
1020.660000	0.00	
1020.860000	0.00	
1021.060000	0.00	
1021.260000	0.00	
1021.460000	0.00	
1021.660000	0.00	
1021.860000	0.00	
1022.060000	0.00	
1022.260000	0.00	
1022.460000	0.00	
1022.660000	0.00	
1022.860000	0.00	
1023.060000	0.00	
1023.260000	0.00	
1023.460000	0.00	
1023.660000	0.00	
1023.860000	0.00	
1024.060000	0.00	
1024.260000	0.00	
1024.460000	0.00	
1024.660000	0.00	
1024.860000	0.00	
1025.060000	0.00	
1025.260000	0.00	
1025.460000	0.00	
1025.660000	0.00	
1025.860000	0.00	
1026.060000	0.00	
1026.260000	0.00	
1026.460000	0.00	
1026.660000	0.00	
1026.860000	0.00	
1027.060000	0.00	
1027.260000	0.00	
1027.460000	0.00	
1027.660000	0.00	
1027.860000	0.00	
1028.060000	0.00	
1028.260000	0.00	
1028.460000	0.00	
1028.660000	0.00	
1028.860000	0.00	
1029.060000	0.00	
1029.260000	0.00	
1029.460000	0.00	
1029.660000	0.00	
1029.860000	0.00	
1030.060000	0.00	
1030.260000	0.00	
1030.460000	0.00	
1030.660000	0.00	
1030.860000	0.00	
1031.060000	0.00	
1031.260000	0.00	
1031.460000	0.00	
1031.660000	0.00	
1031.860000	0.00	
1032.060000	0.00	
1032.260000	0.00	
1032.460000	0.00	
1032.660000	0.00	
1032.860000	0.00	
1033.060000	0.00	
1033.260000	0.00	
1033.460000	0.00	
1033.660000	0.00	
1033.860000	0.00	
1034.060000	0.00	
1034.260000	0.00	
1034.460000	0.00	
1034.660000	0.00	
1034.860000	0.00	
1035.060000	0.00	
1035.260000	0.00	
1035.460000	0.00	
1035.660000	0.00	
1035.860000	0.00	
1036.060000	0.00	
1036.260000	0.00	
1036.460000	0.00	
1036.660000	0.00	
1036.860000	0.00	
1037.060000	0.00	
1037.260000	0.00	
1037.460000	0.00	
1037.660000	0.00	
1037.860000	0.00	
1038.060000	0.00	
1038.260000	0.00	
1038.460000	0.00	
1038.660000	0.00	
1038.860000	0.00	
1039.060000	0.00	
1039.260000	0.00	
1039.460000	0.00	
1039.660000	0.00	
1039.860000	0.00	
1040.060000	0.00	
1040.260000	0.00	
1040.460000	0.00	
1040.660000	0.00	
1040.860000	0.00	
1041.060000	0.00	
1041.260000	0.00	
1041.460000	0.00	
1041.660000	0.00	
1041.860000	0.00	
1042.060000	0.00	
1042.260000	0.00	
1042.460000	0.00	
1042.660000	0.00	
1042.860000	0.00	
1043.060000	0.00	
1043.260000	0.00	
1043.460000	0.00	
1043.660000	0.00	
1043.860000	0.00	
1044.060000	0.00	
1044.260000	0.00	
1044.460000	0.00	
1044.660000	0.00	
1044.860000	0.00	
1045.060000	0.00	
1045.260000	0.00	
1045.460000	0.00	
1045.660000	0.00	
1045.860000	0.00	
1046.060000	0.00	
1046.260000	0.00	
1046.460000	0.00	
1046.660000	0.00	
1046.860000	0.00	
1047.060000	0.00	
1047.260000	0.00	
1047.460000	0.00	
1047.660000	0.00	
1047.860000	0.00	
1048.060000	0.00	
1048.260000	0.00	
1048.460000	0.00	
1048.660000	0.00	
1048.860000	0.00	
1049.060000	0.00	
1049.260000	0.00	
1049.460000	0.00	
1049.660000	0.00	
1049.860000	0.00	
1050.060000	0.00	
1050.260000	0.00	
1050.460000	0.00	
1050.660000	0.00	
1050.860000	0.00	
1051.060000	0.00	
1051.260000	0.00	
1051.460000	0.00	
1051.660000	0.00	
1051.860000	0.00	
1052.060000	0.00	
1052.260000	0.00	
1052.460000	0.00	
1052.660000	0.00	
1052.860000	0.00	
1053.060000	0.00	
1053.260000	0.00	
1053.460000	0.00	
1053.660000	0.00	
1053.860000	0.00	
1054.060000	0.00	
1054.260000	0.00	
1054.460000	0.00	
1054.660000	0.00	
1054.860000	0.00	
1055.060000	0.00	
1055.260000	0.00	
1055.460000	0.00	
1055.660000	0.00	
1055.860000	0.00	
1056.060000	0.00	
1056.260000	0.00	
1056.460000	0.00	
1056.660000	0.00	
1056.860000	0.00	
1057.060000	0.00	
1057.260000	0.00	
1057.460000	0.00	
1057.660000	0.00	
1057.860000	0.00	
1058.060000	0.00	
1058.260000	0.00	
1058.460000	0.00	
1058.660000	0.00	
1058.860000	0.00	
1059.060000	0.00	
1059.260000	0.00	
1059.460000	0.00	
1059.660000	0.00	
1059.860000	0.00	
1060.060000	0.00	
1060.260000	0.00	
1060.460000	0.00	
1060.660000	0.00	
1060.860000	0.00	
1061.060000	0.00	
1061.260000	0.00	
1061.460000	0.00	
1061.660000	0.00	
1061.860000	0.00	
1062.060000	0.00	
1062.260000	0.00	
1062.460000	0.00	
1062.660000	0.00	
1062.860000	0.00	
1063.060000	0.00	
1063.260000	0.00	
1063.460000	0.00	
1063.660000	0.00	
1063.860000	0.00	
1064.060000	0.00	
1064.260000	0.00	
1064.460000	0.00	
1064.660000	0.00	
1064.860000	0.00	
1065.060000	0.00	
1065.260000	0.00	
1065.460000	0.00	
1065.660000	0.00	
1065.860000	0.00	
1066.060000	0.00	
1066.260000	0.00	
1066.460000	0.00	
1066.660000	0.00	
1066.860000	0.00	
1067.060000	0.00	
1067.260000	0.00	
1067.460000	0.00	
1067.660000	0.00	
1067.860000	0.00	
1068.060000	0.00	
1068.260000	0.00	
1068.460000	0.00	
1068.660000	0.00	
1068.860000	0.00	
1069.060000	0.00	
1069.260000	0.00	
1069.460000	0.00	
1069.660000	0.00	
1069.860000	0.00	
1070.060000	0.00	
1070.260000	0.00	
1070.460000	0.00	
1070.660000	0.00	
1070.860000	0.00	
1071.060000	0.00	
1071.260000	0.00	
1071.460000	0.00	
1071.660000	0.00	
1071.860000	0.00	
1072.060000	0.00	
1072.260000	0.00	
1072.460000	0.00	
1072.660000	0.00	
1072.860000	0.00	
1073.060000	0.00	
1073.260000	0.00	
1073.460000	0.00	
1073.660000	0.00	
1073.860000	0.00	
1074.060000	0.00	
1074.260000	0.00	
1074.460000	0.00	
1074.660000	0.00	
1074.860000	0.00	
1075.060000	0.00	
1075.260000	0.00	
1075.460000	0.00	
1075.660000	0.00	
1075.860000	0.00	
1076.060000	0.00	
1076.260000	0.00	
1076.460000	0.00	
1076.660000	0.00	
1076.860000	0.00	
1077.060000	0.00	
1077.260000	0.00	
1077.460000	0.00	
1077.660000	0.00	
1077.860000	0.00	
1078.060000	0.00	
1078.260000	0.00	
1078.460000	0.00	
1078.660000	0.00	
1078.860000	0.00	
1079.060000	0.00	
1079.260000	0.00	
1079.460000	0.00	
1079.660000	0.00	
1079.860000	0.00	
1080.060000	0.00	
1080.260000	0.00	
1080.460000	0.00	
1080.660000	0.00	
1080.860000	0.00	
1081.060000	0.00	
1081.260000	0.00	
1081.460000	0.00	
1081.660000	0.00	
1081.860000	0.00	
1082.060000	0.00	
1082.260000	0.00	
1082.460000	0.00	
1082.660000	0.00	
1082.860000	0.00	
1083.060000	0.00	
1083.260000	0.00	
1083.460000	0.00	
1083.660000	0.00	
1083.860000	0.00	
1084.060000	0.00	
1084.260000	0.00	
1084.460000	0.00	
1084.660000	0.00	
1084.860000	0.00	
1085.060000	0.00	
1085.260000	0.00	
1085.460000	0.00	
1085.660000	0.00	
1085.860000	0.00	
1086.060000	0.00	
1086.260000	0.00	
1086.460000	0.00	
1086.660000	0.00	
1086.860000	0.00	
1087.060000	0.00	
1087.260000	0.00	
1087.460000	0.00	
1087.660000	0.00	
1087.860000	0.00	
1088.060000	0.00	
1088.260000	0.00	
1088.460000	0.00	
1088.660000	0.00	
1088.860000	0.00	
1089.060000	0.00	
1089.260000	0.00	
1089.460000	0.00	
1089.660000	0.00	
1089.860000	0.00	
1090.060000	0.00	
1090.260000	0.00	
1090.460000	0.00	
1090.660000	0.00	
1090.860000	0.00	
1091.060000	0.00	
1091.260000	0.00	
1091.460000	0.00	
1091.660000	0.00	
1091.860000	0.00	
1092.060000	0.00	
1092.260000	0.00	
1092.460000	0.00	
1092.660000	0.00	
1092.860000	0.00	
1093.060000	0.00	
1093.260000	0.00	
1093.460000	0.00	
1093.660000	0.00	
1093.860000	0.00	
1094.060000	0.00	
1094.260000	0.00	
1094.460000	0.00	
1094.660000	0.00	
1094.860000	0.00	
1095.060000	0.00	
1095.260000	0.00	
1095.460000	0.00	
1095.660000	0.00	
1095.860000	0.00	
1096.060000	0.00	
1096.260000	0.00	
1096.460000	0.00	
1096.660000	0.00	
1096.860000	0.00	
1097.060000	0.00	
1097.260000	0.00	
1097.460000	0.00	
1097.660000	0.00	
1097.860000	0.00	
1098.060000	0.00	
1098.260000	0.00	
1098.460000	0.00	
1098.660000	0.00	
1098.860000	0.00	
1099.060000	0.00	
1099.260000	0.00	
1099.460000	0.00	
1099.660000	0.00	
1099.860000	0.00	
1100.060000	0.00	
1100.260000	0.00	
1100.460000	0.00	
1100.660000	0.00	
1100.860000	0.00	
1101.060000	0.00	
1101.260000	0.00	
1101.460000	0.00	
1101.660000	0.00	
1101.860000	0.00	
1102.060000	0.00	
1102.260000	0.00	
1102.460000	0.00	
1102.660000	0.00	
1102.860000	0.00	
1103.060000	0.00	
1103.260000	0.00	
1103.460000	0.00	
1103.660000	0.00	
1103.860000	0.00	
1104.060000	0.00	
1104.260000	0.00	
1104.460000	0.00	
1104.660000	0.00	
1104.860000	0.00	
1105.060000	0.00	
1105.260000	0.00	
1105.460000	0.00	
1105.660000	0.00	
1105.860000	0.00	
1106.060000	0.00	
1106.260000	0.00	
1106.460000	0.00	
1106.660000	0.00	
1106.860000	0.00	
1107.060000	0.00	
1107.260000	0.00	
1107.460000	0.00	
1107.660000	0.00	
1107.860000	0.00	
1108.060000	0.00	
1108.260000	0.00	
1108.460000	0.00	
1108.660000	0.00	
1108.860000	0.00	
1109.060000	0.00	
1109.260000	0.00	
1109.460000	0.00	
1109.660000	0.00	
1109.860000	0.00	
1110.060000	0.00	
1110.260000	0.00	
1110.460000	0.00	
1110.660000	0.00	
1110.860000	0.00	
1111.060000	0.00	
1111.260000	0.00	
1111.460000	0.00	
1111.660000	0.00	
1111.860000	0.00	
1112.060000	0.00	
1112.260000	0.00	
1112.460000	0.00	
1112.660000	0.00	
1112.860000	0.00	
1113.060000	0.00	
1113.260000	0.00	
1113.460000	0.00	
1113.660000	0.00	
1113.860000	0.00	
1114.060000	0.00	
1114.260000	0.00	
1114.460000	0.00	
1114.660000	0.00	
1114.860000	0.00	
1115.060000	0.00	
1115.260000	0.00	
1115.460000	0.00	
1115.660000	0.00	
1115.860000	0.00	
1116.060000	0.00	
1116.260000	0.00	
1116.460000	0.00	
1116.660000	0.00	
1116.860000	0.00	
1117.060000	0.00	
1117.260000	0.00	
1117.460000	0.00	
1117.660000	0.00	
1117.860000	0.00	
1118.060000	0.00	
1118.260000	0.00	
1118.460000	0.00	
1118.660000	0.00	
1118.860000	0.00	
1119.060000	0.00	
1119.260000	0.00	
1119.460000	0.00	
1119.660000	0.00	
1119.860000	0.00	
1120.060000	0.00	
1120.260000	0.00	
1120.460000	0.00	
1120.660000	0.00	
1120.860000	0.00	
1121.060000	0.00	
1121.260000	0.00	
1121.460000	0.00	
1121.660000	0.00	
1121.860000	0.00	
1122.060000	0.00	
1122.260000	0.00	
1122.460000	0.00	
1122.660000	0.00	
1122.860000	0.00	
1123.060000	0.00	
1123.260000	0.00	
1123.460000	0.00	
1123.660000	0.00	
1123.860000	0.00	
1124.060000	0.00	
1124.260000	0.00	
1124.460000	0.00	
1124.660000	0.00	
1124.860000	0.00	
1125.060000	0.00	
1125.260000	0.00	
1125.460000	0.00	
1125.660000	0.00	
1125.860000	0.00	
1126.060000	0.00	
1126.260000	0.00	
1126.460000	0.00	
1126.660000	0.00	
1126.860000	0.00	
1127.060000	0.00	
1127.260000	0.00	
1127.460000	0.00	
1127.660000	0.00	
1127.860000	0.00	
1128.060000	0.00	
1128.260000	0.00	
1128.460000	0.00	
1128.660000	0.00	
1128.860000	0.00	
1129.060000	0.00	
1129.260000	0.00	
1129.460000	0.00	
1129.660000	0.00	
1129.860000	0.00	
1130.060000	0.00	
1130.260000	0.00	
1130.460000	0.00	
1130.660000	0.00	
1130.860000	0.00	
1131.060000	0.00	
1131.260000	0.00	
1131.460000	0.00	
1131.660000	0.00	
1131.860000	0.00	
1132.060000	0.00	
1132.260000	0.00	
1132.460000	0.00	
1132.660000	0.00	
1132.860000	0.00	
1133.060000	0.00	
1133.260000	0.00	
1133.460000	0.00	
1133.660000	0.00	
1133.860000	0.00	
1134.060000	0.00	
1134.260000	0.00	
1134.460000	0.00	
1134.660000	0.00	
1134.860000	0.00	
1135.060000	0.00	
1135.260000	0.00	
1135.460000	0.00	
1135.660000	0.00	
1135.860000	0.00	
1136.060000	0.00	
1136.260000	0.00	
1136.460000	0.00	
1136.660000	0.00	
1136.860000	0.00	
1137.060000	0.00	
1137.260000	0.00	
1137.460000	0.00	
1137.660000	0.00	
1137.860000	0.00	
1138.060000	0.00	
1138.260000	0.00	
1138.460000	0.00	
1138.660000	0.00	
1138.860000	0.00	
1139.060000	0.00	
1139.260000	0.00	
1139.460000	0.00	
1139.660000	0.00	
1139.860000	0.00	
1140.060000	0.00	
1140.260000	0.00	
1140.460000	0.00	
1140.660000	0.00	
1140.860000	0.00	
1141.060000	0.00	
1141.260000	0.00	
1141.460000	0.00	
1141.660000	0.00	
1141.860000	0.00	
1142.060000	0.00	
1142.260000	0.00	
1142.460000	0.00	
1142.660000	0.00	
1142.860000	0.00	
1143.060000	0.00	
1143.260000	0.00	
1143.460000	0.00	
1143.660000	0.00	
1143.860000	0.00	
1144.060000	0.00	
1144.260000	0.00	
1144.460000	0.00	
1144.660000	0.00	
1144.860000	0.00	
1145.060000	0.00	
1145.260000	0.00	
1145.460000	0.00	
1145.660000	0.00	
1145.860000	0.00	
1146.060000	0.00	
1146.260000	0.00	
1146.460000	0.00	
1146.660000	0.00	
1146.860000	0.00	
1147.060000	0.00	
1147.260000	0.00	
1147.460000	0.00	
1147.660000	0.00	
1147.860000	0.00	
1148.060000	0.00	
1148.260000	0.00	
1148.460000	0.00	
1148.660000	0.00	
1148.860000	0.00	
1149.060000	0.00	
1149.260000	0.00	
1149.460000	0.00	
1149.660000	0.00	
1149.860000	0.00	
1150.060000	0.00	
1150.260000	0.00	
1150.460000	0.00	
1150.660000	0.00	
1150.860000	0.00	
1151.060000	0.00	
1151.260000	0.00	
1151.460000	0.00	
1151.660000	0.00	
1151.860000	0.00	
1152.060000	0.00	
1152.260000	0.00	
1152.460000	0.00	
1152.660000	0.00	
1152.860000	0.00	
1153.060000	0.00	
1153.260000	0.00	
1153.460000	0.00	
1153.660000	0.00	
1153.860000	0.00	
1154.060000	0.00	
1154.260000	0.00	
1154.460000	0.00	
1154.660000	0.00	
1154.860000	0.00	
1155.060000	0.00	
1155.260000	0.00	
1155.460000	0.00	
1155.660000	0.00	
1155.860000	0.00	
1156.060000	0.00	
1156.260000	0.00	
1156.460000	0.00	
1156.660000	0.00	
1156.860000	0.00	
1157.060000	0.00	
1157.260000	0.00	
1157.460000	0.00	
1157.660000	0.00	
1157.860000	0.00	
1158.060000	0.00	
1158.260000	0.00	
1158.460000	0.00	
1158.660000	0.00	
1158.860000	0.00	
1159.060000	0.00	
1159.260000	0.00	
1159.460000	0.00	
1159.660000	0.00	
1159.860000	0.00	
1160.060000	0.00	
1160.260000	0.00	
1160.460000	0.00	
1160.660000	0.00	
1160.860000	0.00	
1161.060000	0.00	
1161.260000	0.00	
1161.460000	0.00	
1161.660000	0.00	
1161.860000	0.00	
1162.060000	0.00	
1162.260000	0.00	
1162.460000	0.00	
1162.660000	0.00	
1162.860000	0.00	
1163.060000	0.00	
1163.260000	0.00	
1163.460000	0.00	
1163.660000	0.00	
1163.860000	0.00	
1164.060000	0.00	
1164.260000	0.00	
1164.460000	0.00	
1164.660000	0.00	
1164.860000	0.00	
1165.060000	0.00	
1165.260000	0.00	
1165.460000	0.00	
1165.660000	0.00	
1165.860000	0.00	
1166.060000	0.00	
1166.260000	0.00	
1166.460000	0.00	
1166.660000	0.00	
1166.860000	0.00	
1167.060000	0.00	
1167.260000	0.00	
1167.460000	0.00	
1167.660000	0.00	
1167.860000	0.00	
1168.060000	0.00	
1168.260000	0.00	
1168.460000	0.00	
1168.660000	0.00	
1168.860000	0.00	
1169.060000	0.00	
1169.260000	0.00	
1169.460000	0.00	
1169.660000	0.00	
1169.860000	0.00	
1170.060000	0.00	
1170.260000	0.00	
1170.460000	0.00	
1170.660000	0.00	
1170.860000	0.00	
1171.060000	0.00	
1171.260000	0.00	
1171.460000	0.00	
1171.660000	0.00	
1171.860000	0.00	
1172.060000	0.00	
1172.260000	0.00	
1172.460000	0.00	
1172.660000	0.00	
1172.860000	0.00	
1173.060000	0.00	
1173.260000	0.00	
1173.460000	0.00	
1173.660000	0.00	
1173.860000	0.00	
1174.060000	0.00	
1174.260000	0.00	
1174.460000	0.00	
1174.660000	0.00	
1174.860000	0.00	
1175.060000	0.00	
1175.260000	0.00	
1175.460000	0.00	
1175.660000	0.00	
1175.860000	0.00	
1176.060000	0.00	
1176.260000	0.00	
1176.460000	0.00	
1176.660000	0.00	
1176.860000	0.00	
1177.060000	0.00	
1177.260000	0.00	
1177.460000	0.00	
1177.660000	0.00	
1177.860000	0.00	
1178.060000	0.00	
1178.260000	0.00	
1178.460000	0.00	
1178.660000	0.00	
1178.860000	0.00	
1179.060000	0.00	
1179.260000	0.00	
1179.460000	0.00	
1179.660000	0.00	
1179.860000	0.00	
1180.060000	0.00	
1180.260000	0.00	
1180.460000	0.00	
1180.660000	0.00	
1180.860000	0.00	
1181.060000	0.00	
1181.260000	0.00	
1181.460000	0.00	
1181.660000	0.00	
1181.860000	0.00	
1182.060000	0.00	
1182.260000	0.00	
1182.460000	0.00	
1182.660000	0.00	
1182.860000	0.00	
1183.060000	0.00	
1183.260000	0.00	
1183.460000	0.00	
1183.660000	0.00	
1183.860000	0.00	
1184.060000	0.00	
1184.260000	0.00	
1184.460000	0.00	
1184.660000	0.00	
1184.860000	0.00	
1185.060000	0.00	
1185.260000	0.00	
1185.460000	0.00	
1185.660000	0.00	
1185.860000	0.00	
1186.060000	0.00	
1186.260000	0.00	
1186.460000	0.00	
1186.660000	0.00	
1186.860000	0.00	
1187.060000	0.00	
1187.260000	0.00	
1187.460000	0.00	
1187.660000	0.00	
1187.860000	0.00	
1188.060000	0.00	
1188.260000	0.00	
1188.460000	0.00	
1188.660000	0.00	
1188.860000	0.00	
1189.060000	0.00	
1189.260000	0.00	
1189.460000	0.00	
1189.660000	0.00	
1189.860000	0.00	
1190.060000	0.00	
1190.260000	0.00	
1190.460000	0.00	
1190.660000	0.00	
1190.860000	0.00	
1191.060000	0.00	
1191.260000	0.00	
1191.460000	0.00	
1191.660000	0.00	
1191.860000	0.00	
1192.060000	0.00	
1192.260000	0.00	
1192.460000	0.00	
1192.660000	0.00	
1192.860000	0.00	
1193.060000	0.00	
1193.260000	0.00	
1193.460000	0.00	
1193.660000	0.00	
1193.860000	0.00	
1194.060000	0.00	
1194.260000	0.00	
1194.460000	0.00	
1194.660000	0.00	
1194.860000	0.00	
1195.060000	0.00	
1195.260000	0.00	
1195.460000	0.00	
1195.660000	0.00	
1195.860000	0.00	
1196.060000	0.00	
1196.260000	0.00	
1196.460000	0.00	
1196.660000	0.00	
1196.860000	0.00	
1197.060000	0.00	
1197.260000	0.00	
1197.460000	0.00	
1197.660000	0.00	
1197.860000	0.00	
1198.060000	0.00	
1198.260000	0.00	
1198.460000	0.00	
1198.660000	0.00	
1198.860000	0.00	
1199.060000	0.00	
1199.260000	0.00	
1199.460000	0.00	
1199.660000	0.00	
1199.860000	0.00	
1200.060000	0.00	
1200.260000	0.00	
1200.460000	0.00	
1200.660000	0.00	
1200.860000	0.00	
1201.060000	0.00	
1201.260000	0.00	
1201.460000	0.00	
1201.660000	0.00	
1201.860000	0.00	
1202.060000	0.00	
1202.260000	0.00	
1202.460000	0.00	
1202.660000	0.00	
1202.860000	0.00	
1203.060000	0.00	
1203.260000	0.00	
1203.460000	0.00	
1203.660000	0.00	
1203.860000	0.00	
1204.060000	0.00	
1204.260000	0.00	
1204.460000	0.00	
1204.660000	0.00	
1204.860000	0.00	
1205.060000	0.00	
1205.260000	0.00	
1205.460000	0.00	
1205.660000	0.00	
1205.860000	0.00	
1206.060000	0.00	
1206.260000	0.00	
1206.460000	0.00	
1206.660000	0.00	
1206.860000	0.00	
1207.060000	0.00	
1207.260000	0.00	
1207.460000	0.00	
1207.660000	0.00	
1207.860000	0.00	
1208.060000	0.00	
1208.260000	0.00	
1208.460000	0.00	
1208.660000	0.00	
1208.860000	0.00	
1209.060000	0.00	
1209.260000	0.00	
1209.460000	0.00	
1209.660000	0.00	
1209.860000	0.00	
1210.060000	0.00	
1210.260000	0.00	
1210.460000	0.00	
1210.660000	0.00	
1210.860000	0.00	
1211.060000	0.00	
1211.260000	0.00	
1211.460000	0.00	
1211.660000	0.00	
1211.860000	0.00	
1212.060000	0.00	
1212.260000	0.00	
1212.460000	0.00	
1212.660000	0.00	
1212.860000	0.00	
1213.060000	0.00	
1213.260000	0.00	
1213.460000	0.00	
1213.660000	0.00	
1213.860000	0.00	
1214.060000	0.00	
1214.260000	0.00	
1214.460000	0.00	
1214.660000	0.00	
1214.860000	0.00	
1215.060000	0.00	
1215.260000	0.00	
1215.460000	0.00	
1215.660000	0.00	
1215.860000	0.00	
1216.060000	0.00	
1216.260000	0.00	
1216.460000	0.00	
1216.660000	0.00	
1216.860000	0.00	
1217.060000	0.00	
1217.260000	0.00	
1217.460000	0.00	
1217.660000	0.00	
1217.860000	0.00	
1218.060000	0.00	
1218.260000	0.00	
1218.460000	0.00	
1218.660000	0.00	
1218.860000	0.00	
1219.060000	0.00	
1219.260000	0.00	
1219.460000	0.00	
1219.660000	0.00	
1219.860000	0.00	
1220.060000	0.00	
1220.260000	0.00	
1220.460000	0.00	
1220.660000	0.00	
1220.860000	0.00	
1221.060000	0.00	
1221.260000	0.00	
1221.460000	0.00	
1221.660000	0.00	
1221.860000	0.00	
1222.060000	0.00	
1222.260000	0.00	
1222.460000	0.00	
1222.660000	0.00	
1222.860000	0.00	
1223.060000	0.00	
1223.260000	0.00	
1223.460000	0.00	
1223.660000	0.00	
1223.860000	0.00	
1224.060000	0.00	
1224.260000	0.00	
1224.460000	0.00	
1224.660000	0.00	
1224.860000	0.00	
1225.060000	0.00	
1225.260000	0.00	
1225.460000	0.00	
1225.660000	0.00	
1225.860000	0.00	
1226.060000	0.00	
1226.260000	0.00	
1226.460000	0.00	
1226.660000	0.00	
1226.860000	0.00	
1227.060000	0.00	
1227.260000	0.00	
1227.460000	0.00	
1227.660000	0.00	
1227.860000	0.00	
1228.060000	0.00	
1228.260000	0.00	
1228.460000	0.00	
1228.660000	0.00	
1228.860000	0.00	
1229.060000	0.00	
1229.260000	0.00	
1229.460000	0.00	
1229.660000	0.00	
1229.860000	0.00	
1230.060000	0.00	
1230.260000	0.00	
1230.460000	0.00	
1230.660000	0.00	
1230.860000	0.00	
1231.060000	0.00	
1231.260000	0.00	
1231.460000	0.00	
1231.660000	0.00	
1231.860000	0.00	
1232.060000	0.00	
1232.260000	0.00	
1232.460000	0.00	
1232.660000	0.00	
1232.860000	0.00	
1233.060000	0.00	
1233.260000	0.00	
1233.460000	0.00	
1233.660000	0.00	
1233.860000	0.00	
1234.060000	0.00	
1234.260000	0.00	
1234.460000	0.00	
1234.660000	0.00	
1234.860000	0.00	
1235.060000	0.00	
1235.260000	0.00	
1235.460000	0.00	
1235.660000	0.00	
1235.860000	0.00	
1236.060000	0.00	
1236.260000	0.00	
1236.460000	0.00	
1236.660000	0.00	
1236.860000	0.00	
1237.060000	0.00	
1237.260000	0.00	
1237.460000	0.00	
1237.660000	0.00	
1237.860000	0.00	
1238.060000	0.00	
1238.260000	0.00	
1238.460000	0.00	
1238.660000	0.00	
1238.860000	0.00	
1239.060000	0.00	
1239.260000	0.00	
1239.460000	0.00	
1239.660000	0.00	
1239.860000	0.00	
1240.060000	0.00	
1240.260000	0.00	
1240.460000	0.00	
1240.660000	0.00	
1240.860000	0.00	
1241.060000	0.00	
1241.260000	0.00	
1241.460000	0.00	
1241.660000	0.00	
1241.860000	0.00	
1242.060000	0.00	
1242.260000	0.00	
1242.460000	0.00	
1242.660000	0.00	
1242.860000	0.00	
1243.060000	0.00	
1243.260000	0.00	
1243.460000	0.00	
1243.660000	0.00	
1243.860000	0.00	
1244.060000	0.00	
1244.260000	0.00	
1244.460000	0.00	
1244.660000	0.00	
1244.860000	0.00	
1245.060000	0.00	
1245.260000	0.00	
1245.460000	0.00	
1245.660000	0.00	
1245.860000	0.00	
1246.060000	0.00	
1246.260000	0.00	
1246.460000	0.00	
1246.660000	0.00	
1246.860000	0.00	
1247.060000	0.00	
1247.260000	0.00	
1247.460000	0.00	
1247.660000	0.00	
1247.860000	0.00	
1248.060000	0.00	
1248.260000	0.00	
1248.460000	0.00	
1248.660000	0.00	
1248.860000	0.00	
1249.060000	0.00	
1249.260000	0.00	
1249.460000	0.00	
1249.660000	0.00	
1249.860000	0.00	
1250.060000	0.00	
1250.260000	0.00	
1250.460000	0.00	
1250.660000	0.00	
1250.860000	0.00	
1251.060000	0.00	
1251.260000	0.00	
1251.460000	0.00	
1251.660000	0.00	
1251.860000	0.00	
1252.060000	0.00	
1252.260000	0.00	
1252.460000	0.00	
1252.660000	0.00	
1252.860000	0.00	
1253.060000	0.00	
1253.260000	0.00	
1253.460000	0.00	
1253.660000	0.00	
1253.860000	0.00	
1254.060000	0.00	
1254.260000	0.00	
1254.460000	0.00	
1254.660000	0.00	
1254.860000	0.00	
1255.060000	0.00	
1255.260000	0.00	
1255.460000	0.00	
1255.660000	0.00	
1255.860000	0.00	
1256.060000	0.00	
1256.260000	0.00	
1256.460000	0.00	
1256.660000	0.00	
1256.860000	0.00	
1257.060000	0.00	
1257.260000	0.00	
1257.460000	0.00	
1257.660000	0.00	
1257.860000	0.00	
1258.060000	0.00	
1258.260000	0.00	
1258.460000	0.00	
1258.660000	0.00	
1258.860000	0.00	
1259.060000	0.00	
1259.260000	0.00	
1259.460000	0.00	
1259.660000	0.00	
1259.860000	0.00	
1260.060000	0.00	
1260.260000	0.00	
1260.460000	0.00	
1260.660000	0.00	
1260.860000	0.00	
1261.060000	0.00	
1261.260000	0.00	
1261.460000	0.00	
1261.660000	0.00	
1261.860000	0.00	
1262.060000	0.00	
1262.260000	0.00	
1262.460000	0.00	
1262.660000	0.00	
1262.860000	0.00	
1263.060000	0.00	
1263.260000	0.00	
1263.460000	0.00	
1263.660000	0.00	
1263.860000	0.00	
1264.060000	0.00	
1264.260000	0.00	
1264.460000	0.00	
1264.660000	0.00	
1264.860000	0.00	
1265.060000	0.00	
1265.260000	0.00	
1265.460000	0.00	
1265.660000	0.00	
1265.860000	0.00	
1266.060000	0.00	
1266.260000	0.00	
1266.460000	0.00	
1266.660000	0.00	
1266.860000	0.00	
1267.060000	0.00	
1267.260000	0.00	
1267.460000	0.00	
1267.660000	0.00	
1267.860000	0.00	
1268.060000	0.00	
1268.260000	0.00	
1268.460000	0.00	
1268.660000	0.00	
1268.860000	0.00	
1269.060000	0.00	
1269.260000	0.00	
1269.460000	0.00	
1269.660000	0.00	
1269.860000	0.00	
1270.060000	0.00	
1270.260000	0.00	
1270.460000	0.00	
1270.660000	0.00	
1270.860000	0.00	
1271.060000	0.00	
1271.260000	0.00	
1271.460000	0.00	
1271.660000	0.00	
1271.860000	0.00	
1272.060000	0.00	
1272.260000	0.00	
1272.460000	0.00	
1272.660000	0.00	
1272.860000	0.00	
1273.060000	0.00	
1273.260000	0.00	
1273.460000	0.00	
1273.660000	0.00	
1273.860000	0.00	
1274.060000	0.00	
1274.260000	0.00	
1274.460000	0.00	
1274.660000	0.00	
1274.860000	0.00	
1275.060000	0.00	
1275.260000	0.00	
1275.460000	0.00	
1275.660000	0.00	
1275.860000	0.00	
1276.060000	0.00	
1276.260000	0.00	
1276.460000	0.00	
1276.660000	0.00	
1276.860000	0.00	
1277.060000	0.00	
1277.260000	0.00	
1277.460000	0.00	
1277.660000	0.00	
1277.860000	0.00	
1278.060000	0.00	
1278.260000	0.00	
1278.460000	0.00	
1278.660000	0.00	
1278.860000	0.00	
1279.060000	0.00	
1279.260000	0.00	
1279.460000	0.00	
1279.660000	0.00	
1279.860000	0.00	
1280.060000	0.00	
1280.260000	0.00	
1280.460000	0.00	
1280.660000	0.00	
1280.860000	0.00	
1281.060000	0.00	
1281.260000	0.00	
1281.460000	0.00	
1281.660000	0.00	
1281.860000	0.00	
1282.060000	0.00	
1282.260000	0.00	
1282.460000	0.00	
1282.660000	0.00	
1282.860000	0.00	
1283.060000	0.00	
1283.260000	0.00	
1283.460000	0.00	
1283.660000	0.00	
1283.860000	0.00	
1284.060000	0.00	
1284.260000	0.00	
1284.460000	0.00	
1284.660000	0.00	
1284.860000	0.00	
1285.060000	0.00	
1285.260000	0.00	
1285.460000	0.00	
1285.660000	0.00	
1285.860000	0.00	
1286.060000	0.00	
1286.260000	0.00	
1286.460000	0.00	
1286.660000	0.00	
1286.860000	0.00	
1287.060000	0.00	
1287.260000	0.00	
1287.460000	0.00	
1287.660000	0.00	
1287.860000	0.00	
1288.060000	0.00	
1288.260000	0.00	
1288.460000	0.00	
1288.660000	0.00	
1288.860000	0.00	
1289.060000	0.00	
1289.260000	0.00	
1289.460000	0.00	
1289.660000	0.00	
1289.860000	0.00	
1290.060000	0.00	
1290.260000	0.00	
1290.460000	0.00	
1290.660000	0.00	
1290.860000	0.00	
1291.060000	0.00	
1291.260000	0.00	
1291.460000	0.00	
1291.660000	0.00	
1291.860000	0.00	
1292.060000	0.00	
1292.260000	0.00	
1292.460000	0.00	
1292.660000	0.00	
1292.860000	0.00	
1293.060000	0.00	
1293.260000	0.00	
1293.460000	0.00	
1293.660000	0.00	
1293.860000	0.00	
1294.060000	0.00	
1294.260000	0.00	
1294.460000	0.00	
1294.660000	0.00	
1294.860000	0.00	
1295.060000	0.00	
1295.260000	0.00	
1295.460000	0.00	
1295.660000	0.00	
1295.860000	0.00	
1296.060000	0.00	
1296.260000	0.00	
1296.460000	0.00	
1296.660000	0.00	
1296.860000	0.00	
1297.060000	0.00	
1297.260000	0.00	
1297.460000	0.00	
1297.660000	0.00	
1297.860000	0.00	
1298.060000	0.00	
1298.260000	0.00	
1298.460000	0.00	
1298.660000	0.00	
1298.860000	0.00	
1299.060000	0.00	
1299.260000	0.00	
1299.460000	0.00	
1299.660000	0.00	
1299.860000	0.00	
1300.060000	0.00	
1300.260000	0.00	
1300.460000	0.00	
1300.660000	0.00	
1300.860000	0.00	
1301.060000	0.00	
1301.260000	0.00	
1301.460000	0.00	
1301.660000	0.00	
1301.860000	0.00	
1302.060000	0.00	
1302.260000	0.00	
1302.460000	0.00	
1302.660000	0.00	
1302.860000	0.00	
1303.060000	0.00	
1303.260000	0.00	
1303.460000	0.00	
1303.660000	0.00	
1303.860000	0.00	
1304.060000	0.00	
1304.260000	0.00	
1304.460000	0.00	
1304.660000	0.00	
1304.860000	0.00	
1305.060000	0.00	
1305.260000	0.00	
1305.460000	0.00	
1305.660000	0.00	
1305.860000	0.00	
1306.060000	0.00	
1306.260000	0.00	
1306.460000	0.00	
1306.660000	0.00	
1306.860000	0.00	
1307.060000	0.00	
1307.260000	0.00	
1307.460000	0.00	
1307.660000	0.00	
1307.860000	0.00	
1308.060000	0.00	
1308.260000	0.00	
1308.460000	0.00	
1308.660000	0.00	
1308.860000	0.00	
1309.060000	0.00	
1309.260000	0.00	
1309.460000	0.00	
1309.660000	0.00	
1309.860000	0.00	
1310.060000	0.00	
1310.260000	0.00	
1310.460000	0.00	
1310.660000	0.00	
1310.860000	0.00	
1311.060000	0.00	
1311.260000	0.00	
1311.460000	0.00	
1311.660000	0.00	
1311.860000	0.00	
1312.060000	0.00	
1312.260000	0.00	
1312.460000	0.00	
1312.660000	0.00	
1312.860000	0.00	
1313.060000	0.00	
1313.260000	0.00	
1313.460000	0.00	
1313.660000	0.00	
1313.860000	0.00	
1314.060000	0.00	
1314.260000	0.00	
1314.460000	0.00	
1314.660000	0.00	
1314.860000	0.00	
1315.060000	0.00	
1315.260000	0.00	
1315.460000	0.00	
1315.660000	0.00	
1315.860000	0.00	
1316.060000	0.00	
1316.260000	0.00	
1316.460000	0.00	
1316.660000	0.00	
1316.860000	0.00	
1317.060000	0.00	
1317.260000	0.00	
1317.460000	0.00	
1317.660000	0.00	
1317.860000	0.00	
1318.060000	0.00	
1318.260000	0.00	
1318.460000	0.00	
1318.660000	0.00	
1318.860000	0.00	
1319.060000	0.00	
1319.260000	0.00	
1319.460000	0.00	
1319.660000	0.00	
1319.860000	0.00	
1320.060000	0.00	
1320.260000	0.00	
1320.460000	0.00	
1320.660000	0.00	
1320.860000	0.00	
1321.060000	0.00	
1321.260000	0.00	
1321.460000	0.00	
1321.660000	0.00	
1321.860000	0.00	
1322.060000	0.00	
1322.260000	0.00	
1322.460000	0.00	
1322.660000	0.00	
1322.860000	0.00	
1323.060000	0.00	
1323.260000	0.00	
1323.460000	0.00	
1323.660000	0.00	
1323.860000	0.00	
1324.060000	0.00	
1324.260000	0.00	
1324.460000	0.00	
1324.660000	0.00	
1324.860000	0.00	
1325.060000	0.00	
1325.260000	0.00	
1325.460000	0.00	
1325.660000	0.00	
1325.860000	0.00	
1326.060000	0.00	
1326.260000	0.00	
1326.460000	0.00	
1326.660000	0.00	
1326.860000	0.00	
1327.060000	0.00	
1327.260000	0.00	
1327.460000	0.00	
1327.660000	0.00	
1327.860000	0.00	
1328.060000	0.00	
1328.260000	0.00	
1328.460000	0.00	
1328.660000	0.00	
1328.860000	0.00	
1329.060000	0.00	
1329.260000	0.00	
1329.460000	0.00	
1329.660000	0.00	
1329.860000	0.00	
1330.060000	0.00	
1330.260000	0.00	
1330.460000	0.00	
1330.660000	0.00	
1330.860000	0.00	
1331.060000	0.00	
1331.260000	0.00	
1331.460000	0.00	
1331.660000	0.00	
1331.860000	0.00	
1332.060000	0.00	
1332.260000	0.00	
1332.460000	0.00	
1332.660000	0.00	
1332.860000	0.00	
1333.060000	0.00	
1333.260000	0.00	
1333.460000	0.00	
1333.660000	0.00	
1333.860000	0.00	
1334.060000	0.00	
1334.260000	0.00	
1334.460000	0.00	
1334.660000	0.00	
1334.860000	0.00	
1335.060000	0.00	
1335.260000	0.00	
1335.460000	0.00	
1335.660000	0.00	
1335.860000	0.00	
1336.060000	0.00	
1336.260000	0.00	
1336.460000	0.00	
1336.660000	0.00	
1336.860000	0.00	
1337.060000	0.00	
1337.260000	0.00	
1337.460000	0.00	
1337.660000	0.00	
1337.860000	0.00	
1338.060000	0.00	
1338.260000	0.00	
1338.460000	0.00	
1338.660000	0.00	
1338.860000	0.00	
1339.060000	0.00	
1339.260000	0.00	
1339.460000	0.00	
1339.660000	0.00	
1339.860000	0.00	
1340.060000	0.00	
1340.260000	0.00	
1340.460000	0.00	
1340.660000	0.00	
1340.860000	0.00	
1341.060000	0.00	
1341.260000	0.00	
1341.460000	0.00	
1341.660000	0.00	
1341.860000	0.00	
1342.060000	0.00	
1342.260000	0.00	
1342.460000	0.00	
1342.660000	0.00	
1342.860000	0.00	
1343.060000	0.00	
1343.260000	0.00	
1343.460000	0.00	
1343.660000	0.00	
1343.860000	0.00	
1344.060000	0.00	
1344.260000	0.00	
1344.460000	0.00	
1344.660000	0.00	
1344.860000	0.00	
1345.060000	0.00	
1345.260000	0.00	
1345.460000	0.00	
1345.660000	0.00	
1345.860000	0.00	
1346.060000	0.00	
1346.260000	0.00	
1346.460000	0.00	
1346.660000	0.00	
1346.860000	0.00	
1347.060000	0.00	
1347.260000	0.00	
1347.460000	0.00	
1347.660000	0.00	
1347.860000	0.00	
1348.060000	0.00	
1348.260000	0.00	
1348.460000	0.00	
1348.660000	0.00	
1348.860000	0.00	
1349.060000	0.00	
1349.260000	0.00	
1349.460000	0.00	
1349.660000	0.00	
1349.860000	0.00	
1350.060000	0.00	
1350.260000	0.00	
1350.460000	0.00	
1350.660000	0.00	
1350.860000	0.00	
1351.060000	0.00	
1351.260000	0.00	
1351.460000	0.00	
1351.660000	0.00	
1351.860000	0.00	
1352.060000	0.00	
1352.260000	0.00	
1352.460000	0.00	
1352.660000	0.00	
1352.860000	0.00	
1353.060000	0.00	
1353.260000	0.00	
1353.460000	0.00	
1361.580000	0.00	
1361.780000	0.00	
1361.980000	0.00	
1362.180000	0.00	
1362.380000	0.00	
1362.580000	0.00	
1362.780000	0.00	
1362.980000	0.00	
1363.180000	0.00	
1363.380000	0.00	
1363.580000	0.00	
1363.780000	0.00	
1363.980000	0.00	
1364.180000	0.00	
1364.380000	0.00	
1364.580000	0.00	
1364.780000	0.00	
1364.980000	0.00	
1365.180000	0.00	
1365.380000	0.00	
1365.580000	0.00	
1365.780000	0.00	
1365.980000	0.00	
1366.180000	0.00	
1366.380000	0.00	
1366.580000	0.00	
1366.780000	0.00	
1366.980000	0.00	
1367.180000	0.00	
1367.380000	0.00	
1367.580000	0.00	
1367.780000	0.00	
1367.980000	0.00	
1368.180000	0.00	
1368.380000	0.00	
1368.580000	0.00	
1368.780000	0.00	
1368.980000	0.00	
1369.180000	0.00	
1369.380000	0.00	
1369.580000	0.00	
1369.780000	0.00	
1369.980000	0.00	
1370.180000	0.00	
1370.380000	0.00	
1370.580000	0.00	
1370.780000	0.00	
1370.980000	0.00	
1371.180000	0.00	
1371.380000	0.00	
1371.580000	0.00	
1371.780000	0.00	
1371.980000	0.00	
1372.180000	0.00	
1372.380000	0.00	
1372.580000	0.00	
1372.780000	0.00	
1372.980000	0.00	
1373.180000	0.00	
1373.380000	0.00	
1373.580000	0.00	
1373.780000	0.00	
1373.980000	0.00	
1374.180000	0.00	
1374.380000	0.00	
1374.580000	0.00	
1374.780000	0.00	
1374.980000	0.00	
1375.180000	0.00	
1375.380000	0.00	
1375.580000	0.00	
1375.780000	0.00	
1375.980000	0.00	
1376.180000	0.00	
1376.380000	0.00	
1376.580000	0.00	
1376.780000	0.00	
1376.980000	0.00	
1377.180000	0.00	
1377.380000	0.00	
1377.580000	0.00	
1377.780000	0.00	
1377.980000	0.00	
1378.180000	0.00	
1378.380000	0.00	
1378.580000	0.00	
1378.780000	0.00	
1378.980000	0.00	
1379.180000	0.00	
1379.380000	0.00	
1379.580000	0.00	
1379.780000	0.00	
1379.980000	0.00	
1380.180000	0.00	
1380.380000	0.00	
1380.580000	0.00	
1380.780000	0.00	
1380.980000	0.00	
1381.180000	0.00	
1381.380000	0.00	
1381.580000	0.00	
1381.780000	0.00	
1381.980000	0.00	
1382.180000	0.00	
1382.380000	0.00	
1382.580000	0.00	
1382.780000	0.00	
1382.980000	0.00	
1383.180000	0.00	
1383.380000	0.00	
1383.580000	0.00	
1383.780000	0.00	
1399.440000	0.00	
1399.640000	0.00	
1399.840000	0.00	
1400.040000	0.00	
1400.240000	0.00	
1400.440000	0.00	
1400.640000	0.00	
1400.840000	0.00	
1401.040000	0.00	
1401.240000	0.00	
1401.440000	0.00	
1401.640000	0.00	
1401.840000	0.00	
1402.040000	0.00	
1402.240000	0.00	
1402.440000	0.00	
1402.640000	0.00	
1402.840000	0.00	
1403.040000	0.00	
1403.240000	0.00	
1403.440000	0.00	
1403.640000	0.00	
1403.840000	0.00	
1404.040000	0.00	
1404.240000	0.00	
1404.440000	0.00	
1404.640000	0.00	
1404.840000	0.00	
1405.040000	0.00	
1405.240000	0.00	
1405.440000	0.00	
1405.640000	0.00	
1405.840000	0.00	
1406.040000	0.00	
1406.240000	0.00	
1406.440000	0.00	
1406.640000	0.00	
1406.840000	0.00	
1407.040000	0.00	
1407.240000	0.00	
1407.440000	0.00	
1407.640000	0.00	
1407.840000	0.00	
1408.040000	0.00	
1408.240000	0.00	
1408.440000	0.00	
1408.640000	0.00	
1408.840000	0.00	
1409.040000	0.00	
1409.240000	0.00	
1409.440000	0.00	
1409.640000	0.00	
1409.840000	0.00	
1410.040000	0.00	
1410.240000	0.00	
1410.440000	0.00	
1410.640000	0.00	
1410.840000	0.00	
1411.040000	0.00	
1411.240000	0.00	
1411.440000	0.00	
1411.640000	0.00	
1411.840000	0.00	
1412.040000	0.00	
1412.240000	0.00	
1412.440000	0.00	
1412.640000	0.00	
1412.840000	0.00	
1413.040000	0.00	
1413.240000	0.00	
1413.440000	0.00	
1413.640000	0.00	
1413.840000	0.00	
1414.040000	0.00	
1414.240000	0.00	
1414.440000	0.00	
1414.640000	0.00	
1414.840000	0.00	
1415.040000	0.00	
1415.240000	0.00	
1415.440000	0.00	
1415.640000	0.00	
1415.840000	0.00	
1416.040000	0.00	
1416.240000	0.00	
1416.440000	0.00	
1416.640000	0.00	
1416.840000	0.00	
1417.040000	0.00	
1417.240000	0.00	
1417.440000	0.00	
1417.640000	0.00	
1417.840000	0.00	
1418.040000	0.00	
1418.240000	0.00	
1418.440000	0.00	
1418.640000	0.00	
1418.840000	0.00	
1419.040000	0.00	
1419.240000	0.00	
1419.440000	0.00	
1419.640000	0.00	
1419.840000	0.00	
1420.040000	0.00	
1420.240000	0.00	
1440.240000	0.00	
1445.620000	0.00	
1445.820000	0.00	
1446.020000	0.00	
1446.220000	0.00	
1446.420000	0.00	
1446.620000	0.00	
1446.820000	0.00	
1447.020000	0.00	
1447.220000	0.00	
1447.420000	0.00	
1447.620000	0.00	
1447.820000	0.00	
1448.020000	0.00	
1448.220000	0.00	
1448.420000	0.00	
1448.620000	0.00	
1448.820000	0.00	
1449.020000	0.00	
1449.220000	0.00	
1449.420000	0.00	
1449.620000	0.00	
1449.820000	0.00	
1450.020000	0.00	
1450.220000	0.00	
1450.420000	0.00	
1450.620000	0.00	
1450.820000	0.00	
1451.020000	0.00	
1451.220000	0.00	
1451.420000	0.00	
1451.620000	0.00	
1451.820000	0.00	
1452.020000	0.00	
1452.220000	0.00	
1452.420000	0.00	
1452.620000	0.00	
1452.820000	0.00	
1453.020000	0.00	
1453.220000	0.00	
1453.420000	0.00	
1453.620000	0.00	
1453.820000	0.00	
1454.020000	0.00	
1454.220000	0.00	
1454.420000	0.00	
1454.620000	0.00	
1454.820000	0.00	
1455.020000	0.00	
1455.220000	0.00	
1455.420000	0.00	
1455.620000	0.00	
1455.820000	0.00	
1456.020000	0.00	
1456.220000	0.00	
1456.420000	0.00	
1456.620000	0.00	
1456.820000	0.00	
1457.020000	0.00	
1457.220000	0.00	
1457.420000	0.00	
1457.620000	0.00	
1457.820000	0.00	
1458.020000	0.00	
1458.220000	0.00	
1458.420000	0.00	
1458.620000	0.00	
1458.820000	0.00	
1459.020000	0.00	
1459.220000	0.00	
1459.420000	0.00	
1459.620000	0.00	
1459.820000	0.00	
1460.020000	0.00	
1460.220000	0.00	
1460.420000	0.00	
1460.620000	0.00	
1460.820000	0.00	
1461.020000	0.00	
1461.220000	0.00	
1461.420000	0.00	
1461.620000	0.00	
1461.820000	0.00	
1462.020000	0.00	
1462.220000	0.00	
1462.420000	0.00	
1462.620000	0.00	
1462.820000	0.00	
1463.020000	0.00	
1463.220000	0.00	
1463.420000	0.00	
1463.620000	0.00	
1463.820000	0.00	
1464.020000	0.00	
1464.220000	0.00	
1464.420000	0.00	
1464.620000	0.00	
1464.820000	0.00	
1465.020000	0.00	
1465.220000	0.00	
1465.420000	0.00	
1465.620000	0.00	
1465.820000	0.00	
1466.020000	0.00	
1466.220000	0.00	
1466.420000	0.00	
1466.620000	0.00	
1466.820000	0.00	
1467.020000	0.00	
1467.220000	0.00	
1487.220000	0.00	
1507.220000	0.00	
1511.360000	0.00	
1511.560000	0.00	
1511.760000	0.00	
1511.960000	0.00	
1512.160000	0.00	
1512.360000	0.00	
1512.560000	0.00	
1512.760000	0.00	
1512.960000	0.00	
1513.160000	0.00	
1513.360000	0.00	
1513.560000	0.00	
1513.760000	0.00	
1513.960000	0.00	
1514.160000	0.00	
1514.360000	0.00	
1514.560000	0.00	
1514.760000	0.00	
1514.960000	0.00	
1515.160000	0.00	
1515.360000	0.00	
1515.560000	0.00	
1515.760000	0.00	
1515.960000	0.00	
1516.160000	0.00	
1516.360000	0.00	
1516.560000	0.00	
1516.760000	0.00	
1516.960000	0.00	
1517.160000	0.00	
1517.360000	0.00	
1517.560000	0.00	
1517.760000	0.00	
1517.960000	0.00	
1518.160000	0.00	
1518.360000	0.00	
1518.560000	0.00	
1518.760000	0.00	
1518.960000	0.00	
1519.160000	0.00	
1519.360000	0.00	
1519.560000	0.00	
1519.760000	0.00	
1519.960000	0.00	
1520.160000	0.00	
1520.360000	0.00	
1520.560000	0.00	
1520.760000	0.00	
1520.960000	0.00	
1521.160000	0.00	
1521.360000	0.00	
1521.560000	0.00	
1521.760000	0.00	
1521.960000	0.00	
1522.160000	0.00	
1522.360000	0.00	
1522.560000	0.00	
1522.760000	0.00	
1522.960000	0.00	
1523.160000	0.00	
1523.360000	0.00	
1523.560000	0.00	
1523.760000	0.00	
1523.960000	0.00	
1524.160000	0.00	
1524.360000	0.00	
1524.560000	0.00	
1524.760000	0.00	
1524.960000	0.00	
1525.160000	0.00	
1525.360000	0.00	
1525.560000	0.00	
1525.760000	0.00	
1525.960000	0.00	
1526.160000	0.00	
1526.360000	0.00	
1526.560000	0.00	
1526.760000	0.00	
1526.960000	0.00	
1527.160000	0.00	
1527.360000	0.00	
1527.560000	0.00	
1527.760000	0.00	
1527.960000	0.00	
1528.160000	0.00	
1528.360000	0.00	
1528.560000	0.00	
1528.760000	0.00	
1528.960000	0.00	
1529.160000	0.00	
1529.360000	0.00	
1529.560000	0.00	
1529.760000	0.00	
1529.960000	0.00	
1530.160000	0.00	
1530.360000	0.00	
1530.560000	0.00	
1530.760000	0.00	
1530.960000	0.00	
1531.160000	0.00	
1531.360000	0.00	
1531.560000	0.00	
1531.760000	0.00	
1531.960000	0.00	
1532.160000	0.00	
1532.360000	0.00	
1532.560000	0.00	
1532.760000	0.00	
1532.960000	0.00	
1533.160000	0.00	
1533.360000	0.00	
1533.560000	0.00	
1533.760000	0.00	
1533.960000	0.00	
1534.160000	0.00	
1534.360000	0.00	
1534.560000	0.00	
1534.760000	0.00	
1534.960000	0.00	
1535.160000	0.00	
1535.360000	0.00	
1535.560000	0.00	
1535.760000	0.00	
1535.960000	0.00	
1536.160000	0.00	
1536.360000	0.00	
1536.560000	0.00	
1536.760000	0.00	
1536.960000	0.00	
1537.160000	0.00	
1537.360000	0.00	
1537.560000	0.00	
1537.760000	0.00	
1537.960000	0.00	
1538.160000	0.00	
1538.360000	0.00	
1538.560000	0.00	
1538.760000	0.00	
1538.960000	0.00	
1539.160000	0.00	
1539.360000	0.00	
1539.560000	0.00	
1539.760000	0.00	
1539.960000	0.00	
1540.160000	0.00	
1540.360000	0.00	
1540.560000	0.00	
1540.760000	0.00	
1540.960000	0.00	
1541.160000	0.00	
1541.360000	0.00	
1541.560000	0.00	
1541.760000	0.00	
1541.960000	0.00	
1542.160000	0.00	
1542.360000	0.00	
1542.560000	0.00	
1542.760000	0.00	
1542.960000	0.00	
1543.160000	0.00	
1543.360000	0.00	
1543.560000	0.00	
1543.760000	0.00	
1543.960000	0.00	
1544.160000	0.00	
1544.360000	0.00	
1544.560000	0.00	
1544.760000	0.00	
1544.960000	0.00	
1545.160000	0.00	
1545.360000	0.00	
1545.560000	0.00	
1565.560000	0.00	
1585.560000	0.00	
1605.560000	0.00	
1625.560000	0.00	
1645.560000	0.00	
1665.560000	0.00	
1685.560000	0.00	
1705.560000	0.00	
1725.560000	0.00	
1745.560000	0.00	
1765.560000	0.00	
1785.560000	0.00	
1805.560000	0.00	
1825.560000	0.00	
1845.560000	0.00	
1865.560000	0.00	
1885.560000	0.00	
1905.560000	0.00	
1925.560000	0.00	
1945.560000	0.00	
1965.560000	0.00	
1985.560000	0.00	
2005.560000	0.00	
2025.560000	0.00	
2045.560000	0.00	
2065.560000	0.00	
2085.560000	0.00	
2105.560000	0.00	
2125.560000	0.00	
2145.560000	0.00	
2165.560000	0.00	
2185.560000	0.00	
2205.560000	0.00	
2225.560000	0.00	
2245.560000	0.00	
2265.560000	0.00	
2285.560000	0.00	
2305.560000	0.00	
2325.560000	0.00	
2345.560000	0.00	
2365.560000	0.00	
2385.560000	0.00	
2405.560000	0.00	
2425.560000	0.00	
2445.560000	0.00	
2465.560000	0.00	
2485.560000	0.00	
