0.000000	-65.999999999999772626	
20.000000	-65.897711440748153677	
40.000000	-65.898446290150914706	
60.000000	-65.898411107905246809	
80.000000	-65.898255874344073391	
100.000000	-65.898039843675093152	
120.000000	-71.488057503034383444	
140.000000	-70.941808629471395875	
160.000000	-70.093449039977528514	
180.000000	-69.202783141285138413	
200.000000	-68.346121678728096072	
220.000000	-67.548715144799274412	
240.000000	-66.809013670803878426	
260.000000	-66.120329975226823649	
280.000000	-65.476020932981498390	
300.000000	-64.870442129101434148	
320.000000	-64.298801681168313849	
340.000000	-63.732996107994807744	
360.000000	-63.216456680953548641	
380.000000	-62.732017452754014641	
400.000000	-62.271905275628029131	
420.000000	-61.832199571343274158	
440.000000	-61.410510808464707111	
460.000000	-61.005109459839779618	
480.000000	-60.614593554442400603	
500.000000	-60.237751429527783387	
520.000000	-59.623513249751631804	
540.000000	-59.071844465781545352	
560.000000	-58.580211955267586177	
580.000000	-58.145538237853642727	
600.000000	-57.765147916800131611	
620.000000	-57.436765447134312979	
640.000000	-57.158379119454750139	
653.300000	-56.999996167414529680	
653.500000	-56.997773941669507280	
653.700000	-56.995556397191279530	
653.900000	-56.993343532040384503	
654.100000	-56.991135344274852059	
654.300000	-56.988931831952207574	
654.500000	-56.986732993128192959	
654.700000	-56.984538825857796951	
654.900000	-56.982349328193997451	
655.100000	-56.980164498188273114	
655.300000	-56.977984333889907020	
655.500000	-56.975808833350164662	
655.700000	-56.973637994614918512	
655.900000	-56.971471815731440813	
656.100000	-56.969310294743898737	
656.300000	-56.967153429696153921	
656.500000	-56.965001218629332413	
656.700000	-56.962853659584787636	
656.900000	-56.960710750601904806	
657.100000	-56.958572489717305132	
657.300000	-56.956438874968071673	
657.500000	-56.954309904388516372	
657.700000	-56.952185576011764567	
657.900000	-56.950065887869662618	
658.100000	-56.947950837992117101	
658.300000	-56.945840424407393243	
658.500000	-56.943734645143159412	
658.700000	-56.941633498225328935	
658.900000	-56.939536981677044025	
659.100000	-56.937445093520622663	
659.300000	-56.935357831777231752	
659.500000	-56.933275194465764457	
659.700000	-56.931197179603934444	
659.900000	-56.929123785207281117	
660.100000	-56.927055009290576493	
660.300000	-56.924990849866034637	
660.500000	-56.922931304945386444	
660.700000	-56.920876372536710619	
660.900000	-56.918826050648263504	
661.100000	-56.916780337287306679	
661.300000	-56.914739230457961128	
661.500000	-56.912702728162926746	
661.700000	-56.910670828403063126	
661.900000	-56.908643529178895903	
662.100000	-56.906620828487000097	
662.300000	-56.904602724323353868	
662.500000	-56.902589214681754015	
662.700000	-56.900580297554171239	
662.900000	-56.898575970930373558	
663.100000	-56.896576232799034756	
663.300000	-56.894581081146448298	
663.500000	-56.892590513957202347	
663.700000	-56.890604529213334217	
663.900000	-56.888623124895680405	
664.100000	-56.886646298983052361	
664.300000	-56.884674049452797817	
664.500000	-56.882706374279742079	
664.700000	-56.880743271436941200	
664.900000	-56.878784738896477791	
665.100000	-56.876830774626363052	
665.300000	-56.874881376595247673	
665.500000	-56.872936542767739354	
665.700000	-56.870996271108680276	
665.900000	-56.869060559577569336	
666.100000	-56.867129406136108116	
666.300000	-56.865202808741258877	
666.500000	-56.863280765348385160	
666.700000	-56.861363273911926797	
666.900000	-56.859450332383154603	
667.100000	-56.857541938711740670	
667.300000	-56.855638090846028376	
667.500000	-56.853738786730822596	
667.700000	-56.851844024309883707	
667.900000	-56.849953801525771269	
668.100000	-56.848068116316660792	
668.300000	-56.846186966621239378	
668.500000	-56.844310350373739027	
668.700000	-56.842438265507979622	
668.900000	-56.840570709955109407	
669.100000	-56.838707681644123682	
669.300000	-56.836849178502014013	
669.500000	-56.834995198453782450	
669.700000	-56.833145739422477050	
669.900000	-56.831300799327458151	
670.100000	-56.829460376087951090	
670.300000	-56.827624467619770599	
670.500000	-56.825793071837132686	
670.700000	-56.823966186651190924	
670.900000	-56.822143809971478845	
671.100000	-56.820325939707181817	
671.300000	-56.818512573761722706	
671.500000	-56.816703710039362818	
671.700000	-56.814899346439894146	
671.900000	-56.813099480861616541	
672.100000	-56.811304111201359035	
672.300000	-56.809513235353200855	
672.500000	-56.807726851208670382	
672.700000	-56.805944956657057787	
672.900000	-56.804167549585841357	
673.100000	-56.802394627879834843	
673.300000	-56.800626189420555079	
673.500000	-56.798862232090073121	
673.700000	-56.797102753764995953	
673.900000	-56.795347752321134749	
674.100000	-56.793597225631692993	
674.300000	-56.791851171567643064	
674.500000	-56.790109587996980167	
674.700000	-56.788372472786761591	
674.900000	-56.786639823801053240	
675.100000	-56.784911638900346986	
675.300000	-56.783187915944317581	
675.500000	-56.781468652789577334	
675.700000	-56.779753847289498481	
675.900000	-56.778043497296820874	
676.100000	-56.776337600660440330	
676.300000	-56.774636155227419465	
676.500000	-56.772939158842753216	
676.700000	-56.771246609348771983	
676.900000	-56.769558504584253456	
677.100000	-56.767874842386589762	
677.300000	-56.766195620590885085	
677.500000	-56.764520837028619837	
677.700000	-56.762850489530968900	
677.900000	-56.761184575923898876	
678.100000	-56.759523094033617951	
678.300000	-56.757866041681474201	
678.500000	-56.756213416689377027	
678.700000	-56.754565216873032796	
678.900000	-56.752921440048346824	
679.100000	-56.751282084027735664	
679.300000	-56.749647146621192917	
679.500000	-56.748016625635884225	
679.700000	-56.746390518875834630	
679.900000	-56.744768824143804409	
680.100000	-56.743151539238517955	
680.300000	-56.741538661957811485	
680.500000	-56.739930190094995055	
680.700000	-56.738326121442504757	
680.900000	-56.736726453788989488	
681.100000	-56.735131184920390979	
681.300000	-56.733540312621009605	
681.500000	-56.731953834672580683	
681.700000	-56.730371748852384428	
681.900000	-56.728794052936905246	
682.100000	-56.727220744699948796	
682.300000	-56.725651821910773265	
682.500000	-56.724087282339212379	
682.700000	-56.722527123749010514	
682.900000	-56.720971343903414663	
683.100000	-56.719419940562104898	
683.300000	-56.717872911483240728	
683.500000	-56.716330254421130519	
683.700000	-56.714791967127901273	
683.900000	-56.713258047352084645	
684.100000	-56.711728492841515958	
684.300000	-56.710203301339646487	
684.500000	-56.708682470587433500	
684.700000	-56.707165998323233680	
684.900000	-56.705653882282774703	
685.100000	-56.704146120199794723	
685.300000	-56.702642709804308652	
685.500000	-56.701143648824427146	
685.700000	-56.699648934983542858	
685.900000	-56.698158566005439241	
686.100000	-56.696672539608911734	
686.300000	-56.695190853510325724	
686.500000	-56.693713505423886545	
686.700000	-56.692240493060289452	
686.900000	-56.690771814128233075	
687.100000	-56.689307466333524133	
687.300000	-56.687847447378210575	
687.500000	-56.686391754962151879	
687.700000	-56.684940386784248290	
687.900000	-56.683493340536593053	
688.100000	-56.682050613911734160	
688.300000	-56.680612204598887161	
688.500000	-56.679178110283615410	
688.700000	-56.677748328649364851	
688.900000	-56.676322857376078446	
689.100000	-56.674901694141148312	
689.300000	-56.673484836618499116	
689.500000	-56.672072282482190531	
689.700000	-56.670664029399709705	
689.900000	-56.669260075036667956	
690.100000	-56.667860417056743927	
690.300000	-56.666465053121491735	
690.500000	-56.665073980886724314	
690.700000	-56.663687198008702239	
690.900000	-56.662304702138392543	
691.100000	-56.660926490924715893	
691.300000	-56.659552562014411592	
691.500000	-56.658182913049309093	
691.700000	-56.656817541670349669	
691.900000	-56.655456445515604003	
692.100000	-56.654099622219561638	
692.300000	-56.652747069412932035	
692.500000	-56.651398784725714108	
692.700000	-56.650054765783174560	
692.900000	-56.648715010207354226	
693.100000	-56.647379515619149970	
693.300000	-56.646048279635685674	
693.500000	-56.644721299870859355	
693.700000	-56.643398573935634488	
693.900000	-56.642080099438999241	
694.100000	-56.640765873985920109	
694.300000	-56.639455895178898004	
694.500000	-56.638150160617932727	
694.700000	-56.636848667898405552	
694.900000	-56.635551414615285637	
695.100000	-56.634258398358767295	
695.300000	-56.632969616716586359	
695.500000	-56.631685067273025425	
695.700000	-56.630404747610882055	
695.900000	-56.629128655308420548	
696.100000	-56.627856787941809102	
696.300000	-56.626589143084032685	
696.500000	-56.625325718304715394	
696.700000	-56.624066511171285754	
696.900000	-56.622811519247662204	
697.100000	-56.621560740095638664	
697.300000	-56.620314171271417081	
697.500000	-56.619071810331746519	
697.700000	-56.617833654828160661	
697.900000	-56.616599702309841291	
698.100000	-56.615369950323078285	
698.300000	-56.614144396411873572	
698.500000	-56.612923038114672636	
698.700000	-56.611705872969736220	
698.900000	-56.610492898511921567	
699.100000	-56.609284112270756850	
699.300000	-56.608079511775592607	
699.500000	-56.606879094551224796	
699.700000	-56.605682858119898526	
699.900000	-56.604490800000817785	
700.100000	-56.603302917710216491	
700.300000	-56.602119208761138225	
700.500000	-56.600939670664004666	
700.700000	-56.599764300926089788	
700.900000	-56.598593097050851952	
701.100000	-56.597426056540179218	
701.300000	-56.596263176891667968	
701.500000	-56.595104455600328208	
701.700000	-56.593949890158469884	
701.900000	-56.592799478055930251	
702.100000	-56.591653216776990121	
702.300000	-56.590511103805916093	
702.500000	-56.589373136621532012	
702.700000	-56.588239312701745121	
702.900000	-56.587109629520206511	
703.100000	-56.585984084548314854	
703.300000	-56.584862675252686870	
703.500000	-56.583745399098830831	
703.700000	-56.582632253548567292	
703.900000	-56.581523236060341731	
704.100000	-56.580418344090645633	
704.300000	-56.579317575091693016	
704.500000	-56.578220926512443612	
704.700000	-56.577128395800727390	
704.900000	-56.576039980398860507	
705.100000	-56.574955677748192784	
705.300000	-56.573875485285995524	
705.500000	-56.572799400446534435	
705.700000	-56.571727420661723329	
705.900000	-56.570659543359994359	
706.100000	-56.569595765965985379	
706.300000	-56.568536085902337618	
706.500000	-56.567480500587784320	
706.700000	-56.566429007439417376	
706.900000	-56.565381603870129368	
707.100000	-56.564338287289650964	
707.300000	-56.563299055105318303	
707.500000	-56.562263904720985863	
707.700000	-56.561232833537651743	
707.900000	-56.560205838954317414	
708.100000	-56.559182918363845261	
708.300000	-56.558164069159325038	
708.500000	-56.557149288730485637	
708.700000	-56.556138574461876090	
708.900000	-56.555131923736070121	
709.100000	-56.554129333933360613	
709.300000	-56.553130802430494839	
709.500000	-56.552136326600894733	
709.700000	-56.551145903815282168	
709.900000	-56.550159531441359206	
710.100000	-56.549177206843559418	
710.300000	-56.548198927382522072	
710.500000	-56.547224690417984050	
710.700000	-56.546254493303443667	
710.900000	-56.545288333393685321	
711.100000	-56.544326208036885362	
711.300000	-56.543368114579649841	
711.500000	-56.542414050364520506	
711.700000	-56.541464012732348010	
711.900000	-56.540517999020032391	
712.100000	-56.539576006561937049	
712.300000	-56.538638032689384261	
712.500000	-56.537704074730868342	
712.700000	-56.536774130010591932	
712.900000	-56.535848195851137632	
713.100000	-56.534926269571968760	
713.300000	-56.534008348488342222	
713.500000	-56.533094429913383294	
713.700000	-56.532184511157161921	
713.900000	-56.531278589526877454	
714.100000	-56.530376662326915493	
714.300000	-56.529478726857178117	
714.500000	-56.528584780416203159	
714.700000	-56.527694820299657863	
714.900000	-56.526808843798512783	
715.100000	-56.525926848201514474	
715.300000	-56.525048830795292076	
715.500000	-56.524174788862517005	
715.700000	-56.523304719683238773	
715.900000	-56.522438620533570486	
716.100000	-56.521576488688516804	
716.300000	-56.520718321417561469	
716.500000	-56.519864115991069298	
716.700000	-56.519013869671375971	
716.900000	-56.518167579722444316	
717.100000	-56.517325243402204649	
717.300000	-56.516486857966299340	
717.500000	-56.515652420668416767	
717.700000	-56.514821928757974945	
717.900000	-56.513995379483233705	
718.100000	-56.513172770087599872	
718.300000	-56.512354097811211773	
718.500000	-56.511539359892680068	
718.700000	-56.510728553567496135	
718.900000	-56.509921676068380236	
719.100000	-56.509118724623952801	
719.300000	-56.508319696460588943	
719.500000	-56.507524588801203436	
719.700000	-56.506733398867012852	
719.900000	-56.505946123874693399	
720.100000	-56.505162761039557040	
720.300000	-56.504383307572069839	
720.500000	-56.503607760681241245	
720.700000	-56.502836117572954322	
720.900000	-56.502068375449823634	
721.100000	-56.501304531511387097	
721.300000	-56.500544582954709938	
721.500000	-56.499788526973354408	
721.700000	-56.499036360759262720	
721.900000	-56.498288081499957514	
722.100000	-56.497543686379970040	
722.300000	-56.496803172581614660	
722.500000	-56.496066537284669096	
722.700000	-56.495333777665457831	
722.900000	-56.494604890898905580	
723.100000	-56.493879874153471121	
723.300000	-56.493158724598004028	
723.500000	-56.492441439397488523	
723.700000	-56.491728015713981392	
723.900000	-56.491018450707180421	
724.100000	-56.490312741534410179	
724.300000	-56.489610885350337810	
724.500000	-56.488912879305807735	
724.700000	-56.488218720548005081	
724.900000	-56.487528406222622834	
725.100000	-56.486841933472426547	
725.300000	-56.486159299435051651	
725.500000	-56.485480501246271956	
725.700000	-56.484805536040688878	
725.900000	-56.484134400946778953	
726.100000	-56.483467093093949529	
726.300000	-56.482803609605191753	
726.500000	-56.482143947603347556	
726.700000	-56.481488104206874823	
726.900000	-56.480836076531332424	
727.100000	-56.480187861690808404	
727.300000	-56.479543456795532563	
727.500000	-56.478902858953318855	
727.700000	-56.478266065268030616	
727.900000	-56.477633072842529316	
728.100000	-56.477003878775121848	
728.300000	-56.476378480163766937	
728.500000	-56.475756874101598726	
728.700000	-56.475139057679278665	
728.900000	-56.474525027984689984	
729.100000	-56.473914782103264542	
729.300000	-56.473308317118082300	
729.500000	-56.472705630109651054	
729.700000	-56.472106718153121108	
729.900000	-56.471511578325170433	
730.100000	-56.470920207695861848	
730.300000	-56.470332603334760790	
730.500000	-56.469748762307560241	
730.700000	-56.469168681678354460	
730.900000	-56.468592358506661810	
731.100000	-56.468019789851233270	
731.300000	-56.467450972767842643	
731.500000	-56.466885904308199429	
731.700000	-56.466324581522115977	
731.900000	-56.465767001457408014	
732.100000	-56.465213161157635113	
732.300000	-56.464663057665141821	
732.500000	-56.464116688018549439	
732.700000	-56.463574049255214504	
732.900000	-56.463035138407200009	
733.100000	-56.462499952507272383	
733.300000	-56.461968488581774750	
733.500000	-56.461440743657959729	
733.700000	-56.460916714758923263	
733.900000	-56.460396398904030946	
734.100000	-56.459879793111710455	
734.300000	-56.459366894396843861	
734.500000	-56.458857699772103445	
734.700000	-56.458352206246885885	
734.900000	-56.457850410829223620	
735.100000	-56.457352310522367134	
735.300000	-56.456857902330419563	
735.500000	-56.456367183251003894	
735.700000	-56.455880150281224417	
735.900000	-56.455396800415677205	
736.100000	-56.454917130644929557	
736.300000	-56.454441137958781383	
736.500000	-56.453968819344723329	
736.700000	-56.453500171785222506	
736.900000	-56.453035192262184694	
737.100000	-56.452573877753785325	
737.300000	-56.452116225235712932	
737.500000	-56.451662231683215509	
737.700000	-56.451211894065934871	
737.900000	-56.450765209353576779	
738.100000	-56.450322174511441631	
738.300000	-56.449882786503515320	
738.500000	-56.449447042290877619	
738.700000	-56.449014938831297172	
738.900000	-56.448586473081441284	
739.100000	-56.448161641995163507	
739.300000	-56.447740442521556758	
739.500000	-56.447322871611312678	
739.700000	-56.446908926209069080	
739.900000	-56.446498603259527727	
740.100000	-56.446091899704398998	
740.300000	-56.445688812483176378	
740.500000	-56.445289338534763601	
740.700000	-56.444893474795044597	
740.900000	-56.444501218195249237	
741.100000	-56.444112565667005299	
741.300000	-56.443727514135559886	
741.500000	-56.443346060526351948	
741.700000	-56.442968201760592706	
741.900000	-56.442593934757304908	
742.100000	-56.442223256432995981	
742.300000	-56.441856163701814353	
742.500000	-56.441492653474604424	
742.700000	-56.441132722662729293	
742.900000	-56.440776368170482158	
743.100000	-56.440423586903648356	
743.300000	-56.440074375764666570	
743.500000	-56.439728731652344607	
743.700000	-56.439386651464374722	
743.900000	-56.439048132096552024	
744.100000	-56.438713170441090483	
744.300000	-56.438381763388690615	
744.500000	-56.438053907828191313	
744.700000	-56.437729600645447192	
744.900000	-56.437408838724415716	
745.100000	-56.437091618946809035	
745.300000	-56.436777938192911108	
745.500000	-56.436467793339438970	
745.700000	-56.436161181260629860	
745.900000	-56.435858098830649965	
746.100000	-56.435558542918009550	
746.300000	-56.435262510393357616	
746.500000	-56.434969998119839829	
746.700000	-56.434681002962143737	
746.900000	-56.434395521781993921	
747.100000	-56.434113551437320666	
747.300000	-56.433835088786160838	
747.500000	-56.433560130682870692	
747.700000	-56.433288673978672989	
747.900000	-56.433020715524747857	
748.100000	-56.432756252168260858	
748.300000	-56.432495280756050704	
748.500000	-56.432237798130628903	
748.700000	-56.431983801134080636	
748.900000	-56.431733286606281297	
749.100000	-56.431486251383816466	
749.300000	-56.431242692301502473	
749.500000	-56.431002606192713245	
749.700000	-56.430765989888605816	
749.900000	-56.430532840217729529	
750.100000	-56.430303154006239197	
750.300000	-56.430076928078698018	
750.500000	-56.429854159258454160	
750.700000	-56.429634844365196500	
750.900000	-56.429418980217050716	
751.100000	-56.429206563630117444	
751.300000	-56.428997591419516766	
751.500000	-56.428792060397249486	
751.700000	-56.428589967372630554	
751.900000	-56.428391309154164901	
752.100000	-56.428196082547984247	
752.300000	-56.428004284358088682	
752.500000	-56.427815911386517200	
752.700000	-56.427630960433816654	
752.900000	-56.427449428297052236	
753.100000	-56.427271311772436491	
753.300000	-56.427096607654775084	
753.500000	-56.426925312735875195	
753.700000	-56.426757423805767644	
753.900000	-56.426592937652984006	
754.100000	-56.426431851063838963	
754.300000	-56.426274160821542125	
754.500000	-56.426119863709814695	
754.700000	-56.425968956508690155	
754.900000	-56.425821435996112996	
755.100000	-56.425677298949722172	
755.300000	-56.425536542143532870	
755.500000	-56.425399162349769711	
755.700000	-56.425265156341872341	
755.900000	-56.425134520886381040	
756.100000	-56.425007252751733233	
756.300000	-56.424883348703644970	
756.500000	-56.424762805504471430	
756.700000	-56.424645619916937278	
756.900000	-56.424531788700996060	
757.100000	-56.424421308613347037	
757.300000	-56.424314176411982658	
757.500000	-56.424210388850504216	
757.700000	-56.424109942681020868	
757.900000	-56.424012834654021731	
758.100000	-56.423919061520059870	
758.300000	-56.423828620024998770	
758.500000	-56.423741506916343269	
758.700000	-56.423657718935359640	
758.900000	-56.423577252825644734	
759.100000	-56.423500105326930054	
759.300000	-56.423426273177931023	
759.500000	-56.423355753115423283	
759.700000	-56.423288541873944268	
759.900000	-56.423224636187633507	
760.100000	-56.423164032788562849	
760.300000	-56.423106728405713284	
760.500000	-56.423052719767568419	
760.700000	-56.423002003601453680	
760.900000	-56.422954576631788370	
761.100000	-56.422910435581705713	
761.300000	-56.422869577173379696	
761.500000	-56.422831998126952158	
761.700000	-56.422797695160909370	
761.900000	-56.422766664991023333	
762.100000	-56.422738904333570531	
762.300000	-56.422714409901971067	
762.500000	-56.422693178407762105	
762.700000	-56.422675206561805794	
762.900000	-56.422660491072953448	
763.100000	-56.422649028647761327	
763.300000	-56.422640815992828323	
763.500000	-56.422635849812330378	
763.700000	-56.422634126808688393	
763.900000	-56.422635643682596651	
764.100000	-56.422640397133626777	
764.300000	-56.422648383860554588	
764.500000	-56.422659600559917692	
764.700000	-56.422674043925987064	
764.900000	-56.422691710652330244	
765.100000	-56.422712597430866310	
765.300000	-56.422736700953208810	
765.500000	-56.422764017908924927	
765.700000	-56.422794544983567278	
765.900000	-56.422828278865168272	
766.100000	-56.422865216238271557	
766.300000	-56.422905353785303362	
766.500000	-56.422948688188697020	
766.700000	-56.422995216130082952	
766.900000	-56.423044934288490992	
767.100000	-56.423097839340265125	
767.300000	-56.423153927962815146	
767.500000	-56.423213196831021321	
767.700000	-56.423275642618442305	
767.900000	-56.423341261997634888	
768.100000	-56.423410051639109497	
768.300000	-56.423482008213063921	
768.500000	-56.423557128386953252	
768.700000	-56.423635408828793913	
768.900000	-56.423716846203241460	
769.100000	-56.423801437175697515	
769.300000	-56.423889178408337841	
769.500000	-56.423980066564027425	
769.700000	-56.424074098302341440	
769.900000	-56.424171270283025592	
770.100000	-56.424271579163928436	
770.300000	-56.424375021601392177	
770.500000	-56.424481594251979288	
770.700000	-56.424591293769431388	
770.900000	-56.424704116805592946	
771.100000	-56.424820060014717171	
771.300000	-56.424939120046289531	
771.500000	-56.425061293549354957	
771.700000	-56.425186577172411262	
771.900000	-56.425314967562954394	
772.100000	-56.425446461366632889	
772.300000	-56.425581055229258709	
772.500000	-56.425718745792849518	
772.700000	-56.425859529701241968	
772.900000	-56.426003403595636598	
773.100000	-56.426150364115180480	
773.300000	-56.426300407900818357	
773.500000	-56.426453531589224610	
773.700000	-56.426609731817293891	
773.900000	-56.426769005221679265	
774.100000	-56.426931348437577185	
774.300000	-56.427096758097221141	
774.500000	-56.427265230834855458	
774.700000	-56.427436763280717003	
774.900000	-56.427611352066790573	
775.100000	-56.427788993822105112	
775.300000	-56.427969685174467429	
775.500000	-56.428153422753183577	
775.700000	-56.428340203183410040	
775.900000	-56.428530023091305168	
776.100000	-56.428722879101137266	
776.300000	-56.428918767836115933	
776.500000	-56.429117685920012093	
776.700000	-56.429319629973889505	
776.900000	-56.429524596619096144	
777.100000	-56.429732582474045444	
777.300000	-56.429943584158941405	
777.500000	-56.430157598291167176	
777.700000	-56.430374621488098796	
777.900000	-56.430594650366430187	
778.100000	-56.430817681539764408	
778.300000	-56.431043711623686931	
778.500000	-56.431272737231914505	
778.700000	-56.431504754976963056	
778.900000	-56.431739761470382177	
779.100000	-56.431977753322776437	
779.300000	-56.432218727145347259	
779.500000	-56.432462679546752327	
779.700000	-56.432709607134995622	
779.900000	-56.432959506518280079	
780.100000	-56.433212374303778347	
780.300000	-56.433468207097405411	
780.500000	-56.433727001504053078	
780.700000	-56.433988754128513676	
780.900000	-56.434253461574968469	
781.100000	-56.434521120446156317	
781.300000	-56.434791727344730816	
781.500000	-56.435065278871377359	
781.700000	-56.435341771628273477	
781.900000	-56.435621202214619530	
782.100000	-56.435903567229381395	
782.300000	-56.436188863272008120	
782.500000	-56.436477086941060577	
782.700000	-56.436768234832548785	
782.900000	-56.437062303544514918	
783.100000	-56.437359289671888973	
783.300000	-56.437659189810794658	
783.500000	-56.437962000555558006	
783.700000	-56.438267718500462422	
783.900000	-56.438576340238476803	
784.100000	-56.438887862363166903	
784.300000	-56.439202281466705813	
784.500000	-56.439519594140598713	
784.700000	-56.439839796976833952	
784.900000	-56.440162886563989275	
785.100000	-56.440488859492987217	
785.300000	-56.440817712354032665	
785.500000	-56.441149441734260961	
785.700000	-56.441484044223926730	
785.900000	-56.441821516408829496	
786.100000	-56.442161854878044380	
786.300000	-56.442505056216752735	
786.500000	-56.442851117010739870	
786.700000	-56.443200033847375607	
786.900000	-56.443551803311841297	
787.100000	-56.443906421988110367	
787.300000	-56.444263886460525725	
787.500000	-56.444624193312257887	
787.700000	-56.444987339128786630	
787.900000	-56.445353320491712168	
788.100000	-56.445722133983672109	
788.300000	-56.446093776186273772	
788.500000	-56.446468243681479748	
788.700000	-56.446845533050698407	
788.900000	-56.447225640874798103	
789.100000	-56.447608563735030884	
789.300000	-56.447994298210410591	
789.500000	-56.448382840881102140	
789.700000	-56.448774188325891998	
789.900000	-56.449168337124184802	
790.100000	-56.449565283855079656	
790.300000	-56.449965025096943805	
790.500000	-56.450367557427796328	
790.700000	-56.450772877425137608	
790.900000	-56.451180981665956438	
791.100000	-56.451591866727206082	
791.300000	-56.452005529187417210	
791.500000	-56.452421965621802258	
791.700000	-56.452841172607605813	
791.900000	-56.453263146721262444	
792.100000	-56.453687884537160357	
792.300000	-56.454115382631229636	
792.500000	-56.454545637580402229	
792.700000	-56.454978645958945549	
792.900000	-56.455414404342519674	
793.100000	-56.455852909305399123	
793.300000	-56.456294157421957891	
793.500000	-56.456738145267209461	
793.700000	-56.457184869415016237	
793.900000	-56.457634326439652739	
794.100000	-56.458086512914384514	
794.300000	-56.458541425413521608	
794.500000	-56.458999060510571155	
794.700000	-56.459459414777924735	
794.900000	-56.459922484789849761	
795.100000	-56.460388267119277828	
795.300000	-56.460856758338522354	
795.500000	-56.461327955020557567	
795.700000	-56.461801853739252977	
795.900000	-56.462278451066971741	
796.100000	-56.462757743575131997	
796.300000	-56.463239727836885606	
796.500000	-56.463724400425348904	
796.700000	-56.464211757912522671	
796.900000	-56.464701796870322426	
797.100000	-56.465194513871757920	
797.300000	-56.465689905488957834	
797.500000	-56.466187968294377697	
797.700000	-56.466688698859840656	
797.900000	-56.467192093758335147	
798.100000	-56.467698149562529863	
798.300000	-56.468206862844631644	
798.500000	-56.468718230176179418	
798.700000	-56.469232248130900587	
798.900000	-56.469748913280895408	
799.100000	-56.470268222198022556	
799.300000	-56.470790171456009432	
799.500000	-56.471314757627439462	
799.700000	-56.471841977284590541	
799.900000	-56.472371827000436895	
800.100000	-56.472904303348940402	
800.300000	-56.473439402902620543	
800.500000	-56.473977122235567094	
800.700000	-56.474517457919773733	
800.900000	-56.475060406529621559	
801.100000	-56.475605964639335355	
801.300000	-56.476154128822557254	
801.500000	-56.476704895652360960	
801.700000	-56.477258261703056519	
801.900000	-56.477814223550353745	
802.100000	-56.478372777767852142	
802.300000	-56.478933920930934676	
802.500000	-56.479497649614863519	
802.700000	-56.480063960394225830	
802.900000	-56.480632849844063514	
803.100000	-56.481204314541038514	
803.300000	-56.481778351060221155	
803.500000	-56.482354955978600231	
803.700000	-56.482934125872098718	
803.900000	-56.483515857317321718	
804.100000	-56.484100146891897509	
804.300000	-56.484686991172843307	
804.500000	-56.485276386736913423	
804.700000	-56.485868330162631423	
804.900000	-56.486462818028485344	
805.100000	-56.487059846912217154	
805.300000	-56.487659413393565444	
805.500000	-56.488261514051274048	
805.700000	-56.488866145465095769	
805.900000	-56.489473304214122606	
806.100000	-56.490082986878910276	
806.300000	-56.490695190040376872	
806.500000	-56.491309910279142059	
806.700000	-56.491927144176514730	
806.900000	-56.492546888314436160	
807.100000	-56.493169139275188684	
807.300000	-56.493793893641544912	
807.500000	-56.494421147995261379	
807.700000	-56.495050898921441274	
807.900000	-56.495683143002509041	
808.100000	-56.496317876823489712	
808.300000	-56.496955096969792010	
808.500000	-56.497594800024806716	
808.700000	-56.498236982575285481	
808.900000	-56.498881641206786242	
809.100000	-56.499528772507190411	
809.300000	-56.500178373062070136	
809.500000	-56.500830439460465016	
809.700000	-56.501484968288842481	
809.900000	-56.502141956138345336	
810.100000	-56.502801399595270482	
810.300000	-56.503463295251293630	
810.500000	-56.504127639695809648	
810.700000	-56.504794429520899257	
810.900000	-56.505463661315914692	
811.100000	-56.506135331673853273	
811.300000	-56.506809437187470735	
811.500000	-56.507485974449721766	
811.700000	-56.508164940053077885	
811.900000	-56.508846330593293317	
812.100000	-56.509530142664644359	
812.300000	-56.510216372862913659	
812.500000	-56.510905017783876758	
812.700000	-56.511596074025021608	
812.900000	-56.512289538182720605	
813.100000	-56.512985406856500958	
813.300000	-56.513683676645243281	
813.500000	-56.514384344150087713	
813.700000	-56.515087405971186740	
813.900000	-56.515792858710447888	
814.100000	-56.516500698970709493	
814.300000	-56.517210923354902263	
814.500000	-56.517923528465978222	
814.700000	-56.518638510907578620	
814.900000	-56.519355867284936323	
815.100000	-56.520075594203255775	
815.300000	-56.520797688268046954	
815.500000	-56.521522146085999339	
815.700000	-56.522248964263440030	
815.900000	-56.522978139409076448	
816.100000	-56.523709668130614148	
816.300000	-56.524443547036533175	
816.500000	-56.525179772738269435	
816.700000	-56.525918341844672454	
816.900000	-56.526659250968862125	
817.100000	-56.527402496723055947	
817.300000	-56.528148075719414578	
817.500000	-56.528895984572336886	
817.700000	-56.529646219895880677	
817.900000	-56.530398778306057750	
818.100000	-56.531153656419284914	
818.300000	-56.531910850853179795	
818.500000	-56.532670358225423968	
818.700000	-56.533432175154580079	
818.900000	-56.534196298262159530	
819.100000	-56.534962724167471038	
819.300000	-56.535731449493049183	
819.500000	-56.536502470860845904	
819.700000	-56.537275784894923447	
819.900000	-56.538051388220239346	
820.100000	-56.538829277461289280	
820.300000	-56.539609449245460837	
820.500000	-56.540391900199090003	
820.700000	-56.541176626951241246	
820.900000	-56.541963626130588239	
821.100000	-56.542752894367112049	
821.300000	-56.543544428292626947	
821.500000	-56.544338224539878013	
821.700000	-56.545134279740040029	
821.900000	-56.545932590528295236	
822.100000	-56.546733153539676664	
822.300000	-56.547535965409927883	
822.500000	-56.548341022776703824	
822.700000	-56.549148322278163903	
822.900000	-56.549957860553426769	
823.100000	-56.550769634242158190	
823.300000	-56.551583639985437912	
823.500000	-56.552399874426861004	
823.700000	-56.553218334208217755	
823.900000	-56.554039015975462235	
824.100000	-56.554861916372651365	
824.300000	-56.555687032047615048	
824.500000	-56.556514359646349988	
824.700000	-56.557343895818412705	
824.900000	-56.558175637214894493	
825.100000	-56.559009580483952107	
825.300000	-56.559845722279376901	
825.500000	-56.560684059253858891	
825.700000	-56.561524588061253382	
825.900000	-56.562367305357803104	
826.100000	-56.563212207799466569	
826.300000	-56.564059292044014171	
826.500000	-56.564908554750225278	
826.700000	-56.565759992578293236	
826.900000	-56.566613602188375864	
827.100000	-56.567469380244261856	
827.300000	-56.568327323407771701	
827.500000	-56.569187428344250179	
827.700000	-56.570049691720235785	
827.900000	-56.570914110202025427	
828.100000	-56.571780680457315782	
828.300000	-56.572649399156262007	
828.500000	-56.573520262969950068	
828.700000	-56.574393268569373561	
828.900000	-56.575268412628417991	
829.100000	-56.576145691821018602	
829.300000	-56.577025102822467773	
829.500000	-56.577906642310040297	
829.700000	-56.578790306961600720	
829.900000	-56.579676093457024422	
830.100000	-56.580563998476385734	
830.300000	-56.581454018701762720	
830.500000	-56.582346150816704267	
830.700000	-56.583240391505427169	
830.900000	-56.584136737454244326	
831.100000	-56.585035185348495190	
831.300000	-56.585935731878578281	
831.500000	-56.586838373733499452	
831.700000	-56.587743107604460135	
831.900000	-56.588649930183748893	
832.100000	-56.589558838165338273	
832.300000	-56.590469828244465589	
832.500000	-56.591382897116389472	
832.700000	-56.592298041480432857	
832.900000	-56.593215258034675230	
833.100000	-56.594134543480393518	
833.300000	-56.595055894518850437	
833.500000	-56.595979307853767182	
833.700000	-56.596904780188971529	
833.900000	-56.597832308231744491	
834.100000	-56.598761888689558930	
834.300000	-56.599693518270264292	
834.500000	-56.600627193684410088	
834.700000	-56.601562911643952702	
834.900000	-56.602500668862219868	
835.100000	-56.603440462054280147	
835.300000	-56.604382287935059992	
835.500000	-56.605326143222953306	
835.700000	-56.606272024636368201	
835.900000	-56.607219928895446515	
836.100000	-56.608169852722980409	
836.300000	-56.609121792841968102	
836.500000	-56.610075745976402573	
836.700000	-56.611031708853303712	
836.900000	-56.611989678200480114	
837.100000	-56.612949650745903796	
837.300000	-56.613911623223209801	
837.500000	-56.614875592362096768	
837.700000	-56.615841554897784249	
837.900000	-56.616809507565108106	
838.100000	-56.617779447100701873	
838.300000	-56.618751370243039389	
838.500000	-56.619725273732534276	
838.700000	-56.620701154309962533	
838.900000	-56.621679008719382864	
839.100000	-56.622658833704527126	
839.300000	-56.623640626012075927	
839.500000	-56.624624382388660138	
839.700000	-56.625610099584747559	
839.900000	-56.626597774351232317	
840.100000	-56.627587403440635683	
840.300000	-56.628578983605713404	
840.500000	-56.629572511603029739	
840.700000	-56.630567984190321340	
840.900000	-56.631565398126596733	
841.100000	-56.632564750171617618	
841.300000	-56.633566037086936262	
841.500000	-56.634569255637295271	
841.700000	-56.635574402588133580	
841.900000	-56.636581474705948835	
842.100000	-56.637590468759675844	
842.300000	-56.638601381519940503	
842.500000	-56.639614209758036623	
842.700000	-56.640628950247993600	
842.900000	-56.641645599765347185	
843.100000	-56.642664155086293931	
843.300000	-56.643684612990249150	
843.500000	-56.644706970257480805	
843.700000	-56.645731223670544807	
843.900000	-56.646757370011464161	
844.100000	-56.647785406067626468	
844.300000	-56.648815328625182985	
844.500000	-56.649847134473127142	
844.700000	-56.650880820402235827	
844.900000	-56.651916383204557803	
845.100000	-56.652953819674010560	
845.300000	-56.653993126606806641	
845.500000	-56.655034300799755442	
845.700000	-56.656077339052544062	
845.900000	-56.657122238166785166	
846.100000	-56.658168994944936969	
846.300000	-56.659217606191297989	
846.500000	-56.660268068711758360	
846.700000	-56.661320379314716433	
846.900000	-56.662374534810631133	
847.100000	-56.663430532010686136	
847.300000	-56.664488367728175433	
847.500000	-56.665548038778467799	
847.700000	-56.666609541979163112	
847.900000	-56.667672874147065443	
848.100000	-56.668738032105544278	
848.300000	-56.669805012675773526	
848.500000	-56.670873812681470838	
848.700000	-56.671944428949394990	
848.900000	-56.673016858307562416	
849.100000	-56.674091097585318266	
849.300000	-56.675167143614416432	
849.500000	-56.676244993228863223	
849.700000	-56.677324643263659709	
849.900000	-56.678406090556087804	
850.100000	-56.679489331944132857	
850.300000	-56.680574364270448484	
850.500000	-56.681661184376515905	
850.700000	-56.682749789107617744	
850.900000	-56.683840175310407972	
851.100000	-56.684932339832421633	
851.300000	-56.686026279524625693	
851.500000	-56.687121991238939245	
851.700000	-56.688219471829697227	
851.900000	-56.689318718153323573	
852.100000	-56.690419727066107214	
852.300000	-56.691522495429808259	
852.500000	-56.692627020105497593	
852.700000	-56.693733297956477202	
852.900000	-56.694841325849630209	
853.100000	-56.695951100651953425	
853.300000	-56.697062619231900271	
853.500000	-56.698175878461796628	
853.700000	-56.699290875215268670	
853.900000	-56.700407606367505764	
854.100000	-56.701526068795203628	
854.300000	-56.702646259378326477	
854.500000	-56.703768174998188556	
854.700000	-56.704891812537411511	
854.900000	-56.706017168881757584	
855.100000	-56.707144240918097466	
855.300000	-56.708273025535518741	
855.500000	-56.709403519625325885	
855.700000	-56.710535720081182376	
855.900000	-56.711669623797909878	
856.100000	-56.712805227673072750	
856.300000	-56.713942528605180371	
856.500000	-56.715081523495236127	
856.700000	-56.716222209247241892	
856.900000	-56.717364582766428782	
857.100000	-56.718508640960045852	
857.300000	-56.719654380736919563	
857.500000	-56.720801799008881972	
857.700000	-56.721950892689136481	
857.900000	-56.723101658692762328	
858.100000	-56.724254093938007770	
858.300000	-56.725408195344222406	
858.500000	-56.726563959833185891	
858.700000	-56.727721384328056331	
858.900000	-56.728880465754663476	
859.100000	-56.730041201040826593	
859.300000	-56.731203587117406073	
859.500000	-56.732367620914587292	
859.700000	-56.733533299368446023	
859.900000	-56.734700619414454081	
860.100000	-56.735869577989866741	
860.300000	-56.737040172035968055	
860.500000	-56.738212398495051048	
860.700000	-56.739386254312137225	
860.900000	-56.740561736433654971	
861.100000	-56.741738841807226379	
861.300000	-56.742917567385362076	
861.500000	-56.744097910121048756	
861.700000	-56.745279866968239446	
861.900000	-56.746463434885541233	
862.100000	-56.747648610831362248	
862.300000	-56.748835391767904923	
862.500000	-56.750023774659069886	
862.700000	-56.751213756470185956	
862.900000	-56.752405334169701234	
863.100000	-56.753598504727662544	
863.300000	-56.754793265116347811	
863.500000	-56.755989612309946324	
863.700000	-56.757187543286114817	
863.900000	-56.758387055023312939	
864.100000	-56.759588144502224338	
864.300000	-56.760790808706282462	
864.500000	-56.761995044620888962	
864.700000	-56.763200849234664247	
864.900000	-56.764408219535170019	
865.100000	-56.765617152516121280	
865.300000	-56.766827645171311190	
865.500000	-56.768039694496373215	
865.700000	-56.769253297490827492	
865.900000	-56.770468451155068124	
866.100000	-56.771685152492551651	
866.300000	-56.772903398508539397	
866.500000	-56.774123186209628500	
866.700000	-56.775344512606338299	
866.900000	-56.776567374710545266	
867.100000	-56.777791769536491984	
867.300000	-56.779017694099664482	
867.500000	-56.780245145419904418	
867.700000	-56.781474120517074766	
867.900000	-56.782704616414420684	
868.100000	-56.783936630138384771	
868.300000	-56.785170158716312017	
868.500000	-56.786405199176883229	
868.700000	-56.787641748553411958	
868.900000	-56.788879803879680708	
869.100000	-56.790119362193522079	
869.300000	-56.791360420532114972	
869.500000	-56.792602975938272891	
869.700000	-56.793847025455598043	
869.900000	-56.795092566128957401	
870.100000	-56.796339595006379852	
870.300000	-56.797588109139375945	
870.500000	-56.798838105579484647	
870.700000	-56.800089581382202653	
870.900000	-56.801342533604184837	
871.100000	-56.802596959306491442	
871.300000	-56.803852855549962442	
871.500000	-56.805110219398471827	
871.700000	-56.806369047919922366	
871.900000	-56.807629338182081824	
872.100000	-56.808891087256199626	
872.300000	-56.810154292216147098	
872.500000	-56.811418950137635875	
872.700000	-56.812685058098580271	
872.900000	-56.813952613179196760	
873.100000	-56.815221612463233214	
873.300000	-56.816492053035524634	
873.500000	-56.817763931983066072	
873.700000	-56.819037246397421370	
873.900000	-56.820311993368299852	
874.100000	-56.821588169991436246	
874.300000	-56.822865773364696906	
874.500000	-56.824144800588193505	
874.700000	-56.825425248765952801	
874.900000	-56.826707115003884496	
875.100000	-56.827990396410115181	
875.300000	-56.829275090095080714	
875.500000	-56.830561193170311185	
875.700000	-56.831848702751095459	
875.900000	-56.833137615953845057	
876.100000	-56.834427929895156240	
876.300000	-56.835719641697075133	
876.500000	-56.837012748482322877	
876.700000	-56.838307247374906694	
876.900000	-56.839603135502869691	
877.100000	-56.840900409995875009	
877.300000	-56.842199067985824001	
877.500000	-56.843499106607019655	
877.700000	-56.844800522995974745	
877.900000	-56.846103314292847131	
878.100000	-56.847407477639684714	
878.300000	-56.848713010179572791	
878.500000	-56.850019909059554379	
878.700000	-56.851328171428860969	
878.900000	-56.852637794438258823	
879.100000	-56.853948775242763247	
879.300000	-56.855261110998682739	
879.500000	-56.856574798864009779	
879.700000	-56.857889836000886419	
879.900000	-56.859206219572726582	
880.100000	-56.860523946746646118	
880.300000	-56.861843014690379050	
880.500000	-56.863163420575460805	
880.700000	-56.864485161576268979	
880.900000	-56.865808234867856186	
881.100000	-56.867132637629765668	
881.300000	-56.868458367042883594	
881.500000	-56.869785420290398292	
881.700000	-56.871113794558475263	
881.900000	-56.872443487036086651	
882.100000	-56.873774494914158595	
882.300000	-56.875106815385343850	
882.500000	-56.876440445647340027	
882.700000	-56.877775382896885503	
882.900000	-56.879111624336040620	
883.100000	-56.880449167168073643	
883.300000	-56.881788008598149986	
883.500000	-56.883128145835748057	
883.700000	-56.884469576090879173	
883.900000	-56.885812296576865776	
884.100000	-56.887156304510838822	
884.300000	-56.888501597110490593	
884.500000	-56.889848171596376858	
884.700000	-56.891196025191973717	
884.900000	-56.892545155124189193	
885.100000	-56.893895558620037889	
885.300000	-56.895247232911039248	
885.500000	-56.896600175230773289	
885.700000	-56.897954382815434826	
885.900000	-56.899309852903279250	
886.100000	-56.900666582734892529	
886.300000	-56.902024569554264133	
886.500000	-56.903383810606641191	
886.700000	-56.904744303141434614	
886.900000	-56.906106044409924039	
887.100000	-56.907469031664867032	
887.300000	-56.908833262162751510	
887.500000	-56.910198733162182805	
887.700000	-56.911565441924516051	
887.900000	-56.912933385713685652	
888.100000	-56.914302561794755775	
888.300000	-56.915672967438602825	
888.500000	-56.917044599914603964	
888.700000	-56.918417456497458318	
888.900000	-56.919791534463755056	
889.100000	-56.921166831092193661	
889.300000	-56.922543343665353177	
889.500000	-56.923921069466203448	
889.700000	-56.925300005780933077	
889.900000	-56.926680149900306560	
890.100000	-56.928061499115145239	
890.300000	-56.929444050720206860	
890.500000	-56.930827802011592098	
890.700000	-56.932212750289899361	
890.900000	-56.933598892856103646	
891.100000	-56.934986227015549787	
891.300000	-56.936374750074705275	
891.500000	-56.937764459343881640	
891.700000	-56.939155352135372823	
891.900000	-56.940547425763789136	
892.100000	-56.941940677546504901	
892.300000	-56.943335104804091884	
892.500000	-56.944730704858848469	
892.700000	-56.946127475035936527	
892.900000	-56.947525412662649558	
893.100000	-56.948924515070778796	
893.300000	-56.950324779592286006	
893.500000	-56.951726203562436979	
893.700000	-56.953128784319318356	
893.900000	-56.954532519204562391	
894.100000	-56.955937405561293474	
894.300000	-56.957343440734483409	
894.500000	-56.958750622074305170	
894.700000	-56.960158946930384616	
894.900000	-56.961568412657747729	
895.100000	-56.962979016611221539	
895.300000	-56.964390756151367157	
895.500000	-56.965803628638276734	
895.700000	-56.967217631437478076	
895.900000	-56.968632761914300033	
896.100000	-56.970049017439471584	
896.300000	-56.971466395383970394	
896.500000	-56.972884893123165284	
896.700000	-56.974304508033952743	
896.900000	-56.975725237495957742	
897.100000	-56.977147078892514287	
897.300000	-56.978570029607965353	
897.500000	-56.979994087029545824	
897.700000	-56.981419248548796475	
897.900000	-56.982845511557812301	
898.100000	-56.984272873452049168	
898.300000	-56.985701331630238542	
898.500000	-56.987130883493080091	
898.700000	-56.988561526444030392	
898.900000	-56.989993257889906886	
899.100000	-56.991426075238763360	
899.300000	-56.992859975901204450	
899.500000	-56.994294957292524373	
899.700000	-56.995731016829161319	
899.900000	-56.997168151929948010	
900.100000	-56.998606360016793815	
920.100000	-57.147414887510414871	
940.100000	-57.304509970450745016	
960.100000	-57.467722270751401936	
980.100000	-57.635150762779460365	
1000.100000	-57.805153402890034897	
1020.100000	-57.976332511372689282	
1040.100000	-58.147516492241734909	
1060.100000	-58.317739623722331999	
1080.100000	-58.486220782725837353	
1100.100000	-58.652342051498266073	
1120.100000	-58.815627760388885292	
1140.100000	-58.975724470383411813	
1160.100000	-59.132382339130550974	
1180.100000	-59.285437981305378230	
1200.100000	-59.434798948525056517	
1220.100000	-59.580429759265022938	
1240.100000	-59.722339775009736229	
1260.100000	-59.860572793287175841	
1280.100000	-59.995198028601123497	
1300.100000	-60.126302860112467386	
1320.100000	-60.253986315813236274	
1340.100000	-60.378354282425796384	
1360.100000	-60.499515868995196399	
1380.100000	-60.617579856455257925	
1400.100000	-60.732653135262864907	
1420.100000	-60.844838994784481656	
1440.100000	-60.954235884294035941	
1460.100000	-61.060937118530581813	
1480.100000	-61.165030261801682343	
1500.100000	-61.266597424527795113	
1520.100000	-61.365715716921648948	
1540.100000	-61.462456025658148917	
1560.100000	-61.556884963752494855	
1580.100000	-61.649064954260907712	
1600.100000	-61.739054396517353496	
1620.100000	-61.826908108509982753	
1640.100000	-61.912678011054154581	
1660.100000	-61.996413169554358547	
1680.100000	-62.078160476288260838	
1700.100000	-62.157964903339873786	
1720.100000	-62.235869753087250444	
1740.100000	-62.311916941895177047	
1760.100000	-62.386147122955577515	
1780.100000	-62.458599964677489425	
1800.100000	-62.529314274738780455	
1820.100000	-62.598328121043032013	
1840.100000	-62.665678930468963870	
1860.100000	-62.731403565528736976	
1880.100000	-62.795538381983725174	
1900.100000	-62.858119270262072575	
1920.100000	-62.919181683284229223	
1940.100000	-62.978760653073216247	
1960.100000	-63.036890798280872161	
1980.100000	-63.093606324495240756	
2000.100000	-63.148941018976529449	
2020.100000	-63.202928241231326467	
2040.100000	-63.255600910624956157	
2060.100000	-63.306991492054557114	
2080.100000	-63.357131980524918902	
2100.100000	-63.406053885307379403	
2120.100000	-63.453788214257087930	
2140.100000	-63.500365458714149725	
2160.100000	-63.545815579335211964	
2180.100000	-63.590167993113595912	
2200.100000	-63.633451561760942639	
2220.100000	-63.675694581578696329	
2240.100000	-63.716924774887111482	
2260.100000	-63.757169283043999997	
2280.100000	-63.796454661044229795	
2300.100000	-63.834806873675837835	
2320.100000	-63.872251293182287668	
2340.100000	-63.908812698362680749	
2360.100000	-63.944515275030731516	
2380.100000	-63.979382617758965068	
2400.100000	-64.013437732805257951	
2420.100000	-64.046703042137011153	
2440.100000	-64.079200388464229832	
2460.100000	-64.110951041179333743	
2480.100000	-64.141975703121190122	
