0.000000	-65.999999999999772626	
20.000000	-62.819734390303757721	
25.900000	-56.982763679400349588	
26.100000	-56.609239728595952101	
26.300000	-56.211336843362850857	
26.500000	-55.785579707946915562	
26.700000	-55.327524636376011813	
26.900000	-54.831339539998985799	
27.100000	-54.289122181775631759	
27.300000	-53.689726823600857131	
27.500000	-53.016583280562606717	
27.700000	-52.243187582619519560	
27.900000	-51.322158971295209540	
28.100000	-50.150150749971231789	
28.300000	-48.343697968708738699	
28.500000	-38.396831850672022313	
28.700000	12.567865455200847080	
28.900000	29.773490268057429375	
29.100000	27.663498340893539762	
29.300000	14.635571121076500489	
29.500000	-1.920495789728887681	
29.700000	-13.620722253618353648	
29.900000	-20.794801586703862029	
30.100000	-26.444137957826718832	
30.300000	-31.688462561825897268	
30.500000	-36.976491896092944955	
30.700000	-40.695534133693861634	
30.900000	-42.388745398902742068	
31.100000	-43.028614243117381477	
31.300000	-43.409235238409181079	
31.500000	-43.789886048254565765	
31.700000	-43.875997051502743318	
31.900000	-43.648892978954499711	
32.100000	-43.175631987197846229	
32.300000	-42.491275345588697121	
32.500000	-41.592075174639091983	
32.700000	-40.428548000340065016	
32.900000	-38.874664898768031662	
33.100000	-36.630368441591450335	
33.300000	-32.896967808464765426	
33.500000	-25.341143077137090245	
33.700000	-11.185551476803702542	
33.900000	-1.171477913393251580	
34.100000	-0.194964686014988425	
34.300000	-4.476918276190752444	
34.500000	-9.926780054971040101	
34.700000	-15.235589525971860780	
34.900000	-20.141521056580373283	
35.100000	-24.702056470359089246	
35.300000	-28.987796306887027242	
35.500000	-33.043251650451821888	
35.700000	-36.474369216880127453	
35.900000	-38.827595388789525543	
36.100000	-40.356749066808994542	
36.300000	-41.423304853831368177	
36.500000	-42.017840842617047770	
36.700000	-42.168858160190893614	
36.900000	-41.973501675991080617	
37.100000	-41.502621322389011027	
37.300000	-40.787187296567928740	
37.500000	-39.816723743093618282	
37.700000	-38.526161896193876544	
37.900000	-36.750739922219025857	
38.100000	-34.086032358692612831	
38.300000	-29.414127342472855986	
38.500000	-20.101274545921455683	
38.700000	-9.089966693075387738	
38.900000	-3.381171201324834286	
39.100000	-3.100853245534226588	
39.300000	-6.071978034520372880	
39.500000	-10.088241162428813524	
39.700000	-14.276225629137252682	
39.900000	-18.204485929937636257	
40.100000	-21.734650780814678939	
40.300000	-24.882885197798625398	
40.500000	-27.740216335812718285	
40.700000	-30.347041834101542435	
40.900000	-32.583539515643010986	
41.100000	-34.251177249582184459	
41.300000	-35.277995802058626396	
41.500000	-35.759483265012583786	
41.700000	-35.846267277167370935	
41.900000	-35.652597413171100982	
42.100000	-35.200613069578807313	
42.300000	-34.412784500547054733	
42.500000	-33.148882869335288603	
42.700000	-31.184290657502380384	
42.900000	-28.121998839300495376	
43.100000	-23.392589093687345070	
43.300000	-17.065997046255251490	
43.500000	-11.717490526656625605	
43.700000	-9.139426523664678115	
43.900000	-8.942934260438200056	
44.100000	-10.443375869695339375	
44.300000	-12.900904096913860641	
44.500000	-15.709716010933904684	
44.700000	-18.487324198563594990	
44.900000	-21.051018083777883305	
45.100000	-23.340739579115698632	
45.300000	-25.346103926664696360	
45.500000	-27.050850103705226246	
45.700000	-28.407857602843986200	
45.900000	-29.353146000700899521	
46.100000	-29.838749800741030782	
46.300000	-29.849489947954737090	
46.500000	-29.392705322521678113	
46.700000	-28.480632990030468221	
46.900000	-27.128851752435334532	
47.100000	-25.385097306345585366	
47.300000	-23.388137444065382198	
47.500000	-21.412747978925143144	
47.700000	-19.811122503696910968	
47.900000	-18.848277676671902015	
48.100000	-18.596346770955932470	
48.300000	-18.973702300156663370	
48.500000	-19.829458086623553470	
48.700000	-20.999105554131169526	
48.900000	-22.332144486367987213	
49.100000	-23.702615278942815280	
49.300000	-25.008865937035331228	
49.500000	-26.168622030312981508	
49.700000	-27.114858566117337801	
49.900000	-27.795097712830653336	
50.100000	-28.172437707437264720	
50.300000	-28.224668661202237274	
50.500000	-27.940779578987793741	
50.700000	-27.318877437435023836	
50.900000	-26.371690471787289312	
51.100000	-25.143824468396605454	
51.300000	-23.736347425691008084	
51.500000	-22.318083821506689901	
51.700000	-21.095834629819055550	
51.900000	-20.246070377869266110	
52.100000	-19.857253841752054768	
52.300000	-19.923058279546289384	
52.500000	-20.372425995504393370	
52.700000	-21.103691488137517496	
52.900000	-22.008660799508032113	
53.100000	-22.986444576878621859	
53.300000	-23.949699153487664205	
53.500000	-24.826157306029362104	
53.700000	-25.558166836602516980	
53.900000	-26.102039683699214123	
54.100000	-26.427680434278993715	
54.300000	-26.518164119855516248	
54.500000	-26.369263469139305300	
54.700000	-25.989839093188688679	
54.900000	-25.404273922680246756	
55.100000	-24.656906316229537879	
55.300000	-23.815763758932408933	
55.500000	-22.970365024138473586	
55.700000	-22.219262091731739162	
55.900000	-21.649420774185582417	
56.100000	-21.316964493338858233	
56.300000	-21.238727966104054445	
56.500000	-21.396081898791280196	
56.700000	-21.745626697294088814	
56.900000	-22.230816562945072690	
57.100000	-22.791365883825260852	
57.300000	-23.369672167027353282	
57.500000	-23.914659781641116609	
57.700000	-24.383837279291359579	
57.900000	-24.744317525122589529	
58.100000	-24.973305552779482497	
58.300000	-25.058327642946654379	
58.500000	-24.997371511084704565	
58.700000	-24.799066117846816582	
58.900000	-24.482877141003076105	
59.100000	-24.078941429216655479	
59.300000	-23.626763691879933305	
59.500000	-23.171937129394322596	
59.700000	-22.760679922642243156	
59.900000	-22.433168896420852434	
60.100000	-22.217610371382757961	
60.300000	-22.126879091023266000	
60.500000	-22.158406080865848509	
60.700000	-22.296701263486980338	
60.900000	-22.517259318317737637	
61.100000	-22.790690636101249567	
61.300000	-23.086355206928331540	
61.500000	-23.375207805007910622	
61.700000	-23.631847243121665514	
61.900000	-23.835895989527799088	
62.100000	-23.972864138900668252	
62.300000	-24.034624156116752403	
62.500000	-24.019574782748122743	
62.700000	-23.932517057342465705	
62.900000	-23.784205547452408780	
63.100000	-23.590487455456134569	
63.300000	-23.370935670981189958	
63.500000	-23.146956912461547518	
63.700000	-22.939515312814908299	
63.900000	-22.766794277232094146	
64.100000	-22.642221918740972342	
64.300000	-22.573232722250399007	
64.500000	-22.560945745248691452	
64.700000	-22.600703706959315298	
64.900000	-22.683242597021600062	
65.100000	-22.796196230634247826	
65.300000	-22.925668759319560053	
65.500000	-23.057684577375429313	
65.700000	-23.179407271208134489	
65.900000	-23.280083418578136900	
66.100000	-23.351706434844174964	
66.300000	-23.389413409410735767	
66.500000	-23.391631290691908163	
66.700000	-23.359985402380619490	
66.900000	-23.298979961253397875	
67.100000	-23.215463084244628789	
67.300000	-23.117902082791360385	
67.500000	-23.015519079421718374	
67.700000	-22.917366419646761244	
67.900000	-22.831444804252289060	
68.100000	-22.763972332862113745	
68.300000	-22.718893345179314025	
68.500000	-22.697675587578576284	
68.700000	-22.699395116222678581	
68.900000	-22.721064887822134182	
69.100000	-22.758135336358861878	
69.300000	-22.805086165633756679	
69.500000	-22.856034643026834630	
69.700000	-22.905300534732536022	
69.900000	-22.947885406891526117	
70.100000	-22.979840214051886704	
70.300000	-22.998508055319028642	
70.500000	-23.002638616935602300	
70.700000	-22.992378070899000875	
70.900000	-22.969144320900156231	
71.100000	-22.935403511011855926	
71.300000	-22.894370066168850286	
71.500000	-22.849658798081588174	
71.700000	-22.804922227667020707	
71.900000	-22.763508607571523612	
72.100000	-22.728173958960251611	
72.300000	-22.700874266055087958	
72.500000	-22.682653460109648336	
72.700000	-22.673630530049777576	
72.900000	-22.673077251897591822	
73.100000	-22.679568742188511266	
73.300000	-22.691183427908072190	
73.500000	-22.705727222419977096	
73.700000	-22.720958084058903381	
73.900000	-22.734790712676272051	
74.100000	-22.745465887460941445	
74.300000	-22.751674063287818939	
74.500000	-22.752627802598443196	
74.700000	-22.748082167292146494	
74.900000	-22.738306229540825143	
75.100000	-22.724012336324864947	
75.300000	-22.706252609278099186	
75.500000	-22.686294286016710942	
75.700000	-22.665486490298739852	
75.900000	-22.645131156684293217	
76.100000	-22.626369860208153995	
76.300000	-22.610095607611857105	
76.500000	-22.596895725502509578	
76.700000	-22.587028356498887405	
76.900000	-22.580431494448259144	
77.100000	-22.576760385421362543	
77.300000	-22.575446810798478481	
77.500000	-22.575772418284472565	
77.700000	-22.576947880322066453	
77.900000	-22.578190118679977161	
78.100000	-22.578790944425676912	
78.300000	-22.578172005442034731	
78.500000	-22.575922702529986452	
78.700000	-22.571819554699807497	
78.900000	-22.565827222210536718	
79.100000	-22.558082922846132590	
79.300000	-22.548867245139920357	
79.500000	-22.538565165022625081	
79.700000	-22.527621592975542342	
79.900000	-22.516496077655709485	
80.100000	-22.505620667671266233	
80.300000	-22.495364409285830476	
80.500000	-22.486007026807346421	
80.700000	-22.477723240064189980	
80.900000	-22.470578049941842380	
81.100000	-22.464532280859010882	
81.300000	-22.459456803680183157	
81.500000	-22.455153241634445038	
81.700000	-22.451378616643882680	
81.900000	-22.447871322876242317	
82.100000	-22.444375988594558180	
82.300000	-22.440665158482410391	
82.500000	-22.436556237962502536	
82.700000	-22.431922725087503068	
82.900000	-22.426699358679393015	
83.100000	-22.420881377219750163	
83.300000	-22.414518573462345330	
83.500000	-22.407705209231703947	
83.700000	-22.400567104274170305	
83.900000	-22.393247324320967095	
84.100000	-22.385891868942671579	
84.300000	-22.378636615480843375	
84.500000	-22.371596533892944336	
84.700000	-22.364857879487857417	
84.900000	-22.358473740842505606	
85.100000	-22.352462998671075667	
85.300000	-22.346812290371609322	
85.500000	-22.341480596955694438	
85.700000	-22.336405790041339969	
85.900000	-22.331512300256793679	
86.100000	-22.326719112545955426	
86.300000	-22.321947357211865182	
86.500000	-22.317126883101689572	
86.700000	-22.312201354396162145	
86.900000	-22.307131592628969941	
87.100000	-22.301897067586693879	
87.300000	-22.296495628395380351	
87.500000	-22.290941687649912240	
87.700000	-22.285263089666045744	
87.900000	-22.279497270472621295	
88.100000	-22.273686876786477740	
88.300000	-22.267875503628481226	
88.500000	-22.262103851423152179	
88.700000	-22.256406544229129452	
88.900000	-22.250809817884874775	
89.100000	-22.245330185078568519	
89.300000	-22.239974085716916363	
89.500000	-22.234738442758370525	
89.700000	-22.229611974378812533	
89.900000	-22.224577063903531382	
90.100000	-22.219611963243448116	
90.300000	-22.214693102508128675	
90.500000	-22.209797294996644013	
90.700000	-22.204903659508197222	
90.900000	-22.199995127544237761	
91.100000	-22.195059453040833830	
91.300000	-22.190089694850616553	
91.500000	-22.185084190712675678	
91.700000	-22.180046083198192264	
91.900000	-22.174982489269769559	
92.100000	-22.169903425640733019	
92.300000	-22.164820609442042354	
92.500000	-22.159746251588138932	
92.700000	-22.154691946445108641	
92.900000	-22.149667741966950985	
93.100000	-22.144681448527723688	
93.300000	-22.139738218235152090	
93.500000	-22.134840398931562078	
93.700000	-22.129987643827284671	
93.900000	-22.125177237318116141	
94.100000	-22.120404584232542078	
94.300000	-22.115663801811077604	
94.500000	-22.110948351928769284	
94.700000	-22.106251655123646316	
94.900000	-22.101567637280652434	
95.100000	-22.096891219438088427	
95.300000	-22.092218595052148800	
95.500000	-22.087547290105764120	
95.700000	-22.082876238948365710	
95.900000	-22.078205713253417741	
96.100000	-22.073537133476055061	
96.300000	-22.068872801756928226	
96.500000	-22.064215590509068221	
96.700000	-22.059568619079055196	
96.900000	-22.054934947562550462	
97.100000	-22.050317312041645579	
97.300000	-22.045717983940260609	
97.500000	-22.041138768931915592	
97.700000	-22.036580584649200887	
97.900000	-22.032043430418536190	
98.100000	-22.027526554899054645	
98.300000	-22.023028636586985840	
98.500000	-22.018547970825142812	
98.700000	-22.014082655926863197	
98.900000	-22.009630767356966885	
99.100000	-22.005190510008990401	
99.300000	-22.000760339838564050	
99.500000	-21.996339049056757631	
99.700000	-21.991925813115528854	
99.900000	-21.987520199732987436	
100.100000	-22.106130370256749984	
100.300000	-23.830714733581597642	
100.500000	-27.580206718534064692	
100.700000	-32.625615971196765486	
100.900000	-38.100336354491865620	
101.100000	-42.847439906264554565	
101.300000	-46.501162714784349816	
101.500000	-49.369837069613765834	
101.700000	-51.741435020035552839	
101.900000	-53.697559313422097205	
102.100000	-55.241917310480872061	
102.300000	-56.444577322181537227	
122.300000	-69.929912285049468323	
142.300000	-69.513898957300227721	
162.300000	-67.895522913538968623	
167.340000	-56.858334391451840872	
167.540000	-54.514529159147151915	
167.740000	-53.213964526649910169	
167.940000	-53.452175368241732656	
168.140000	-54.188253575794426808	
168.340000	-54.822633152612269214	
168.540000	-55.377087149575999092	
168.740000	-55.920186347105456548	
168.940000	-56.525378235264092552	
186.700000	-56.887514432065508174	
186.900000	-54.812867286290284596	
187.100000	-53.336613112109397150	
187.300000	-53.098688928608900994	
187.500000	-53.481534742966779561	
187.700000	-53.911866672379524346	
187.900000	-54.346491333164173909	
188.100000	-54.807843931765887646	
188.300000	-55.329836308696364711	
188.500000	-55.979951185805475689	
188.700000	-56.909037489931115772	
201.480000	-56.783500326162460681	
201.680000	-55.120228452306967881	
201.880000	-54.079242825430775099	
202.080000	-53.581723410888471903	
202.280000	-53.539664829699646020	
202.480000	-53.689624479039238736	
202.680000	-53.957090306415935288	
202.880000	-54.319558549795594615	
203.080000	-54.782154987574969596	
203.280000	-55.390606805574989835	
203.480000	-56.263835674419489408	
214.160000	-56.913469104160228085	
214.360000	-55.168728080565493599	
214.560000	-54.390845069299736281	
214.760000	-53.839826184729524527	
214.960000	-53.353311657115717992	
215.160000	-53.148073755731267909	
215.360000	-53.186227704465480315	
215.560000	-53.397176926931919638	
215.760000	-53.747010904284287847	
215.960000	-54.240655429259447828	
216.160000	-54.940216532102311930	
216.360000	-55.913216748446700421	
216.560000	-56.880802848738412081	
225.560000	-56.890400359977320477	
225.760000	-55.081885848172383646	
225.960000	-54.435902663943373625	
226.160000	-54.161308125184689288	
226.360000	-53.670907899244539863	
226.560000	-53.121251440836282143	
226.760000	-52.799035961736201727	
226.960000	-52.745492200318800258	
227.160000	-52.903885182790062913	
227.360000	-53.236624809670722414	
227.560000	-53.749602434822811858	
227.760000	-54.503027238035301139	
227.960000	-55.460517453089629214	
228.160000	-56.308728531999996392	
228.360000	-56.969696397114873321	
236.120000	-56.903894817645266357	
236.320000	-55.023109199596568430	
236.520000	-54.408683322762158241	
236.720000	-54.293342581640821720	
236.920000	-54.183405032749071495	
237.120000	-54.051690231901048378	
237.320000	-53.912155702294107584	
237.520000	-53.769315195026599952	
237.720000	-53.634571151428808378	
237.920000	-53.537362160057305971	
238.120000	-53.523134950751845906	
238.320000	-53.642544340567070549	
238.520000	-53.951911530218652047	
238.720000	-54.522444688977209637	
238.920000	-55.317775356241092766	
239.120000	-56.079061192748589804	
239.320000	-56.723383327925539277	
246.100000	-56.759836210399825518	
246.300000	-54.849844422771390384	
246.500000	-54.201921959282806540	
246.700000	-54.014859444279437639	
246.900000	-53.865901773955044973	
247.100000	-53.737010599285220280	
247.300000	-53.640940782784056751	
247.500000	-53.587285500237797464	
247.700000	-53.591643188162734646	
247.900000	-53.682630557416793238	
248.100000	-53.904092797477801469	
248.300000	-54.292960326940132632	
248.500000	-54.800778139620106799	
248.700000	-55.304078044165983385	
248.900000	-55.750925287664152563	
249.100000	-56.158323725788775960	
249.300000	-56.559872500759375669	
249.500000	-56.995638725885171993	
255.520000	-56.738411623435183628	
255.720000	-54.703381383553612238	
255.920000	-53.929854441127659470	
256.120000	-53.558122122878330629	
256.320000	-53.127622660574687075	
256.520000	-52.519187540609813425	
256.720000	-51.750285126878942776	
256.920000	-51.088957798362990559	
257.120000	-50.717932181176408335	
257.320000	-50.618604654122641762	
257.520000	-50.738725924704965564	
257.720000	-51.046531984032732510	
257.920000	-51.538249298957403255	
258.120000	-52.243947261275131666	
258.320000	-53.150798218205096646	
258.520000	-54.022420845260199940	
258.720000	-54.706721870298423482	
258.920000	-55.249498020996298919	
259.120000	-55.719288887295917334	
259.320000	-56.170019420608419125	
259.520000	-56.653828533361831887	
264.920000	-56.748008423796015620	
265.120000	-54.635442326676823654	
265.320000	-53.869786070932143218	
265.520000	-53.604857928576301163	
265.720000	-53.466012254245896429	
265.920000	-53.413356593182946597	
266.120000	-53.435776753413371409	
266.320000	-53.519279504147853288	
266.520000	-53.648049115721363478	
266.720000	-53.807523268629047664	
266.920000	-53.986828450109847211	
267.120000	-54.179478097903960077	
267.320000	-54.382661245373057568	
267.520000	-54.596096929814663667	
267.720000	-54.821125325090193314	
267.920000	-55.060273671445202126	
268.120000	-55.317377779141033045	
268.320000	-55.598457829089142024	
268.520000	-55.913963167466370408	
268.720000	-56.283985159529613895	
268.920000	-56.749565670040787779	
273.820000	-56.868263727517394557	
274.020000	-54.526946852416777745	
274.220000	-53.540908157496836850	
274.420000	-53.024309599378270264	
274.620000	-52.525053349475442133	
274.820000	-51.895223813217398856	
275.020000	-51.043180011941117868	
275.220000	-50.150886538493033129	
275.420000	-49.503834539950823057	
275.620000	-49.146733468522427302	
275.820000	-49.036426462205788823	
276.020000	-49.140991745632490506	
276.220000	-49.444066576554178027	
276.420000	-49.943288966260901418	
276.620000	-50.652827220026559019	
276.820000	-51.554442486876077112	
277.020000	-52.457946599079662064	
277.220000	-53.187260691897542131	
277.420000	-53.754042852191808777	
277.620000	-54.217559681709943220	
277.820000	-54.624247797061826759	
278.020000	-55.006480303323492365	
278.220000	-55.390385499216115761	
278.420000	-55.804844957780552761	
278.620000	-56.293313495234414745	
278.820000	-56.920901288139575058	
283.080000	-56.938451331273881806	
283.280000	-54.489167088996232735	
283.480000	-53.451371151261184878	
283.680000	-52.995396231019050504	
283.880000	-52.711815174118221705	
284.080000	-52.531405061812769475	
284.280000	-52.434355349478821040	
284.480000	-52.407954678144008653	
284.680000	-52.441254240386349750	
284.880000	-52.523455470455900240	
285.080000	-52.643699170887323646	
285.280000	-52.791899577779084041	
285.480000	-52.959891579143587137	
285.680000	-53.142092169886574027	
285.880000	-53.335417293161114571	
286.080000	-53.538730761077566456	
286.280000	-53.752220154347874370	
286.480000	-53.976946777114271470	
286.680000	-54.214669361111731405	
286.880000	-54.467999627815430586	
287.080000	-54.741016989362229594	
287.280000	-55.040670145387963430	
287.480000	-55.379713750585608523	
287.680000	-55.782490448245468428	
287.880000	-56.292367957597512884	
288.080000	-56.950857512106665581	
291.940000	-56.763655052095103315	
292.140000	-54.270949661085282401	
292.340000	-53.089640832895739209	
292.540000	-52.441130766974580979	
292.740000	-51.892770330331174478	
292.940000	-51.306146314762187899	
293.140000	-50.558035203988936246	
293.340000	-49.623864507372282162	
293.540000	-48.728400939308798456	
293.740000	-48.057474196670106892	
293.940000	-47.622552337196452754	
294.140000	-47.403653937983655453	
294.340000	-47.398821392620916981	
294.540000	-47.620055693824966170	
294.740000	-48.082440116706081312	
294.940000	-48.791463816314148971	
295.140000	-49.704157269262069008	
295.340000	-50.655679589645828287	
295.540000	-51.468446108613555623	
295.740000	-52.111569864518962447	
295.940000	-52.626492536606050976	
296.140000	-53.056660827915806067	
296.340000	-53.433730459932441192	
296.540000	-53.779588414432801358	
296.740000	-54.110173613191335562	
296.940000	-54.438795641436527717	
297.140000	-54.779310864285392313	
297.340000	-55.150140504447257683	
297.540000	-55.579809780082612747	
297.740000	-56.108112279259977129	
297.940000	-56.746257678286738724	
301.320000	-56.983176704767430465	
301.520000	-54.450356643945156065	
301.720000	-53.036715092614002742	
301.920000	-52.352190538173360324	
302.120000	-51.913628654765446413	
302.320000	-51.603168806291364490	
302.520000	-51.385547281851707169	
302.720000	-51.243566233556158807	
302.920000	-51.167165995893924446	
303.120000	-51.149696202337487705	
303.320000	-51.185609003284511687	
303.520000	-51.268721863091222701	
303.720000	-51.391289306952153026	
303.920000	-51.544311115538199886	
304.120000	-51.718911268571979178	
304.320000	-51.907864320948696957	
304.520000	-52.106371209245892828	
304.720000	-52.311930304977380501	
304.920000	-52.523723182057914016	
305.120000	-52.741962976554546572	
305.320000	-52.967427382910898359	
305.520000	-53.201219982310149703	
305.720000	-53.444742606961334275	
305.920000	-53.699878220546246155	
306.120000	-53.969442862763706614	
306.320000	-54.258064681230088411	
306.520000	-54.573802542347735312	
306.720000	-54.930921317469049825	
306.920000	-55.353182593507753495	
307.120000	-55.868807538124023893	
307.320000	-56.467569199909441124	
310.380000	-56.857911164758270672	
310.580000	-54.508876980739799478	
310.780000	-52.785602710931698311	
310.980000	-51.871762438894641889	
311.180000	-51.201939829590678244	
311.380000	-50.562008082304657819	
311.580000	-49.819342818229408465	
311.780000	-48.878649360167599980	
311.980000	-47.826846194290304481	
312.180000	-46.850400189215669400	
312.380000	-45.988945506371003091	
312.580000	-45.182511802841688109	
312.780000	-44.335935706206150542	
312.980000	-43.274961220107940107	
313.180000	-41.506787425650081502	
313.380000	-36.563468516039620226	
313.580000	-6.755127380828338524	
313.780000	5.752343747814606445	
313.980000	2.807223104433242522	
314.180000	-2.926528295425895099	
314.380000	-7.941979785794486268	
314.580000	-12.194451748303320571	
314.780000	-17.140342261474383889	
314.980000	-22.789489493213086035	
315.180000	-28.999494507328630988	
315.380000	-38.449146136974931665	
315.580000	-48.060282469908628400	
315.780000	-52.343652548045646711	
315.980000	-54.247652580918895637	
316.180000	-55.152473970180523111	
316.380000	-55.619184133855107177	
316.580000	-55.902476557279065617	
316.780000	-56.130051134365778864	
316.980000	-56.375808961739885206	
317.180000	-56.684593892575030338	
319.980000	-56.903541823511254449	
320.180000	-55.129536754777987539	
320.380000	-53.472252247990866181	
320.580000	-52.692169430158280363	
320.780000	-52.329221631159505534	
320.980000	-52.142497307035235110	
321.180000	-52.049077178412225919	
321.380000	-52.012346096845085697	
321.580000	-52.012409477450532336	
321.780000	-52.037099491862051082	
321.980000	-52.078491217499973231	
322.180000	-52.131329543918980107	
322.380000	-52.192205399245729325	
322.580000	-52.259047730842553392	
322.780000	-52.330764414783040195	
322.980000	-52.406968880741743533	
323.180000	-52.487767897152423302	
323.380000	-52.573598339743206509	
323.580000	-52.665103574672308184	
323.780000	-52.763040532990117981	
323.980000	-52.868209376464506022	
324.180000	-52.981399500180970108	
324.380000	-53.103348368317803363	
324.580000	-53.234713032254880716	
324.780000	-53.376057917480991932	
324.980000	-53.527866504925036395	
325.180000	-53.690589042048600277	
325.380000	-53.864744065646483762	
325.580000	-54.051099848163687511	
325.780000	-54.250975332779447058	
325.980000	-54.466719312430306843	
326.180000	-54.702436057566025340	
326.380000	-54.964931147297640734	
326.580000	-55.264261102929737035	
326.780000	-55.611094886607297383	
326.980000	-56.004458364638630030	
327.180000	-56.412399056686425070	
327.380000	-56.780741877843752263	
329.340000	-56.993937578082380924	
329.540000	-56.252011321383442066	
329.740000	-54.400286410651453650	
329.940000	-52.595841981337642324	
330.140000	-51.523284305692364171	
330.340000	-50.852946948721573506	
330.540000	-50.337827342381388007	
330.740000	-49.857257264340958614	
330.940000	-49.328342563881044214	
331.140000	-48.693451519593907051	
331.340000	-47.976570144379039107	
331.540000	-47.298384985907560463	
331.740000	-46.761093128766006544	
331.940000	-46.395704817297058753	
332.140000	-46.207265936466953349	
332.340000	-46.205235520755969958	
332.540000	-46.405861268769790229	
332.740000	-46.820639480944343802	
332.940000	-47.432232974915820023	
333.140000	-48.162219049703118401	
333.340000	-48.883647719473707127	
333.540000	-49.507232149717729897	
333.740000	-50.016257729827437117	
333.940000	-50.429523359792206350	
334.140000	-50.771433196251862796	
334.340000	-51.062467026520401703	
334.540000	-51.318057230899420063	
334.740000	-51.549527182480289866	
334.940000	-51.765177090318132969	
335.140000	-51.971116971831435194	
335.340000	-52.171846640163089148	
335.540000	-52.370656519612268198	
335.740000	-52.569917095339214086	
335.940000	-52.771306124237064239	
336.140000	-52.976006681576990331	
336.340000	-53.184897567688757647	
336.540000	-53.398749436959882075	
336.740000	-53.618432607706068893	
336.940000	-53.845129945263991544	
337.140000	-54.080514810999190445	
337.340000	-54.326767430416822435	
337.540000	-54.586118151654495989	
337.740000	-54.859363553314004491	
337.940000	-55.142974250529498192	
338.140000	-55.426085391458748575	
338.340000	-55.691192166215522263	
338.540000	-55.920319475833323963	
338.740000	-56.101405997162096639	
338.940000	-56.229313959726688665	
339.140000	-56.302379558305908347	
339.340000	-56.317434264108229058	
339.540000	-56.262926593027856370	
339.740000	-56.102706678484899783	
339.940000	-55.716914078402915322	
340.140000	-54.723517133077685060	
340.340000	-53.022082731438317182	
340.540000	-51.612061256005233645	
340.740000	-50.638510556923115757	
340.940000	-49.936104325714858021	
341.140000	-49.375034929765924119	
341.340000	-48.882275167014292094	
341.540000	-48.412383260620558190	
341.740000	-47.930146429873587977	
341.940000	-47.405115332622941082	
342.140000	-46.813543663817966944	
342.340000	-46.141989471211168450	
342.540000	-45.380097731728803012	
342.740000	-44.490287596678342652	
342.940000	-43.339346827311381105	
343.140000	-41.474855783598634673	
343.340000	-36.667028208456414973	
343.540000	-9.903185905450937909	
343.740000	5.101065806533094715	
343.940000	2.719706317737145884	
344.140000	-2.692318291743275527	
344.340000	-7.634972600983082280	
344.540000	-11.710291925199820540	
344.740000	-16.273516166353591217	
344.940000	-21.649554318459951929	
345.140000	-27.474132822949808741	
345.340000	-35.591925595104967783	
345.540000	-45.536036479742925565	
345.740000	-50.600063806271855071	
345.940000	-52.795421384404050968	
346.140000	-53.791370164935976561	
346.340000	-54.247704644328401002	
346.540000	-54.456299149577063190	
346.740000	-54.553758829149757048	
346.940000	-54.606191537102930056	
347.140000	-54.645743975448510810	
347.340000	-54.687343237891013814	
347.540000	-54.736741206841649898	
347.740000	-54.794471980468031802	
347.940000	-54.857756651411044402	
348.140000	-54.921301182218776660	
348.340000	-54.977418507113462454	
348.540000	-55.015567458034510651	
348.740000	-55.021031299501146350	
348.940000	-54.972017187809981920	
349.140000	-54.834640778598604527	
349.340000	-54.560720137584475253	
349.540000	-54.116570577303264145	
349.740000	-53.570218441242502649	
349.940000	-53.087407975133956484	
350.140000	-52.768519987308231123	
350.340000	-52.625055603292601347	
350.540000	-52.593520348181108659	
350.740000	-52.627662524821118950	
350.940000	-52.703351400059361254	
351.140000	-52.807989119291100621	
351.340000	-52.934560258923944787	
351.540000	-53.078820679589256315	
351.740000	-53.238014229384027942	
351.940000	-53.410316987308654291	
352.140000	-53.594646434939448909	
352.340000	-53.790671777514482699	
352.540000	-53.998941419847753309	
352.740000	-54.221041509575833572	
352.940000	-54.459581690540368015	
353.140000	-54.717476521521383859	
353.340000	-54.995498613463986715	
353.540000	-55.287471564252420819	
353.740000	-55.576200597543881088	
353.940000	-55.837417908988619786	
354.140000	-56.051139823961740660	
354.340000	-56.208326674349223140	
354.540000	-56.308322872730720121	
354.740000	-56.352932863102836336	
354.940000	-56.340968969380462283	
355.140000	-56.261679719685027123	
355.340000	-56.078578375154890523	
355.540000	-55.668435359578658961	
355.740000	-54.634371936435833561	
355.940000	-52.918817793498469371	
356.140000	-51.541349278323174588	
356.340000	-50.617776098778413996	
356.540000	-49.970357305674667714	
356.740000	-49.466332817727590054	
356.940000	-49.034759446876726940	
357.140000	-48.633408053455127629	
357.340000	-48.231943551977970230	
357.540000	-47.808816417703170032	
357.740000	-47.357097707745069215	
357.940000	-46.892708733456977654	
358.140000	-46.452367540145658609	
358.340000	-46.078075601376056625	
358.540000	-45.804011777279555417	
358.740000	-45.655910171727896341	
358.940000	-45.655255135432966540	
359.140000	-45.818174465557781616	
359.340000	-46.144565518693724471	
359.540000	-46.601775519952028048	
359.740000	-47.123404356385556468	
359.940000	-47.639316826285295292	
360.140000	-48.121797623892092588	
360.340000	-48.600271389981351433	
360.540000	-49.045197009734650351	
360.740000	-49.437267627702105699	
360.940000	-49.776151341876477829	
361.140000	-50.069533585249352825	
361.340000	-50.327018728148630089	
361.540000	-50.557613224831648324	
361.740000	-50.768895515678764241	
361.940000	-50.966888065117373685	
362.140000	-51.156185054127888634	
362.340000	-51.340146906749261291	
362.540000	-51.521089482614577548	
362.740000	-51.700445404420385387	
362.940000	-51.878893404425895142	
363.140000	-52.056455843651434634	
363.340000	-52.232562835323413708	
363.540000	-52.406077675925807569	
363.740000	-52.575274610875077030	
363.940000	-52.737757274918195094	
364.140000	-52.890304639276060072	
364.340000	-53.028629245502422407	
364.540000	-53.147025607804309288	
364.740000	-53.237870380546375770	
364.940000	-53.290921274584597711	
365.140000	-53.292436634693601150	
365.340000	-53.224632495224895479	
365.540000	-53.067695510827448402	
365.740000	-52.809611869123067152	
365.940000	-52.466429767234338044	
366.140000	-52.093512062086809067	
366.340000	-51.758458244241069224	
366.540000	-51.501881683877122953	
366.740000	-51.332025491375446791	
366.940000	-51.240891486949699640	
367.140000	-51.216397059776724632	
367.340000	-51.246924946069533746	
367.540000	-51.322278929417542770	
367.740000	-51.433592819062077695	
367.940000	-51.573078321993641282	
368.140000	-51.733813286453603553	
368.340000	-51.909566617390638044	
368.540000	-52.094613778459439857	
368.740000	-52.283499785197989240	
368.940000	-52.470718177054379794	
369.140000	-52.650284125362368570	
369.340000	-52.815179930763527238	
369.540000	-52.956621670721958139	
369.740000	-53.062993617442849370	
369.940000	-53.118076980061637471	
370.140000	-53.108380113052298555	
370.340000	-53.024292310592635147	
370.540000	-52.796608897158478158	
370.740000	-52.384726021881633073	
370.940000	-51.845665530299164914	
371.140000	-51.316807983401467652	
371.340000	-50.889354103077316438	
371.540000	-50.576425324401000694	
371.740000	-50.363474023906249499	
371.940000	-50.235500393877302372	
372.140000	-50.181455925360147319	
372.340000	-50.192874087250189064	
372.540000	-50.262153738467844732	
372.740000	-50.381492707859493407	
372.940000	-50.542547263419450587	
373.140000	-50.736658123223364214	
373.340000	-50.955358150107237236	
373.540000	-51.190863456420821365	
373.740000	-51.436355655019362132	
373.940000	-51.686002696508786869	
374.140000	-51.934753595567229922	
374.340000	-52.177962800751998884	
374.540000	-52.410885123697831034	
374.740000	-52.628062989991882148	
374.940000	-52.822604635813462437	
375.140000	-52.985276800354441207	
375.340000	-53.103104161225680002	
375.540000	-53.156640268131646110	
375.740000	-53.114247945910832982	
375.940000	-52.922267261412592632	
376.140000	-52.503936512765442046	
376.340000	-51.828637286933187056	
376.540000	-51.037455902324495582	
376.740000	-50.318051548336590884	
376.940000	-49.716565906021891408	
377.140000	-49.205763011759856340	
377.340000	-48.753368075877780541	
377.540000	-48.331581494842147606	
377.740000	-47.912252564835213775	
377.940000	-47.459700614545646147	
378.140000	-46.921906893041331443	
378.340000	-46.222834432060118104	
378.540000	-45.263312524334629927	
378.740000	-43.900349242569852493	
378.940000	-41.691760364225160629	
379.140000	-36.025542434089416588	
379.340000	-5.173237828999377008	
379.540000	6.298977875699534934	
379.740000	4.055497443603642616	
379.940000	-1.948553541177977078	
380.140000	-7.795584372655940619	
380.340000	-12.418681644368968264	
380.540000	-17.346853840835589011	
380.740000	-23.059771629216843536	
380.940000	-29.554240780779927888	
381.140000	-38.896718258065909879	
381.340000	-47.503675828610795406	
381.540000	-51.371232225612452282	
381.740000	-53.149226360935465152	
381.940000	-54.053277661191813763	
382.140000	-54.597768963390528540	
382.340000	-55.019778532559612927	
382.540000	-55.402097501353630093	
382.740000	-55.717776915596665788	
382.940000	-55.929240966853839723	
383.140000	-56.043393925305373671	
383.340000	-56.085049288657181421	
383.540000	-56.075214517026928718	
383.740000	-56.026386454940826809	
383.940000	-55.942689323094619169	
384.140000	-55.818802930325823297	
384.340000	-55.632627650320571888	
384.540000	-55.313886213167066330	
384.740000	-54.603754169395834595	
384.940000	-53.002027717377927729	
385.140000	-51.417409493961514499	
385.340000	-50.477177539886902480	
385.540000	-49.956532665167742380	
385.740000	-49.650679178738151620	
385.940000	-49.465854149792022554	
386.140000	-49.357872148536003465	
386.340000	-49.302154317495180180	
386.540000	-49.283153131924784418	
386.740000	-49.290217707138666015	
386.940000	-49.315760031933287166	
387.140000	-49.354334218774127407	
387.340000	-49.402099728432489201	
387.540000	-49.456455448267675479	
387.740000	-49.515760230352164228	
387.940000	-49.579108109384357306	
388.140000	-49.646145655263858032	
388.340000	-49.716924184616893001	
388.540000	-49.791780198320161333	
388.740000	-49.871237445512882402	
388.940000	-49.955924691078401167	
389.140000	-50.046504626463786281	
389.340000	-50.143610837833335836	
389.540000	-50.247791182473790172	
389.740000	-50.359457077182987916	
389.940000	-50.478839021745862681	
390.140000	-50.617849874250410380	
390.340000	-50.806062961955554158	
390.540000	-51.014559726213398960	
390.740000	-51.223475573267478467	
390.940000	-51.426430493262358823	
391.140000	-51.622308466642252256	
391.340000	-51.811385948123174217	
391.540000	-51.993830508634125920	
391.740000	-52.169129494064769403	
391.940000	-52.335827509688854775	
392.140000	-52.491312975129851282	
392.340000	-52.631538487963517525	
392.540000	-52.750609307976240814	
392.740000	-52.840164811551268542	
392.940000	-52.888422978010169118	
393.140000	-52.878759180136178486	
393.340000	-52.788258020346674471	
393.540000	-52.589425843668003324	
393.740000	-52.264602626099190275	
393.940000	-51.839052320282902997	
394.140000	-51.394043672910619591	
394.340000	-51.013034733465573822	
394.540000	-50.730919886771204119	
394.740000	-50.545253872977902176	
394.940000	-50.442132984855199140	
395.140000	-50.407568319217290309	
395.340000	-50.429691735788651386	
395.540000	-50.498415159661981022	
395.740000	-50.604852841386261275	
395.940000	-50.740969359327905863	
396.140000	-50.899418144681298770	
396.340000	-51.073451372288857897	
396.540000	-51.256804961535657128	
396.740000	-51.443502168569786193	
396.940000	-51.627549124476317388	
397.140000	-51.802510843020208142	
397.340000	-51.960955927005215926	
397.540000	-52.093731548581942548	
397.740000	-52.188955330090585960	
397.940000	-52.230494854713896302	
398.140000	-52.195773650749430317	
398.340000	-52.054072343975740012	
398.540000	-51.771991143393179868	
398.740000	-51.340823890482162994	
398.940000	-50.816830273994682443	
399.140000	-50.301344964567775264	
399.340000	-49.862848956893095931	
399.540000	-49.517015384476920303	
399.740000	-49.256853448874799994	
399.940000	-49.072954089133887123	
400.140000	-48.971914320890775230	
400.340000	-48.988369611732743181	
400.540000	-49.093801403508557257	
400.740000	-49.261496838520152153	
400.940000	-49.474756995469213905	
401.140000	-49.720029977005729904	
401.340000	-49.984741758011324464	
401.540000	-50.257705166875908276	
401.740000	-50.529702223663896632	
401.940000	-50.793351584765666473	
402.140000	-51.042402123751720922	
402.340000	-51.270806789064408804	
402.540000	-51.471758555605134688	
402.740000	-51.636674716679841879	
402.940000	-51.753970875097543569	
403.140000	-51.807372268702550855	
403.340000	-51.773749956938317496	
403.540000	-51.622317810205124999	
403.740000	-51.323074248503296246	
403.940000	-50.876970613486918182	
404.140000	-50.347682119213033047	
404.340000	-49.828716841555340977	
404.540000	-49.375817335638082284	
404.740000	-48.999553448233669428	
404.940000	-48.692835446161112145	
405.140000	-48.447253623850841109	
405.340000	-48.257546040458279890	
405.540000	-48.122033004045164262	
405.740000	-48.042169886339671336	
405.940000	-48.021751163177796684	
406.140000	-48.065466991976357747	
406.340000	-48.176418325954927013	
406.540000	-48.352788130160320179	
406.740000	-48.585185037323562085	
406.940000	-48.856969682059840920	
407.140000	-49.148051401781316372	
407.340000	-49.439456984913761062	
407.540000	-49.715722364378834186	
407.740000	-49.964737621811380563	
407.940000	-50.176327034935710003	
408.140000	-50.340661819467115379	
408.340000	-50.446989855749571063	
408.540000	-50.483001358240962020	
408.740000	-50.435579950471819188	
408.940000	-50.294463664651111401	
409.140000	-50.059918081060267525	
409.340000	-49.750795100596619136	
409.540000	-49.403020555309808515	
409.740000	-49.055129180669403866	
409.940000	-48.734171753702959506	
410.140000	-48.466903796405205185	
410.340000	-48.300609254903136502	
410.540000	-48.216582564047286041	
410.740000	-48.196363535883797624	
410.940000	-48.232731690037738304	
411.140000	-48.322688767242340191	
411.340000	-48.462649527707135633	
411.540000	-48.645891117207447962	
411.740000	-48.861968827125487280	
411.940000	-49.097794802664893155	
412.140000	-49.339480287325812924	
412.340000	-49.573826796526468286	
412.540000	-49.788885508913693911	
412.740000	-49.973689461810309353	
412.940000	-50.117572002261297825	
413.140000	-50.209497246994708064	
413.340000	-50.237868242997357981	
413.540000	-50.191542965900765694	
413.740000	-50.063070019722921700	
413.940000	-49.854349078502934844	
414.140000	-49.581619440047703051	
414.340000	-49.273606411860512821	
414.540000	-48.961486262674505099	
414.740000	-48.668881051894608447	
414.940000	-48.409144779876626785	
415.140000	-48.188248564222085690	
415.340000	-48.008518763306099686	
415.540000	-47.871043215019639661	
415.740000	-47.776703762641467677	
415.940000	-47.726294240422859616	
416.140000	-47.720063323008361067	
416.340000	-47.756910942052535063	
416.540000	-47.833496852596923077	
416.740000	-47.943611370243701231	
416.940000	-48.078146480933526163	
417.140000	-48.225775961227448363	
417.340000	-48.374107486582261117	
417.540000	-48.510879343481562387	
417.740000	-48.624883547497013581	
417.940000	-48.706571011598626342	
418.140000	-48.748505351451385081	
418.340000	-48.745865736995028783	
418.540000	-48.697056734264727140	
418.740000	-48.604225249965416822	
418.940000	-48.473265622222662330	
419.140000	-48.312960553773741879	
419.340000	-48.133354557297238330	
419.540000	-47.943959434205481784	
419.740000	-47.752459826684244604	
419.940000	-47.564186244625538791	
420.140000	-47.396686303250433525	
420.340000	-47.300156080100379086	
420.540000	-47.258759875097808845	
420.740000	-47.254413496553048901	
420.940000	-47.279958390991069450	
421.140000	-47.333099911509158630	
421.340000	-47.412427059101318605	
421.540000	-47.515417679760986402	
421.740000	-47.637635975794836440	
421.940000	-47.772745367594644961	
422.140000	-47.913072928087473201	
422.340000	-48.050429952569714942	
422.540000	-48.176909694992033906	
422.740000	-48.285496622767098529	
422.940000	-48.370462840010397088	
423.140000	-48.427616616667741312	
423.340000	-48.454479611305188769	
423.540000	-48.450423615363860108	
423.740000	-48.416731649969321438	
423.940000	-48.356502947410383797	
424.140000	-48.274332352646098343	
424.340000	-48.175769366545097228	
424.540000	-48.066659586169130591	
424.740000	-47.952523940343979802	
424.940000	-47.838102675057506019	
425.140000	-47.727108870195593227	
425.340000	-47.622159005712788371	
425.540000	-47.524812684998131829	
425.740000	-47.435658477241133824	
425.940000	-47.354406867127458725	
426.140000	-47.279975784182575183	
426.340000	-47.210570343506006452	
426.540000	-47.143764865518612339	
426.740000	-47.076593645525541376	
426.940000	-47.005649630216829848	
427.140000	-46.927179196463512767	
427.340000	-46.837148101832120517	
427.540000	-46.731238778127753619	
427.740000	-46.604720718320443495	
427.940000	-46.452107574298665327	
428.140000	-46.266460558170699358	
428.340000	-46.038077205975838524	
428.540000	-45.752011096457202655	
428.740000	-45.383095113256423758	
428.940000	-44.884874654956050222	
429.140000	-44.161076788494099787	
429.340000	-42.974403717863388863	
429.540000	-40.532475990356310547	
429.740000	-31.895947169658168008	
429.940000	2.228295596441743687	
430.140000	6.433061696021348475	
430.340000	2.944258185503664915	
430.540000	-3.854252249952819120	
430.740000	-9.269741157695369438	
430.940000	-13.742510629844113978	
431.140000	-18.571439499132264217	
431.340000	-24.112827522079967935	
431.540000	-30.675460567580149274	
431.740000	-40.018754650789134075	
431.940000	-47.580647233016705400	
432.140000	-50.979239362168286220	
432.340000	-52.628163140238754636	
432.540000	-53.576407438106308234	
432.740000	-54.245736312813576774	
432.940000	-54.721184342699217495	
433.140000	-54.996330497613776345	
433.340000	-55.114224135633087087	
433.540000	-55.128714813753063595	
433.740000	-55.077986104449280447	
433.940000	-54.984120094000935808	
434.140000	-54.856979896880659453	
434.340000	-54.695887323237947442	
434.540000	-54.485936408404477049	
434.740000	-54.178153858450670555	
434.940000	-53.595642553899971006	
435.140000	-52.181876693524969824	
435.340000	-50.321657188230489055	
435.540000	-49.126032560107567804	
435.740000	-48.458692294949486268	
435.940000	-48.054714542860473614	
436.140000	-47.796380605623284055	
436.340000	-47.633020382877340637	
436.540000	-47.537510078608313790	
436.740000	-47.492573398513364680	
436.940000	-47.485873027918813705	
437.140000	-47.507993644088465146	
437.340000	-47.551554418662540513	
437.540000	-47.610791547116349420	
437.740000	-47.681325344530044674	
437.940000	-47.759984685163402673	
438.140000	-47.844638672090745501	
438.340000	-47.934023256263543544	
438.540000	-48.027566079268225963	
438.740000	-48.125216350379538710	
438.940000	-48.227285102690387930	
439.140000	-48.334298774026152046	
439.340000	-48.446867399201671844	
439.540000	-48.565568016233278570	
439.740000	-48.690843817127294813	
439.940000	-48.822919623580318671	
440.140000	-48.974056816154060812	
440.340000	-49.175377472507960874	
440.540000	-49.397443488583469673	
440.740000	-49.619022963746566290	
440.940000	-49.832451875430351151	
441.140000	-50.035513203381931646	
441.340000	-50.227446553995271472	
441.540000	-50.407282907566766994	
441.740000	-50.573114351039592407	
441.940000	-50.721690329777885609	
442.140000	-50.848086432998599093	
442.340000	-50.945340998248738629	
442.540000	-51.004033539928308016	
442.740000	-51.011904620602322780	
442.940000	-50.954024642211052765	
443.140000	-50.815084011784342977	
443.340000	-50.586732571077035914	
443.540000	-50.280496911881627398	
443.740000	-49.935164826213394917	
443.940000	-49.602380949100549401	
444.140000	-49.320937360084556644	
444.340000	-49.107093992240464786	
444.540000	-48.961692975786490933	
444.740000	-48.879042445194556876	
444.940000	-48.851538356796183393	
445.140000	-48.871197332312313222	
445.340000	-48.929947855684119418	
445.540000	-49.019609335973406417	
445.740000	-49.131866916102531206	
445.940000	-49.258282493365044274	
446.140000	-49.390297047527873531	
446.340000	-49.519175465745206566	
446.540000	-49.635873625515607444	
446.740000	-49.730846348134434720	
446.940000	-49.793865170421923949	
447.140000	-49.814006755680402705	
447.340000	-49.780159898867331947	
447.540000	-49.682677953774188495	
447.740000	-49.516835288178036478	
447.940000	-49.287577665414573858	
448.140000	-49.012286823732864605	
448.340000	-48.717261553520934569	
448.540000	-48.428854405635796354	
448.740000	-48.166190821565699309	
448.940000	-47.939758673753445350	
449.140000	-47.753824396252568363	
449.340000	-47.609223273934439646	
449.540000	-47.505072299347389730	
449.740000	-47.439453569536766508	
449.940000	-47.409493590034934130	
450.140000	-47.424946857200190209	
450.340000	-47.522557057518405088	
450.540000	-47.671944242145947612	
450.740000	-47.842378411172859387	
450.940000	-48.014821796187099778	
451.140000	-48.176328967929038072	
451.340000	-48.317092028350529631	
451.540000	-48.429290329542766358	
451.740000	-48.506669996499056197	
451.940000	-48.544496499459867778	
452.140000	-48.539817341904523573	
452.340000	-48.491975191441525794	
452.540000	-48.403167903884394718	
452.740000	-48.278687629844682760	
452.940000	-48.126473338751722508	
453.140000	-47.955917095617543566	
453.340000	-47.776319133248776438	
453.540000	-47.595591753362334941	
453.740000	-47.419586156660685106	
453.940000	-47.252017578728256808	
454.140000	-47.094731043096103917	
454.340000	-46.948052691861782648	
454.540000	-46.811082201913464473	
454.740000	-46.681882461335518997	
454.940000	-46.557575932474897229	
455.140000	-46.434371433410483121	
455.340000	-46.307536098776012068	
455.540000	-46.171303409103394699	
455.740000	-46.018669148058926055	
455.940000	-45.840963270523779727	
456.140000	-45.626969497244139973	
456.340000	-45.361122153402632762	
456.540000	-45.019729381306270000	
456.740000	-44.562577068870631081	
456.940000	-43.912148401440518342	
457.140000	-42.892478220221327945	
457.340000	-40.990434817886168162	
457.540000	-35.813352518238666278	
457.740000	-9.713573254861417539	
457.940000	4.755308898469981393	
458.140000	3.169824025370376219	
458.340000	-2.294489516985925626	
458.540000	-7.613255339433574242	
458.740000	-11.733352311634753562	
458.940000	-15.918307265343711876	
459.140000	-20.707034076088547181	
459.340000	-26.175047292369768570	
459.540000	-33.138317607761713646	
459.740000	-42.253693704694029520	
459.940000	-48.030719659896838891	
460.140000	-50.644653374453426409	
460.340000	-51.953032547221226878	
460.540000	-52.693986522567520581	
460.740000	-53.200684343074136962	
460.940000	-53.599319071175429485	
461.140000	-53.887684625923817805	
461.340000	-54.049564299366593900	
461.540000	-54.103981360166621073	
461.740000	-54.080165220313098473	
461.940000	-53.999558626165082842	
462.140000	-53.871728002146241465	
462.340000	-53.691979613677467853	
462.540000	-53.430291050708383693	
462.740000	-52.983189261544048065	
462.940000	-52.011318800374610305	
463.140000	-50.343256196171935812	
463.340000	-48.961291161845608144	
463.540000	-48.071970381091318814	
463.740000	-47.509698342236859503	
463.940000	-47.139839993602187462	
464.140000	-46.890459106000882628	
464.340000	-46.723737397762242551	
464.540000	-46.617338516623718192	
464.740000	-46.556370487948257164	
464.940000	-46.529933289157902720	
465.140000	-46.529566878823985121	
465.340000	-46.548537861865654008	
465.540000	-46.581505228720267553	
465.740000	-46.624345462085543090	
465.940000	-46.674028576955095104	
466.140000	-46.728496356753936425	
466.340000	-46.786527463602794796	
466.540000	-46.847590902756060416	
466.740000	-46.911695434450223274	
466.940000	-46.979242734946403459	
467.140000	-47.050889962146008827	
467.340000	-47.127424933511093741	
467.540000	-47.209655250987417219	
467.740000	-47.298311568344615807	
467.940000	-47.393964653516285068	
468.140000	-47.496955748806591657	
468.340000	-47.607339769306761923	
468.540000	-47.724840914763767330	
468.740000	-47.848820130559282404	
468.940000	-47.978253412486303375	
469.140000	-48.111719199305738925	
469.340000	-48.247392210672472856	
469.540000	-48.383040443551060150	
469.740000	-48.516022183128086454	
469.940000	-48.643281404050213723	
470.140000	-48.773335437117104618	
470.340000	-48.933157919700967398	
470.540000	-49.091538787045926995	
470.740000	-49.225406690246742869	
470.940000	-49.324786274882356452	
471.140000	-49.385160551726123401	
471.340000	-49.404127271495831053	
471.540000	-49.380658084452100809	
471.740000	-49.315626284854637618	
471.940000	-49.212819051615035448	
472.140000	-49.079673245445810892	
472.340000	-48.926966735579128454	
472.540000	-48.767181767128469971	
472.740000	-48.612163143848491131	
472.940000	-48.471195139264338536	
473.140000	-48.350191370021796899	
473.340000	-48.251882654668939665	
473.540000	-48.176479520429175807	
473.740000	-48.122374329139127269	
473.940000	-48.086695806328670244	
474.140000	-48.065700951582840617	
474.340000	-48.055054053807666037	
474.540000	-48.050046748299031663	
474.740000	-48.045797957242484699	
474.940000	-48.037457371107961990	
475.140000	-48.020425536695171331	
475.340000	-47.990595541054069884	
475.540000	-47.944611250185225515	
475.740000	-47.880121243262870223	
475.940000	-47.795986321189076307	
476.140000	-47.692379989875831825	
476.340000	-47.570721395446369684	
476.540000	-47.433412430539988236	
476.740000	-47.283410281460206193	
476.940000	-47.123723986301477851	
477.140000	-46.956942999637952596	
477.340000	-46.784875884283856351	
477.540000	-46.608319795176299749	
477.740000	-46.426929333272745737	
477.940000	-46.239124208516763304	
478.140000	-46.041964353987175684	
478.340000	-45.830911230666579570	
478.540000	-45.599362833999741440	
478.740000	-45.337765584340111502	
478.940000	-45.031901093059950369	
479.140000	-44.659435497226446898	
479.340000	-44.182428113860076735	
479.540000	-43.529136465296595304	
479.740000	-42.541833325752556050	
479.940000	-40.782769303771402747	
480.140000	-36.436274237093272177	
480.340000	-16.740418461497668545	
480.540000	2.962464189239764956	
480.740000	2.116990396507132832	
480.940000	-2.596903358977623810	
481.140000	-7.268810009052248056	
481.340000	-11.031771849236953642	
481.540000	-14.910633196025347758	
481.740000	-19.323296200474715079	
481.940000	-24.318513999230557232	
482.140000	-30.280520866605659336	
482.340000	-38.665868167066172134	
482.540000	-45.993533614621718186	
482.740000	-49.392905047967751386	
482.940000	-50.954415433673531766	
483.140000	-51.713563285760095312	
483.340000	-52.117422412517079522	
483.540000	-52.372479704844153048	
483.740000	-52.570961100694447055	
483.940000	-52.738070845155405664	
484.140000	-52.861603200499558852	
484.340000	-52.924971177595011795	
484.540000	-52.923613510298146423	
484.740000	-52.859465466397288935	
484.940000	-52.729409401161746018	
485.140000	-52.511131950998965578	
485.340000	-52.129702883346368480	
485.540000	-51.373460350382579520	
485.740000	-50.061738776152679975	
485.940000	-48.788894732613776739	
486.140000	-47.875196686056426643	
486.340000	-47.223049840285632683	
486.540000	-46.748212417613352443	
486.740000	-46.397544304038568441	
486.940000	-46.136865236113997923	
487.140000	-45.943510455688617355	
487.340000	-45.801778186472894561	
487.540000	-45.700226159085630684	
487.740000	-45.630122388799080113	
487.940000	-45.584577248826207096	
488.140000	-45.558065082148971214	
488.340000	-45.546161637167642766	
488.540000	-45.545393270620010640	
488.740000	-45.553135783905624123	
488.940000	-45.567527798421949115	
489.140000	-45.587381650003621303	
489.340000	-45.612086367633970951	
489.540000	-45.641503802644130872	
489.740000	-45.675861733117834262	
489.940000	-45.715648144431462185	
490.140000	-45.775522910627927331	
490.340000	-45.896818988110460680	
490.540000	-46.053009214799843107	
490.740000	-46.220312891231195351	
490.940000	-46.388413567166161044	
491.140000	-46.553584012496727951	
491.340000	-46.714837299208063826	
491.540000	-46.872194670644937275	
491.740000	-47.025897676976946116	
491.940000	-47.176034618428111855	
492.140000	-47.322362813894628175	
492.340000	-47.464231225770618039	
492.540000	-47.600557283108528850	
492.740000	-47.729834099732471486	
492.940000	-47.850156419971305866	
493.140000	-47.959261536847520802	
493.340000	-48.054587456906801890	
493.540000	-48.133355695330365620	
493.740000	-48.192690524961619758	
493.940000	-48.229789766109313121	
494.140000	-48.242162355072572666	
494.340000	-48.227940459135389517	
494.540000	-48.186251676533800037	
494.740000	-48.117594585743042046	
494.940000	-48.024107061846180500	
495.140000	-47.909585751988664981	
495.340000	-47.779156395890446163	
495.540000	-47.638623304432883288	
495.740000	-47.493676397584934534	
495.940000	-47.349195915977709603	
496.140000	-47.208823029277354522	
496.340000	-47.074825044115300443	
496.540000	-46.948177436653772077	
496.740000	-46.828754808161406231	
496.940000	-46.715547329350940231	
497.140000	-46.606858457629243730	
497.340000	-46.500469409932215115	
497.540000	-46.393770469263515110	
497.740000	-46.283862248588327759	
497.940000	-46.167626484917434482	
498.140000	-46.041759155403447323	
498.340000	-45.902750065562798909	
498.540000	-45.746782113546970550	
498.740000	-45.569507496319488382	
498.940000	-45.365630415663709130	
499.140000	-45.128170420287574416	
499.340000	-44.847158930791067633	
499.540000	-44.507234366493690914	
499.740000	-44.082863407280349577	
499.940000	-43.527793992720823724	
500.140000	-42.748209514311142243	
500.340000	-41.519097397301770513	
500.540000	-39.128261752159019693	
500.740000	-31.884588201833906851	
500.940000	-4.691104839460380482	
501.140000	2.738346892473117133	
501.340000	0.349236769993532647	
501.540000	-4.535774463442576732	
501.740000	-8.548036860172929963	
501.940000	-12.157839943541022265	
502.140000	-16.010486899841726682	
502.340000	-20.390974776121151280	
502.540000	-25.350494415335557363	
502.740000	-31.456390513863397018	
502.940000	-39.706494369303548808	
503.140000	-46.048591008341546171	
503.340000	-48.966331122201445680	
503.540000	-50.308699435231467589	
503.740000	-50.935025459593198605	
503.940000	-51.225996979416521526	
504.140000	-51.358937443484990126	
504.340000	-51.416943349349011783	
504.540000	-51.435677027531966132	
504.740000	-51.424978296408973222	
504.940000	-51.380015708343023562	
505.140000	-51.286538113891481316	
505.340000	-51.119940302160046031	
505.540000	-50.836927732271682601	
505.740000	-50.368033322854962819	
505.940000	-49.669329564969935120	
506.140000	-48.873821400062539055	
506.340000	-48.205258397312945817	
506.540000	-47.722094916908140760	
506.740000	-47.385488012950425230	
506.940000	-47.155572233433360907	
507.140000	-47.005448669674663620	
507.340000	-46.917144759991124658	
507.540000	-46.877895993922095386	
507.740000	-46.877987484163156751	
507.940000	-46.909576968060839874	
508.140000	-46.966050940690273308	
508.340000	-47.041659712717709851	
508.540000	-47.131294086440391311	
508.740000	-47.230330922950599870	
508.940000	-47.334510896133714652	
509.140000	-47.439832250050251616	
509.340000	-47.542456249420609993	
509.540000	-47.638627093712074156	
509.740000	-47.724613742796989868	
509.940000	-47.796684855787347601	
510.140000	-47.851131708437868895	
510.340000	-47.884357705858022314	
510.540000	-47.893055792921920499	
510.740000	-47.874492516513576845	
510.940000	-47.826900499490704988	
511.140000	-47.749937313704315045	
511.340000	-47.645095665315892575	
511.540000	-47.515878820608222100	
511.740000	-47.367559452984885127	
511.940000	-47.206479865521629335	
512.140000	-47.039076352706395312	
512.340000	-46.870954682007706538	
512.540000	-46.706287218401520533	
512.740000	-46.547607027525074841	
512.940000	-46.395902700502425375	
513.140000	-46.250860116493925034	
513.340000	-46.111129649164517730	
513.540000	-45.974555380450937037	
513.740000	-45.838346535598759601	
513.940000	-45.699191080124144548	
514.140000	-45.553313683836194059	
514.340000	-45.396471845396540346	
514.540000	-45.223868203033525504	
514.740000	-45.029933043368835399	
514.940000	-44.807891291801801970	
515.140000	-44.548953507044352307	
515.340000	-44.240811855639393002	
515.540000	-43.864748772372699648	
515.740000	-43.389689859736506605	
515.940000	-42.758638573074009059	
516.140000	-41.852796974460453328	
516.340000	-40.373832547414131966	
516.540000	-37.305453344648839220	
516.740000	-27.150072381197535520	
516.940000	-2.358143618188631496	
517.140000	1.505427906204287458	
517.340000	-1.299271247424429010	
517.540000	-5.601642641895637098	
517.740000	-9.159187403973607644	
517.940000	-12.619830553312981536	
518.140000	-16.357277568789179156	
518.340000	-20.565530518805665849	
518.540000	-25.316189431363454787	
518.740000	-31.128116407972903801	
518.940000	-38.863825331317038092	
519.140000	-45.136277619160694030	
519.340000	-48.151847640099461501	
519.540000	-49.566005428837826230	
519.740000	-50.233306846974990378	
519.940000	-50.541677160413790659	
520.140000	-50.675538320368985978	
520.340000	-50.723032189294819716	
520.540000	-50.723174761508090569	
520.740000	-50.687849511986932782	
520.940000	-50.612761061560092912	
521.140000	-50.482042058370225845	
521.340000	-50.267001909355116140	
521.540000	-49.920863235998332641	
521.740000	-49.388737587562367537	
521.940000	-48.684504908436579740	
522.140000	-47.965330366287183494	
522.340000	-47.379617901087158316	
522.540000	-46.947945806906723476	
522.740000	-46.639080728006128140	
522.940000	-46.423223306945779143	
523.140000	-46.279323212723973313	
523.340000	-46.192579440155128623	
523.540000	-46.151954311500901440	
523.740000	-46.148631599080474075	
523.940000	-46.175135355989148422	
524.140000	-46.224834518040900377	
524.340000	-46.291662690797686253	
524.540000	-46.369954778480142465	
524.740000	-46.454345505824832685	
524.940000	-46.539701404162158838	
525.140000	-46.621074932859428941	
525.340000	-46.693680899202384182	
525.540000	-46.752903086991608461	
525.740000	-46.794343898595222697	
525.940000	-46.813931953168406608	
526.140000	-46.808100733069451849	
526.340000	-46.774041927012518727	
526.540000	-46.710014258937498255	
526.740000	-46.615648780874060719	
526.940000	-46.492144442599744991	
527.140000	-46.342225284506376681	
527.340000	-46.169774641386744918	
527.540000	-45.979170742320960130	
527.740000	-45.774497159621823528	
527.940000	-45.558875352365475919	
528.140000	-45.333953719423952577	
528.340000	-45.099625017467730004	
528.540000	-44.853868161433716466	
528.740000	-44.592553849382426279	
528.940000	-44.309045975563734032	
529.140000	-43.993364179204064612	
529.340000	-43.630473014484067562	
529.540000	-43.196775502059601592	
529.740000	-42.652505540583860011	
529.940000	-41.923438454335773429	
530.140000	-40.849532864046160796	
530.340000	-39.002936855323504517	
530.540000	-34.775036390844555001	
530.740000	-20.041291957446766503	
530.940000	-0.930557043939327033	
531.140000	0.386600494070615253	
531.340000	-2.825942412611232690	
531.540000	-6.585201853812957751	
531.740000	-9.890343930062932998	
531.940000	-13.273772076847921042	
532.140000	-16.946809657083232281	
532.340000	-21.044827178389343914	
532.540000	-25.654710406116638666	
532.740000	-31.319573832582587869	
532.940000	-38.698913300256243986	
533.140000	-44.640872370409454106	
533.340000	-47.568868804408666051	
533.540000	-48.962298077034439814	
533.740000	-49.620776207298341376	
533.940000	-49.916343525882233223	
534.140000	-50.029022469528882766	
534.340000	-50.046011227989872339	
534.540000	-50.006475590910064000	
534.740000	-49.922689453522224312	
534.940000	-49.790249839468557980	
535.140000	-49.592424890434500639	
535.340000	-49.301939584078894541	
535.540000	-48.888679000491698901	
535.740000	-48.350513171885651786	
535.940000	-47.754845202727231879	
536.140000	-47.207598979697770858	
536.340000	-46.767763872199211050	
536.540000	-46.437205143136750962	
536.740000	-46.197542135641370464	
536.940000	-46.030124703377929052	
537.140000	-45.920097036727426598	
537.340000	-45.855836250130778353	
537.540000	-45.827852171636266121	
537.740000	-45.827964783820299033	
537.940000	-45.848788584804559321	
538.140000	-45.883432772755121221	
538.340000	-45.925338905575117110	
538.540000	-45.968206196167535893	
538.740000	-46.005978013348482136	
538.940000	-46.032879588466698806	
539.140000	-46.043506992804857703	
539.340000	-46.032971174206338105	
539.540000	-45.997096923719411166	
539.740000	-45.932662401616042303	
539.940000	-45.837638178097478203	
540.140000	-45.711349975840569471	
540.340000	-45.554464313270571552	
540.540000	-45.368709611361033751	
540.740000	-45.156312709666337923	
540.940000	-44.919224632951610943	
541.140000	-44.658263500066347262	
541.340000	-44.372263543875455127	
541.540000	-44.057189871745684684	
541.740000	-43.704988477656428358	
541.940000	-43.301662430765055944	
542.140000	-42.823499919981820483	
542.340000	-42.228879870440373168	
542.540000	-41.438388978239878213	
542.740000	-40.278479851254402888	
542.940000	-38.280663561795172711	
543.140000	-33.691479491642020605	
543.340000	-18.734197880028911953	
