0.000000	-65.999999999999772626	
11.340000	-56.926405511103176593	
11.540000	-56.002113044597258806	
11.740000	-54.945629249903504387	
11.940000	-53.717291747187474016	
12.140000	-52.249564102007177269	
12.340000	-50.409363325386884469	
12.540000	-47.861184704940569645	
12.740000	-42.983891794757923321	
12.940000	-1.846838307415457958	
13.140000	31.561285914155103427	
13.340000	33.994306753517278707	
13.540000	21.900707377304446055	
13.740000	4.092082682025903750	
13.940000	-10.217365822601047753	
14.140000	-17.943493325132859439	
14.340000	-22.527796503422173657	
14.540000	-25.061207347967613401	
14.740000	-26.112787491898799885	
14.940000	-25.819183875035530917	
15.140000	-24.245974489658426165	
15.340000	-21.698446507220584323	
15.540000	-18.896395766133572636	
15.740000	-16.781882810537755546	
15.940000	-15.923372208148265372	
16.140000	-16.298920948453211821	
16.340000	-17.550273685499302445	
16.540000	-19.230021306970108697	
16.740000	-20.930262832276518736	
16.940000	-22.328151633979313573	
17.140000	-23.221627630268898201	
17.340000	-23.543035111425695050	
17.540000	-23.336487296083685550	
17.740000	-22.725975067348731073	
17.940000	-21.887842363252335787	
18.140000	-21.023064997094063955	
18.340000	-20.316494839268930406	
18.540000	-19.890825881390764351	
18.740000	-19.780928095414537893	
18.940000	-19.941443307027110876	
19.140000	-20.277208404451062762	
19.340000	-20.678621265283766206	
19.540000	-21.049603374848434356	
19.740000	-21.322913657808918231	
19.940000	-21.463407300606395012	
20.140000	-21.464530310784798672	
20.340000	-21.343631810653210579	
20.540000	-21.136897194762180874	
20.740000	-20.891913165664298901	
20.940000	-20.657665224546335025	
21.140000	-20.474227565002365736	
21.340000	-20.365174760240606133	
21.540000	-20.334774703439578047	
21.740000	-20.370090869788128884	
21.940000	-20.446440192468838148	
22.140000	-20.534221427939048255	
22.340000	-20.605716879226328331	
22.540000	-20.640919204044148927	
22.740000	-20.631266196790591039	
22.940000	-20.580274878524484450	
23.140000	-20.501037471601271989	
23.340000	-20.411603703604036752	
23.540000	-20.329756521755026455	
23.740000	-20.268598878844816369	
23.940000	-20.233936570691017920	
24.140000	-20.223869190777310934	
24.340000	-20.230427309959505777	
24.540000	-20.242614344219937550	
24.740000	-20.249879589272591573	
24.940000	-20.244970415635950900	
25.140000	-20.225392869767144788	
25.340000	-20.193261928849306486	
25.540000	-20.153869917083440555	
25.740000	-20.113620301533210011	
25.940000	-20.078022391811281011	
26.140000	-20.050292590118239389	
26.340000	-20.030849721598542601	
26.540000	-20.017701761923373027	
26.740000	-20.007467852481095605	
26.940000	-19.996627511905042951	
27.140000	-19.982580976385808214	
27.340000	-19.964233076085584173	
27.540000	-19.942015067898449132	
27.740000	-19.917449450657738197	
27.940000	-19.892479746428154641	
28.140000	-19.868811253911676573	
28.340000	-19.847455329263048895	
28.540000	-19.828571442007266512	
28.740000	-19.811594576301015280	
28.940000	-19.795553163666191665	
29.140000	-19.779441153707654877	
29.340000	-19.762521143424756076	
29.540000	-19.744484176271438258	
29.740000	-19.725446791228026910	
29.940000	-19.705821541514620066	
30.140000	-19.686128218951228774	
30.340000	-19.666815672724258235	
30.540000	-19.648144548372759033	
30.740000	-19.630152279556089212	
30.940000	-19.612692177016803896	
31.140000	-19.595518361704133525	
31.340000	-19.578380782495461432	
31.540000	-19.561097769661373036	
31.740000	-19.543590709693699381	
31.940000	-19.525881807793961542	
32.140000	-19.508063192037276679	
32.340000	-19.490252478901638256	
32.540000	-19.472549797962784623	
32.740000	-19.455012410715209370	
32.940000	-19.437648071886037826	
33.140000	-19.420426147420787544	
33.340000	-19.403294581681283404	
33.540000	-19.386195959527540822	
33.740000	-19.369086566821913209	
33.940000	-19.351945514021046790	
34.140000	-19.334772632935848691	
34.340000	-19.317582067529116330	
34.540000	-19.300394160270425203	
34.740000	-19.283227569143978286	
34.940000	-19.266094143471942601	
35.140000	-19.248997299260928173	
35.340000	-19.231933195806810488	
35.540000	-19.214891363710876249	
35.740000	-19.197859770819306391	
35.940000	-19.180829357943803615	
36.140000	-19.163796484723061297	
36.340000	-19.146761960631888400	
36.540000	-19.129731031506327810	
36.740000	-19.112712725729593899	
36.940000	-19.095713625877195341	
37.140000	-19.078739260324660165	
37.340000	-19.061795667703471224	
37.540000	-19.044890326482757814	
37.740000	-19.028032502741339727	
37.940000	-19.011233191779460583	
38.140000	-18.994505445455576620	
38.340000	-18.977862707714319157	
38.540000	-18.961316821303302760	
38.740000	-18.944878525678667813	
38.940000	-18.928558131835238498	
39.140000	-18.912365497383305524	
39.340000	-18.896309474593042665	
39.540000	-18.880397219152737165	
39.740000	-18.864633479847267239	
39.940000	-18.849020167047104479	
40.140000	-18.833556668440412096	
40.340000	-18.818238183353034998	
40.540000	-18.803055873456759883	
40.740000	-18.787998659928803136	
40.940000	-18.773054031056755520	
41.140000	-18.758208927851786285	
41.340000	-18.743451719686724743	
41.540000	-18.728773938643193731	
41.740000	-18.714171267361699336	
41.940000	-18.699643699885797332	
42.140000	-18.685195061810667028	
42.340000	-18.670833094670602037	
42.540000	-18.656566725819040187	
42.740000	-18.642402700859250331	
42.940000	-18.628345612453522051	
43.140000	-18.614398048721461976	
43.340000	-18.600560424853686214	
43.540000	-18.586830625109502790	
43.740000	-18.573203679628402796	
43.940000	-18.559671694438545586	
44.140000	-18.546224110187118583	
44.340000	-18.532847958838281954	
44.540000	-18.519528445943805650	
44.740000	-18.506249960981456582	
44.940000	-18.492997200751901232	
45.140000	-18.479756313542242907	
45.340000	-18.466515678713818716	
45.540000	-18.453265680143189797	
45.740000	-18.439998640571182875	
45.940000	-18.426709120497665850	
46.140000	-18.413394119000368931	
46.340000	-18.400052941944895935	
46.540000	-18.386686592158021369	
46.740000	-18.373297153026669548	
46.940000	-18.359887341622357582	
47.140000	-18.346460642529454077	
47.340000	-18.333021082773200305	
47.540000	-18.319571615141921228	
47.740000	-18.306113992810470137	
47.940000	-18.292649578809889732	
48.140000	-18.279179932876651549	
48.340000	-18.265707120000445940	
48.540000	-18.252234292738751975	
48.740000	-18.238764058401535806	
48.940000	-18.225296640891944122	
49.140000	-18.211830721756115281	
49.340000	-18.198366051118075148	
49.540000	-18.184901785331263113	
49.740000	-18.171435870335287177	
49.940000	-18.157965177716640426	
50.140000	-18.144487419794103289	
50.340000	-18.131001863733878565	
50.540000	-18.117508817868390736	
50.740000	-18.104009140319487159	
50.940000	-18.090503374512458379	
51.140000	-18.076990621946389837	
51.340000	-18.063468394446825727	
51.540000	-18.049933316394525917	
51.740000	-18.036382091117449278	
51.940000	-18.022812284708955133	
52.140000	-18.009223252556779471	
52.340000	-17.995614682641047466	
52.540000	-17.981983845743446437	
52.740000	-17.968325794623581260	
52.940000	-17.954635366093491200	
53.140000	-17.940908612846733661	
53.340000	-17.927143228673102726	
53.540000	-17.913338111588949175	
53.740000	-17.899492565449328652	
53.940000	-17.885605509198285290	
54.140000	-17.871674958863991378	
54.340000	-17.857697894977121678	
54.540000	-17.843670461226430746	
54.740000	-17.829588280018388247	
54.940000	-17.815446830914940080	
55.140000	-17.801241843816129062	
55.340000	-17.786969647463468647	
55.540000	-17.772626891508156888	
55.740000	-17.758210189605168949	
55.940000	-17.743716167409285589	
56.140000	-17.729141551018191336	
56.340000	-17.714483160481790947	
56.540000	-17.699737960419607674	
56.740000	-17.684903311137841087	
56.940000	-17.669976171539918397	
57.140000	-17.654952933313985852	
57.340000	-17.639830062087007434	
57.540000	-17.624604565899289810	
57.740000	-17.609274151759482407	
57.940000	-17.593837247177443572	
58.140000	-17.578293039154786470	
58.340000	-17.562641666792682571	
58.540000	-17.546884079954143232	
58.740000	-17.531021842127803012	
58.940000	-17.515057502974009651	
59.140000	-17.498995007418379544	
59.340000	-17.482840002998145224	
59.540000	-17.466600160896227578	
59.740000	-17.450285549280433628	
59.940000	-17.433909019380813277	
60.140000	-17.417486382833864411	
60.340000	-17.401036564199127810	
60.540000	-17.384581880284962097	
60.740000	-17.368148409197218029	
60.940000	-17.351766366147952425	
61.140000	-17.335470441284350329	
61.340000	-17.319299601025953450	
61.540000	-17.303296520453130825	
61.740000	-17.287507071508876777	
61.940000	-17.271979824197369879	
62.140000	-17.256765254570172630	
62.340000	-17.241914188439913858	
62.540000	-17.227475686661676946	
62.740000	-17.213494585089698319	
62.940000	-17.200009248443748788	
63.140000	-17.187049525205647882	
63.340000	-17.174634865539132988	
63.540000	-17.162772750233276753	
63.740000	-17.151457693484200462	
63.940000	-17.140671029557303484	
64.140000	-17.130381832269673481	
64.340000	-17.120548447487106358	
64.540000	-17.111120623734880297	
64.740000	-17.102042882942487978	
64.940000	-17.093258251350729182	
65.140000	-17.084711556532511167	
65.340000	-17.076352035860210776	
65.540000	-17.068135025364309598	
65.740000	-17.060022535146021738	
65.940000	-17.051983388463021640	
66.140000	-17.043993186005305773	
66.340000	-17.036033900729275814	
66.540000	-17.028093216648482411	
66.740000	-17.020163688544961644	
66.940000	-17.012241680445299608	
67.140000	-17.004326302072403365	
67.340000	-16.996418515968890972	
67.540000	-16.988520438528922796	
67.740000	-16.980634811446861931	
67.940000	-16.972764623389750227	
68.140000	-16.964912860831915964	
68.340000	-16.957082362655725660	
68.540000	-16.949275751372304910	
68.740000	-16.941495408634217767	
68.940000	-16.933743492209281101	
69.140000	-16.926021970828941221	
69.340000	-16.918332647603261165	
69.540000	-16.910677163277160417	
69.740000	-16.903056985127719258	
69.940000	-16.895473394580175608	
70.140000	-16.887927490199725611	
70.340000	-16.880420193549380059	
70.540000	-16.872952236158656802	
70.740000	-16.865524189315756587	
70.940000	-16.858136540444036200	
71.140000	-16.850789638688024041	
71.340000	-16.843483661294285980	
71.540000	-16.836218692666463426	
71.740000	-16.828994819169807329	
71.940000	-16.821812177896827478	
72.140000	-16.814670944279512810	
72.340000	-16.807571273945654866	
72.540000	-16.800513238405592631	
72.740000	-16.793496795644802688	
72.940000	-16.786521805580097322	
73.140000	-16.779588071936366589	
73.340000	-16.772695385516026789	
73.540000	-16.765843552304620090	
73.740000	-16.759032400998432166	
73.940000	-16.752261774739146460	
74.140000	-16.745531516002731820	
74.340000	-16.738841453478993770	
74.540000	-16.732191396010630768	
74.740000	-16.725581142518784361	
74.940000	-16.719010507746517646	
75.140000	-16.712479301234946405	
75.340000	-16.705987297762398214	
75.540000	-16.699534237122890090	
75.740000	-16.693119855555856645	
75.940000	-16.686743909436952293	
76.140000	-16.680406170610982741	
76.340000	-16.674106423141111577	
76.540000	-16.667844467634498784	
76.740000	-16.661620119503780302	
76.940000	-16.655433199776979336	
77.140000	-16.649283525345740742	
77.340000	-16.643170906118843533	
77.540000	-16.637095145324519052	
77.740000	-16.631056027328089186	
77.940000	-16.625053313450180781	
78.140000	-16.619086756559543261	
78.340000	-16.613156119498356134	
78.540000	-16.607261185378455082	
78.740000	-16.601401757370471302	
78.940000	-16.595577650918460932	
79.140000	-16.589788683031411409	
79.340000	-16.584034665218407412	
79.540000	-16.578315402376823329	
79.740000	-16.572630695471918472	
79.940000	-16.566980343583544766	
80.140000	-16.561364141751020895	
80.340000	-16.555781882654784454	
80.540000	-16.550233364498609490	
80.740000	-16.544718399159158650	
80.940000	-16.539236810118488563	
81.140000	-16.533788421461828477	
81.340000	-16.528373050370674946	
81.540000	-16.522990509005058613	
81.740000	-16.517640610672952306	
81.940000	-16.512323175602453773	
82.140000	-16.507038033213664363	
82.340000	-16.501785016199352896	
82.540000	-16.496563951928688851	
82.740000	-16.491374661002922153	
82.940000	-16.486216961366764622	
83.140000	-16.481090671225505417	
83.340000	-16.475995609714473744	
83.540000	-16.470931598667394979	
83.740000	-16.465898466107137921	
83.940000	-16.460896049143432407	
84.140000	-16.455924194648137160	
84.340000	-16.450982755525508594	
84.540000	-16.446071581467283096	
84.740000	-16.441190511101758887	
84.940000	-16.436339371290500821	
85.140000	-16.431517983985816755	
85.340000	-16.426726176400581636	
85.540000	-16.421963786096704041	
85.740000	-16.417230658555840961	
85.940000	-16.412526642391629395	
86.140000	-16.407851586872975957	
86.340000	-16.403205342105778186	
86.540000	-16.398587759031059363	
86.740000	-16.393998690627583414	
86.940000	-16.389437991281585738	
87.140000	-16.384905511025440461	
87.340000	-16.380401092049879708	
87.540000	-16.375924572210351471	
87.740000	-16.371475792350349110	
87.940000	-16.367054601935652869	
88.140000	-16.362660860132901774	
88.340000	-16.358294433073726992	
88.540000	-16.353955188881684535	
88.740000	-16.349642993133524982	
88.940000	-16.345357706143051502	
89.140000	-16.341099182745043805	
89.340000	-16.336867274228996649	
89.540000	-16.332661831161090049	
89.740000	-16.328482706444354733	
89.940000	-16.324329757534322027	
90.140000	-16.320202847460322459	
90.340000	-16.316101843726809051	
90.540000	-16.312026615304006327	
90.740000	-16.307977030303753452	
90.940000	-16.303952955455557117	
91.140000	-16.299954257096079147	
91.340000	-16.295980802319256497	
91.540000	-16.292032458972848019	
91.740000	-16.288109095094792877	
91.940000	-16.284210578578555584	
92.140000	-16.280336777481355881	
92.340000	-16.276487560507352015	
92.540000	-16.272662797543965496	
92.740000	-16.268862367494968169	
92.940000	-16.265086167948606288	
93.140000	-16.261334085662440430	
93.340000	-16.257605981075990087	
93.540000	-16.253901697567982865	
93.740000	-16.250221077459205077	
93.940000	-16.246563974370616279	
94.140000	-16.242930258377864305	
94.340000	-16.239319814273059706	
94.540000	-16.235732536033360418	
94.740000	-16.232168320696491293	
94.940000	-16.228627063568630717	
95.140000	-16.225108655420939385	
95.340000	-16.221612981715498591	
95.540000	-16.218139923152453008	
95.740000	-16.214689357318263774	
95.940000	-16.211261160414704108	
96.140000	-16.207855208703854544	
96.340000	-16.204471379085031657	
96.540000	-16.201109549483295069	
96.740000	-16.197769599415646979	
96.940000	-16.194451410290675142	
97.140000	-16.191154866050737837	
97.340000	-16.187879853157049581	
97.540000	-16.184626259741396126	
97.740000	-16.181393974255115609	
97.940000	-16.178182884468728986	
98.140000	-16.174992877160494942	
98.340000	-16.171823838561834918	
98.540000	-16.168675655138574854	
98.740000	-16.165548214130847526	
98.940000	-16.162441403904672654	
99.140000	-16.159355113839296791	
99.340000	-16.156289234303276459	
99.540000	-16.153243656208118750	
99.740000	-16.150218270859205916	
99.940000	-16.147212969785257997	
100.140000	-16.457760515393236034	
100.340000	-18.595533522677030192	
100.540000	-21.931994731898360129	
100.740000	-25.328582723952688838	
100.940000	-28.293001152622093031	
101.140000	-30.641496384406156750	
101.340000	-32.299351693289736431	
101.540000	-33.290232360702319170	
101.740000	-33.722805699410663749	
101.940000	-33.727123223720340661	
102.140000	-33.409345779631706819	
102.340000	-32.841689271736129285	
102.540000	-32.067543683960096246	
102.740000	-31.109988766551406769	
102.940000	-29.981634676832797481	
103.140000	-28.697555806264158917	
103.340000	-27.293143534431841601	
103.540000	-25.843637892565233471	
103.740000	-24.471508370654913023	
103.940000	-23.322997312615825649	
104.140000	-22.516577468613636626	
104.340000	-22.100843212157293749	
104.540000	-22.054196571642382452	
104.740000	-22.314617859991489723	
104.940000	-22.808854475330420541	
105.140000	-23.467723273622972613	
105.340000	-24.230760091289091918	
105.540000	-25.046213773782476153	
105.740000	-25.869806848573809077	
105.940000	-26.663646457823642066	
106.140000	-27.395777739148154950	
106.340000	-28.040409455490035384	
106.540000	-28.578458087433663337	
106.740000	-28.997848117512411648	
106.940000	-29.293137400005946347	
107.140000	-29.464427995175157093	
107.340000	-29.515889062194279546	
107.540000	-29.454347502777849854	
107.740000	-29.288308387726250004	
107.940000	-29.027589708509289324	
108.140000	-28.683597560620881950	
108.340000	-28.270140505927670915	
108.540000	-27.804544352014204378	
108.740000	-27.308651461422243756	
108.940000	-26.809116432379585859	
109.140000	-26.336391835933930849	
109.340000	-25.922118770353971939	
109.540000	-25.595311924388106206	
109.740000	-25.378423401810827897	
109.940000	-25.284569803548752276	
110.140000	-25.543229284816572289	
110.340000	-27.123760082520998793	
110.540000	-29.872369150283063277	
110.740000	-33.285454416305519487	
110.940000	-36.793920607398618472	
111.140000	-39.730302726824810122	
111.340000	-41.836500265194814574	
111.540000	-43.259966504297807433	
111.740000	-44.206339880800875619	
111.940000	-44.832488294949193630	
112.140000	-45.246255975452079667	
112.340000	-45.519918599592898545	
112.540000	-45.701693905463748990	
112.740000	-45.823811949307760472	
112.940000	-45.907859435409321236	
113.140000	-45.968237845030095912	
113.340000	-46.014391045897745869	
113.540000	-46.052394833414751929	
113.740000	-46.086019875135725954	
113.940000	-46.117419094485107678	
114.140000	-46.147641647409550103	
114.340000	-46.177006543835069863	
114.540000	-46.205333084090781881	
114.740000	-46.232139351365361790	
114.940000	-46.256853175131986688	
115.140000	-46.278934858227430027	
115.340000	-46.297922072273735239	
115.540000	-46.313416078594876524	
115.740000	-46.325091070264008408	
115.940000	-46.332693928035297404	
116.140000	-46.336017517501758789	
116.340000	-46.334853671370723305	
116.540000	-46.329014441288613568	
116.740000	-46.318344982702583934	
116.940000	-46.302689600780603030	
117.140000	-46.281855369047939064	
117.340000	-46.255644306488512996	
117.540000	-46.223854515581415114	
117.740000	-46.186239921247619122	
117.940000	-46.142486912986477421	
118.140000	-46.092253320028554242	
118.340000	-46.035141892316566725	
118.540000	-45.970674096192503555	
118.740000	-45.898319548127496148	
118.940000	-45.817466622045813551	
119.140000	-45.727399369851163158	
119.340000	-45.627243876281497137	
119.540000	-45.515918008646401915	
119.740000	-45.392085423224607155	
119.940000	-45.254083311481537066	
120.140000	-45.186885529963042529	
120.340000	-45.546215396202022418	
120.540000	-46.231172843004976869	
120.740000	-47.017479329778495867	
120.940000	-47.765105966707849916	
121.140000	-48.414072603662297922	
121.340000	-48.950671316092517316	
121.540000	-49.382701522750068079	
121.740000	-49.725801958957163151	
121.940000	-49.996715704532071811	
122.140000	-50.210419019562607446	
122.340000	-50.379345361027333183	
122.540000	-50.513419154737981387	
122.740000	-50.620437161319706831	
122.940000	-50.706423531642776936	
123.140000	-50.776042876481355393	
123.340000	-50.832872747116390144	
123.540000	-50.879632617973207687	
123.740000	-50.918356619495433790	
123.940000	-50.950558942592181211	
124.140000	-50.977359923739662406	
124.340000	-50.999576104943002974	
124.540000	-51.017788309522103418	
124.740000	-51.032397929586544194	
124.940000	-51.043701467166016528	
125.140000	-51.051869073894572182	
125.340000	-51.057064673108406794	
125.540000	-51.059447052680212664	
125.740000	-51.059134594738011970	
125.940000	-51.056237239034167885	
126.140000	-51.050864840634389452	
126.340000	-51.043128001774263680	
126.540000	-51.033111538219515069	
126.740000	-51.020886292275378082	
126.940000	-51.006529576585968755	
127.140000	-50.990097413356600953	
127.340000	-50.971630197137521634	
127.540000	-50.951166553201566956	
127.740000	-50.928750336575483004	
127.940000	-50.904426993761838105	
128.140000	-50.878228816251414912	
128.340000	-50.850193012728055919	
128.540000	-50.820334494484043830	
128.740000	-50.788662125797024771	
128.940000	-50.755189610031287373	
129.140000	-50.719918007302560170	
129.340000	-50.682855238523828234	
129.540000	-50.643989034294776275	
129.740000	-50.603306151617196917	
129.940000	-50.560791735292717419	
130.140000	-50.562562648215816807	
130.340000	-50.766333284848421670	
130.540000	-51.082886196522117928	
130.740000	-51.410162841783154875	
130.940000	-51.703245236619885361	
131.140000	-51.949631191984963152	
131.340000	-52.150517229990967394	
131.540000	-52.311894025751314530	
131.740000	-52.440771779226714955	
131.940000	-52.543682122274489643	
132.140000	-52.626201399251421265	
132.340000	-52.692893094603597604	
132.540000	-52.747434586045351068	
132.740000	-52.792766974931069512	
132.940000	-52.831238159741928939	
133.140000	-52.864724053377422308	
133.340000	-52.894698690762560034	
133.540000	-52.922334810038769604	
133.740000	-52.948569021218283126	
133.940000	-52.974156258758043236	
134.140000	-52.999702199925252444	
134.340000	-53.025697364794822875	
134.540000	-53.052562076149555992	
134.740000	-53.080668619029012234	
134.940000	-53.110363540872839394	
135.140000	-53.141962340437558510	
135.340000	-53.175772549496990393	
135.540000	-53.212064546128168274	
135.740000	-53.251144539676396050	
135.940000	-53.293336823288854021	
136.140000	-53.338953272826273633	
136.340000	-53.388303541618213899	
136.540000	-53.441682355755361300	
136.740000	-53.499365794520130635	
136.940000	-53.561590746737557822	
137.140000	-53.628573487527326336	
137.340000	-53.700483977739992270	
137.540000	-53.777434334043540787	
137.740000	-53.859470587453195378	
137.940000	-53.946562506936672321	
138.140000	-54.038596874039207307	
138.340000	-54.135340459038339134	
138.540000	-54.236457514293391569	
138.740000	-54.341486125369435456	
138.940000	-54.449822835736846116	
139.140000	-54.560729999715007921	
139.340000	-54.673326036650415460	
139.540000	-54.786595515528532019	
139.740000	-54.899388188926387500	
139.940000	-55.010433838788571848	
140.140000	-55.144587418561641812	
140.340000	-55.377707994998317531	
140.540000	-55.647761134568966668	
140.740000	-55.902736183044780205	
140.940000	-56.124811806830400940	
141.140000	-56.311449070986043353	
141.340000	-56.464895585510078035	
141.540000	-56.588119395118262389	
141.740000	-56.683603265631603563	
141.940000	-56.753216178631120670	
142.140000	-56.798480911454824138	
142.340000	-56.820967532324701210	
142.540000	-56.822698911168743052	
142.740000	-56.806474455026126691	
142.940000	-56.776035980007584669	
143.140000	-56.736001810882690677	
143.340000	-56.691492887362819886	
143.540000	-56.647558094170364029	
143.740000	-56.608565026552113864	
143.940000	-56.577735328725019315	
144.140000	-56.556922913675528264	
144.340000	-56.546667171067994673	
144.540000	-56.546401140981501499	
144.740000	-56.554716361331578867	
144.940000	-56.569629408524505720	
145.140000	-56.588809048310714900	
145.340000	-56.609743557537612446	
145.540000	-56.629867889132846415	
145.740000	-56.646682481842667300	
145.940000	-56.657857871889085288	
146.140000	-56.661339531516077272	
146.340000	-56.655493586251417071	
146.540000	-56.639266220274414820	
146.740000	-56.612344302745455593	
146.940000	-56.575300953185667652	
147.140000	-56.529672278282305342	
147.340000	-56.477893287200984673	
147.540000	-56.423067601447179698	
147.740000	-56.368603722500687070	
147.940000	-56.317767793072228244	
148.140000	-56.273268559471290473	
148.340000	-56.236983832066492539	
148.540000	-56.209840783535703679	
148.740000	-56.191832485924855689	
148.940000	-56.182147822546568250	
149.140000	-56.179335600142024987	
149.340000	-56.181463532558403529	
149.540000	-56.186280924047551366	
149.740000	-56.191353295261578182	
149.940000	-56.194173459611931776	
150.140000	-56.223299140321408629	
150.340000	-56.331564872083902173	
150.540000	-56.459294498311876964	
150.740000	-56.569600330803346822	
150.940000	-56.652251656231676691	
151.140000	-56.707577549110510517	
151.340000	-56.738993483242694538	
151.540000	-56.750410775411332054	
151.740000	-56.745589085951934294	
151.940000	-56.728106092827829343	
152.140000	-56.701456138903331805	
152.340000	-56.669083562595119474	
152.540000	-56.634298695874591090	
152.740000	-56.600118970784656369	
152.940000	-56.569061476763287999	
153.140000	-56.542993766552832824	
153.340000	-56.523029725710024707	
153.540000	-56.509522074852519324	
153.740000	-56.502109933878955417	
153.940000	-56.499819534060058857	
154.140000	-56.501174814382501665	
154.340000	-56.504320953857664733	
154.540000	-56.507134114452142626	
154.740000	-56.507338123673427788	
154.940000	-56.502630464265145349	
155.140000	-56.490830676034022417	
155.340000	-56.470068064406177655	
155.540000	-56.439009018129837614	
155.740000	-56.397119753931910680	
155.940000	-56.344910254808851846	
156.140000	-56.284091513985458732	
156.340000	-56.217548697165860005	
156.540000	-56.149066398093658847	
156.740000	-56.082828001449165356	
156.940000	-56.022805060328003890	
157.140000	-55.972207698556644573	
157.340000	-55.933127677675607003	
157.540000	-55.906414380128744313	
157.740000	-55.891739639732556100	
157.940000	-55.887774512267590410	
158.140000	-55.892396584243151381	
158.340000	-55.902883010261660957	
158.540000	-55.916069566767461652	
158.740000	-55.928477530824750374	
158.940000	-55.936427783748889908	
159.140000	-55.936175457447887993	
159.340000	-55.924103675479265974	
159.540000	-55.897022646871874940	
159.740000	-55.852609660578544037	
159.940000	-55.789982130408219518	
160.140000	-55.734813942008003096	
160.340000	-55.733097549192137876	
160.540000	-55.746150659747719658	
160.740000	-55.754396130103060614	
160.940000	-55.757377420519489419	
161.140000	-55.760483671135631312	
161.340000	-55.768977379401022176	
161.540000	-55.786135564583048563	
161.740000	-55.813080773982932214	
161.940000	-55.849162590736874279	
162.140000	-55.892413049853956863	
162.340000	-55.939907519298444072	
162.540000	-55.987996340636087211	
162.740000	-56.032428340524425892	
162.940000	-56.068410534449782290	
163.140000	-56.090666735548708743	
163.340000	-56.093586546739679477	
163.540000	-56.071603899202905552	
163.740000	-56.019994255609397271	
163.940000	-55.936253146777602296	
164.140000	-55.821942788371408994	
164.340000	-55.684246145809332518	
164.540000	-55.535862104056761268	
164.740000	-55.392389483500032554	
164.940000	-55.268238370942228244	
165.140000	-55.173415872362504331	
165.340000	-55.112576896706201524	
165.540000	-55.085875169722832823	
165.740000	-55.090424259537442708	
165.940000	-55.121575879501733652	
166.140000	-55.173778809670544376	
166.340000	-55.241057730052737895	
166.540000	-55.317210463596474312	
166.740000	-55.395805926032110733	
166.940000	-55.470043482886495667	
167.140000	-55.532526334316564487	
167.340000	-55.575014575543178807	
167.540000	-55.588278027834299166	
167.740000	-55.562311690612020243	
167.940000	-55.487457583747207934	
168.140000	-55.357262931435535336	
168.340000	-55.173416111122364214	
168.540000	-54.950542933932190692	
168.740000	-54.715432287430211034	
168.940000	-54.498064968255867768	
169.140000	-54.320939811385876794	
169.340000	-54.194902728627646127	
169.540000	-54.121407941489515281	
169.740000	-54.096451469335811169	
169.940000	-54.113412335575141299	
170.140000	-54.187233227579220340	
170.340000	-54.348640466181976194	
170.540000	-54.547982105268545183	
170.740000	-54.752253749746742528	
170.940000	-54.946958504834178427	
171.140000	-55.124981518282829995	
171.340000	-55.281067427397850622	
171.540000	-55.409305346480110188	
171.740000	-55.501799215379293173	
171.940000	-55.547798292777876838	
172.140000	-55.533265372901830403	
172.340000	-55.441874702363513450	
172.540000	-55.260229668661111191	
172.740000	-54.990435806723034773	
172.940000	-54.664024816701413556	
173.140000	-54.336235280177760387	
173.340000	-54.056760225644474360	
173.540000	-53.849758182492649894	
173.740000	-53.718232854931763143	
173.940000	-53.655532465793790209	
174.140000	-53.652089133975458424	
174.340000	-53.697743039757554584	
174.540000	-53.782342816034550026	
174.740000	-53.896006559765396560	
174.940000	-54.029354450321321224	
175.140000	-54.173618930478298239	
175.340000	-54.320525432577021263	
175.540000	-54.461939191767683610	
175.740000	-54.589340289618078828	
175.940000	-54.693196981618115160	
176.140000	-54.762300525484171487	
176.340000	-54.783194010827202192	
176.540000	-54.740179138590868035	
176.740000	-54.617361795243475342	
176.940000	-54.405509236648640581	
177.140000	-54.114497283827752483	
177.340000	-53.781279962384552107	
177.540000	-53.457045993246538274	
177.740000	-53.181705238400923008	
177.940000	-52.972960327318773466	
178.140000	-52.832752310126352313	
178.340000	-52.756156810186368489	
178.540000	-52.735964689416746864	
178.740000	-52.764003576754475944	
178.940000	-52.831292673986439468	
179.140000	-52.928156971725222490	
179.340000	-53.044577303316742700	
179.540000	-53.170600668484766516	
179.740000	-53.296563370264614434	
179.940000	-53.413035341023459068	
180.140000	-53.531666145173218752	
180.340000	-53.678659135162426708	
180.540000	-53.806194627629409410	
180.740000	-53.882454344813943692	
180.940000	-53.893621937919974130	
181.140000	-53.835930915146569475	
181.340000	-53.714645648442676418	
181.540000	-53.545548356903545084	
181.740000	-53.353484452983366282	
181.940000	-53.165727153830900420	
182.140000	-53.004113595249343405	
182.340000	-52.881354380608158294	
182.540000	-52.802014107782589747	
182.740000	-52.765191815565060551	
182.940000	-52.766723602486180766	
183.140000	-52.800488241764163888	
183.340000	-52.859149073899260429	
183.540000	-52.934654061442714124	
183.740000	-53.018615504956997597	
183.940000	-53.102569828311779077	
184.140000	-53.178113453590363235	
184.340000	-53.236967188669687800	
184.540000	-53.271085203958534748	
184.740000	-53.272979606406728692	
184.940000	-53.236470701307894160	
185.140000	-53.158031049451565764	
185.340000	-53.038602912443373327	
185.540000	-52.885124161642231400	
185.740000	-52.710421231032803746	
185.940000	-52.530664215028409103	
186.140000	-52.361405528386576691	
186.340000	-52.214425694443121984	
186.540000	-52.096665931524178461	
186.740000	-52.010792759161070364	
186.940000	-51.956294177400806689	
187.140000	-51.930411948765389241	
187.340000	-51.928761701513209914	
187.540000	-51.945755561402854994	
187.740000	-51.974964790088229449	
187.940000	-52.009488117876678359	
188.140000	-52.042326139972409749	
188.340000	-52.066744210108424795	
188.540000	-52.076627564678446447	
188.740000	-52.066859677274990759	
188.940000	-52.033755576857601000	
189.140000	-51.975537272301920666	
189.340000	-51.892750929675266036	
189.540000	-51.788435327269297659	
189.740000	-51.667842686267206886	
189.940000	-51.537657454860287487	
190.140000	-51.427174358552818489	
190.340000	-51.384850759327861169	
190.540000	-51.380566899353325994	
190.740000	-51.394133283137797719	
190.940000	-51.418918858681152528	
191.140000	-51.452782140565560098	
191.340000	-51.494019664390947355	
191.540000	-51.540133398389059494	
191.740000	-51.587726234963163563	
191.940000	-51.632790529950149505	
192.140000	-51.671093773473565136	
192.340000	-51.698552538252542377	
192.540000	-51.711570544519666726	
192.740000	-51.707349163538992798	
192.940000	-51.684175485987317700	
193.140000	-51.641665885588238893	
193.340000	-51.580908451168696160	
193.540000	-51.504429956759040010	
193.740000	-51.415936472156225534	
193.940000	-51.319845319043949416	
194.140000	-51.220707572224867477	
194.340000	-51.122662330418513932	
194.540000	-51.029038627259438954	
194.740000	-50.942150126222486506	
194.940000	-50.863259798666717870	
195.140000	-50.792658655809390211	
195.340000	-50.729804289081343427	
195.540000	-50.673483654235113249	
195.740000	-50.621983372266029733	
195.940000	-50.573261892108590132	
196.140000	-50.525120773879642400	
196.340000	-50.475370217052194732	
196.540000	-50.421980329218385464	
196.740000	-50.363207026191098237	
196.940000	-50.297681058093921536	
197.140000	-50.224450678529088066	
197.340000	-50.142972596587902956	
197.540000	-50.053051378767030144	
197.740000	-49.954733186061169192	
197.940000	-49.848163947915189453	
198.140000	-49.733422682645837654	
198.340000	-49.610331778073863518	
198.540000	-49.478235817412759445	
198.740000	-49.335699286838526234	
198.940000	-49.179964747982452877	
199.140000	-49.005514160224137754	
