0.000000	-90.306307519297	
20.000000	-90.306249509705	
40.000000	-90.306135137558	
60.000000	-90.306012073039	
80.000000	-90.305888623494	
100.000000	-90.305765132386	
120.000000	-90.178376440208	
140.000000	-89.949235935222	
160.000000	-89.668784386958	
180.000000	-89.359514795450	
200.000000	-89.036371351776	
220.000000	-88.705481695094	
240.000000	-88.369813671209	
260.000000	-88.031137546386	
280.000000	-87.690693448492	
300.000000	-87.349435777749	
320.000000	-87.008134375977	
340.000000	-86.670026290300	
360.000000	-86.334786620499	
380.000000	-86.001778415507	
400.000000	-85.670937179925	
420.000000	-85.342394347614	
440.000000	-85.016328544140	
460.000000	-84.692910550837	
480.000000	-84.372284320181	
500.000000	-84.054560828864	
520.000000	-83.757813809531	
540.000000	-83.487834580810	
560.000000	-83.242715135163	
580.000000	-83.020066254988	
580.720000	-83.012428581255	
580.920000	-83.010311178489	
581.120000	-83.008195567718	
581.320000	-83.006081735821	
581.520000	-83.003969668921	
581.720000	-83.001859352309	
581.920000	-82.999750770358	
582.120000	-82.997643906419	
582.320000	-82.995538742714	
582.520000	-82.993435260197	
582.720000	-82.991333438408	
582.920000	-82.989233255291	
583.120000	-82.987134686994	
583.320000	-82.985037707617	
583.520000	-82.982942288935	
583.720000	-82.980848400047	
583.920000	-82.978756006969	
584.120000	-82.976665072137	
584.320000	-82.974575553800	
584.520000	-82.972487405272	
584.720000	-82.970400574002	
584.920000	-82.968315000400	
585.120000	-82.966230616343	
585.320000	-82.964147343232	
585.520000	-82.962065089439	
585.720000	-82.959983746880	
585.920000	-82.957903186314	
586.120000	-82.955823250723	
586.320000	-82.953743745737	
586.520000	-82.951664425231	
586.720000	-82.949584968753	
586.920000	-82.947504944127	
587.120000	-82.945423740973	
587.320000	-82.943340440733	
587.520000	-82.941253525024	
587.720000	-82.939160058962	
587.920000	-82.937052095542	
588.120000	-82.934842542633	
588.320000	-82.932177681071	
588.520000	-82.928790099305	
588.720000	-82.922846546513	
588.920000	-82.915385924180	
589.120000	-82.907943172730	
589.320000	-82.901055662665	
589.520000	-82.894775104292	
589.720000	-82.888907120505	
589.920000	-82.883365865456	
590.120000	-82.878189667888	
590.320000	-82.873470643015	
590.520000	-82.869361082781	
590.720000	-82.865855672885	
590.920000	-82.862697408473	
591.120000	-82.859746368520	
611.120000	-82.630766923123	
619.240000	-82.553494972306	
619.440000	-82.551664088544	
619.640000	-82.549836305648	
619.840000	-82.548011599520	
620.040000	-82.546189946251	
620.240000	-82.544371322114	
620.440000	-82.542555703558	
620.640000	-82.540743067205	
620.840000	-82.538933389839	
621.040000	-82.537126648403	
621.240000	-82.535322819993	
621.440000	-82.533521881845	
621.640000	-82.531723811338	
621.840000	-82.529928585977	
622.040000	-82.528136183390	
622.240000	-82.526346581320	
622.440000	-82.524559757614	
622.640000	-82.522775690218	
622.840000	-82.520994357165	
623.040000	-82.519215736564	
623.240000	-82.517439806595	
623.440000	-82.515666545492	
623.640000	-82.513895931536	
623.840000	-82.512127943041	
624.040000	-82.510362558342	
624.240000	-82.508599755779	
624.440000	-82.506839513687	
624.640000	-82.505081810375	
624.840000	-82.503326624113	
625.040000	-82.501573933113	
625.240000	-82.499823715507	
625.440000	-82.498075949330	
625.640000	-82.496330612495	
625.840000	-82.494587682769	
626.040000	-82.492847137744	
626.240000	-82.491108954809	
626.440000	-82.489373111120	
626.640000	-82.487639583558	
626.840000	-82.485908348696	
627.040000	-82.484179382754	
627.240000	-82.482452661548	
627.440000	-82.480728160439	
627.640000	-82.479005854274	
627.840000	-82.477285717314	
628.040000	-82.475567723162	
628.240000	-82.473851844678	
628.440000	-82.472138053878	
628.640000	-82.470426321825	
628.840000	-82.468716618502	
629.040000	-82.467008912664	
629.240000	-82.465303171668	
629.440000	-82.463599361276	
629.640000	-82.461897445423	
629.840000	-82.460197385940	
630.040000	-82.458499142235	
630.240000	-82.456802670896	
630.440000	-82.455107925230	
630.640000	-82.453414854683	
630.840000	-82.451723404139	
631.040000	-82.450033513051	
631.240000	-82.448345114331	
631.440000	-82.446658132953	
631.640000	-82.444972484138	
631.840000	-82.443288070958	
632.040000	-82.441604781128	
632.240000	-82.439922482605	
632.440000	-82.438241017374	
632.640000	-82.436560192435	
632.840000	-82.434879766210	
633.040000	-82.433199427089	
633.240000	-82.431518757594	
633.440000	-82.429837169833	
633.640000	-82.428153776735	
633.840000	-82.426467093211	
634.040000	-82.424774143333	
634.240000	-82.423065714557	
634.440000	-82.421216756901	
634.640000	-82.418939070731	
634.840000	-82.415526757383	
635.040000	-82.409984403349	
635.240000	-82.403934809201	
635.440000	-82.398161988364	
635.640000	-82.392885777024	
635.840000	-82.388033155864	
636.040000	-82.383445720636	
636.240000	-82.379091440412	
636.440000	-82.375010493184	
636.640000	-82.371279700153	
636.840000	-82.368014734922	
637.040000	-82.365128431940	
637.240000	-82.362462421630	
637.440000	-82.359937711404	
657.440000	-82.168047799105	
658.480000	-82.159735455807	
658.680000	-82.158149669484	
658.880000	-82.156567902109	
659.080000	-82.154990116505	
659.280000	-82.153416275869	
659.480000	-82.151846343772	
659.680000	-82.150280284149	
659.880000	-82.148718061300	
660.080000	-82.147159639876	
660.280000	-82.145604984883	
660.480000	-82.144054061671	
660.680000	-82.142506835930	
660.880000	-82.140963273687	
661.080000	-82.139423341297	
661.280000	-82.137887005441	
661.480000	-82.136354233119	
661.680000	-82.134824991642	
661.880000	-82.133299248633	
662.080000	-82.131776972016	
662.280000	-82.130258130010	
662.480000	-82.128742691128	
662.680000	-82.127230624166	
662.880000	-82.125721898200	
663.080000	-82.124216482580	
663.280000	-82.122714346921	
663.480000	-82.121215461099	
663.680000	-82.119719795245	
663.880000	-82.118227319736	
664.080000	-82.116738005191	
664.280000	-82.115251822461	
664.480000	-82.113768742623	
664.680000	-82.112288736975	
664.880000	-82.110811777023	
665.080000	-82.109337834477	
665.280000	-82.107866881242	
665.480000	-82.106398889409	
665.680000	-82.104933831246	
665.880000	-82.103471679186	
666.080000	-82.102012405824	
666.280000	-82.100555983900	
666.480000	-82.099102386290	
666.680000	-82.097651585998	
666.880000	-82.096203556138	
667.080000	-82.094758269927	
667.280000	-82.093315700668	
667.480000	-82.091875821737	
667.680000	-82.090438606568	
667.880000	-82.089004028637	
668.080000	-82.087572061443	
668.280000	-82.086142678489	
668.480000	-82.084715853267	
668.680000	-82.083291559229	
668.880000	-82.081869769769	
669.080000	-82.080450458195	
669.280000	-82.079033597701	
669.480000	-82.077619161338	
669.680000	-82.076207121981	
669.880000	-82.074797452291	
670.080000	-82.073390124674	
670.280000	-82.071985111240	
670.480000	-82.070582383751	
670.680000	-82.069181913565	
670.880000	-82.067783671576	
671.080000	-82.066387628145	
671.280000	-82.064993753020	
671.480000	-82.063602015249	
671.680000	-82.062212383078	
671.880000	-82.060824823838	
672.080000	-82.059439303808	
672.280000	-82.058055788070	
672.480000	-82.056674240322	
672.680000	-82.055294622677	
672.880000	-82.053916895416	
673.080000	-82.052541016698	
673.280000	-82.051166942215	
673.480000	-82.049794624778	
673.680000	-82.048424013805	
673.880000	-82.047055054709	
674.080000	-82.045687688124	
674.280000	-82.044321848943	
674.480000	-82.042957465095	
674.680000	-82.041594455958	
674.880000	-82.040232730291	
675.080000	-82.038872183457	
675.280000	-82.037512693630	
675.480000	-82.036154116475	
675.680000	-82.034796277456	
675.880000	-82.033438960290	
676.080000	-82.032081888843	
676.280000	-82.030724697059	
676.480000	-82.029366875216	
676.680000	-82.028007663624	
676.880000	-82.026645808691	
677.080000	-82.025278845789	
677.280000	-82.023899417868	
677.480000	-82.022410810883	
677.680000	-82.020559693987	
677.880000	-82.017617460874	
678.080000	-82.013048900367	
678.280000	-82.008150937260	
678.480000	-82.003501941770	
678.680000	-81.999254281167	
678.880000	-81.995331009540	
679.080000	-81.991599653393	
679.280000	-81.988032990817	
679.480000	-81.984660997053	
679.680000	-81.981545912219	
679.880000	-81.978776241707	
680.080000	-81.976286532257	
680.280000	-81.973965904718	
680.480000	-81.971758065498	
680.680000	-81.969621101399	
699.480000	-81.815786393608	
699.680000	-81.814449548992	
699.880000	-81.813117059030	
700.080000	-81.811788880783	
700.280000	-81.810464971768	
700.480000	-81.809145289959	
700.680000	-81.807829793780	
700.880000	-81.806518442097	
701.080000	-81.805211194219	
701.280000	-81.803908009886	
701.480000	-81.802608849270	
701.680000	-81.801313672968	
701.880000	-81.800022441995	
702.080000	-81.798735117782	
702.280000	-81.797451662171	
702.480000	-81.796172037407	
702.680000	-81.794896206138	
702.880000	-81.793624131406	
703.080000	-81.792355776644	
703.280000	-81.791091105673	
703.480000	-81.789830082692	
703.680000	-81.788572672279	
703.880000	-81.787318839382	
704.080000	-81.786068549317	
704.280000	-81.784821767761	
704.480000	-81.783578460747	
704.680000	-81.782338594663	
704.880000	-81.781102136241	
705.080000	-81.779869052558	
705.280000	-81.778639311026	
705.480000	-81.777412879391	
705.680000	-81.776189725725	
705.880000	-81.774969818423	
706.080000	-81.773753126197	
706.280000	-81.772539618070	
706.480000	-81.771329263372	
706.680000	-81.770122031736	
706.880000	-81.768917893087	
707.080000	-81.767716817645	
707.280000	-81.766518775912	
707.480000	-81.765323738670	
707.680000	-81.764131676976	
707.880000	-81.762942562153	
708.080000	-81.761756365787	
708.280000	-81.760573059719	
708.480000	-81.759392616042	
708.680000	-81.758215007089	
708.880000	-81.757040205433	
709.080000	-81.755868183875	
709.280000	-81.754698915441	
709.480000	-81.753532373372	
709.680000	-81.752368531119	
709.880000	-81.751207362334	
710.080000	-81.750048840864	
710.280000	-81.748892940739	
710.480000	-81.747739636168	
710.680000	-81.746588901530	
710.880000	-81.745440711359	
711.080000	-81.744295040342	
711.280000	-81.743151863306	
711.480000	-81.742011155205	
711.680000	-81.740872891111	
711.880000	-81.739737046204	
712.080000	-81.738603595757	
712.280000	-81.737472515124	
712.480000	-81.736343779723	
712.680000	-81.735217365026	
712.880000	-81.734093246541	
713.080000	-81.732971399792	
713.280000	-81.731851800304	
713.480000	-81.730734423582	
713.680000	-81.729619245088	
713.880000	-81.728506240222	
714.080000	-81.727395384288	
714.280000	-81.726286652477	
714.480000	-81.725180019827	
714.680000	-81.724075461195	
714.880000	-81.722972951219	
715.080000	-81.721872464277	
715.280000	-81.720773974440	
715.480000	-81.719677455423	
715.680000	-81.718582880529	
715.880000	-81.717490222586	
716.080000	-81.716399453871	
716.280000	-81.715310546036	
716.480000	-81.714223470007	
716.680000	-81.713138195888	
716.880000	-81.712054692830	
717.080000	-81.710972928898	
717.280000	-81.709892870904	
717.480000	-81.708814484218	
717.680000	-81.707737732542	
717.880000	-81.706662577643	
718.080000	-81.705588979037	
718.280000	-81.704516893603	
718.480000	-81.703446275118	
718.680000	-81.702377073683	
718.880000	-81.701309235014	
719.080000	-81.700242699545	
719.280000	-81.699177401292	
719.480000	-81.698113266380	
719.680000	-81.697050211101	
719.880000	-81.695988139322	
720.080000	-81.694926938903	
720.280000	-81.693866476665	
720.480000	-81.692806591052	
720.680000	-81.691747081031	
720.880000	-81.690687688479	
721.080000	-81.689628068479	
721.280000	-81.688567735081	
721.480000	-81.687505950517	
721.680000	-81.686441457280	
721.880000	-81.685371604535	
722.080000	-81.684285832021	
722.280000	-81.683047098792	
722.480000	-81.681421527485	
722.680000	-81.678463398839	
722.880000	-81.674622593908	
723.080000	-81.670735215685	
723.280000	-81.667110627023	
723.480000	-81.663795930841	
723.680000	-81.660683318213	
723.880000	-81.657687902032	
724.080000	-81.654806292818	
724.280000	-81.652071423499	
724.480000	-81.649547730476	
724.680000	-81.647279117949	
724.880000	-81.645186326082	
725.080000	-81.643207923226	
725.280000	-81.641306964564	
725.480000	-81.639455912059	
745.060000	-81.505978588347	
745.260000	-81.504916156437	
745.460000	-81.503857831928	
745.660000	-81.502803573175	
745.860000	-81.501753338999	
746.060000	-81.500707088688	
746.260000	-81.499664781988	
746.460000	-81.498626379103	
746.660000	-81.497591840687	
746.860000	-81.496561127839	
747.060000	-81.495534202103	
747.260000	-81.494511025459	
747.460000	-81.493491560322	
747.660000	-81.492475769534	
747.860000	-81.491463616363	
748.060000	-81.490455064499	
748.260000	-81.489450078045	
748.460000	-81.488448621519	
748.660000	-81.487450659847	
748.860000	-81.486456158355	
749.060000	-81.485465082773	
749.260000	-81.484477399223	
749.460000	-81.483493074221	
749.660000	-81.482512074668	
749.860000	-81.481534367848	
750.060000	-81.480559921427	
750.260000	-81.479588703443	
750.460000	-81.478620682306	
750.660000	-81.477655826791	
750.860000	-81.476694106041	
751.060000	-81.475735489552	
751.260000	-81.474779947179	
751.460000	-81.473827449127	
751.660000	-81.472877965949	
751.860000	-81.471931468538	
752.060000	-81.470987928132	
752.260000	-81.470047316300	
752.460000	-81.469109604944	
752.660000	-81.468174766296	
752.860000	-81.467242772908	
753.060000	-81.466313597657	
753.260000	-81.465387213733	
753.460000	-81.464463594640	
753.660000	-81.463542714192	
753.860000	-81.462624546507	
754.060000	-81.461709066005	
754.260000	-81.460796247404	
754.460000	-81.459886065716	
754.660000	-81.458978496244	
754.860000	-81.458073514577	
755.060000	-81.457171096588	
755.260000	-81.456271218428	
755.460000	-81.455373856527	
755.660000	-81.454478987583	
755.860000	-81.453586588568	
756.060000	-81.452696636713	
756.260000	-81.451809109516	
756.460000	-81.450923984729	
756.660000	-81.450041240360	
756.860000	-81.449160854666	
757.060000	-81.448282806154	
757.260000	-81.447407073573	
757.460000	-81.446533635910	
757.660000	-81.445662472390	
757.860000	-81.444793562472	
758.060000	-81.443926885843	
758.260000	-81.443062422413	
758.460000	-81.442200152318	
758.660000	-81.441340055910	
758.860000	-81.440482113756	
759.060000	-81.439626306634	
759.260000	-81.438772615529	
759.460000	-81.437921021631	
759.660000	-81.437071506327	
759.860000	-81.436224051203	
760.060000	-81.435378638037	
760.260000	-81.434535248793	
760.460000	-81.433693865623	
760.660000	-81.432854470859	
760.860000	-81.432017047008	
761.060000	-81.431181576752	
761.260000	-81.430348042941	
761.460000	-81.429516428590	
761.660000	-81.428686716875	
761.860000	-81.427858891128	
762.060000	-81.427032934832	
762.260000	-81.426208831620	
762.460000	-81.425386565266	
762.660000	-81.424566119684	
762.860000	-81.423747478920	
763.060000	-81.422930627151	
763.260000	-81.422115548676	
763.460000	-81.421302227914	
763.660000	-81.420490649396	
763.860000	-81.419680797762	
764.060000	-81.418872657754	
764.260000	-81.418066214210	
764.460000	-81.417261452056	
764.660000	-81.416458356306	
764.860000	-81.415656912045	
765.060000	-81.414857104432	
765.260000	-81.414058918686	
765.460000	-81.413262340082	
765.660000	-81.412467353938	
765.860000	-81.411673945612	
766.060000	-81.410882100489	
766.260000	-81.410091803973	
766.460000	-81.409303041474	
766.660000	-81.408515798399	
766.860000	-81.407730060140	
767.060000	-81.406945812060	
767.260000	-81.406163039480	
767.460000	-81.405381727662	
767.660000	-81.404601861795	
767.860000	-81.403823426977	
768.060000	-81.403046408197	
768.260000	-81.402270790308	
768.460000	-81.401496558011	
768.660000	-81.400723695829	
768.860000	-81.399952188073	
769.060000	-81.399182018819	
769.260000	-81.398413171868	
769.460000	-81.397645630711	
769.660000	-81.396879378487	
769.860000	-81.396114397931	
770.060000	-81.395350671325	
770.260000	-81.394588180437	
770.460000	-81.393826906448	
770.660000	-81.393066829877	
770.860000	-81.392307930490	
771.060000	-81.391550187195	
771.260000	-81.390793577924	
771.460000	-81.390038079489	
771.660000	-81.389283667423	
771.860000	-81.388530315783	
772.060000	-81.387777996918	
772.260000	-81.387026681199	
772.460000	-81.386276336682	
772.660000	-81.385526928704	
772.860000	-81.384778419386	
773.060000	-81.384030767009	
773.260000	-81.383283925237	
773.460000	-81.382537842116	
773.660000	-81.381792458779	
773.860000	-81.381047707739	
774.060000	-81.380303510588	
774.260000	-81.379559774816	
774.460000	-81.378816389312	
774.660000	-81.378073217763	
774.860000	-81.377330088584	
775.060000	-81.376586778763	
775.260000	-81.375842986222	
775.460000	-81.375098278265	
775.660000	-81.374351982899	
775.860000	-81.373602911347	
776.060000	-81.372848340281	
776.260000	-81.372070798251	
776.460000	-81.371125023010	
776.660000	-81.369723776060	
776.860000	-81.367168354273	
777.060000	-81.364200949632	
777.260000	-81.361285312876	
777.460000	-81.358581473201	
777.660000	-81.356083866843	
777.860000	-81.353692853233	
778.060000	-81.351360130616	
778.260000	-81.349095101415	
778.460000	-81.346933073577	
778.660000	-81.344932976963	
778.860000	-81.343100391882	
779.060000	-81.341377340344	
779.260000	-81.339729931300	
779.460000	-81.338133140644	
779.660000	-81.336570407041	
799.660000	-81.227265588849	
804.320000	-81.209680423736	
804.520000	-81.208966513528	
804.720000	-81.208255681438	
804.920000	-81.207547896756	
805.120000	-81.206843129151	
805.320000	-81.206141348669	
805.520000	-81.205442525730	
805.720000	-81.204746631126	
805.920000	-81.204053636013	
806.120000	-81.203363511910	
806.320000	-81.202676230693	
806.520000	-81.201991764595	
806.720000	-81.201310086198	
806.920000	-81.200631168432	
807.120000	-81.199954984571	
807.320000	-81.199281508229	
807.520000	-81.198610713355	
807.720000	-81.197942574232	
807.920000	-81.197277065471	
808.120000	-81.196614162010	
808.320000	-81.195953839107	
808.520000	-81.195296072340	
808.720000	-81.194640837602	
808.920000	-81.193988111097	
809.120000	-81.193337869337	
809.320000	-81.192690089140	
809.520000	-81.192044747625	
809.720000	-81.191401822207	
809.920000	-81.190761290598	
810.120000	-81.190123130801	
810.320000	-81.189487321107	
810.520000	-81.188853840092	
810.720000	-81.188222666613	
810.920000	-81.187593779807	
811.120000	-81.186967159085	
811.320000	-81.186342784130	
811.520000	-81.185720634896	
811.720000	-81.185100691601	
811.920000	-81.184482934727	
812.120000	-81.183867345017	
812.320000	-81.183253903468	
812.520000	-81.182642591334	
812.720000	-81.182033390117	
812.920000	-81.181426281571	
813.120000	-81.180821247691	
813.320000	-81.180218270718	
813.520000	-81.179617333129	
813.720000	-81.179018417640	
813.920000	-81.178421507201	
814.120000	-81.177826584990	
814.320000	-81.177233634417	
814.520000	-81.176642639116	
814.720000	-81.176053582943	
814.920000	-81.175466449975	
815.120000	-81.174881224507	
815.320000	-81.174297891047	
815.520000	-81.173716434318	
815.720000	-81.173136839251	
815.920000	-81.172559090984	
816.120000	-81.171983174860	
816.320000	-81.171409076424	
816.520000	-81.170836781421	
816.720000	-81.170266275792	
816.920000	-81.169697545673	
817.120000	-81.169130577394	
817.320000	-81.168565357473	
817.520000	-81.168001872615	
817.720000	-81.167440109711	
817.920000	-81.166880055836	
818.120000	-81.166321698244	
818.320000	-81.165765024366	
818.520000	-81.165210021811	
818.720000	-81.164656678362	
818.920000	-81.164104981971	
819.120000	-81.163554920761	
819.320000	-81.163006483021	
819.520000	-81.162459657207	
819.720000	-81.161914431935	
819.920000	-81.161370795983	
820.120000	-81.160828738287	
820.320000	-81.160288247940	
820.520000	-81.159749314189	
820.720000	-81.159211926433	
820.920000	-81.158676074222	
821.120000	-81.158141747253	
821.320000	-81.157608935372	
821.520000	-81.157077628565	
821.720000	-81.156547816965	
821.920000	-81.156019490842	
822.120000	-81.155492640606	
822.320000	-81.154967256803	
822.520000	-81.154443330114	
822.720000	-81.153920851353	
822.920000	-81.153399811466	
823.120000	-81.152880201526	
823.320000	-81.152362012735	
823.520000	-81.151845236420	
823.720000	-81.151329864033	
823.920000	-81.150815887146	
824.120000	-81.150303297453	
824.320000	-81.149792086767	
824.520000	-81.149282247016	
824.720000	-81.148773770244	
824.920000	-81.148266648610	
825.120000	-81.147760874383	
825.320000	-81.147256439944	
825.520000	-81.146753337781	
825.720000	-81.146251560490	
825.920000	-81.145751100773	
826.120000	-81.145251951434	
826.320000	-81.144754105382	
826.520000	-81.144257555625	
826.720000	-81.143762295270	
826.920000	-81.143268317523	
827.120000	-81.142775615686	
827.320000	-81.142284183155	
827.520000	-81.141794013420	
827.720000	-81.141305100062	
827.920000	-81.140817436755	
828.120000	-81.140331017259	
828.320000	-81.139845835423	
828.520000	-81.139361885182	
828.720000	-81.138879160557	
828.920000	-81.138397655650	
829.120000	-81.137917364649	
829.320000	-81.137438281819	
829.520000	-81.136960401507	
829.720000	-81.136483718138	
829.920000	-81.136008226212	
830.120000	-81.135533920307	
830.320000	-81.135060795076	
830.520000	-81.134588845242	
830.720000	-81.134118065603	
830.920000	-81.133648451027	
831.120000	-81.133179996451	
831.320000	-81.132712696881	
831.520000	-81.132246547391	
831.720000	-81.131781543120	
831.920000	-81.131317679272	
832.120000	-81.130854951115	
832.320000	-81.130393353982	
832.520000	-81.129932883264	
832.720000	-81.129473534416	
832.920000	-81.129015302950	
833.120000	-81.128558184439	
833.320000	-81.128102174511	
833.520000	-81.127647268853	
833.720000	-81.127193463205	
833.920000	-81.126740753364	
834.120000	-81.126289135178	
834.320000	-81.125838604551	
834.520000	-81.125389157435	
834.720000	-81.124940789836	
834.920000	-81.124493497806	
835.120000	-81.124047277451	
835.320000	-81.123602124920	
835.520000	-81.123158036413	
835.720000	-81.122715008174	
835.920000	-81.122273036493	
836.120000	-81.121832117706	
836.320000	-81.121392248191	
836.520000	-81.120953424370	
836.720000	-81.120515642706	
836.920000	-81.120078899707	
837.120000	-81.119643191916	
837.320000	-81.119208515922	
837.520000	-81.118774868350	
837.720000	-81.118342245862	
837.920000	-81.117910645162	
838.120000	-81.117480062987	
838.320000	-81.117050496114	
838.520000	-81.116621941353	
838.720000	-81.116194395551	
838.920000	-81.115767855587	
839.120000	-81.115342318377	
839.320000	-81.114917780868	
839.520000	-81.114494240041	
839.720000	-81.114071692906	
839.920000	-81.113650136509	
840.120000	-81.113229567924	
840.320000	-81.112809984254	
840.520000	-81.112391382636	
840.720000	-81.111973760232	
840.920000	-81.111557114234	
841.120000	-81.111141441864	
841.320000	-81.110726740369	
841.520000	-81.110313007024	
841.720000	-81.109900239132	
841.920000	-81.109488434020	
842.120000	-81.109077589042	
842.320000	-81.108667701578	
842.520000	-81.108258769031	
842.720000	-81.107850788829	
842.920000	-81.107443758425	
843.120000	-81.107037675295	
843.320000	-81.106632536936	
843.520000	-81.106228340872	
843.720000	-81.105825084646	
843.920000	-81.105422765824	
844.120000	-81.105021381993	
844.320000	-81.104620930763	
844.520000	-81.104221409762	
844.720000	-81.103822816643	
844.920000	-81.103425149074	
845.120000	-81.103028404746	
845.320000	-81.102632581369	
845.520000	-81.102237676672	
845.720000	-81.101843688403	
845.920000	-81.101450614330	
846.120000	-81.101058452236	
846.320000	-81.100667199925	
846.520000	-81.100276855217	
846.720000	-81.099887415951	
846.920000	-81.099498879983	
847.120000	-81.099111245185	
847.320000	-81.098724509445	
847.520000	-81.098338670670	
847.720000	-81.097953726782	
847.920000	-81.097569675718	
848.120000	-81.097186515432	
848.320000	-81.096804243892	
848.520000	-81.096422859084	
848.720000	-81.096042359007	
848.920000	-81.095662741674	
849.120000	-81.095284005115	
849.320000	-81.094906147374	
849.520000	-81.094529166507	
849.720000	-81.094153060588	
849.920000	-81.093777827700	
850.120000	-81.093403465944	
850.320000	-81.093029973433	
850.520000	-81.092657348292	
850.720000	-81.092285588661	
850.920000	-81.091914692692	
851.120000	-81.091544658550	
851.320000	-81.091175484413	
851.520000	-81.090807168472	
851.720000	-81.090439708929	
851.920000	-81.090073103998	
852.120000	-81.089707351908	
852.320000	-81.089342450896	
852.520000	-81.088978399213	
852.720000	-81.088615195121	
852.920000	-81.088252836895	
853.120000	-81.087891322819	
853.320000	-81.087530651189	
853.520000	-81.087170820314	
853.720000	-81.086811828510	
853.920000	-81.086453674108	
854.120000	-81.086096355447	
854.320000	-81.085739870879	
854.520000	-81.085384218763	
854.720000	-81.085029397471	
854.920000	-81.084675405386	
855.120000	-81.084322240898	
855.320000	-81.083969902410	
855.520000	-81.083618388334	
855.720000	-81.083267697091	
855.920000	-81.082917827112	
856.120000	-81.082568776839	
856.320000	-81.082220544722	
856.520000	-81.081873129221	
856.720000	-81.081526528805	
856.920000	-81.081180741953	
857.120000	-81.080835767153	
857.320000	-81.080491602900	
857.520000	-81.080148247701	
857.720000	-81.079805700071	
857.920000	-81.079463958533	
858.120000	-81.079123021618	
858.320000	-81.078782887867	
858.520000	-81.078443555830	
858.720000	-81.078105024065	
858.920000	-81.077767291136	
859.120000	-81.077430355618	
859.320000	-81.077094216095	
859.520000	-81.076758871155	
859.720000	-81.076424319399	
859.920000	-81.076090559432	
860.120000	-81.075757589869	
860.320000	-81.075425409332	
860.520000	-81.075094016451	
860.720000	-81.074763409865	
860.920000	-81.074433588217	
861.120000	-81.074104550162	
861.320000	-81.073776294359	
861.520000	-81.073448819476	
861.720000	-81.073122124187	
861.920000	-81.072796207176	
862.120000	-81.072471067131	
862.320000	-81.072146702749	
862.520000	-81.071823112733	
862.720000	-81.071500295795	
862.920000	-81.071178250651	
863.120000	-81.070856976025	
863.320000	-81.070536470650	
863.520000	-81.070216733262	
863.720000	-81.069897762606	
863.920000	-81.069579557433	
864.120000	-81.069262116501	
864.320000	-81.068945438574	
864.520000	-81.068629522422	
864.720000	-81.068314366822	
864.920000	-81.067999970558	
865.120000	-81.067686332419	
865.320000	-81.067373451200	
865.520000	-81.067061325704	
865.720000	-81.066749954737	
865.920000	-81.066439337115	
866.120000	-81.066129471656	
866.320000	-81.065820357187	
866.520000	-81.065511992539	
866.720000	-81.065204376550	
866.920000	-81.064897508062	
867.120000	-81.064591385925	
867.320000	-81.064286008993	
867.520000	-81.063981376127	
867.720000	-81.063677486191	
867.920000	-81.063374338057	
868.120000	-81.063071930601	
868.320000	-81.062770262706	
868.520000	-81.062469333259	
868.720000	-81.062169141153	
868.920000	-81.061869685285	
869.120000	-81.061570964558	
869.320000	-81.061272977881	
869.520000	-81.060975724167	
869.720000	-81.060679202335	
869.920000	-81.060383411307	
870.120000	-81.060088350013	
870.320000	-81.059794017384	
870.520000	-81.059500412361	
870.720000	-81.059207533885	
870.920000	-81.058915380905	
871.120000	-81.058623952373	
871.320000	-81.058333247246	
871.520000	-81.058043264486	
871.720000	-81.057754003060	
871.920000	-81.057465461938	
872.120000	-81.057177640097	
872.320000	-81.056890536516	
872.520000	-81.056604150181	
872.720000	-81.056318480079	
872.920000	-81.056033525205	
873.120000	-81.055749284556	
873.320000	-81.055465757134	
873.520000	-81.055182941946	
873.720000	-81.054900838001	
873.920000	-81.054619444314	
874.120000	-81.054338759904	
874.320000	-81.054058783795	
874.520000	-81.053779515012	
874.720000	-81.053500952586	
874.920000	-81.053223095554	
875.120000	-81.052945942953	
875.320000	-81.052669493826	
875.520000	-81.052393747221	
875.720000	-81.052118702187	
875.920000	-81.051844357778	
876.120000	-81.051570713054	
876.320000	-81.051297767075	
876.520000	-81.051025518908	
876.720000	-81.050753967622	
876.920000	-81.050483112288	
877.120000	-81.050212951985	
877.320000	-81.049943485792	
877.520000	-81.049674712792	
877.720000	-81.049406632073	
877.920000	-81.049139242726	
878.120000	-81.048872543844	
878.320000	-81.048606534524	
878.520000	-81.048341213868	
878.720000	-81.048076580981	
878.920000	-81.047812634968	
879.120000	-81.047549374942	
879.320000	-81.047286800016	
879.520000	-81.047024909308	
879.720000	-81.046763701939	
879.920000	-81.046503177031	
880.120000	-81.046243333712	
880.320000	-81.045984171113	
880.520000	-81.045725688365	
880.720000	-81.045467884606	
880.920000	-81.045210758974	
881.120000	-81.044954310612	
881.320000	-81.044698538665	
881.520000	-81.044443442281	
881.720000	-81.044189020612	
881.920000	-81.043935272811	
882.120000	-81.043682198035	
882.320000	-81.043429795445	
882.520000	-81.043178064202	
882.720000	-81.042927003473	
882.920000	-81.042676612426	
883.120000	-81.042426890231	
883.320000	-81.042177836062	
883.520000	-81.041929449097	
883.720000	-81.041681728513	
883.920000	-81.041434673493	
884.120000	-81.041188283222	
884.320000	-81.040942556886	
884.520000	-81.040697493675	
884.720000	-81.040453092782	
884.920000	-81.040209353401	
885.120000	-81.039966274730	
885.320000	-81.039723855968	
885.520000	-81.039482096319	
885.720000	-81.039240994986	
885.920000	-81.039000551178	
886.120000	-81.038760764103	
886.320000	-81.038521632975	
886.520000	-81.038283157007	
886.720000	-81.038045335417	
886.920000	-81.037808167424	
887.120000	-81.037571652250	
887.320000	-81.037335789118	
887.520000	-81.037100577255	
887.720000	-81.036866015889	
887.920000	-81.036632104251	
888.120000	-81.036398841574	
888.320000	-81.036166227093	
888.520000	-81.035934260045	
888.720000	-81.035702939671	
908.720000	-81.015714328906	
928.720000	-81.001522058770	
948.720000	-80.992565776487	
968.720000	-80.988360835614	
988.720000	-80.988479370880	
1008.720000	-80.992540118658	
1028.720000	-81.000201687352	
1048.720000	-81.011157485805	
1068.720000	-81.025131604887	
1088.720000	-81.041875332773	
1108.720000	-81.061164139071	
1128.720000	-81.082795021546	
1148.720000	-81.106584184315	
1168.720000	-81.132364997745	
1188.720000	-81.159986157732	
1208.720000	-81.189310061475	
1228.720000	-81.220211369676	
1248.720000	-81.252575728682	
1268.720000	-81.286298633710	
1288.720000	-81.321284416931	
1308.720000	-81.357445345692	
1328.720000	-81.394700818067	
1348.720000	-81.432976644534	
1368.720000	-81.472204406045	
1388.720000	-81.512320880000	
1408.720000	-81.553267526778	
1428.720000	-81.594990030381	
1448.720000	-81.637437887565	
1468.720000	-81.680564040458	
1488.720000	-81.724324548207	
1508.720000	-81.768678293662	
1528.720000	-81.813586721490	
1548.720000	-81.859013604427	
1568.720000	-81.904924834707	
1588.720000	-81.951288237963	
1608.720000	-81.998073407139	
1628.720000	-82.045251554225	
1648.720000	-82.092795377791	
1668.720000	-82.140678944558	
1688.720000	-82.188877583389	
1708.720000	-82.237367790291	
1728.720000	-82.286127143155	
1748.720000	-82.335134225119	
1768.720000	-82.384368555574	
1788.720000	-82.433810527926	
1808.720000	-82.483441353369	
1828.720000	-82.533243009976	
1848.720000	-82.583198196527	
1868.720000	-82.633290290546	
1888.720000	-82.683503310088	
1908.720000	-82.733821878880	
1928.720000	-82.784231194441	
1948.720000	-82.834716998888	
1968.720000	-82.885265552132	
1988.720000	-82.935863607229	
2008.720000	-82.986498387657	
2028.720000	-83.037157566339	
2048.720000	-83.087829246225	
2068.720000	-83.138501942293	
2088.720000	-83.189164564816	
2108.720000	-83.239806403797	
2128.720000	-83.290417114433	
2148.720000	-83.340986703537	
2168.720000	-83.391505516817	
2188.720000	-83.441964226933	
2208.720000	-83.492353822269	
2228.720000	-83.542665596352	
2248.720000	-83.592891137859	
2268.720000	-83.643022321169	
2288.720000	-83.693051297409	
2308.720000	-83.742970485944	
2328.720000	-83.792772566295	
2348.720000	-83.842450470430	
2368.720000	-83.891997375408	
2388.720000	-83.941406696353	
2408.720000	-83.990672079716	
2428.720000	-84.039787396822	
2448.720000	-84.088746737674	
2468.720000	-84.137544404988	
2488.720000	-84.186174908457	
