0.000000	0.000000000000	
20.000000	0.000000000000	
40.000000	0.000000000000	
60.000000	0.000000000000	
80.000000	0.000000000000	
100.000000	0.000000000000	
120.000000	0.039259967792	
140.000000	0.058426700468	
160.000000	0.068538794001	
180.000000	0.074039895946	
200.000000	0.077235391835	
220.000000	0.079531520920	
240.000000	0.081376459922	
260.000000	0.082931402768	
280.000000	0.084268068955	
300.000000	0.085427258750	
320.000000	0.086396637888	
340.000000	0.086365358381	
360.000000	0.086780004401	
380.000000	0.087311359715	
400.000000	0.087839819486	
420.000000	0.088328453886	
440.000000	0.088769864252	
460.000000	0.089166900218	
480.000000	0.089525994477	
500.000000	0.089855117108	
520.000000	0.082654744075	
540.000000	0.075916478376	
560.000000	0.069718410132	
580.000000	0.064244208793	
580.720000	0.064075138637	
580.920000	0.064028999396	
581.120000	0.063983256735	
581.320000	0.063937934307	
581.520000	0.063893058158	
581.720000	0.063848657047	
581.920000	0.063804762829	
582.120000	0.063761410901	
582.320000	0.063718640737	
582.520000	0.063676496513	
582.720000	0.063635027871	
582.920000	0.063594290826	
583.120000	0.063554348875	
583.320000	0.063515274349	
583.520000	0.063477150080	
583.720000	0.063440071472	
583.920000	0.063404149095	
584.120000	0.063369511972	
584.320000	0.063336311791	
584.520000	0.063304728353	
584.720000	0.063274976734	
584.920000	0.063247316826	
585.120000	0.063222066255	
585.320000	0.063199618208	
585.520000	0.063180466538	
585.720000	0.063165241989	
585.920000	0.063154765890	
586.120000	0.063150132358	
586.320000	0.063152838987	
586.520000	0.063165004297	
586.720000	0.063189750338	
586.920000	0.063231925055	
587.120000	0.063299597507	
587.320000	0.063407568419	
587.520000	0.063587293968	
587.720000	0.063925157708	
587.920000	0.064860181783	
588.120000	0.076355875234	
588.320000	0.094235366834	
588.520000	0.144966511699	
588.720000	0.230597965232	
588.920000	0.233630740348	
589.120000	0.216162516099	
589.320000	0.192407731660	
589.520000	0.173701276284	
589.720000	0.161016202465	
589.920000	0.149038349490	
590.120000	0.134961971379	
590.320000	0.115863501462	
590.520000	0.090937154972	
590.720000	0.075599781222	
590.920000	0.066900433682	
591.120000	0.061828997537	
611.120000	0.052766164635	
619.240000	0.051848110845	
619.440000	0.051822595155	
619.640000	0.051796989673	
619.840000	0.051771298536	
620.040000	0.051745525963	
620.240000	0.051719676262	
620.440000	0.051693753832	
620.640000	0.051667763171	
620.840000	0.051641708885	
621.040000	0.051615595690	
621.240000	0.051589428422	
621.440000	0.051563212049	
621.640000	0.051536951671	
621.840000	0.051510652541	
622.040000	0.051484320066	
622.240000	0.051457959825	
622.440000	0.051431577580	
622.640000	0.051405179286	
622.840000	0.051378771115	
623.040000	0.051352359463	
623.240000	0.051325950976	
623.440000	0.051299552563	
623.640000	0.051273171426	
623.840000	0.051246815077	
624.040000	0.051220491368	
624.240000	0.051194208520	
624.440000	0.051167975158	
624.640000	0.051141800341	
624.840000	0.051115693610	
625.040000	0.051089665024	
625.240000	0.051063725218	
625.440000	0.051037885453	
625.640000	0.051012157680	
625.840000	0.050986554610	
626.040000	0.050961089794	
626.240000	0.050935777708	
626.440000	0.050910633857	
626.640000	0.050885674888	
626.840000	0.050860918721	
627.040000	0.050836384696	
627.240000	0.050812093744	
627.440000	0.050788068583	
627.640000	0.050764333946	
627.840000	0.050740916842	
628.040000	0.050717846866	
628.240000	0.050695156554	
628.440000	0.050672881805	
628.640000	0.050651062387	
628.840000	0.050629742522	
629.040000	0.050608971603	
629.240000	0.050588805047	
629.440000	0.050569305330	
629.640000	0.050550543257	
629.840000	0.050532599518	
630.040000	0.050515566620	
630.240000	0.050499551315	
630.440000	0.050484677663	
630.640000	0.050471090959	
630.840000	0.050458962821	
631.040000	0.050448497862	
631.240000	0.050439942595	
631.440000	0.050433597496	
631.640000	0.050429833664	
631.840000	0.050429116334	
632.040000	0.050432038860	
632.240000	0.050439373278	
632.440000	0.050452148016	
632.640000	0.050471772153	
632.840000	0.050500243745	
633.040000	0.050540520174	
633.240000	0.050597227443	
633.440000	0.050678158684	
633.640000	0.050797902814	
633.840000	0.050988638840	
634.040000	0.051346178909	
634.240000	0.052533701880	
634.440000	0.064873252202	
634.640000	0.083577940392	
634.840000	0.166356109361	
635.040000	0.188502212792	
635.240000	0.181983789332	
635.440000	0.164255703234	
635.640000	0.144970381517	
635.840000	0.132187832201	
636.040000	0.122523532039	
636.240000	0.112796535564	
636.440000	0.101093311754	
636.640000	0.084906603779	
636.840000	0.067893286831	
637.040000	0.058468079035	
637.240000	0.052563307743	
637.440000	0.049024919661	
657.440000	0.042024821833	
658.480000	0.041961637936	
658.680000	0.041948955594	
658.880000	0.041936106721	
659.080000	0.041923093551	
659.280000	0.041909918396	
659.480000	0.041896583646	
659.680000	0.041883091767	
659.880000	0.041869445302	
660.080000	0.041855646865	
660.280000	0.041841699145	
660.480000	0.041827604904	
660.680000	0.041813366977	
660.880000	0.041798988270	
661.080000	0.041784471765	
661.280000	0.041769820516	
661.480000	0.041755037651	
661.680000	0.041740126376	
661.880000	0.041725089974	
662.080000	0.041709931805	
662.280000	0.041694655312	
662.480000	0.041679264021	
662.680000	0.041663761544	
662.880000	0.041648151581	
663.080000	0.041632437929	
663.280000	0.041616624476	
663.480000	0.041600715214	
663.680000	0.041584714242	
663.880000	0.041568625766	
664.080000	0.041552454113	
664.280000	0.041536203731	
664.480000	0.041519879197	
664.680000	0.041503485230	
664.880000	0.041487026691	
665.080000	0.041470508599	
665.280000	0.041453936139	
665.480000	0.041437314674	
665.680000	0.041420649753	
665.880000	0.041403947131	
666.080000	0.041387212780	
666.280000	0.041370452905	
666.480000	0.041353673963	
666.680000	0.041336882683	
666.880000	0.041320086085	
667.080000	0.041303291509	
667.280000	0.041286506635	
667.480000	0.041269739518	
667.680000	0.041252998616	
667.880000	0.041236292830	
668.080000	0.041219631541	
668.280000	0.041203024655	
668.480000	0.041186482654	
668.680000	0.041170016653	
668.880000	0.041153638459	
669.080000	0.041137360645	
669.280000	0.041121196628	
669.480000	0.041105160762	
669.680000	0.041089268434	
669.880000	0.041073536187	
670.080000	0.041057981850	
670.280000	0.041042624690	
670.480000	0.041027485589	
670.680000	0.041012587242	
670.880000	0.040997954398	
671.080000	0.040983614125	
671.280000	0.040969596136	
671.480000	0.040955933157	
671.680000	0.040942661377	
671.880000	0.040929820966	
672.080000	0.040917456706	
672.280000	0.040905618745	
672.480000	0.040894363511	
672.680000	0.040883754821	
672.880000	0.040873865251	
673.080000	0.040864777828	
673.280000	0.040856588145	
673.480000	0.040849407039	
673.680000	0.040843364001	
673.880000	0.040838611591	
674.080000	0.040835331217	
674.280000	0.040833740822	
674.480000	0.040834105263	
674.680000	0.040836750621	
674.880000	0.040842084310	
675.080000	0.040850624069	
675.280000	0.040863040914	
675.480000	0.040880224920	
675.680000	0.040903389938	
675.880000	0.040934248340	
676.080000	0.040975320029	
676.280000	0.041030520700	
676.480000	0.041106395869	
676.680000	0.041215083186	
676.880000	0.041383022885	
677.080000	0.041687434577	
677.280000	0.042635152380	
677.480000	0.052615151343	
677.680000	0.069880572693	
677.880000	0.139307604113	
678.080000	0.153325222982	
678.280000	0.146772941285	
678.480000	0.131669876563	
678.680000	0.115702202402	
678.880000	0.105265824717	
679.080000	0.097398189881	
679.280000	0.089564112489	
679.480000	0.080259744414	
679.680000	0.067591405934	
679.880000	0.054767471914	
680.080000	0.047483596187	
680.280000	0.042764671952	
680.480000	0.039851705252	
680.680000	0.038145598288	
699.480000	0.033778532055	
699.680000	0.033771825772	
699.880000	0.033764953088	
700.080000	0.033757914664	
700.280000	0.033750711265	
700.480000	0.033743343757	
700.680000	0.033735813099	
700.880000	0.033728120342	
701.080000	0.033720266627	
701.280000	0.033712253173	
701.480000	0.033704081282	
701.680000	0.033695752332	
701.880000	0.033687267776	
702.080000	0.033678629136	
702.280000	0.033669838005	
702.480000	0.033660896039	
702.680000	0.033651804962	
702.880000	0.033642566558	
703.080000	0.033633182673	
703.280000	0.033623655213	
703.480000	0.033613986140	
703.680000	0.033604177474	
703.880000	0.033594231293	
704.080000	0.033584149728	
704.280000	0.033573934964	
704.480000	0.033563589244	
704.680000	0.033553114861	
704.880000	0.033542514164	
705.080000	0.033531789557	
705.280000	0.033520943498	
705.480000	0.033509978499	
705.680000	0.033498897129	
705.880000	0.033487702013	
706.080000	0.033476395833	
706.280000	0.033464981332	
706.480000	0.033453461313	
706.680000	0.033441838639	
706.880000	0.033430116240	
707.080000	0.033418297111	
707.280000	0.033406384318	
707.480000	0.033394380997	
707.680000	0.033382290361	
707.880000	0.033370115698	
708.080000	0.033357860382	
708.280000	0.033345527872	
708.480000	0.033333121718	
708.680000	0.033320645566	
708.880000	0.033308103165	
709.080000	0.033295498370	
709.280000	0.033282835150	
709.480000	0.033270117596	
709.680000	0.033257349930	
709.880000	0.033244536509	
710.080000	0.033231681838	
710.280000	0.033218790581	
710.480000	0.033205867569	
710.680000	0.033192917815	
710.880000	0.033179946526	
711.080000	0.033166959119	
711.280000	0.033153961235	
711.480000	0.033140958761	
711.680000	0.033127957845	
711.880000	0.033114964921	
712.080000	0.033101986733	
712.280000	0.033089030358	
712.480000	0.033076103242	
712.680000	0.033063213225	
712.880000	0.033050368583	
713.080000	0.033037578067	
713.280000	0.033024850948	
713.480000	0.033012197069	
713.680000	0.032999626900	
713.880000	0.032987151604	
714.080000	0.032974783108	
714.280000	0.032962534188	
714.480000	0.032950418559	
714.680000	0.032938450982	
714.880000	0.032926647384	
715.080000	0.032915025001	
715.280000	0.032903602533	
715.480000	0.032892400328	
715.680000	0.032881440603	
715.880000	0.032870747684	
716.080000	0.032860348303	
716.280000	0.032850271940	
716.480000	0.032840551225	
716.680000	0.032831222422	
716.880000	0.032822326005	
717.080000	0.032813907347	
717.280000	0.032806017559	
717.480000	0.032798714514	
717.680000	0.032792064107	
717.880000	0.032786141809	
718.080000	0.032781034629	
718.280000	0.032776843581	
718.480000	0.032773686854	
718.680000	0.032771703901	
718.880000	0.032771060828	
719.080000	0.032771957564	
719.280000	0.032774637588	
719.480000	0.032779401385	
719.680000	0.032786625444	
719.880000	0.032796789798	
720.080000	0.032810519100	
720.280000	0.032828646036	
720.480000	0.032852313292	
720.680000	0.032883145884	
720.880000	0.032923560967	
721.080000	0.032977370771	
721.280000	0.033051087160	
721.480000	0.033157201352	
721.680000	0.033324599598	
721.880000	0.033649801024	
722.080000	0.035352422638	
722.280000	0.045720372118	
722.480000	0.071835848821	
722.680000	0.119672167455	
722.880000	0.123170737555	
723.080000	0.114420480039	
723.280000	0.100975350077	
723.480000	0.088974636468	
723.680000	0.081407782137	
723.880000	0.075197195635	
724.080000	0.068670179862	
724.280000	0.060596794039	
724.480000	0.049960556262	
724.680000	0.041638821632	
724.880000	0.036761920858	
725.080000	0.033485285506	
725.280000	0.031487142197	
725.480000	0.030280433717	
745.060000	0.026669197141	
745.260000	0.026664219747	
745.460000	0.026659088547	
745.660000	0.026653803854	
745.860000	0.026648366051	
746.060000	0.026642775591	
746.260000	0.026637032992	
746.460000	0.026631138833	
746.660000	0.026625093753	
746.860000	0.026618898443	
747.060000	0.026612553648	
747.260000	0.026606060163	
747.460000	0.026599418827	
747.660000	0.026592630526	
747.860000	0.026585696186	
748.060000	0.026578616773	
748.260000	0.026571393291	
748.460000	0.026564026778	
748.660000	0.026556518307	
748.860000	0.026548868982	
749.060000	0.026541079937	
749.260000	0.026533152334	
749.460000	0.026525087362	
749.660000	0.026516886237	
749.860000	0.026508550197	
750.060000	0.026500080504	
750.260000	0.026491478440	
750.460000	0.026482745309	
750.660000	0.026473882434	
750.860000	0.026464891156	
751.060000	0.026455772833	
751.260000	0.026446528841	
751.460000	0.026437160570	
751.660000	0.026427669426	
751.860000	0.026418056828	
752.060000	0.026408324210	
752.260000	0.026398473018	
752.460000	0.026388504711	
752.660000	0.026378420758	
752.860000	0.026368222642	
753.060000	0.026357911854	
753.260000	0.026347489900	
753.460000	0.026336958290	
753.660000	0.026326318550	
753.860000	0.026315572212	
754.060000	0.026304720818	
754.260000	0.026293765921	
754.460000	0.026282709081	
754.660000	0.026271551869	
754.860000	0.026260295865	
755.060000	0.026248942656	
755.260000	0.026237493840	
755.460000	0.026225951026	
755.660000	0.026214315828	
755.860000	0.026202589874	
756.060000	0.026190774800	
756.260000	0.026178872251	
756.460000	0.026166883885	
756.660000	0.026154811370	
756.860000	0.026142656385	
757.060000	0.026130420620	
757.260000	0.026118105780	
757.460000	0.026105713580	
757.660000	0.026093245751	
757.860000	0.026080704038	
758.060000	0.026068090199	
758.260000	0.026055406012	
758.460000	0.026042653268	
758.660000	0.026029833778	
758.860000	0.026016949373	
759.060000	0.026004001902	
759.260000	0.025990993237	
759.460000	0.025977925273	
759.660000	0.025964799928	
759.860000	0.025951619148	
760.060000	0.025938384905	
760.260000	0.025925099201	
760.460000	0.025911764069	
760.660000	0.025898381576	
760.860000	0.025884953824	
761.060000	0.025871482955	
761.260000	0.025857971148	
761.460000	0.025844420631	
761.660000	0.025830833672	
761.860000	0.025817212594	
762.060000	0.025803559771	
762.260000	0.025789877633	
762.460000	0.025776168673	
762.660000	0.025762435447	
762.860000	0.025748680583	
763.060000	0.025734906782	
763.260000	0.025721116826	
763.460000	0.025707313585	
763.660000	0.025693500019	
763.860000	0.025679679190	
764.060000	0.025665854265	
764.260000	0.025652028529	
764.460000	0.025638205388	
764.660000	0.025624388385	
764.860000	0.025610581206	
765.060000	0.025596787694	
765.260000	0.025583011860	
765.460000	0.025569257899	
765.660000	0.025555530204	
765.860000	0.025541833382	
766.060000	0.025528172275	
766.260000	0.025514551977	
766.460000	0.025500977861	
766.660000	0.025487455601	
766.860000	0.025473991199	
767.060000	0.025460591019	
767.260000	0.025447261819	
767.460000	0.025434010792	
767.660000	0.025420845608	
767.860000	0.025407774460	
768.060000	0.025394806124	
768.260000	0.025381950017	
768.460000	0.025369216267	
768.660000	0.025356615794	
768.860000	0.025344160400	
769.060000	0.025331862873	
769.260000	0.025319737102	
769.460000	0.025307798220	
769.660000	0.025296062758	
769.860000	0.025284548827	
770.060000	0.025273276335	
770.260000	0.025262267237	
770.460000	0.025251545828	
770.660000	0.025241139092	
770.860000	0.025231077117	
771.060000	0.025221393593	
771.260000	0.025212126406	
771.460000	0.025203318367	
771.660000	0.025195018099	
771.860000	0.025187281124	
772.060000	0.025180171223	
772.260000	0.025173762137	
772.460000	0.025168139725	
772.660000	0.025163404728	
772.860000	0.025159676358	
773.060000	0.025157097029	
773.260000	0.025155838672	
773.460000	0.025156111336	
773.660000	0.025158175121	
773.860000	0.025162357110	
774.060000	0.025169076040	
774.260000	0.025178879323	
774.460000	0.025192500644	
774.660000	0.025210953454	
774.860000	0.025235690886	
775.060000	0.025268897786	
775.260000	0.025314071257	
775.460000	0.025377315261	
775.660000	0.025470749629	
775.860000	0.025624248332	
776.060000	0.025955312217	
776.260000	0.029058847335	
776.460000	0.038142357750	
776.660000	0.075833609533	
776.860000	0.094925573970	
777.060000	0.093983793814	
777.260000	0.085564332349	
777.460000	0.074606266549	
777.660000	0.066077145751	
777.860000	0.060551657264	
778.060000	0.055749014371	
778.260000	0.050480081916	
778.460000	0.043715266865	
778.660000	0.035764476701	
778.860000	0.030547506917	
779.060000	0.027208003154	
779.260000	0.025051523120	
779.460000	0.023731492000	
779.660000	0.022904568488	
799.660000	0.019884051365	
804.320000	0.019761083098	
804.520000	0.019754194652	
804.720000	0.019747178564	
804.920000	0.019740035559	
805.120000	0.019732766376	
805.320000	0.019725371767	
805.520000	0.019717852496	
805.720000	0.019710209340	
805.920000	0.019702443084	
806.120000	0.019694554523	
806.320000	0.019686544461	
806.520000	0.019678413710	
806.720000	0.019670163090	
806.920000	0.019661793424	
807.120000	0.019653305543	
807.320000	0.019644700285	
807.520000	0.019635978489	
807.720000	0.019627141000	
807.920000	0.019618188665	
808.120000	0.019609122335	
808.320000	0.019599942862	
808.520000	0.019590651102	
808.720000	0.019581247909	
808.920000	0.019571734142	
809.120000	0.019562110657	
809.320000	0.019552378312	
809.520000	0.019542537965	
809.720000	0.019532590472	
809.920000	0.019522536689	
810.120000	0.019512377471	
810.320000	0.019502113671	
810.520000	0.019491746140	
810.720000	0.019481275729	
810.920000	0.019470703284	
811.120000	0.019460029650	
811.320000	0.019449255669	
811.520000	0.019438382179	
811.720000	0.019427410017	
811.920000	0.019416340015	
812.120000	0.019405173003	
812.320000	0.019393909805	
812.520000	0.019382551244	
812.720000	0.019371098138	
812.920000	0.019359551300	
813.120000	0.019347911541	
813.320000	0.019336179665	
813.520000	0.019324356475	
813.720000	0.019312442767	
813.920000	0.019300439334	
814.120000	0.019288346963	
814.320000	0.019276166438	
814.520000	0.019263898539	
814.720000	0.019251544039	
814.920000	0.019239103707	
815.120000	0.019226578309	
815.320000	0.019213968606	
815.520000	0.019201275351	
815.720000	0.019188499297	
815.920000	0.019175641188	
816.120000	0.019162701767	
816.320000	0.019149681770	
816.520000	0.019136581930	
816.720000	0.019123402972	
816.920000	0.019110145621	
817.120000	0.019096810594	
817.320000	0.019083398604	
817.520000	0.019069910362	
817.720000	0.019056346571	
817.920000	0.019042707932	
818.120000	0.019028995141	
818.320000	0.019015208890	
818.520000	0.019001349865	
818.720000	0.018987418751	
818.920000	0.018973416226	
819.120000	0.018959342966	
819.320000	0.018945199642	
819.520000	0.018930986921	
819.720000	0.018916705467	
819.920000	0.018902355941	
820.120000	0.018887938998	
820.320000	0.018873455291	
820.520000	0.018858905470	
820.720000	0.018844290181	
820.920000	0.018829610067	
821.120000	0.018814865767	
821.320000	0.018800057918	
821.520000	0.018785187154	
821.720000	0.018770254105	
821.920000	0.018755259399	
822.120000	0.018740203662	
822.320000	0.018725087516	
822.520000	0.018709911581	
822.720000	0.018694676475	
822.920000	0.018679382814	
823.120000	0.018664031210	
823.320000	0.018648622276	
823.520000	0.018633156618	
823.720000	0.018617634846	
823.920000	0.018602057564	
824.120000	0.018586425375	
824.320000	0.018570738881	
824.520000	0.018554998682	
824.720000	0.018539205377	
824.920000	0.018523359563	
825.120000	0.018507461836	
825.320000	0.018491512790	
825.520000	0.018475513019	
825.720000	0.018459463115	
825.920000	0.018443363669	
826.120000	0.018427215271	
826.320000	0.018411018511	
826.520000	0.018394773976	
826.720000	0.018378482255	
826.920000	0.018362143934	
827.120000	0.018345759600	
827.320000	0.018329329837	
827.520000	0.018312855231	
827.720000	0.018296336365	
827.920000	0.018279773825	
828.120000	0.018263168193	
828.320000	0.018246520052	
828.520000	0.018229829985	
828.720000	0.018213098573	
828.920000	0.018196326399	
829.120000	0.018179514044	
829.320000	0.018162662089	
829.520000	0.018145771114	
829.720000	0.018128841701	
829.920000	0.018111874429	
830.120000	0.018094869878	
830.320000	0.018077828628	
830.520000	0.018060751258	
830.720000	0.018043638347	
830.920000	0.018026490474	
831.120000	0.018009308215	
831.320000	0.017992092151	
831.520000	0.017974842857	
831.720000	0.017957560911	
831.920000	0.017940246889	
832.120000	0.017922901367	
832.320000	0.017905524921	
832.520000	0.017888118125	
832.720000	0.017870681554	
832.920000	0.017853215781	
833.120000	0.017835721378	
833.320000	0.017818198918	
833.520000	0.017800648972	
833.720000	0.017783072110	
833.920000	0.017765468901	
834.120000	0.017747839913	
834.320000	0.017730185712	
834.520000	0.017712506866	
834.720000	0.017694803938	
834.920000	0.017677077491	
835.120000	0.017659328088	
835.320000	0.017641556287	
835.520000	0.017623762649	
835.720000	0.017605947730	
835.920000	0.017588112084	
836.120000	0.017570256266	
836.320000	0.017552380826	
836.520000	0.017534486315	
836.720000	0.017516573279	
836.920000	0.017498642264	
837.120000	0.017480693812	
837.320000	0.017462728463	
837.520000	0.017444746756	
837.720000	0.017426749226	
837.920000	0.017408736405	
838.120000	0.017390708825	
838.320000	0.017372667011	
838.520000	0.017354611488	
838.720000	0.017336542777	
838.920000	0.017318461396	
839.120000	0.017300367861	
839.320000	0.017282262682	
839.520000	0.017264146369	
839.720000	0.017246019425	
839.920000	0.017227882353	
840.120000	0.017209735649	
840.320000	0.017191579808	
840.520000	0.017173415320	
840.720000	0.017155242672	
840.920000	0.017137062345	
841.120000	0.017118874818	
841.320000	0.017100680566	
841.520000	0.017082480059	
841.720000	0.017064273762	
841.920000	0.017046062138	
842.120000	0.017027845643	
842.320000	0.017009624731	
842.520000	0.016991399850	
842.720000	0.016973171444	
842.920000	0.016954939953	
843.120000	0.016936705811	
843.320000	0.016918469449	
843.520000	0.016900231291	
843.720000	0.016881991759	
843.920000	0.016863751268	
844.120000	0.016845510230	
844.320000	0.016827269049	
844.520000	0.016809028129	
844.720000	0.016790787863	
844.920000	0.016772548645	
845.120000	0.016754310861	
845.320000	0.016736074890	
845.520000	0.016717841111	
845.720000	0.016699609893	
845.920000	0.016681381603	
846.120000	0.016663156603	
846.320000	0.016644935247	
846.520000	0.016626717886	
846.720000	0.016608504867	
846.920000	0.016590296530	
847.120000	0.016572093210	
847.320000	0.016553895238	
847.520000	0.016535702938	
847.720000	0.016517516632	
847.920000	0.016499336633	
848.120000	0.016481163252	
848.320000	0.016462996795	
848.520000	0.016444837559	
848.720000	0.016426685841	
848.920000	0.016408541931	
849.120000	0.016390406112	
849.320000	0.016372278665	
849.520000	0.016354159864	
849.720000	0.016336049980	
849.920000	0.016317949278	
850.120000	0.016299858017	
850.320000	0.016281776453	
850.520000	0.016263704837	
850.720000	0.016245643414	
850.920000	0.016227592426	
851.120000	0.016209552108	
851.320000	0.016191522692	
851.520000	0.016173504406	
851.720000	0.016155497471	
851.920000	0.016137502107	
852.120000	0.016119518525	
852.320000	0.016101546936	
852.520000	0.016083587543	
852.720000	0.016065640548	
852.920000	0.016047706146	
853.120000	0.016029784528	
853.320000	0.016011875882	
853.520000	0.015993980392	
853.720000	0.015976098236	
853.920000	0.015958229589	
854.120000	0.015940374624	
854.320000	0.015922533506	
854.520000	0.015904706398	
854.720000	0.015886893461	
854.920000	0.015869094850	
855.120000	0.015851310716	
855.320000	0.015833541208	
855.520000	0.015815786469	
855.720000	0.015798046640	
855.920000	0.015780321860	
856.120000	0.015762612260	
856.320000	0.015744917972	
856.520000	0.015727239123	
856.720000	0.015709575836	
856.920000	0.015691928230	
857.120000	0.015674296424	
857.320000	0.015656680531	
857.520000	0.015639080661	
857.720000	0.015621496922	
857.920000	0.015603929419	
858.120000	0.015586378254	
858.320000	0.015568843524	
858.520000	0.015551325325	
858.720000	0.015533823752	
858.920000	0.015516338893	
859.120000	0.015498870836	
859.320000	0.015481419666	
859.520000	0.015463985465	
859.720000	0.015446568313	
859.920000	0.015429168287	
860.120000	0.015411785461	
860.320000	0.015394419907	
860.520000	0.015377071696	
860.720000	0.015359740894	
860.920000	0.015342427567	
861.120000	0.015325131777	
861.320000	0.015307853586	
861.520000	0.015290593051	
861.720000	0.015273350230	
861.920000	0.015256125176	
862.120000	0.015238917943	
862.320000	0.015221728579	
862.520000	0.015204557134	
862.720000	0.015187403654	
862.920000	0.015170268184	
863.120000	0.015153150767	
863.320000	0.015136051443	
863.520000	0.015118970252	
863.720000	0.015101907232	
863.920000	0.015084862419	
864.120000	0.015067835846	
864.320000	0.015050827547	
864.520000	0.015033837553	
864.720000	0.015016865893	
864.920000	0.014999912596	
865.120000	0.014982977688	
865.320000	0.014966061195	
865.520000	0.014949163141	
865.720000	0.014932283548	
865.920000	0.014915422438	
866.120000	0.014898579830	
866.320000	0.014881755744	
866.520000	0.014864950197	
866.720000	0.014848163205	
866.920000	0.014831394784	
867.120000	0.014814644947	
867.320000	0.014797913708	
867.520000	0.014781201079	
867.720000	0.014764507069	
867.920000	0.014747831690	
868.120000	0.014731174949	
868.320000	0.014714536855	
868.520000	0.014697917415	
868.720000	0.014681316634	
868.920000	0.014664734519	
869.120000	0.014648171072	
869.320000	0.014631626297	
869.520000	0.014615100197	
869.720000	0.014598592774	
869.920000	0.014582104028	
870.120000	0.014565633959	
870.320000	0.014549182568	
870.520000	0.014532749853	
870.720000	0.014516335811	
870.920000	0.014499940441	
871.120000	0.014483563739	
871.320000	0.014467205700	
871.520000	0.014450866321	
871.720000	0.014434545596	
871.920000	0.014418243520	
872.120000	0.014401960085	
872.320000	0.014385695286	
872.520000	0.014369449115	
872.720000	0.014353221563	
872.920000	0.014337012622	
873.120000	0.014320822284	
873.320000	0.014304650538	
873.520000	0.014288497376	
873.720000	0.014272362786	
873.920000	0.014256246758	
874.120000	0.014240149280	
874.320000	0.014224070342	
874.520000	0.014208009930	
874.720000	0.014191968033	
874.920000	0.014175944638	
875.120000	0.014159939731	
875.320000	0.014143953300	
875.520000	0.014127985330	
875.720000	0.014112035807	
875.920000	0.014096104717	
876.120000	0.014080192045	
876.320000	0.014064297776	
876.520000	0.014048421895	
876.720000	0.014032564386	
876.920000	0.014016725233	
877.120000	0.014000904420	
877.320000	0.013985101930	
877.520000	0.013969317748	
877.720000	0.013953551856	
877.920000	0.013937804237	
878.120000	0.013922074874	
878.320000	0.013906363750	
878.520000	0.013890670846	
878.720000	0.013874996145	
878.920000	0.013859339629	
879.120000	0.013843701279	
879.320000	0.013828081078	
879.520000	0.013812479007	
879.720000	0.013796895046	
879.920000	0.013781329177	
880.120000	0.013765781382	
880.320000	0.013750251640	
880.520000	0.013734739934	
880.720000	0.013719246242	
880.920000	0.013703770546	
881.120000	0.013688312826	
881.320000	0.013672873063	
881.520000	0.013657451236	
881.720000	0.013642047326	
881.920000	0.013626661312	
882.120000	0.013611293175	
882.320000	0.013595942894	
882.520000	0.013580610448	
882.720000	0.013565295818	
882.920000	0.013549998983	
883.120000	0.013534719923	
883.320000	0.013519458616	
883.520000	0.013504215043	
883.720000	0.013488989182	
883.920000	0.013473781012	
884.120000	0.013458590514	
884.320000	0.013443417665	
884.520000	0.013428262446	
884.720000	0.013413124835	
884.920000	0.013398004810	
885.120000	0.013382902352	
885.320000	0.013367817439	
885.520000	0.013352750050	
885.720000	0.013337700163	
885.920000	0.013322667758	
886.120000	0.013307652814	
886.320000	0.013292655308	
886.520000	0.013277675221	
886.720000	0.013262712530	
886.920000	0.013247767215	
887.120000	0.013232839253	
887.320000	0.013217928625	
887.520000	0.013203035308	
887.720000	0.013188159282	
887.920000	0.013173300524	
888.120000	0.013158459015	
888.320000	0.013143634731	
888.520000	0.013128827653	
888.720000	0.013114037758	
908.720000	0.011718258575	
928.720000	0.010474402237	
948.720000	0.009365551264	
968.720000	0.008377106206	
988.720000	0.007496180935	
1008.720000	0.006711277773	
1028.720000	0.006012092980	
1048.720000	0.005389379563	
1068.720000	0.004834838402	
1088.720000	0.004341025209	
1108.720000	0.003901268203	
1128.720000	0.003509593611	
1148.720000	0.003160658333	
1168.720000	0.002849687774	
1188.720000	0.002572419973	
1208.720000	0.002325054330	
1228.720000	0.002104205749	
1248.720000	0.001906863103	
1268.720000	0.001730351401	
1288.720000	0.001572297526	
1308.720000	0.001430599098	
1328.720000	0.001303396139	
1348.720000	0.001189045283	
1368.720000	0.001086096275	
1388.720000	0.000993270596	
1408.720000	0.000909442041	
1428.720000	0.000833619130	
1448.720000	0.000764929244	
1468.720000	0.000702604366	
1488.720000	0.000645968333	
1508.720000	0.000594425486	
1528.720000	0.000547450625	
1548.720000	0.000504580138	
1568.720000	0.000465404218	
1588.720000	0.000429560049	
1608.720000	0.000396725853	
1628.720000	0.000366615720	
1648.720000	0.000338975105	
1668.720000	0.000313576929	
1688.720000	0.000290218196	
1708.720000	0.000268717060	
1728.720000	0.000248910289	
1748.720000	0.000230651059	
1768.720000	0.000213807045	
1788.720000	0.000198258764	
1808.720000	0.000183898125	
1828.720000	0.000170627174	
1848.720000	0.000158356995	
1868.720000	0.000147006747	
1888.720000	0.000136502823	
1908.720000	0.000126778108	
1928.720000	0.000117771322	
1948.720000	0.000109426451	
1968.720000	0.000101692229	
1988.720000	0.000094521689	
2008.720000	0.000087871758	
2028.720000	0.000081702899	
2048.720000	0.000075978787	
2068.720000	0.000070666021	
2088.720000	0.000065733869	
2108.720000	0.000061154031	
2128.720000	0.000056900431	
2148.720000	0.000052949030	
2168.720000	0.000049277649	
2188.720000	0.000045865818	
2208.720000	0.000042694633	
2228.720000	0.000039746632	
2248.720000	0.000037005670	
2268.720000	0.000034456821	
2288.720000	0.000032086276	
2308.720000	0.000029881259	
2328.720000	0.000027829939	
2348.720000	0.000025921362	
2368.720000	0.000024145382	
2388.720000	0.000022492595	
2408.720000	0.000020954285	
2428.720000	0.000019522374	
2448.720000	0.000018189367	
2468.720000	0.000016948314	
2488.720000	0.000015792764	
