0.000000	0.00	
20.000000	0.00	
40.000000	0.00	
60.000000	0.00	
80.000000	0.00	
100.000000	0.00	
120.000000	0.00	
140.000000	0.00	
160.000000	0.00	
180.000000	0.00	
200.000000	0.00	
220.000000	0.00	
240.000000	0.00	
260.000000	0.00	
280.000000	0.00	
300.000000	0.00	
320.000000	0.00	
340.000000	0.00	
360.000000	0.00	
380.000000	0.00	
400.000000	0.00	
420.000000	0.00	
440.000000	0.00	
460.000000	0.00	
480.000000	0.00	
500.000000	0.00	
520.000000	0.00	
540.000000	0.00	
560.000000	0.00	
580.000000	0.00	
580.720000	0.00	
580.920000	0.00	
581.120000	0.00	
581.320000	0.00	
581.520000	0.00	
581.720000	0.00	
581.920000	0.00	
582.120000	0.00	
582.320000	0.00	
582.520000	0.00	
582.720000	0.00	
582.920000	0.00	
583.120000	0.00	
583.320000	0.00	
583.520000	0.00	
583.720000	0.00	
583.920000	0.00	
584.120000	0.00	
584.320000	0.00	
584.520000	0.00	
584.720000	0.00	
584.920000	0.00	
585.120000	0.00	
585.320000	0.00	
585.520000	0.00	
585.720000	0.00	
585.920000	0.00	
586.120000	0.00	
586.320000	0.00	
586.520000	0.00	
586.720000	0.00	
586.920000	0.00	
587.120000	0.00	
587.320000	0.00	
587.520000	0.00	
587.720000	0.00	
587.920000	0.00	
588.120000	0.00	
588.320000	0.00	
588.520000	0.00	
588.720000	0.00	
588.920000	0.00	
589.120000	0.00	
589.320000	0.00	
589.520000	0.00	
589.720000	0.00	
589.920000	0.00	
590.120000	0.00	
590.320000	0.00	
590.520000	0.00	
590.720000	0.00	
590.920000	0.00	
591.120000	0.00	
611.120000	0.00	
619.240000	0.00	
619.440000	0.00	
619.640000	0.00	
619.840000	0.00	
620.040000	0.00	
620.240000	0.00	
620.440000	0.00	
620.640000	0.00	
620.840000	0.00	
621.040000	0.00	
621.240000	0.00	
621.440000	0.00	
621.640000	0.00	
621.840000	0.00	
622.040000	0.00	
622.240000	0.00	
622.440000	0.00	
622.640000	0.00	
622.840000	0.00	
623.040000	0.00	
623.240000	0.00	
623.440000	0.00	
623.640000	0.00	
623.840000	0.00	
624.040000	0.00	
624.240000	0.00	
624.440000	0.00	
624.640000	0.00	
624.840000	0.00	
625.040000	0.00	
625.240000	0.00	
625.440000	0.00	
625.640000	0.00	
625.840000	0.00	
626.040000	0.00	
626.240000	0.00	
626.440000	0.00	
626.640000	0.00	
626.840000	0.00	
627.040000	0.00	
627.240000	0.00	
627.440000	0.00	
627.640000	0.00	
627.840000	0.00	
628.040000	0.00	
628.240000	0.00	
628.440000	0.00	
628.640000	0.00	
628.840000	0.00	
629.040000	0.00	
629.240000	0.00	
629.440000	0.00	
629.640000	0.00	
629.840000	0.00	
630.040000	0.00	
630.240000	0.00	
630.440000	0.00	
630.640000	0.00	
630.840000	0.00	
631.040000	0.00	
631.240000	0.00	
631.440000	0.00	
631.640000	0.00	
631.840000	0.00	
632.040000	0.00	
632.240000	0.00	
632.440000	0.00	
632.640000	0.00	
632.840000	0.00	
633.040000	0.00	
633.240000	0.00	
633.440000	0.00	
633.640000	0.00	
633.840000	0.00	
634.040000	0.00	
634.240000	0.00	
634.440000	0.00	
634.640000	0.00	
634.840000	0.00	
635.040000	0.00	
635.240000	0.00	
635.440000	0.00	
635.640000	0.00	
635.840000	0.00	
636.040000	0.00	
636.240000	0.00	
636.440000	0.00	
636.640000	0.00	
636.840000	0.00	
637.040000	0.00	
637.240000	0.00	
637.440000	0.00	
657.440000	0.00	
658.480000	0.00	
658.680000	0.00	
658.880000	0.00	
659.080000	0.00	
659.280000	0.00	
659.480000	0.00	
659.680000	0.00	
659.880000	0.00	
660.080000	0.00	
660.280000	0.00	
660.480000	0.00	
660.680000	0.00	
660.880000	0.00	
661.080000	0.00	
661.280000	0.00	
661.480000	0.00	
661.680000	0.00	
661.880000	0.00	
662.080000	0.00	
662.280000	0.00	
662.480000	0.00	
662.680000	0.00	
662.880000	0.00	
663.080000	0.00	
663.280000	0.00	
663.480000	0.00	
663.680000	0.00	
663.880000	0.00	
664.080000	0.00	
664.280000	0.00	
664.480000	0.00	
664.680000	0.00	
664.880000	0.00	
665.080000	0.00	
665.280000	0.00	
665.480000	0.00	
665.680000	0.00	
665.880000	0.00	
666.080000	0.00	
666.280000	0.00	
666.480000	0.00	
666.680000	0.00	
666.880000	0.00	
667.080000	0.00	
667.280000	0.00	
667.480000	0.00	
667.680000	0.00	
667.880000	0.00	
668.080000	0.00	
668.280000	0.00	
668.480000	0.00	
668.680000	0.00	
668.880000	0.00	
669.080000	0.00	
669.280000	0.00	
669.480000	0.00	
669.680000	0.00	
669.880000	0.00	
670.080000	0.00	
670.280000	0.00	
670.480000	0.00	
670.680000	0.00	
670.880000	0.00	
671.080000	0.00	
671.280000	0.00	
671.480000	0.00	
671.680000	0.00	
671.880000	0.00	
672.080000	0.00	
672.280000	0.00	
672.480000	0.00	
672.680000	0.00	
672.880000	0.00	
673.080000	0.00	
673.280000	0.00	
673.480000	0.00	
673.680000	0.00	
673.880000	0.00	
674.080000	0.00	
674.280000	0.00	
674.480000	0.00	
674.680000	0.00	
674.880000	0.00	
675.080000	0.00	
675.280000	0.00	
675.480000	0.00	
675.680000	0.00	
675.880000	0.00	
676.080000	0.00	
676.280000	0.00	
676.480000	0.00	
676.680000	0.00	
676.880000	0.00	
677.080000	0.00	
677.280000	0.00	
677.480000	0.00	
677.680000	0.00	
677.880000	0.00	
678.080000	0.00	
678.280000	0.00	
678.480000	0.00	
678.680000	0.00	
678.880000	0.00	
679.080000	0.00	
679.280000	0.00	
679.480000	0.00	
679.680000	0.00	
679.880000	0.00	
680.080000	0.00	
680.280000	0.00	
680.480000	0.00	
680.680000	0.00	
699.480000	0.00	
699.680000	0.00	
699.880000	0.00	
700.080000	0.00	
700.280000	0.00	
700.480000	0.00	
700.680000	0.00	
700.880000	0.00	
701.080000	0.00	
701.280000	0.00	
701.480000	0.00	
701.680000	0.00	
701.880000	0.00	
702.080000	0.00	
702.280000	0.00	
702.480000	0.00	
702.680000	0.00	
702.880000	0.00	
703.080000	0.00	
703.280000	0.00	
703.480000	0.00	
703.680000	0.00	
703.880000	0.00	
704.080000	0.00	
704.280000	0.00	
704.480000	0.00	
704.680000	0.00	
704.880000	0.00	
705.080000	0.00	
705.280000	0.00	
705.480000	0.00	
705.680000	0.00	
705.880000	0.00	
706.080000	0.00	
706.280000	0.00	
706.480000	0.00	
706.680000	0.00	
706.880000	0.00	
707.080000	0.00	
707.280000	0.00	
707.480000	0.00	
707.680000	0.00	
707.880000	0.00	
708.080000	0.00	
708.280000	0.00	
708.480000	0.00	
708.680000	0.00	
708.880000	0.00	
709.080000	0.00	
709.280000	0.00	
709.480000	0.00	
709.680000	0.00	
709.880000	0.00	
710.080000	0.00	
710.280000	0.00	
710.480000	0.00	
710.680000	0.00	
710.880000	0.00	
711.080000	0.00	
711.280000	0.00	
711.480000	0.00	
711.680000	0.00	
711.880000	0.00	
712.080000	0.00	
712.280000	0.00	
712.480000	0.00	
712.680000	0.00	
712.880000	0.00	
713.080000	0.00	
713.280000	0.00	
713.480000	0.00	
713.680000	0.00	
713.880000	0.00	
714.080000	0.00	
714.280000	0.00	
714.480000	0.00	
714.680000	0.00	
714.880000	0.00	
715.080000	0.00	
715.280000	0.00	
715.480000	0.00	
715.680000	0.00	
715.880000	0.00	
716.080000	0.00	
716.280000	0.00	
716.480000	0.00	
716.680000	0.00	
716.880000	0.00	
717.080000	0.00	
717.280000	0.00	
717.480000	0.00	
717.680000	0.00	
717.880000	0.00	
718.080000	0.00	
718.280000	0.00	
718.480000	0.00	
718.680000	0.00	
718.880000	0.00	
719.080000	0.00	
719.280000	0.00	
719.480000	0.00	
719.680000	0.00	
719.880000	0.00	
720.080000	0.00	
720.280000	0.00	
720.480000	0.00	
720.680000	0.00	
720.880000	0.00	
721.080000	0.00	
721.280000	0.00	
721.480000	0.00	
721.680000	0.00	
721.880000	0.00	
722.080000	0.00	
722.280000	0.00	
722.480000	0.00	
722.680000	0.00	
722.880000	0.00	
723.080000	0.00	
723.280000	0.00	
723.480000	0.00	
723.680000	0.00	
723.880000	0.00	
724.080000	0.00	
724.280000	0.00	
724.480000	0.00	
724.680000	0.00	
724.880000	0.00	
725.080000	0.00	
725.280000	0.00	
725.480000	0.00	
745.060000	0.00	
745.260000	0.00	
745.460000	0.00	
745.660000	0.00	
745.860000	0.00	
746.060000	0.00	
746.260000	0.00	
746.460000	0.00	
746.660000	0.00	
746.860000	0.00	
747.060000	0.00	
747.260000	0.00	
747.460000	0.00	
747.660000	0.00	
747.860000	0.00	
748.060000	0.00	
748.260000	0.00	
748.460000	0.00	
748.660000	0.00	
748.860000	0.00	
749.060000	0.00	
749.260000	0.00	
749.460000	0.00	
749.660000	0.00	
749.860000	0.00	
750.060000	0.00	
750.260000	0.00	
750.460000	0.00	
750.660000	0.00	
750.860000	0.00	
751.060000	0.00	
751.260000	0.00	
751.460000	0.00	
751.660000	0.00	
751.860000	0.00	
752.060000	0.00	
752.260000	0.00	
752.460000	0.00	
752.660000	0.00	
752.860000	0.00	
753.060000	0.00	
753.260000	0.00	
753.460000	0.00	
753.660000	0.00	
753.860000	0.00	
754.060000	0.00	
754.260000	0.00	
754.460000	0.00	
754.660000	0.00	
754.860000	0.00	
755.060000	0.00	
755.260000	0.00	
755.460000	0.00	
755.660000	0.00	
755.860000	0.00	
756.060000	0.00	
756.260000	0.00	
756.460000	0.00	
756.660000	0.00	
756.860000	0.00	
757.060000	0.00	
757.260000	0.00	
757.460000	0.00	
757.660000	0.00	
757.860000	0.00	
758.060000	0.00	
758.260000	0.00	
758.460000	0.00	
758.660000	0.00	
758.860000	0.00	
759.060000	0.00	
759.260000	0.00	
759.460000	0.00	
759.660000	0.00	
759.860000	0.00	
760.060000	0.00	
760.260000	0.00	
760.460000	0.00	
760.660000	0.00	
760.860000	0.00	
761.060000	0.00	
761.260000	0.00	
761.460000	0.00	
761.660000	0.00	
761.860000	0.00	
762.060000	0.00	
762.260000	0.00	
762.460000	0.00	
762.660000	0.00	
762.860000	0.00	
763.060000	0.00	
763.260000	0.00	
763.460000	0.00	
763.660000	0.00	
763.860000	0.00	
764.060000	0.00	
764.260000	0.00	
764.460000	0.00	
764.660000	0.00	
764.860000	0.00	
765.060000	0.00	
765.260000	0.00	
765.460000	0.00	
765.660000	0.00	
765.860000	0.00	
766.060000	0.00	
766.260000	0.00	
766.460000	0.00	
766.660000	0.00	
766.860000	0.00	
767.060000	0.00	
767.260000	0.00	
767.460000	0.00	
767.660000	0.00	
767.860000	0.00	
768.060000	0.00	
768.260000	0.00	
768.460000	0.00	
768.660000	0.00	
768.860000	0.00	
769.060000	0.00	
769.260000	0.00	
769.460000	0.00	
769.660000	0.00	
769.860000	0.00	
770.060000	0.00	
770.260000	0.00	
770.460000	0.00	
770.660000	0.00	
770.860000	0.00	
771.060000	0.00	
771.260000	0.00	
771.460000	0.00	
771.660000	0.00	
771.860000	0.00	
772.060000	0.00	
772.260000	0.00	
772.460000	0.00	
772.660000	0.00	
772.860000	0.00	
773.060000	0.00	
773.260000	0.00	
773.460000	0.00	
773.660000	0.00	
773.860000	0.00	
774.060000	0.00	
774.260000	0.00	
774.460000	0.00	
774.660000	0.00	
774.860000	0.00	
775.060000	0.00	
775.260000	0.00	
775.460000	0.00	
775.660000	0.00	
775.860000	0.00	
776.060000	0.00	
776.260000	0.00	
776.460000	0.00	
776.660000	0.00	
776.860000	0.00	
777.060000	0.00	
777.260000	0.00	
777.460000	0.00	
777.660000	0.00	
777.860000	0.00	
778.060000	0.00	
778.260000	0.00	
778.460000	0.00	
778.660000	0.00	
778.860000	0.00	
779.060000	0.00	
779.260000	0.00	
779.460000	0.00	
779.660000	0.00	
799.660000	0.00	
804.320000	0.00	
804.520000	0.00	
804.720000	0.00	
804.920000	0.00	
805.120000	0.00	
805.320000	0.00	
805.520000	0.00	
805.720000	0.00	
805.920000	0.00	
806.120000	0.00	
806.320000	0.00	
806.520000	0.00	
806.720000	0.00	
806.920000	0.00	
807.120000	0.00	
807.320000	0.00	
807.520000	0.00	
807.720000	0.00	
807.920000	0.00	
808.120000	0.00	
808.320000	0.00	
808.520000	0.00	
808.720000	0.00	
808.920000	0.00	
809.120000	0.00	
809.320000	0.00	
809.520000	0.00	
809.720000	0.00	
809.920000	0.00	
810.120000	0.00	
810.320000	0.00	
810.520000	0.00	
810.720000	0.00	
810.920000	0.00	
811.120000	0.00	
811.320000	0.00	
811.520000	0.00	
811.720000	0.00	
811.920000	0.00	
812.120000	0.00	
812.320000	0.00	
812.520000	0.00	
812.720000	0.00	
812.920000	0.00	
813.120000	0.00	
813.320000	0.00	
813.520000	0.00	
813.720000	0.00	
813.920000	0.00	
814.120000	0.00	
814.320000	0.00	
814.520000	0.00	
814.720000	0.00	
814.920000	0.00	
815.120000	0.00	
815.320000	0.00	
815.520000	0.00	
815.720000	0.00	
815.920000	0.00	
816.120000	0.00	
816.320000	0.00	
816.520000	0.00	
816.720000	0.00	
816.920000	0.00	
817.120000	0.00	
817.320000	0.00	
817.520000	0.00	
817.720000	0.00	
817.920000	0.00	
818.120000	0.00	
818.320000	0.00	
818.520000	0.00	
818.720000	0.00	
818.920000	0.00	
819.120000	0.00	
819.320000	0.00	
819.520000	0.00	
819.720000	0.00	
819.920000	0.00	
820.120000	0.00	
820.320000	0.00	
820.520000	0.00	
820.720000	0.00	
820.920000	0.00	
821.120000	0.00	
821.320000	0.00	
821.520000	0.00	
821.720000	0.00	
821.920000	0.00	
822.120000	0.00	
822.320000	0.00	
822.520000	0.00	
822.720000	0.00	
822.920000	0.00	
823.120000	0.00	
823.320000	0.00	
823.520000	0.00	
823.720000	0.00	
823.920000	0.00	
824.120000	0.00	
824.320000	0.00	
824.520000	0.00	
824.720000	0.00	
824.920000	0.00	
825.120000	0.00	
825.320000	0.00	
825.520000	0.00	
825.720000	0.00	
825.920000	0.00	
826.120000	0.00	
826.320000	0.00	
826.520000	0.00	
826.720000	0.00	
826.920000	0.00	
827.120000	0.00	
827.320000	0.00	
827.520000	0.00	
827.720000	0.00	
827.920000	0.00	
828.120000	0.00	
828.320000	0.00	
828.520000	0.00	
828.720000	0.00	
828.920000	0.00	
829.120000	0.00	
829.320000	0.00	
829.520000	0.00	
829.720000	0.00	
829.920000	0.00	
830.120000	0.00	
830.320000	0.00	
830.520000	0.00	
830.720000	0.00	
830.920000	0.00	
831.120000	0.00	
831.320000	0.00	
831.520000	0.00	
831.720000	0.00	
831.920000	0.00	
832.120000	0.00	
832.320000	0.00	
832.520000	0.00	
832.720000	0.00	
832.920000	0.00	
833.120000	0.00	
833.320000	0.00	
833.520000	0.00	
833.720000	0.00	
833.920000	0.00	
834.120000	0.00	
834.320000	0.00	
834.520000	0.00	
834.720000	0.00	
834.920000	0.00	
835.120000	0.00	
835.320000	0.00	
835.520000	0.00	
835.720000	0.00	
835.920000	0.00	
836.120000	0.00	
836.320000	0.00	
836.520000	0.00	
836.720000	0.00	
836.920000	0.00	
837.120000	0.00	
837.320000	0.00	
837.520000	0.00	
837.720000	0.00	
837.920000	0.00	
838.120000	0.00	
838.320000	0.00	
838.520000	0.00	
838.720000	0.00	
838.920000	0.00	
839.120000	0.00	
839.320000	0.00	
839.520000	0.00	
839.720000	0.00	
839.920000	0.00	
840.120000	0.00	
840.320000	0.00	
840.520000	0.00	
840.720000	0.00	
840.920000	0.00	
841.120000	0.00	
841.320000	0.00	
841.520000	0.00	
841.720000	0.00	
841.920000	0.00	
842.120000	0.00	
842.320000	0.00	
842.520000	0.00	
842.720000	0.00	
842.920000	0.00	
843.120000	0.00	
843.320000	0.00	
843.520000	0.00	
843.720000	0.00	
843.920000	0.00	
844.120000	0.00	
844.320000	0.00	
844.520000	0.00	
844.720000	0.00	
844.920000	0.00	
845.120000	0.00	
845.320000	0.00	
845.520000	0.00	
845.720000	0.00	
845.920000	0.00	
846.120000	0.00	
846.320000	0.00	
846.520000	0.00	
846.720000	0.00	
846.920000	0.00	
847.120000	0.00	
847.320000	0.00	
847.520000	0.00	
847.720000	0.00	
847.920000	0.00	
848.120000	0.00	
848.320000	0.00	
848.520000	0.00	
848.720000	0.00	
848.920000	0.00	
849.120000	0.00	
849.320000	0.00	
849.520000	0.00	
849.720000	0.00	
849.920000	0.00	
850.120000	0.00	
850.320000	0.00	
850.520000	0.00	
850.720000	0.00	
850.920000	0.00	
851.120000	0.00	
851.320000	0.00	
851.520000	0.00	
851.720000	0.00	
851.920000	0.00	
852.120000	0.00	
852.320000	0.00	
852.520000	0.00	
852.720000	0.00	
852.920000	0.00	
853.120000	0.00	
853.320000	0.00	
853.520000	0.00	
853.720000	0.00	
853.920000	0.00	
854.120000	0.00	
854.320000	0.00	
854.520000	0.00	
854.720000	0.00	
854.920000	0.00	
855.120000	0.00	
855.320000	0.00	
855.520000	0.00	
855.720000	0.00	
855.920000	0.00	
856.120000	0.00	
856.320000	0.00	
856.520000	0.00	
856.720000	0.00	
856.920000	0.00	
857.120000	0.00	
857.320000	0.00	
857.520000	0.00	
857.720000	0.00	
857.920000	0.00	
858.120000	0.00	
858.320000	0.00	
858.520000	0.00	
858.720000	0.00	
858.920000	0.00	
859.120000	0.00	
859.320000	0.00	
859.520000	0.00	
859.720000	0.00	
859.920000	0.00	
860.120000	0.00	
860.320000	0.00	
860.520000	0.00	
860.720000	0.00	
860.920000	0.00	
861.120000	0.00	
861.320000	0.00	
861.520000	0.00	
861.720000	0.00	
861.920000	0.00	
862.120000	0.00	
862.320000	0.00	
862.520000	0.00	
862.720000	0.00	
862.920000	0.00	
863.120000	0.00	
863.320000	0.00	
863.520000	0.00	
863.720000	0.00	
863.920000	0.00	
864.120000	0.00	
864.320000	0.00	
864.520000	0.00	
864.720000	0.00	
864.920000	0.00	
865.120000	0.00	
865.320000	0.00	
865.520000	0.00	
865.720000	0.00	
865.920000	0.00	
866.120000	0.00	
866.320000	0.00	
866.520000	0.00	
866.720000	0.00	
866.920000	0.00	
867.120000	0.00	
867.320000	0.00	
867.520000	0.00	
867.720000	0.00	
867.920000	0.00	
868.120000	0.00	
868.320000	0.00	
868.520000	0.00	
868.720000	0.00	
868.920000	0.00	
869.120000	0.00	
869.320000	0.00	
869.520000	0.00	
869.720000	0.00	
869.920000	0.00	
870.120000	0.00	
870.320000	0.00	
870.520000	0.00	
870.720000	0.00	
870.920000	0.00	
871.120000	0.00	
871.320000	0.00	
871.520000	0.00	
871.720000	0.00	
871.920000	0.00	
872.120000	0.00	
872.320000	0.00	
872.520000	0.00	
872.720000	0.00	
872.920000	0.00	
873.120000	0.00	
873.320000	0.00	
873.520000	0.00	
873.720000	0.00	
873.920000	0.00	
874.120000	0.00	
874.320000	0.00	
874.520000	0.00	
874.720000	0.00	
874.920000	0.00	
875.120000	0.00	
875.320000	0.00	
875.520000	0.00	
875.720000	0.00	
875.920000	0.00	
876.120000	0.00	
876.320000	0.00	
876.520000	0.00	
876.720000	0.00	
876.920000	0.00	
877.120000	0.00	
877.320000	0.00	
877.520000	0.00	
877.720000	0.00	
877.920000	0.00	
878.120000	0.00	
878.320000	0.00	
878.520000	0.00	
878.720000	0.00	
878.920000	0.00	
879.120000	0.00	
879.320000	0.00	
879.520000	0.00	
879.720000	0.00	
879.920000	0.00	
880.120000	0.00	
880.320000	0.00	
880.520000	0.00	
880.720000	0.00	
880.920000	0.00	
881.120000	0.00	
881.320000	0.00	
881.520000	0.00	
881.720000	0.00	
881.920000	0.00	
882.120000	0.00	
882.320000	0.00	
882.520000	0.00	
882.720000	0.00	
882.920000	0.00	
883.120000	0.00	
883.320000	0.00	
883.520000	0.00	
883.720000	0.00	
883.920000	0.00	
884.120000	0.00	
884.320000	0.00	
884.520000	0.00	
884.720000	0.00	
884.920000	0.00	
885.120000	0.00	
885.320000	0.00	
885.520000	0.00	
885.720000	0.00	
885.920000	0.00	
886.120000	0.00	
886.320000	0.00	
886.520000	0.00	
886.720000	0.00	
886.920000	0.00	
887.120000	0.00	
887.320000	0.00	
887.520000	0.00	
887.720000	0.00	
887.920000	0.00	
888.120000	0.00	
888.320000	0.00	
888.520000	0.00	
888.720000	0.00	
908.720000	0.00	
928.720000	0.00	
948.720000	0.00	
968.720000	0.00	
988.720000	0.00	
1008.720000	0.00	
1028.720000	0.00	
1048.720000	0.00	
1068.720000	0.00	
1088.720000	0.00	
1108.720000	0.00	
1128.720000	0.00	
1148.720000	0.00	
1168.720000	0.00	
1188.720000	0.00	
1208.720000	0.00	
1228.720000	0.00	
1248.720000	0.00	
1268.720000	0.00	
1288.720000	0.00	
1308.720000	0.00	
1328.720000	0.00	
1348.720000	0.00	
1368.720000	0.00	
1388.720000	0.00	
1408.720000	0.00	
1428.720000	0.00	
1448.720000	0.00	
1468.720000	0.00	
1488.720000	0.00	
1508.720000	0.00	
1528.720000	0.00	
1548.720000	0.00	
1568.720000	0.00	
1588.720000	0.00	
1608.720000	0.00	
1628.720000	0.00	
1648.720000	0.00	
1668.720000	0.00	
1688.720000	0.00	
1708.720000	0.00	
1728.720000	0.00	
1748.720000	0.00	
1768.720000	0.00	
1788.720000	0.00	
1808.720000	0.00	
1828.720000	0.00	
1848.720000	0.00	
1868.720000	0.00	
1888.720000	0.00	
1908.720000	0.00	
1928.720000	0.00	
1948.720000	0.00	
1968.720000	0.00	
1988.720000	0.00	
2008.720000	0.00	
2028.720000	0.00	
2048.720000	0.00	
2068.720000	0.00	
2088.720000	0.00	
2108.720000	0.00	
2128.720000	0.00	
2148.720000	0.00	
2168.720000	0.00	
2188.720000	0.00	
2208.720000	0.00	
2228.720000	0.00	
2248.720000	0.00	
2268.720000	0.00	
2288.720000	0.00	
2308.720000	0.00	
2328.720000	0.00	
2348.720000	0.00	
2368.720000	0.00	
2388.720000	0.00	
2408.720000	0.00	
2428.720000	0.00	
2448.720000	0.00	
2468.720000	0.00	
2488.720000	0.00	
