0.000000	-0.000156296585	
20.000000	-0.000154277448	
40.000000	-0.000153320207	
60.000000	-0.000152783116	
80.000000	-0.000152481588	
100.000000	-0.000152310120	
120.000000	-0.000238944028	
140.000000	-0.000276298084	
160.000000	-0.000286303113	
180.000000	-0.000279779988	
200.000000	-0.000264273894	
220.000000	-0.000244795131	
240.000000	-0.000224316302	
260.000000	-0.000204477377	
280.000000	-0.000186094348	
300.000000	-0.000169494085	
320.000000	-0.000154726264	
340.000000	-0.000141487170	
360.000000	-0.000129906778	
380.000000	-0.000119810458	
400.000000	-0.000110980579	
420.000000	-0.000103214624	
440.000000	-0.000096339360	
460.000000	-0.000090210812	
480.000000	-0.000084710065	
500.000000	-0.000079738312	
520.000000	-0.000073845152	
540.000000	-0.000067857472	
560.000000	-0.000062162821	
580.000000	-0.000056713778	
580.720000	-0.000056509486	
580.920000	-0.000056452264	
581.120000	-0.000056394808	
581.320000	-0.000056337102	
581.520000	-0.000056279127	
581.720000	-0.000056220864	
581.920000	-0.000056162291	
582.120000	-0.000056103383	
582.320000	-0.000056044114	
582.520000	-0.000055984455	
582.720000	-0.000055924371	
582.920000	-0.000055863827	
583.120000	-0.000055802781	
583.320000	-0.000055741186	
583.520000	-0.000055678988	
583.720000	-0.000055616128	
583.920000	-0.000055552535	
584.120000	-0.000055488129	
584.320000	-0.000055422815	
584.520000	-0.000055356485	
584.720000	-0.000055289008	
584.920000	-0.000055220226	
585.120000	-0.000055149953	
585.320000	-0.000055077955	
585.520000	-0.000055003946	
585.720000	-0.000054927561	
585.920000	-0.000054848333	
586.120000	-0.000054765644	
586.320000	-0.000054678657	
586.520000	-0.000054586204	
586.720000	-0.000054486582	
586.920000	-0.000054377175	
587.120000	-0.000054253686	
587.320000	-0.000054108325	
587.520000	-0.000053924754	
587.720000	-0.000053658715	
587.920000	-0.000053088820	
588.120000	-0.000047247630	
588.320000	-0.000038136905	
588.520000	-0.000012584603	
588.720000	0.000022515216	
588.920000	0.000019392143	
589.120000	0.000011384969	
589.320000	0.000004313205	
589.520000	0.000000291342	
589.720000	-0.000001575166	
589.920000	-0.000002707041	
590.120000	-0.000003618347	
590.320000	-0.000004925150	
590.520000	-0.000007069510	
590.720000	-0.000008460858	
590.920000	-0.000009366906	
591.120000	-0.000010031495	
611.120000	-0.000032652108	
619.240000	-0.000036486267	
619.440000	-0.000036556594	
619.640000	-0.000036625897	
619.840000	-0.000036694183	
620.040000	-0.000036761459	
620.240000	-0.000036827733	
620.440000	-0.000036893012	
620.640000	-0.000036957303	
620.840000	-0.000037020612	
621.040000	-0.000037082946	
621.240000	-0.000037144311	
621.440000	-0.000037204714	
621.640000	-0.000037264159	
621.840000	-0.000037322654	
622.040000	-0.000037380203	
622.240000	-0.000037436812	
622.440000	-0.000037492485	
622.640000	-0.000037547228	
622.840000	-0.000037601044	
623.040000	-0.000037653939	
623.240000	-0.000037705915	
623.440000	-0.000037756976	
623.640000	-0.000037807127	
623.840000	-0.000037856370	
624.040000	-0.000037904707	
624.240000	-0.000037952140	
624.440000	-0.000037998673	
624.640000	-0.000038044306	
624.840000	-0.000038089041	
625.040000	-0.000038132877	
625.240000	-0.000038175816	
625.440000	-0.000038217857	
625.640000	-0.000038258999	
625.840000	-0.000038299241	
626.040000	-0.000038338580	
626.240000	-0.000038377014	
626.440000	-0.000038414540	
626.640000	-0.000038451152	
626.840000	-0.000038486845	
627.040000	-0.000038521613	
627.240000	-0.000038555450	
627.440000	-0.000038588345	
627.640000	-0.000038620289	
627.840000	-0.000038651271	
628.040000	-0.000038681278	
628.240000	-0.000038710294	
628.440000	-0.000038738302	
628.640000	-0.000038765283	
628.840000	-0.000038791215	
629.040000	-0.000038816071	
629.240000	-0.000038839823	
629.440000	-0.000038862438	
629.640000	-0.000038883876	
629.840000	-0.000038904095	
630.040000	-0.000038923043	
630.240000	-0.000038940661	
630.440000	-0.000038956881	
630.640000	-0.000038971621	
630.840000	-0.000038984786	
631.040000	-0.000038996262	
631.240000	-0.000039005914	
631.440000	-0.000039013576	
631.640000	-0.000039019045	
631.840000	-0.000039022067	
632.040000	-0.000039022323	
632.240000	-0.000039019400	
632.440000	-0.000039012754	
632.640000	-0.000039001647	
632.840000	-0.000038985047	
633.040000	-0.000038961442	
633.240000	-0.000038928501	
633.440000	-0.000038882352	
633.640000	-0.000038815851	
633.840000	-0.000038713492	
634.040000	-0.000038529889	
634.240000	-0.000037957338	
634.440000	-0.000032235098	
634.640000	-0.000023533910	
634.840000	0.000011987183	
635.040000	0.000016917058	
635.240000	0.000012138558	
635.440000	0.000006121857	
635.640000	0.000001608964	
635.840000	-0.000000540905	
636.040000	-0.000001607209	
636.240000	-0.000002299032	
636.440000	-0.000002916483	
636.640000	-0.000004114927	
636.840000	-0.000005493311	
637.040000	-0.000006342822	
637.240000	-0.000006987421	
637.440000	-0.000007503402	
657.440000	-0.000029764073	
658.480000	-0.000030356884	
658.680000	-0.000030466361	
658.880000	-0.000030574413	
659.080000	-0.000030681052	
659.280000	-0.000030786292	
659.480000	-0.000030890147	
659.680000	-0.000030992630	
659.880000	-0.000031093753	
660.080000	-0.000031193529	
660.280000	-0.000031291971	
660.480000	-0.000031389092	
660.680000	-0.000031484902	
660.880000	-0.000031579414	
661.080000	-0.000031672641	
661.280000	-0.000031764592	
661.480000	-0.000031855281	
661.680000	-0.000031944717	
661.880000	-0.000032032912	
662.080000	-0.000032119876	
662.280000	-0.000032205620	
662.480000	-0.000032290155	
662.680000	-0.000032373490	
662.880000	-0.000032455635	
663.080000	-0.000032536600	
663.280000	-0.000032616395	
663.480000	-0.000032695028	
663.680000	-0.000032772508	
663.880000	-0.000032848845	
664.080000	-0.000032924048	
664.280000	-0.000032998123	
664.480000	-0.000033071080	
664.680000	-0.000033142926	
664.880000	-0.000033213668	
665.080000	-0.000033283315	
665.280000	-0.000033351873	
665.480000	-0.000033419349	
665.680000	-0.000033485749	
665.880000	-0.000033551080	
666.080000	-0.000033615347	
666.280000	-0.000033678557	
666.480000	-0.000033740713	
666.680000	-0.000033801822	
666.880000	-0.000033861888	
667.080000	-0.000033920915	
667.280000	-0.000033978906	
667.480000	-0.000034035866	
667.680000	-0.000034091796	
667.880000	-0.000034146701	
668.080000	-0.000034200580	
668.280000	-0.000034253437	
668.480000	-0.000034305271	
668.680000	-0.000034356083	
668.880000	-0.000034405874	
669.080000	-0.000034454641	
669.280000	-0.000034502382	
669.480000	-0.000034549097	
669.680000	-0.000034594780	
669.880000	-0.000034639427	
670.080000	-0.000034683033	
670.280000	-0.000034725592	
670.480000	-0.000034767095	
670.680000	-0.000034807532	
670.880000	-0.000034846894	
671.080000	-0.000034885167	
671.280000	-0.000034922337	
671.480000	-0.000034958387	
671.680000	-0.000034993298	
671.880000	-0.000035027046	
672.080000	-0.000035059608	
672.280000	-0.000035090954	
672.480000	-0.000035121050	
672.680000	-0.000035149858	
672.880000	-0.000035177334	
673.080000	-0.000035203426	
673.280000	-0.000035228074	
673.480000	-0.000035251210	
673.680000	-0.000035272752	
673.880000	-0.000035292603	
674.080000	-0.000035310649	
674.280000	-0.000035326754	
674.480000	-0.000035340751	
674.680000	-0.000035352437	
674.880000	-0.000035361560	
675.080000	-0.000035367801	
675.280000	-0.000035370751	
675.480000	-0.000035369874	
675.680000	-0.000035364444	
675.880000	-0.000035353452	
676.080000	-0.000035335430	
676.280000	-0.000035308130	
676.480000	-0.000035267848	
676.680000	-0.000035207818	
676.880000	-0.000035113548	
677.080000	-0.000034943465	
677.280000	-0.000034430486	
677.480000	-0.000029186812	
677.680000	-0.000020109766	
677.880000	0.000013111628	
678.080000	0.000015735069	
678.280000	0.000010965784	
678.480000	0.000005359270	
678.680000	0.000001251998	
678.880000	-0.000000664274	
679.080000	-0.000001601739	
679.280000	-0.000002201079	
679.480000	-0.000002740160	
679.680000	-0.000003845556	
679.880000	-0.000005036257	
680.080000	-0.000005793011	
680.280000	-0.000006386909	
680.480000	-0.000006874099	
680.680000	-0.000007288618	
699.480000	-0.000028360611	
699.680000	-0.000028483310	
699.880000	-0.000028604422	
700.080000	-0.000028723964	
700.280000	-0.000028841953	
700.480000	-0.000028958404	
700.680000	-0.000029073333	
700.880000	-0.000029186755	
701.080000	-0.000029298687	
701.280000	-0.000029409144	
701.480000	-0.000029518140	
701.680000	-0.000029625691	
701.880000	-0.000029731812	
702.080000	-0.000029836516	
702.280000	-0.000029939819	
702.480000	-0.000030041734	
702.680000	-0.000030142275	
702.880000	-0.000030241457	
703.080000	-0.000030339292	
703.280000	-0.000030435795	
703.480000	-0.000030530978	
703.680000	-0.000030624855	
703.880000	-0.000030717437	
704.080000	-0.000030808739	
704.280000	-0.000030898771	
704.480000	-0.000030987548	
704.680000	-0.000031075080	
704.880000	-0.000031161379	
705.080000	-0.000031246458	
705.280000	-0.000031330327	
705.480000	-0.000031412998	
705.680000	-0.000031494482	
705.880000	-0.000031574789	
706.080000	-0.000031653932	
706.280000	-0.000031731919	
706.480000	-0.000031808762	
706.680000	-0.000031884470	
706.880000	-0.000031959054	
707.080000	-0.000032032522	
707.280000	-0.000032104885	
707.480000	-0.000032176152	
707.680000	-0.000032246331	
707.880000	-0.000032315432	
708.080000	-0.000032383464	
708.280000	-0.000032450434	
708.480000	-0.000032516350	
708.680000	-0.000032581222	
708.880000	-0.000032645056	
709.080000	-0.000032707860	
709.280000	-0.000032769641	
709.480000	-0.000032830406	
709.680000	-0.000032890162	
709.880000	-0.000032948916	
710.080000	-0.000033006672	
710.280000	-0.000033063438	
710.480000	-0.000033119219	
710.680000	-0.000033174020	
710.880000	-0.000033227847	
711.080000	-0.000033280703	
711.280000	-0.000033332593	
711.480000	-0.000033383521	
711.680000	-0.000033433491	
711.880000	-0.000033482505	
712.080000	-0.000033530567	
712.280000	-0.000033577679	
712.480000	-0.000033623842	
712.680000	-0.000033669058	
712.880000	-0.000033713328	
713.080000	-0.000033756652	
713.280000	-0.000033799030	
713.480000	-0.000033840461	
713.680000	-0.000033880942	
713.880000	-0.000033920473	
714.080000	-0.000033959048	
714.280000	-0.000033996665	
714.480000	-0.000034033318	
714.680000	-0.000034069002	
714.880000	-0.000034103708	
715.080000	-0.000034137428	
715.280000	-0.000034170153	
715.480000	-0.000034201870	
715.680000	-0.000034232567	
715.880000	-0.000034262229	
716.080000	-0.000034290838	
716.280000	-0.000034318375	
716.480000	-0.000034344817	
716.680000	-0.000034370138	
716.880000	-0.000034394310	
717.080000	-0.000034417298	
717.280000	-0.000034439065	
717.480000	-0.000034459568	
717.680000	-0.000034478755	
717.880000	-0.000034496568	
718.080000	-0.000034512942	
718.280000	-0.000034527796	
718.480000	-0.000034541040	
718.680000	-0.000034552565	
718.880000	-0.000034562243	
719.080000	-0.000034569919	
719.280000	-0.000034575406	
719.480000	-0.000034578474	
719.680000	-0.000034578840	
719.880000	-0.000034576140	
720.080000	-0.000034569912	
720.280000	-0.000034559540	
720.480000	-0.000034544194	
720.680000	-0.000034522705	
720.880000	-0.000034493356	
721.080000	-0.000034453481	
721.280000	-0.000034398590	
721.480000	-0.000034320206	
721.680000	-0.000034199058	
721.880000	-0.000033971936	
722.080000	-0.000032858568	
722.280000	-0.000026178601	
722.480000	-0.000009280976	
722.680000	0.000015935139	
722.880000	0.000014453771	
723.080000	0.000008937993	
723.280000	0.000003674558	
723.480000	0.000000340835	
723.680000	-0.000001111541	
723.880000	-0.000001863532	
724.080000	-0.000002386032	
724.280000	-0.000003007589	
724.480000	-0.000004173874	
724.680000	-0.000005134744	
724.880000	-0.000005784104	
725.080000	-0.000006322625	
725.280000	-0.000006770156	
725.480000	-0.000007162462	
745.060000	-0.000029016850	
745.260000	-0.000029135892	
745.460000	-0.000029253402	
745.660000	-0.000029369398	
745.860000	-0.000029483896	
746.060000	-0.000029596912	
746.260000	-0.000029708464	
746.460000	-0.000029818568	
746.660000	-0.000029927239	
746.860000	-0.000030034494	
747.060000	-0.000030140349	
747.260000	-0.000030244818	
747.460000	-0.000030347918	
747.660000	-0.000030449664	
747.860000	-0.000030550071	
748.060000	-0.000030649154	
748.260000	-0.000030746927	
748.460000	-0.000030843405	
748.660000	-0.000030938602	
748.860000	-0.000031032534	
749.060000	-0.000031125212	
749.260000	-0.000031216653	
749.460000	-0.000031306868	
749.660000	-0.000031395873	
749.860000	-0.000031483680	
750.060000	-0.000031570302	
750.260000	-0.000031655753	
750.460000	-0.000031740045	
750.660000	-0.000031823191	
750.860000	-0.000031905204	
751.060000	-0.000031986096	
751.260000	-0.000032065880	
751.460000	-0.000032144567	
751.660000	-0.000032222169	
751.860000	-0.000032298699	
752.060000	-0.000032374168	
752.260000	-0.000032448588	
752.460000	-0.000032521969	
752.660000	-0.000032594323	
752.860000	-0.000032665661	
753.060000	-0.000032735995	
753.260000	-0.000032805334	
753.460000	-0.000032873689	
753.660000	-0.000032941071	
753.860000	-0.000033007491	
754.060000	-0.000033072957	
754.260000	-0.000033137481	
754.460000	-0.000033201073	
754.660000	-0.000033263741	
754.860000	-0.000033325496	
755.060000	-0.000033386347	
755.260000	-0.000033446304	
755.460000	-0.000033505375	
755.660000	-0.000033563570	
755.860000	-0.000033620898	
756.060000	-0.000033677367	
756.260000	-0.000033732987	
756.460000	-0.000033787765	
756.660000	-0.000033841710	
756.860000	-0.000033894830	
757.060000	-0.000033947134	
757.260000	-0.000033998629	
757.460000	-0.000034049324	
757.660000	-0.000034099225	
757.860000	-0.000034148341	
758.060000	-0.000034196679	
758.260000	-0.000034244246	
758.460000	-0.000034291049	
758.660000	-0.000034337096	
758.860000	-0.000034382393	
759.060000	-0.000034426948	
759.260000	-0.000034470766	
759.460000	-0.000034513854	
759.660000	-0.000034556219	
759.860000	-0.000034597867	
760.060000	-0.000034638803	
760.260000	-0.000034679034	
760.460000	-0.000034718566	
760.660000	-0.000034757403	
760.860000	-0.000034795553	
761.060000	-0.000034833019	
761.260000	-0.000034869807	
761.460000	-0.000034905921	
761.660000	-0.000034941368	
761.860000	-0.000034976151	
762.060000	-0.000035010276	
762.260000	-0.000035043745	
762.460000	-0.000035076564	
762.660000	-0.000035108736	
762.860000	-0.000035140265	
763.060000	-0.000035171156	
763.260000	-0.000035201410	
763.460000	-0.000035231031	
763.660000	-0.000035260023	
763.860000	-0.000035288388	
764.060000	-0.000035316128	
764.260000	-0.000035343247	
764.460000	-0.000035369745	
764.660000	-0.000035395624	
764.860000	-0.000035420887	
765.060000	-0.000035445534	
765.260000	-0.000035469566	
765.460000	-0.000035492984	
765.660000	-0.000035515787	
765.860000	-0.000035537977	
766.060000	-0.000035559552	
766.260000	-0.000035580511	
766.460000	-0.000035600854	
766.660000	-0.000035620578	
766.860000	-0.000035639681	
767.060000	-0.000035658160	
767.260000	-0.000035676012	
767.460000	-0.000035693232	
767.660000	-0.000035709817	
767.860000	-0.000035725761	
768.060000	-0.000035741058	
768.260000	-0.000035755700	
768.460000	-0.000035769680	
768.660000	-0.000035782989	
768.860000	-0.000035795617	
769.060000	-0.000035807552	
769.260000	-0.000035818782	
769.460000	-0.000035829293	
769.660000	-0.000035839068	
769.860000	-0.000035848090	
770.060000	-0.000035856340	
770.260000	-0.000035863794	
770.460000	-0.000035870428	
770.660000	-0.000035876213	
770.860000	-0.000035881119	
771.060000	-0.000035885110	
771.260000	-0.000035888144	
771.460000	-0.000035890177	
771.660000	-0.000035891157	
771.860000	-0.000035891023	
772.060000	-0.000035889708	
772.260000	-0.000035887132	
772.460000	-0.000035883204	
772.660000	-0.000035877817	
772.860000	-0.000035870845	
773.060000	-0.000035862138	
773.260000	-0.000035851515	
773.460000	-0.000035838760	
773.660000	-0.000035823604	
773.860000	-0.000035805714	
774.060000	-0.000035784668	
774.260000	-0.000035759918	
774.460000	-0.000035730742	
774.660000	-0.000035696149	
774.860000	-0.000035654742	
775.060000	-0.000035604444	
775.260000	-0.000035541979	
775.460000	-0.000035461716	
775.660000	-0.000035352643	
775.860000	-0.000035188070	
776.060000	-0.000034864965	
776.260000	-0.000032153566	
776.460000	-0.000024254060	
776.660000	0.000006771249	
776.860000	0.000017250018	
777.060000	0.000013642094	
777.260000	0.000007693561	
777.460000	0.000002595689	
777.660000	-0.000000242642	
777.860000	-0.000001470291	
778.060000	-0.000002133256	
778.260000	-0.000002637812	
778.460000	-0.000003482938	
778.660000	-0.000004662142	
778.860000	-0.000005494716	
779.060000	-0.000006116839	
779.260000	-0.000006624788	
779.460000	-0.000007052609	
779.660000	-0.000007435790	
799.660000	-0.000030668453	
804.320000	-0.000033224171	
804.520000	-0.000033318397	
804.720000	-0.000033411480	
804.920000	-0.000033503436	
805.120000	-0.000033594279	
805.320000	-0.000033684022	
805.520000	-0.000033772681	
805.720000	-0.000033860268	
805.920000	-0.000033946798	
806.120000	-0.000034032284	
806.320000	-0.000034116739	
806.520000	-0.000034200177	
806.720000	-0.000034282610	
806.920000	-0.000034364052	
807.120000	-0.000034444516	
807.320000	-0.000034524014	
807.520000	-0.000034602559	
807.720000	-0.000034680163	
807.920000	-0.000034756838	
808.120000	-0.000034832597	
808.320000	-0.000034907452	
808.520000	-0.000034981414	
808.720000	-0.000035054495	
808.920000	-0.000035126708	
809.120000	-0.000035198062	
809.320000	-0.000035268571	
809.520000	-0.000035338244	
809.720000	-0.000035407094	
809.920000	-0.000035475131	
810.120000	-0.000035542366	
810.320000	-0.000035608809	
810.520000	-0.000035674473	
810.720000	-0.000035739366	
810.920000	-0.000035803500	
811.120000	-0.000035866884	
811.320000	-0.000035929530	
811.520000	-0.000035991446	
811.720000	-0.000036052644	
811.920000	-0.000036113133	
812.120000	-0.000036172922	
812.320000	-0.000036232022	
812.520000	-0.000036290442	
812.720000	-0.000036348191	
812.920000	-0.000036405279	
813.120000	-0.000036461715	
813.320000	-0.000036517508	
813.520000	-0.000036572667	
813.720000	-0.000036627202	
813.920000	-0.000036681121	
814.120000	-0.000036734432	
814.320000	-0.000036787145	
814.520000	-0.000036839268	
814.720000	-0.000036890810	
814.920000	-0.000036941779	
815.120000	-0.000036992183	
815.320000	-0.000037042031	
815.520000	-0.000037091330	
815.720000	-0.000037140089	
815.920000	-0.000037188316	
816.120000	-0.000037236018	
816.320000	-0.000037283204	
816.520000	-0.000037329881	
816.720000	-0.000037376056	
816.920000	-0.000037421738	
817.120000	-0.000037466933	
817.320000	-0.000037511649	
817.520000	-0.000037555894	
817.720000	-0.000037599675	
817.920000	-0.000037642998	
818.120000	-0.000037685871	
818.320000	-0.000037728301	
818.520000	-0.000037770294	
818.720000	-0.000037811858	
818.920000	-0.000037853000	
819.120000	-0.000037893726	
819.320000	-0.000037934042	
819.520000	-0.000037973956	
819.720000	-0.000038013473	
819.920000	-0.000038052601	
820.120000	-0.000038091345	
820.320000	-0.000038129712	
820.520000	-0.000038167708	
820.720000	-0.000038205339	
820.920000	-0.000038242611	
821.120000	-0.000038279530	
821.320000	-0.000038316103	
821.520000	-0.000038352334	
821.720000	-0.000038388231	
821.920000	-0.000038423798	
822.120000	-0.000038459041	
822.320000	-0.000038493967	
822.520000	-0.000038528579	
822.720000	-0.000038562885	
822.920000	-0.000038596889	
823.120000	-0.000038630596	
823.320000	-0.000038664013	
823.520000	-0.000038697144	
823.720000	-0.000038729994	
823.920000	-0.000038762569	
824.120000	-0.000038794874	
824.320000	-0.000038826913	
824.520000	-0.000038858692	
824.720000	-0.000038890216	
824.920000	-0.000038921488	
825.120000	-0.000038952515	
825.320000	-0.000038983301	
825.520000	-0.000039013850	
825.720000	-0.000039044167	
825.920000	-0.000039074257	
826.120000	-0.000039104124	
826.320000	-0.000039133772	
826.520000	-0.000039163206	
826.720000	-0.000039192431	
826.920000	-0.000039221450	
827.120000	-0.000039250268	
827.320000	-0.000039278888	
827.520000	-0.000039307316	
827.720000	-0.000039335555	
827.920000	-0.000039363608	
828.120000	-0.000039391481	
828.320000	-0.000039419177	
828.520000	-0.000039446699	
828.720000	-0.000039474052	
828.920000	-0.000039501239	
829.120000	-0.000039528264	
829.320000	-0.000039555131	
829.520000	-0.000039581842	
829.720000	-0.000039608403	
829.920000	-0.000039634816	
830.120000	-0.000039661084	
830.320000	-0.000039687211	
830.520000	-0.000039713201	
830.720000	-0.000039739057	
830.920000	-0.000039764781	
831.120000	-0.000039790377	
831.320000	-0.000039815849	
831.520000	-0.000039841199	
831.720000	-0.000039866430	
831.920000	-0.000039891546	
832.120000	-0.000039916549	
832.320000	-0.000039941442	
832.520000	-0.000039966229	
832.720000	-0.000039990911	
832.920000	-0.000040015492	
833.120000	-0.000040039975	
833.320000	-0.000040064362	
833.520000	-0.000040088655	
833.720000	-0.000040112858	
833.920000	-0.000040136972	
834.120000	-0.000040161001	
834.320000	-0.000040184947	
834.520000	-0.000040208813	
834.720000	-0.000040232599	
834.920000	-0.000040256310	
835.120000	-0.000040279948	
835.320000	-0.000040303513	
835.520000	-0.000040327010	
835.720000	-0.000040350440	
835.920000	-0.000040373804	
836.120000	-0.000040397106	
836.320000	-0.000040420347	
836.520000	-0.000040443530	
836.720000	-0.000040466655	
836.920000	-0.000040489726	
837.120000	-0.000040512744	
837.320000	-0.000040535711	
837.520000	-0.000040558629	
837.720000	-0.000040581499	
837.920000	-0.000040604324	
838.120000	-0.000040627104	
838.320000	-0.000040649843	
838.520000	-0.000040672540	
838.720000	-0.000040695199	
838.920000	-0.000040717821	
839.120000	-0.000040740406	
839.320000	-0.000040762957	
839.520000	-0.000040785476	
839.720000	-0.000040807963	
839.920000	-0.000040830420	
840.120000	-0.000040852848	
840.320000	-0.000040875250	
840.520000	-0.000040897625	
840.720000	-0.000040919976	
840.920000	-0.000040942303	
841.120000	-0.000040964609	
841.320000	-0.000040986893	
841.520000	-0.000041009158	
841.720000	-0.000041031405	
841.920000	-0.000041053634	
842.120000	-0.000041075846	
842.320000	-0.000041098044	
842.520000	-0.000041120227	
842.720000	-0.000041142397	
842.920000	-0.000041164555	
843.120000	-0.000041186702	
843.320000	-0.000041208839	
843.520000	-0.000041230966	
843.720000	-0.000041253085	
843.920000	-0.000041275197	
844.120000	-0.000041297302	
844.320000	-0.000041319401	
844.520000	-0.000041341495	
844.720000	-0.000041363585	
844.920000	-0.000041385671	
845.120000	-0.000041407755	
845.320000	-0.000041429837	
845.520000	-0.000041451917	
845.720000	-0.000041473997	
845.920000	-0.000041496077	
846.120000	-0.000041518158	
846.320000	-0.000041540241	
846.520000	-0.000041562325	
846.720000	-0.000041584412	
846.920000	-0.000041606502	
847.120000	-0.000041628596	
847.320000	-0.000041650695	
847.520000	-0.000041672798	
847.720000	-0.000041694907	
847.920000	-0.000041717021	
848.120000	-0.000041739142	
848.320000	-0.000041761270	
848.520000	-0.000041783405	
848.720000	-0.000041805547	
848.920000	-0.000041827698	
849.120000	-0.000041849858	
849.320000	-0.000041872027	
849.520000	-0.000041894204	
849.720000	-0.000041916392	
849.920000	-0.000041938590	
850.120000	-0.000041960798	
850.320000	-0.000041983018	
850.520000	-0.000042005248	
850.720000	-0.000042027490	
850.920000	-0.000042049743	
851.120000	-0.000042072009	
851.320000	-0.000042094287	
851.520000	-0.000042116578	
851.720000	-0.000042138881	
851.920000	-0.000042161198	
852.120000	-0.000042183529	
852.320000	-0.000042205873	
852.520000	-0.000042228230	
852.720000	-0.000042250602	
852.920000	-0.000042272989	
853.120000	-0.000042295390	
853.320000	-0.000042317805	
853.520000	-0.000042340236	
853.720000	-0.000042362682	
853.920000	-0.000042385143	
854.120000	-0.000042407619	
854.320000	-0.000042430111	
854.520000	-0.000042452619	
854.720000	-0.000042475143	
854.920000	-0.000042497683	
855.120000	-0.000042520239	
855.320000	-0.000042542812	
855.520000	-0.000042565401	
855.720000	-0.000042588006	
855.920000	-0.000042610629	
856.120000	-0.000042633268	
856.320000	-0.000042655924	
856.520000	-0.000042678597	
856.720000	-0.000042701287	
856.920000	-0.000042723995	
857.120000	-0.000042746719	
857.320000	-0.000042769461	
857.520000	-0.000042792221	
857.720000	-0.000042814998	
857.920000	-0.000042837793	
858.120000	-0.000042860605	
858.320000	-0.000042883435	
858.520000	-0.000042906283	
858.720000	-0.000042929148	
858.920000	-0.000042952032	
859.120000	-0.000042974933	
859.320000	-0.000042997852	
859.520000	-0.000043020790	
859.720000	-0.000043043745	
859.920000	-0.000043066719	
860.120000	-0.000043089710	
860.320000	-0.000043112720	
860.520000	-0.000043135748	
860.720000	-0.000043158794	
860.920000	-0.000043181858	
861.120000	-0.000043204940	
861.320000	-0.000043228041	
861.520000	-0.000043251160	
861.720000	-0.000043274297	
861.920000	-0.000043297453	
862.120000	-0.000043320627	
862.320000	-0.000043343819	
862.520000	-0.000043367029	
862.720000	-0.000043390258	
862.920000	-0.000043413505	
863.120000	-0.000043436770	
863.320000	-0.000043460054	
863.520000	-0.000043483356	
863.720000	-0.000043506676	
863.920000	-0.000043530015	
864.120000	-0.000043553372	
864.320000	-0.000043576747	
864.520000	-0.000043600140	
864.720000	-0.000043623552	
864.920000	-0.000043646982	
865.120000	-0.000043670430	
865.320000	-0.000043693897	
865.520000	-0.000043717381	
865.720000	-0.000043740884	
865.920000	-0.000043764405	
866.120000	-0.000043787944	
866.320000	-0.000043811502	
866.520000	-0.000043835077	
866.720000	-0.000043858671	
866.920000	-0.000043882283	
867.120000	-0.000043905913	
867.320000	-0.000043929560	
867.520000	-0.000043953226	
867.720000	-0.000043976910	
867.920000	-0.000044000612	
868.120000	-0.000044024332	
868.320000	-0.000044048070	
868.520000	-0.000044071826	
868.720000	-0.000044095600	
868.920000	-0.000044119391	
869.120000	-0.000044143201	
869.320000	-0.000044167028	
869.520000	-0.000044190874	
869.720000	-0.000044214737	
869.920000	-0.000044238617	
870.120000	-0.000044262516	
870.320000	-0.000044286432	
870.520000	-0.000044310366	
870.720000	-0.000044334317	
870.920000	-0.000044358287	
871.120000	-0.000044382273	
871.320000	-0.000044406278	
871.520000	-0.000044430300	
871.720000	-0.000044454339	
871.920000	-0.000044478397	
872.120000	-0.000044502471	
872.320000	-0.000044526563	
872.520000	-0.000044550673	
872.720000	-0.000044574799	
872.920000	-0.000044598944	
873.120000	-0.000044623105	
873.320000	-0.000044647284	
873.520000	-0.000044671481	
873.720000	-0.000044695694	
873.920000	-0.000044719925	
874.120000	-0.000044744173	
874.320000	-0.000044768439	
874.520000	-0.000044792721	
874.720000	-0.000044817021	
874.920000	-0.000044841338	
875.120000	-0.000044865672	
875.320000	-0.000044890023	
875.520000	-0.000044914391	
875.720000	-0.000044938776	
875.920000	-0.000044963178	
876.120000	-0.000044987597	
876.320000	-0.000045012033	
876.520000	-0.000045036487	
876.720000	-0.000045060957	
876.920000	-0.000045085444	
877.120000	-0.000045109947	
877.320000	-0.000045134468	
877.520000	-0.000045159006	
877.720000	-0.000045183560	
877.920000	-0.000045208131	
878.120000	-0.000045232719	
878.320000	-0.000045257324	
878.520000	-0.000045281945	
878.720000	-0.000045306584	
878.920000	-0.000045331238	
879.120000	-0.000045355910	
879.320000	-0.000045380598	
879.520000	-0.000045405303	
879.720000	-0.000045430024	
879.920000	-0.000045454763	
880.120000	-0.000045479517	
880.320000	-0.000045504288	
880.520000	-0.000045529076	
880.720000	-0.000045553880	
880.920000	-0.000045578701	
881.120000	-0.000045603538	
881.320000	-0.000045628392	
881.520000	-0.000045653262	
881.720000	-0.000045678149	
881.920000	-0.000045703052	
882.120000	-0.000045727971	
882.320000	-0.000045752907	
882.520000	-0.000045777859	
882.720000	-0.000045802828	
882.920000	-0.000045827813	
883.120000	-0.000045852814	
883.320000	-0.000045877831	
883.520000	-0.000045902865	
883.720000	-0.000045927915	
883.920000	-0.000045952982	
884.120000	-0.000045978064	
884.320000	-0.000046003163	
884.520000	-0.000046028278	
884.720000	-0.000046053410	
884.920000	-0.000046078557	
885.120000	-0.000046103721	
885.320000	-0.000046128900	
885.520000	-0.000046154096	
885.720000	-0.000046179309	
885.920000	-0.000046204537	
886.120000	-0.000046229781	
886.320000	-0.000046255042	
886.520000	-0.000046280318	
886.720000	-0.000046305611	
886.920000	-0.000046330920	
887.120000	-0.000046356245	
887.320000	-0.000046381586	
887.520000	-0.000046406943	
887.720000	-0.000046432316	
887.920000	-0.000046457705	
888.120000	-0.000046483110	
888.320000	-0.000046508531	
888.520000	-0.000046533968	
888.720000	-0.000046559421	
908.720000	-0.000049184665	
928.720000	-0.000051968329	
948.720000	-0.000054912799	
968.720000	-0.000058018852	
988.720000	-0.000061283676	
1008.720000	-0.000064700675	
1028.720000	-0.000068259728	
1048.720000	-0.000071947514	
1068.720000	-0.000075747812	
1088.720000	-0.000079641795	
1108.720000	-0.000083608338	
1128.720000	-0.000087624368	
1148.720000	-0.000091665269	
1168.720000	-0.000095705370	
1188.720000	-0.000099718494	
1208.720000	-0.000103678569	
1228.720000	-0.000107560260	
1248.720000	-0.000111339586	
1268.720000	-0.000114994492	
1288.720000	-0.000118505355	
1308.720000	-0.000121855384	
1328.720000	-0.000125030906	
1348.720000	-0.000128021519	
1368.720000	-0.000130820117	
1388.720000	-0.000133422796	
1408.720000	-0.000135828659	
1428.720000	-0.000138039533	
1448.720000	-0.000140059631	
1468.720000	-0.000141895187	
1488.720000	-0.000143554066	
1508.720000	-0.000145045390	
1528.720000	-0.000146379186	
1548.720000	-0.000147566056	
1568.720000	-0.000148616899	
1588.720000	-0.000149542664	
1608.720000	-0.000150354151	
1628.720000	-0.000151061851	
1648.720000	-0.000151675818	
1668.720000	-0.000152205586	
1688.720000	-0.000152660105	
1708.720000	-0.000153047702	
1728.720000	-0.000153376068	
1748.720000	-0.000153652258	
1768.720000	-0.000153882700	
1788.720000	-0.000154073217	
1808.720000	-0.000154229061	
1828.720000	-0.000154354940	
1848.720000	-0.000154455055	
1868.720000	-0.000154533141	
1888.720000	-0.000154592501	
1908.720000	-0.000154636047	
1928.720000	-0.000154666332	
1948.720000	-0.000154685587	
1968.720000	-0.000154695751	
1988.720000	-0.000154698506	
2008.720000	-0.000154695301	
2028.720000	-0.000154687379	
2048.720000	-0.000154675799	
2068.720000	-0.000154661463	
2088.720000	-0.000154645129	
2108.720000	-0.000154627432	
2128.720000	-0.000154608900	
2148.720000	-0.000154589967	
2168.720000	-0.000154570984	
2188.720000	-0.000154552235	
2208.720000	-0.000154533942	
2228.720000	-0.000154516275	
2248.720000	-0.000154499363	
2268.720000	-0.000154483295	
2288.720000	-0.000154468131	
2308.720000	-0.000154453905	
2328.720000	-0.000154440627	
2348.720000	-0.000154428293	
2368.720000	-0.000154416883	
2388.720000	-0.000154406366	
2408.720000	-0.000154396701	
2428.720000	-0.000154387843	
2448.720000	-0.000154379739	
2468.720000	-0.000154372334	
2488.720000	-0.000154365572	
