0.000000	0.000000001735	
20.000000	0.000000001841	
40.000000	0.000000001833	
60.000000	0.000000001827	
80.000000	0.000000001825	
100.000000	0.000000001824	
120.000000	0.000000000258	
140.000000	0.000000000365	
160.000000	0.000000000502	
180.000000	0.000000000666	
200.000000	0.000000000855	
220.000000	0.000000001066	
240.000000	0.000000001300	
260.000000	0.000000001556	
280.000000	0.000000001833	
300.000000	0.000000002133	
320.000000	0.000000002453	
340.000000	0.000000002814	
360.000000	0.000000003179	
380.000000	0.000000003558	
400.000000	0.000000003955	
420.000000	0.000000004371	
440.000000	0.000000004807	
460.000000	0.000000005263	
480.000000	0.000000005742	
500.000000	0.000000006245	
520.000000	0.000000007338	
540.000000	0.000000008460	
560.000000	0.000000009661	
580.000000	0.000000011196	
580.720000	0.000000011277	
580.920000	0.000000011300	
581.120000	0.000000011324	
581.320000	0.000000011348	
581.520000	0.000000011373	
581.720000	0.000000011398	
581.920000	0.000000011424	
582.120000	0.000000011450	
582.320000	0.000000011477	
582.520000	0.000000011505	
582.720000	0.000000011533	
582.920000	0.000000011563	
583.120000	0.000000011593	
583.320000	0.000000011625	
583.520000	0.000000011657	
583.720000	0.000000011691	
583.920000	0.000000011726	
584.120000	0.000000011763	
584.320000	0.000000011801	
584.520000	0.000000011841	
584.720000	0.000000011883	
584.920000	0.000000011928	
585.120000	0.000000011975	
585.320000	0.000000012026	
585.520000	0.000000012081	
585.720000	0.000000012139	
585.920000	0.000000012204	
586.120000	0.000000012274	
586.320000	0.000000012353	
586.520000	0.000000012441	
586.720000	0.000000012543	
586.920000	0.000000012662	
587.120000	0.000000012806	
587.320000	0.000000012987	
587.520000	0.000000013229	
587.720000	0.000000013592	
587.920000	0.000000014310	
588.120000	0.000000020510	
588.320000	0.000000053881	
588.520000	0.000000429530	
588.720000	0.000010079580	
588.920000	0.000039936660	
589.120000	0.000073560643	
589.320000	0.000094896507	
589.520000	0.000105383504	
589.720000	0.000109846856	
589.920000	0.000106733145	
590.120000	0.000093566831	
590.320000	0.000068011201	
590.520000	0.000037090989	
590.720000	0.000018010927	
590.920000	0.000007962907	
591.120000	0.000003236353	
611.120000	0.000000008846	
619.240000	0.000000010699	
619.440000	0.000000010742	
619.640000	0.000000010785	
619.840000	0.000000010828	
620.040000	0.000000010870	
620.240000	0.000000010913	
620.440000	0.000000010956	
620.640000	0.000000010999	
620.840000	0.000000011041	
621.040000	0.000000011084	
621.240000	0.000000011126	
621.440000	0.000000011169	
621.640000	0.000000011211	
621.840000	0.000000011254	
622.040000	0.000000011296	
622.240000	0.000000011339	
622.440000	0.000000011381	
622.640000	0.000000011423	
622.840000	0.000000011466	
623.040000	0.000000011508	
623.240000	0.000000011551	
623.440000	0.000000011593	
623.640000	0.000000011636	
623.840000	0.000000011679	
624.040000	0.000000011722	
624.240000	0.000000011764	
624.440000	0.000000011807	
624.640000	0.000000011851	
624.840000	0.000000011894	
625.040000	0.000000011937	
625.240000	0.000000011981	
625.440000	0.000000012025	
625.640000	0.000000012069	
625.840000	0.000000012113	
626.040000	0.000000012157	
626.240000	0.000000012202	
626.440000	0.000000012247	
626.640000	0.000000012293	
626.840000	0.000000012339	
627.040000	0.000000012385	
627.240000	0.000000012432	
627.440000	0.000000012479	
627.640000	0.000000012527	
627.840000	0.000000012575	
628.040000	0.000000012624	
628.240000	0.000000012673	
628.440000	0.000000012724	
628.640000	0.000000012775	
628.840000	0.000000012827	
629.040000	0.000000012880	
629.240000	0.000000012934	
629.440000	0.000000012989	
629.640000	0.000000013046	
629.840000	0.000000013104	
630.040000	0.000000013163	
630.240000	0.000000013225	
630.440000	0.000000013288	
630.640000	0.000000013354	
630.840000	0.000000013422	
631.040000	0.000000013493	
631.240000	0.000000013568	
631.440000	0.000000013646	
631.640000	0.000000013728	
631.840000	0.000000013816	
632.040000	0.000000013910	
632.240000	0.000000014011	
632.440000	0.000000014120	
632.640000	0.000000014241	
632.840000	0.000000014376	
633.040000	0.000000014528	
633.240000	0.000000014705	
633.440000	0.000000014916	
633.640000	0.000000015178	
633.840000	0.000000015528	
634.040000	0.000000016057	
634.240000	0.000000017233	
634.440000	0.000000029147	
634.640000	0.000000100584	
634.840000	0.000002405224	
635.040000	0.000022175040	
635.240000	0.000058164948	
635.440000	0.000088073015	
635.640000	0.000102975831	
635.840000	0.000109710447	
636.040000	0.000110167149	
636.240000	0.000102601233	
636.440000	0.000084887758	
636.640000	0.000056467554	
636.840000	0.000029836066	
637.040000	0.000014676356	
637.240000	0.000006614376	
637.440000	0.000002782559	
657.440000	0.000000009818	
658.480000	0.000000010118	
658.680000	0.000000010175	
658.880000	0.000000010233	
659.080000	0.000000010290	
659.280000	0.000000010347	
659.480000	0.000000010403	
659.680000	0.000000010460	
659.880000	0.000000010516	
660.080000	0.000000010573	
660.280000	0.000000010629	
660.480000	0.000000010685	
660.680000	0.000000010741	
660.880000	0.000000010797	
661.080000	0.000000010853	
661.280000	0.000000010909	
661.480000	0.000000010964	
661.680000	0.000000011020	
661.880000	0.000000011075	
662.080000	0.000000011130	
662.280000	0.000000011185	
662.480000	0.000000011240	
662.680000	0.000000011295	
662.880000	0.000000011350	
663.080000	0.000000011405	
663.280000	0.000000011459	
663.480000	0.000000011514	
663.680000	0.000000011568	
663.880000	0.000000011623	
664.080000	0.000000011677	
664.280000	0.000000011731	
664.480000	0.000000011786	
664.680000	0.000000011840	
664.880000	0.000000011894	
665.080000	0.000000011948	
665.280000	0.000000012002	
665.480000	0.000000012056	
665.680000	0.000000012110	
665.880000	0.000000012165	
666.080000	0.000000012219	
666.280000	0.000000012273	
666.480000	0.000000012327	
666.680000	0.000000012382	
666.880000	0.000000012436	
667.080000	0.000000012490	
667.280000	0.000000012545	
667.480000	0.000000012600	
667.680000	0.000000012655	
667.880000	0.000000012710	
668.080000	0.000000012765	
668.280000	0.000000012820	
668.480000	0.000000012876	
668.680000	0.000000012932	
668.880000	0.000000012988	
669.080000	0.000000013044	
669.280000	0.000000013101	
669.480000	0.000000013158	
669.680000	0.000000013216	
669.880000	0.000000013274	
670.080000	0.000000013332	
670.280000	0.000000013391	
670.480000	0.000000013451	
670.680000	0.000000013511	
670.880000	0.000000013572	
671.080000	0.000000013634	
671.280000	0.000000013696	
671.480000	0.000000013760	
671.680000	0.000000013824	
671.880000	0.000000013889	
672.080000	0.000000013956	
672.280000	0.000000014024	
672.480000	0.000000014093	
672.680000	0.000000014164	
672.880000	0.000000014237	
673.080000	0.000000014312	
673.280000	0.000000014389	
673.480000	0.000000014468	
673.680000	0.000000014550	
673.880000	0.000000014635	
674.080000	0.000000014724	
674.280000	0.000000014816	
674.480000	0.000000014914	
674.680000	0.000000015016	
674.880000	0.000000015125	
675.080000	0.000000015241	
675.280000	0.000000015365	
675.480000	0.000000015501	
675.680000	0.000000015649	
675.880000	0.000000015814	
676.080000	0.000000016000	
676.280000	0.000000016215	
676.480000	0.000000016470	
676.680000	0.000000016785	
676.880000	0.000000017200	
677.080000	0.000000017816	
677.280000	0.000000019128	
677.480000	0.000000031945	
677.680000	0.000000121150	
677.880000	0.000003411684	
678.080000	0.000026012103	
678.280000	0.000063481820	
678.480000	0.000092534819	
678.680000	0.000105697043	
678.880000	0.000110866452	
679.080000	0.000109819221	
679.280000	0.000100940824	
679.480000	0.000082446423	
679.680000	0.000054433491	
679.880000	0.000029162121	
680.080000	0.000014645195	
680.280000	0.000006779907	
680.480000	0.000002938264	
680.680000	0.000001231574	
699.480000	0.000000009761	
699.680000	0.000000009824	
699.880000	0.000000009887	
700.080000	0.000000009950	
700.280000	0.000000010013	
700.480000	0.000000010076	
700.680000	0.000000010138	
700.880000	0.000000010201	
701.080000	0.000000010263	
701.280000	0.000000010325	
701.480000	0.000000010387	
701.680000	0.000000010449	
701.880000	0.000000010511	
702.080000	0.000000010573	
702.280000	0.000000010634	
702.480000	0.000000010695	
702.680000	0.000000010756	
702.880000	0.000000010817	
703.080000	0.000000010878	
703.280000	0.000000010939	
703.480000	0.000000011000	
703.680000	0.000000011060	
703.880000	0.000000011120	
704.080000	0.000000011180	
704.280000	0.000000011240	
704.480000	0.000000011300	
704.680000	0.000000011359	
704.880000	0.000000011419	
705.080000	0.000000011478	
705.280000	0.000000011537	
705.480000	0.000000011596	
705.680000	0.000000011655	
705.880000	0.000000011714	
706.080000	0.000000011772	
706.280000	0.000000011831	
706.480000	0.000000011889	
706.680000	0.000000011947	
706.880000	0.000000012005	
707.080000	0.000000012063	
707.280000	0.000000012121	
707.480000	0.000000012178	
707.680000	0.000000012236	
707.880000	0.000000012293	
708.080000	0.000000012351	
708.280000	0.000000012408	
708.480000	0.000000012465	
708.680000	0.000000012522	
708.880000	0.000000012579	
709.080000	0.000000012636	
709.280000	0.000000012693	
709.480000	0.000000012750	
709.680000	0.000000012807	
709.880000	0.000000012864	
710.080000	0.000000012921	
710.280000	0.000000012977	
710.480000	0.000000013034	
710.680000	0.000000013091	
710.880000	0.000000013148	
711.080000	0.000000013205	
711.280000	0.000000013262	
711.480000	0.000000013319	
711.680000	0.000000013376	
711.880000	0.000000013433	
712.080000	0.000000013491	
712.280000	0.000000013548	
712.480000	0.000000013606	
712.680000	0.000000013664	
712.880000	0.000000013722	
713.080000	0.000000013780	
713.280000	0.000000013839	
713.480000	0.000000013898	
713.680000	0.000000013957	
713.880000	0.000000014017	
714.080000	0.000000014077	
714.280000	0.000000014137	
714.480000	0.000000014198	
714.680000	0.000000014259	
714.880000	0.000000014321	
715.080000	0.000000014384	
715.280000	0.000000014447	
715.480000	0.000000014511	
715.680000	0.000000014576	
715.880000	0.000000014642	
716.080000	0.000000014709	
716.280000	0.000000014777	
716.480000	0.000000014846	
716.680000	0.000000014916	
716.880000	0.000000014988	
717.080000	0.000000015061	
717.280000	0.000000015136	
717.480000	0.000000015213	
717.680000	0.000000015293	
717.880000	0.000000015374	
718.080000	0.000000015458	
718.280000	0.000000015545	
718.480000	0.000000015635	
718.680000	0.000000015729	
718.880000	0.000000015827	
719.080000	0.000000015930	
719.280000	0.000000016039	
719.480000	0.000000016154	
719.680000	0.000000016277	
719.880000	0.000000016408	
720.080000	0.000000016550	
720.280000	0.000000016705	
720.480000	0.000000016877	
720.680000	0.000000017068	
720.880000	0.000000017287	
721.080000	0.000000017541	
721.280000	0.000000017846	
721.480000	0.000000018229	
721.680000	0.000000018748	
721.880000	0.000000019560	
722.080000	0.000000022017	
722.280000	0.000000046829	
722.480000	0.000000350916	
722.680000	0.000009456601	
722.880000	0.000041491018	
723.080000	0.000079575951	
723.280000	0.000102853838	
723.480000	0.000111210185	
723.680000	0.000113179691	
723.880000	0.000108524964	
724.080000	0.000095590957	
724.280000	0.000073019444	
724.480000	0.000044198606	
724.680000	0.000023336390	
724.880000	0.000011601151	
725.080000	0.000005330613	
725.280000	0.000002320898	
725.480000	0.000000985528	
745.060000	0.000000009660	
745.260000	0.000000009722	
745.460000	0.000000009784	
745.660000	0.000000009846	
745.860000	0.000000009907	
746.060000	0.000000009968	
746.260000	0.000000010029	
746.460000	0.000000010090	
746.660000	0.000000010150	
746.860000	0.000000010211	
747.060000	0.000000010271	
747.260000	0.000000010331	
747.460000	0.000000010390	
747.660000	0.000000010450	
747.860000	0.000000010509	
748.060000	0.000000010568	
748.260000	0.000000010627	
748.460000	0.000000010685	
748.660000	0.000000010744	
748.860000	0.000000010802	
749.060000	0.000000010860	
749.260000	0.000000010917	
749.460000	0.000000010974	
749.660000	0.000000011031	
749.860000	0.000000011088	
750.060000	0.000000011145	
750.260000	0.000000011201	
750.460000	0.000000011257	
750.660000	0.000000011313	
750.860000	0.000000011368	
751.060000	0.000000011423	
751.260000	0.000000011478	
751.460000	0.000000011533	
751.660000	0.000000011587	
751.860000	0.000000011641	
752.060000	0.000000011695	
752.260000	0.000000011749	
752.460000	0.000000011802	
752.660000	0.000000011855	
752.860000	0.000000011908	
753.060000	0.000000011961	
753.260000	0.000000012013	
753.460000	0.000000012065	
753.660000	0.000000012117	
753.860000	0.000000012168	
754.060000	0.000000012219	
754.260000	0.000000012270	
754.460000	0.000000012321	
754.660000	0.000000012371	
754.860000	0.000000012421	
755.060000	0.000000012471	
755.260000	0.000000012521	
755.460000	0.000000012570	
755.660000	0.000000012619	
755.860000	0.000000012668	
756.060000	0.000000012717	
756.260000	0.000000012765	
756.460000	0.000000012813	
756.660000	0.000000012861	
756.860000	0.000000012909	
757.060000	0.000000012956	
757.260000	0.000000013004	
757.460000	0.000000013051	
757.660000	0.000000013097	
757.860000	0.000000013144	
758.060000	0.000000013190	
758.260000	0.000000013236	
758.460000	0.000000013282	
758.660000	0.000000013328	
758.860000	0.000000013373	
759.060000	0.000000013418	
759.260000	0.000000013463	
759.460000	0.000000013508	
759.660000	0.000000013553	
759.860000	0.000000013597	
760.060000	0.000000013642	
760.260000	0.000000013686	
760.460000	0.000000013730	
760.660000	0.000000013774	
760.860000	0.000000013817	
761.060000	0.000000013861	
761.260000	0.000000013904	
761.460000	0.000000013948	
761.660000	0.000000013991	
761.860000	0.000000014034	
762.060000	0.000000014077	
762.260000	0.000000014119	
762.460000	0.000000014162	
762.660000	0.000000014205	
762.860000	0.000000014247	
763.060000	0.000000014290	
763.260000	0.000000014332	
763.460000	0.000000014375	
763.660000	0.000000014417	
763.860000	0.000000014459	
764.060000	0.000000014502	
764.260000	0.000000014544	
764.460000	0.000000014586	
764.660000	0.000000014629	
764.860000	0.000000014671	
765.060000	0.000000014713	
765.260000	0.000000014756	
765.460000	0.000000014799	
765.660000	0.000000014841	
765.860000	0.000000014884	
766.060000	0.000000014927	
766.260000	0.000000014970	
766.460000	0.000000015014	
766.660000	0.000000015057	
766.860000	0.000000015101	
767.060000	0.000000015145	
767.260000	0.000000015189	
767.460000	0.000000015234	
767.660000	0.000000015279	
767.860000	0.000000015324	
768.060000	0.000000015370	
768.260000	0.000000015416	
768.460000	0.000000015463	
768.660000	0.000000015510	
768.860000	0.000000015558	
769.060000	0.000000015607	
769.260000	0.000000015656	
769.460000	0.000000015706	
769.660000	0.000000015757	
769.860000	0.000000015809	
770.060000	0.000000015862	
770.260000	0.000000015916	
770.460000	0.000000015971	
770.660000	0.000000016028	
770.860000	0.000000016086	
771.060000	0.000000016145	
771.260000	0.000000016207	
771.460000	0.000000016270	
771.660000	0.000000016335	
771.860000	0.000000016403	
772.060000	0.000000016474	
772.260000	0.000000016547	
772.460000	0.000000016624	
772.660000	0.000000016704	
772.860000	0.000000016789	
773.060000	0.000000016879	
773.260000	0.000000016974	
773.460000	0.000000017075	
773.660000	0.000000017184	
773.860000	0.000000017302	
774.060000	0.000000017430	
774.260000	0.000000017570	
774.460000	0.000000017725	
774.660000	0.000000017900	
774.860000	0.000000018098	
775.060000	0.000000018328	
775.260000	0.000000018601	
775.460000	0.000000018936	
775.660000	0.000000019369	
775.860000	0.000000019976	
776.060000	0.000000021007	
776.260000	0.000000026398	
776.460000	0.000000070779	
776.660000	0.000001271131	
776.860000	0.000018018094	
777.060000	0.000056879595	
777.260000	0.000093429554	
777.460000	0.000111318710	
777.660000	0.000116159422	
777.860000	0.000115064541	
778.060000	0.000106959566	
778.260000	0.000090176286	
778.460000	0.000064111357	
778.660000	0.000036497430	
778.860000	0.000019079648	
779.060000	0.000009297049	
779.260000	0.000004222939	
779.460000	0.000001834904	
779.660000	0.000000782809	
799.660000	0.000000008674	
804.320000	0.000000009873	
804.520000	0.000000009921	
804.720000	0.000000009968	
804.920000	0.000000010015	
805.120000	0.000000010061	
805.320000	0.000000010107	
805.520000	0.000000010153	
805.720000	0.000000010198	
805.920000	0.000000010244	
806.120000	0.000000010288	
806.320000	0.000000010332	
806.520000	0.000000010376	
806.720000	0.000000010420	
806.920000	0.000000010463	
807.120000	0.000000010506	
807.320000	0.000000010548	
807.520000	0.000000010590	
807.720000	0.000000010632	
807.920000	0.000000010673	
808.120000	0.000000010714	
808.320000	0.000000010754	
808.520000	0.000000010794	
808.720000	0.000000010834	
808.920000	0.000000010873	
809.120000	0.000000010911	
809.320000	0.000000010950	
809.520000	0.000000010988	
809.720000	0.000000011025	
809.920000	0.000000011063	
810.120000	0.000000011099	
810.320000	0.000000011136	
810.520000	0.000000011172	
810.720000	0.000000011207	
810.920000	0.000000011242	
811.120000	0.000000011277	
811.320000	0.000000011311	
811.520000	0.000000011345	
811.720000	0.000000011379	
811.920000	0.000000011412	
812.120000	0.000000011444	
812.320000	0.000000011477	
812.520000	0.000000011508	
812.720000	0.000000011540	
812.920000	0.000000011571	
813.120000	0.000000011602	
813.320000	0.000000011632	
813.520000	0.000000011662	
813.720000	0.000000011691	
813.920000	0.000000011720	
814.120000	0.000000011749	
814.320000	0.000000011777	
814.520000	0.000000011804	
814.720000	0.000000011832	
814.920000	0.000000011859	
815.120000	0.000000011885	
815.320000	0.000000011912	
815.520000	0.000000011937	
815.720000	0.000000011963	
815.920000	0.000000011988	
816.120000	0.000000012012	
816.320000	0.000000012036	
816.520000	0.000000012060	
816.720000	0.000000012083	
816.920000	0.000000012106	
817.120000	0.000000012129	
817.320000	0.000000012151	
817.520000	0.000000012173	
817.720000	0.000000012194	
817.920000	0.000000012215	
818.120000	0.000000012236	
818.320000	0.000000012256	
818.520000	0.000000012276	
818.720000	0.000000012295	
818.920000	0.000000012315	
819.120000	0.000000012333	
819.320000	0.000000012352	
819.520000	0.000000012369	
819.720000	0.000000012387	
819.920000	0.000000012404	
820.120000	0.000000012421	
820.320000	0.000000012438	
820.520000	0.000000012454	
820.720000	0.000000012469	
820.920000	0.000000012485	
821.120000	0.000000012500	
821.320000	0.000000012514	
821.520000	0.000000012529	
821.720000	0.000000012542	
821.920000	0.000000012556	
822.120000	0.000000012569	
822.320000	0.000000012582	
822.520000	0.000000012595	
822.720000	0.000000012607	
822.920000	0.000000012618	
823.120000	0.000000012630	
823.320000	0.000000012641	
823.520000	0.000000012652	
823.720000	0.000000012662	
823.920000	0.000000012672	
824.120000	0.000000012682	
824.320000	0.000000012691	
824.520000	0.000000012701	
824.720000	0.000000012709	
824.920000	0.000000012718	
825.120000	0.000000012726	
825.320000	0.000000012734	
825.520000	0.000000012741	
825.720000	0.000000012748	
825.920000	0.000000012755	
826.120000	0.000000012762	
826.320000	0.000000012768	
826.520000	0.000000012774	
826.720000	0.000000012779	
826.920000	0.000000012785	
827.120000	0.000000012790	
827.320000	0.000000012794	
827.520000	0.000000012799	
827.720000	0.000000012803	
827.920000	0.000000012807	
828.120000	0.000000012810	
828.320000	0.000000012813	
828.520000	0.000000012816	
828.720000	0.000000012819	
828.920000	0.000000012822	
829.120000	0.000000012824	
829.320000	0.000000012826	
829.520000	0.000000012827	
829.720000	0.000000012828	
829.920000	0.000000012830	
830.120000	0.000000012830	
830.320000	0.000000012831	
830.520000	0.000000012831	
830.720000	0.000000012831	
830.920000	0.000000012831	
831.120000	0.000000012831	
831.320000	0.000000012830	
831.520000	0.000000012829	
831.720000	0.000000012828	
831.920000	0.000000012826	
832.120000	0.000000012825	
832.320000	0.000000012823	
832.520000	0.000000012821	
832.720000	0.000000012818	
832.920000	0.000000012816	
833.120000	0.000000012813	
833.320000	0.000000012810	
833.520000	0.000000012807	
833.720000	0.000000012803	
833.920000	0.000000012800	
834.120000	0.000000012796	
834.320000	0.000000012792	
834.520000	0.000000012787	
834.720000	0.000000012783	
834.920000	0.000000012778	
835.120000	0.000000012773	
835.320000	0.000000012768	
835.520000	0.000000012763	
835.720000	0.000000012758	
835.920000	0.000000012752	
836.120000	0.000000012747	
836.320000	0.000000012741	
836.520000	0.000000012735	
836.720000	0.000000012728	
836.920000	0.000000012722	
837.120000	0.000000012715	
837.320000	0.000000012709	
837.520000	0.000000012702	
837.720000	0.000000012695	
837.920000	0.000000012687	
838.120000	0.000000012680	
838.320000	0.000000012673	
838.520000	0.000000012665	
838.720000	0.000000012657	
838.920000	0.000000012649	
839.120000	0.000000012641	
839.320000	0.000000012633	
839.520000	0.000000012625	
839.720000	0.000000012616	
839.920000	0.000000012608	
840.120000	0.000000012599	
840.320000	0.000000012590	
840.520000	0.000000012581	
840.720000	0.000000012572	
840.920000	0.000000012563	
841.120000	0.000000012554	
841.320000	0.000000012545	
841.520000	0.000000012535	
841.720000	0.000000012526	
841.920000	0.000000012516	
842.120000	0.000000012506	
842.320000	0.000000012496	
842.520000	0.000000012487	
842.720000	0.000000012476	
842.920000	0.000000012466	
843.120000	0.000000012456	
843.320000	0.000000012446	
843.520000	0.000000012436	
843.720000	0.000000012425	
843.920000	0.000000012415	
844.120000	0.000000012404	
844.320000	0.000000012393	
844.520000	0.000000012383	
844.720000	0.000000012372	
844.920000	0.000000012361	
845.120000	0.000000012350	
845.320000	0.000000012339	
845.520000	0.000000012328	
845.720000	0.000000012317	
845.920000	0.000000012306	
846.120000	0.000000012295	
846.320000	0.000000012284	
846.520000	0.000000012272	
846.720000	0.000000012261	
846.920000	0.000000012250	
847.120000	0.000000012238	
847.320000	0.000000012227	
847.520000	0.000000012215	
847.720000	0.000000012204	
847.920000	0.000000012192	
848.120000	0.000000012180	
848.320000	0.000000012169	
848.520000	0.000000012157	
848.720000	0.000000012145	
848.920000	0.000000012134	
849.120000	0.000000012122	
849.320000	0.000000012110	
849.520000	0.000000012098	
849.720000	0.000000012086	
849.920000	0.000000012075	
850.120000	0.000000012063	
850.320000	0.000000012051	
850.520000	0.000000012039	
850.720000	0.000000012027	
850.920000	0.000000012015	
851.120000	0.000000012003	
851.320000	0.000000011991	
851.520000	0.000000011979	
851.720000	0.000000011967	
851.920000	0.000000011955	
852.120000	0.000000011943	
852.320000	0.000000011931	
852.520000	0.000000011919	
852.720000	0.000000011907	
852.920000	0.000000011895	
853.120000	0.000000011883	
853.320000	0.000000011871	
853.520000	0.000000011859	
853.720000	0.000000011847	
853.920000	0.000000011835	
854.120000	0.000000011823	
854.320000	0.000000011811	
854.520000	0.000000011799	
854.720000	0.000000011786	
854.920000	0.000000011774	
855.120000	0.000000011762	
855.320000	0.000000011750	
855.520000	0.000000011738	
855.720000	0.000000011726	
855.920000	0.000000011714	
856.120000	0.000000011702	
856.320000	0.000000011690	
856.520000	0.000000011678	
856.720000	0.000000011666	
856.920000	0.000000011654	
857.120000	0.000000011642	
857.320000	0.000000011630	
857.520000	0.000000011618	
857.720000	0.000000011607	
857.920000	0.000000011595	
858.120000	0.000000011583	
858.320000	0.000000011571	
858.520000	0.000000011559	
858.720000	0.000000011547	
858.920000	0.000000011535	
859.120000	0.000000011523	
859.320000	0.000000011512	
859.520000	0.000000011500	
859.720000	0.000000011488	
859.920000	0.000000011476	
860.120000	0.000000011465	
860.320000	0.000000011453	
860.520000	0.000000011441	
860.720000	0.000000011429	
860.920000	0.000000011418	
861.120000	0.000000011406	
861.320000	0.000000011394	
861.520000	0.000000011383	
861.720000	0.000000011371	
861.920000	0.000000011360	
862.120000	0.000000011348	
862.320000	0.000000011337	
862.520000	0.000000011325	
862.720000	0.000000011314	
862.920000	0.000000011302	
863.120000	0.000000011291	
863.320000	0.000000011279	
863.520000	0.000000011268	
863.720000	0.000000011256	
863.920000	0.000000011245	
864.120000	0.000000011234	
864.320000	0.000000011222	
864.520000	0.000000011211	
864.720000	0.000000011200	
864.920000	0.000000011188	
865.120000	0.000000011177	
865.320000	0.000000011166	
865.520000	0.000000011155	
865.720000	0.000000011143	
865.920000	0.000000011132	
866.120000	0.000000011121	
866.320000	0.000000011110	
866.520000	0.000000011099	
866.720000	0.000000011088	
866.920000	0.000000011077	
867.120000	0.000000011066	
867.320000	0.000000011055	
867.520000	0.000000011044	
867.720000	0.000000011033	
867.920000	0.000000011022	
868.120000	0.000000011011	
868.320000	0.000000011000	
868.520000	0.000000010989	
868.720000	0.000000010978	
868.920000	0.000000010967	
869.120000	0.000000010956	
869.320000	0.000000010946	
869.520000	0.000000010935	
869.720000	0.000000010924	
869.920000	0.000000010913	
870.120000	0.000000010903	
870.320000	0.000000010892	
870.520000	0.000000010881	
870.720000	0.000000010871	
870.920000	0.000000010860	
871.120000	0.000000010849	
871.320000	0.000000010839	
871.520000	0.000000010828	
871.720000	0.000000010818	
871.920000	0.000000010807	
872.120000	0.000000010797	
872.320000	0.000000010786	
872.520000	0.000000010776	
872.720000	0.000000010765	
872.920000	0.000000010755	
873.120000	0.000000010744	
873.320000	0.000000010734	
873.520000	0.000000010724	
873.720000	0.000000010713	
873.920000	0.000000010703	
874.120000	0.000000010693	
874.320000	0.000000010683	
874.520000	0.000000010672	
874.720000	0.000000010662	
874.920000	0.000000010652	
875.120000	0.000000010642	
875.320000	0.000000010631	
875.520000	0.000000010621	
875.720000	0.000000010611	
875.920000	0.000000010601	
876.120000	0.000000010591	
876.320000	0.000000010581	
876.520000	0.000000010571	
876.720000	0.000000010561	
876.920000	0.000000010551	
877.120000	0.000000010541	
877.320000	0.000000010531	
877.520000	0.000000010521	
877.720000	0.000000010511	
877.920000	0.000000010501	
878.120000	0.000000010491	
878.320000	0.000000010481	
878.520000	0.000000010471	
878.720000	0.000000010461	
878.920000	0.000000010451	
879.120000	0.000000010442	
879.320000	0.000000010432	
879.520000	0.000000010422	
879.720000	0.000000010412	
879.920000	0.000000010402	
880.120000	0.000000010393	
880.320000	0.000000010383	
880.520000	0.000000010373	
880.720000	0.000000010364	
880.920000	0.000000010354	
881.120000	0.000000010344	
881.320000	0.000000010335	
881.520000	0.000000010325	
881.720000	0.000000010315	
881.920000	0.000000010306	
882.120000	0.000000010296	
882.320000	0.000000010287	
882.520000	0.000000010277	
882.720000	0.000000010268	
882.920000	0.000000010258	
883.120000	0.000000010249	
883.320000	0.000000010239	
883.520000	0.000000010230	
883.720000	0.000000010220	
883.920000	0.000000010211	
884.120000	0.000000010202	
884.320000	0.000000010192	
884.520000	0.000000010183	
884.720000	0.000000010173	
884.920000	0.000000010164	
885.120000	0.000000010155	
885.320000	0.000000010145	
885.520000	0.000000010136	
885.720000	0.000000010127	
885.920000	0.000000010118	
886.120000	0.000000010108	
886.320000	0.000000010099	
886.520000	0.000000010090	
886.720000	0.000000010081	
886.920000	0.000000010071	
887.120000	0.000000010062	
887.320000	0.000000010053	
887.520000	0.000000010044	
887.720000	0.000000010035	
887.920000	0.000000010026	
888.120000	0.000000010017	
888.320000	0.000000010007	
888.520000	0.000000009998	
888.720000	0.000000009989	
908.720000	0.000000009140	
928.720000	0.000000008379	
948.720000	0.000000007684	
968.720000	0.000000007048	
988.720000	0.000000006466	
1008.720000	0.000000005937	
1028.720000	0.000000005456	
1048.720000	0.000000005021	
1068.720000	0.000000004628	
1088.720000	0.000000004276	
1108.720000	0.000000003960	
1128.720000	0.000000003677	
1148.720000	0.000000003425	
1168.720000	0.000000003201	
1188.720000	0.000000003001	
1208.720000	0.000000002824	
1228.720000	0.000000002668	
1248.720000	0.000000002529	
1268.720000	0.000000002407	
1288.720000	0.000000002299	
1308.720000	0.000000002204	
1328.720000	0.000000002121	
1348.720000	0.000000002048	
1368.720000	0.000000001984	
1388.720000	0.000000001928	
1408.720000	0.000000001879	
1428.720000	0.000000001837	
1448.720000	0.000000001800	
1468.720000	0.000000001768	
1488.720000	0.000000001740	
1508.720000	0.000000001717	
1528.720000	0.000000001696	
1548.720000	0.000000001679	
1568.720000	0.000000001664	
1588.720000	0.000000001651	
1608.720000	0.000000001641	
1628.720000	0.000000001632	
1648.720000	0.000000001625	
1668.720000	0.000000001619	
1688.720000	0.000000001614	
1708.720000	0.000000001610	
1728.720000	0.000000001607	
1748.720000	0.000000001605	
1768.720000	0.000000001603	
1788.720000	0.000000001602	
1808.720000	0.000000001602	
1828.720000	0.000000001602	
1848.720000	0.000000001602	
1868.720000	0.000000001602	
1888.720000	0.000000001603	
1908.720000	0.000000001604	
1928.720000	0.000000001605	
1948.720000	0.000000001606	
1968.720000	0.000000001608	
1988.720000	0.000000001609	
2008.720000	0.000000001610	
2028.720000	0.000000001612	
2048.720000	0.000000001613	
2068.720000	0.000000001615	
2088.720000	0.000000001616	
2108.720000	0.000000001618	
2128.720000	0.000000001620	
2148.720000	0.000000001621	
2168.720000	0.000000001623	
2188.720000	0.000000001624	
2208.720000	0.000000001626	
2228.720000	0.000000001627	
2248.720000	0.000000001629	
2268.720000	0.000000001630	
2288.720000	0.000000001631	
2308.720000	0.000000001633	
2328.720000	0.000000001634	
2348.720000	0.000000001635	
2368.720000	0.000000001637	
2388.720000	0.000000001638	
2408.720000	0.000000001639	
2428.720000	0.000000001641	
2448.720000	0.000000001642	
2468.720000	0.000000001643	
2488.720000	0.000000001644	
