0.000000	-0.000000000000000	
20.000000	-0.000000000000001	
40.000000	0.000000000000001	
60.000000	0.000000000000001	
80.000000	0.000000000000000	
100.000000	0.000000000000000	
120.000000	-0.000000000000121	
140.000000	-0.000000000000138	
160.000000	-0.000000000000118	
180.000000	-0.000000000000112	
200.000000	-0.000000000000103	
220.000000	-0.000000000000096	
240.000000	-0.000000000000089	
260.000000	-0.000000000000084	
280.000000	-0.000000000000079	
300.000000	-0.000000000000075	
320.000000	-0.000000000000097	
340.000000	-0.000000000000094	
360.000000	-0.000000000000092	
380.000000	-0.000000000000090	
400.000000	-0.000000000000088	
420.000000	-0.000000000000087	
440.000000	-0.000000000000086	
460.000000	-0.000000000000086	
480.000000	-0.000000000000085	
500.000000	-0.000000000000085	
520.000000	-0.000000000000081	
540.000000	-0.000000000000076	
560.000000	-0.000000000000075	
580.000000	-0.000000000000102	
580.720000	-0.000000000000107	
580.920000	-0.000000000000108	
581.120000	-0.000000000000110	
581.320000	-0.000000000000111	
581.520000	-0.000000000000113	
581.720000	-0.000000000000115	
581.920000	-0.000000000000117	
582.120000	-0.000000000000120	
582.320000	-0.000000000000122	
582.520000	-0.000000000000125	
582.720000	-0.000000000000128	
582.920000	-0.000000000000131	
583.120000	-0.000000000000134	
583.320000	-0.000000000000138	
583.520000	-0.000000000000142	
583.720000	-0.000000000000147	
583.920000	-0.000000000000152	
584.120000	-0.000000000000158	
584.320000	-0.000000000000164	
584.520000	-0.000000000000172	
584.720000	-0.000000000000180	
584.920000	-0.000000000000190	
585.120000	-0.000000000000201	
585.320000	-0.000000000000214	
585.520000	-0.000000000000230	
585.720000	-0.000000000000249	
585.920000	-0.000000000000272	
586.120000	-0.000000000000300	
586.320000	-0.000000000000336	
586.520000	-0.000000000000383	
586.720000	-0.000000000000447	
586.920000	-0.000000000000537	
587.120000	-0.000000000000673	
587.320000	-0.000000000000896	
587.520000	-0.000000000001320	
587.720000	-0.000000000002373	
587.920000	-0.000000000007911	
588.120000	-0.000000000086260	
588.320000	-0.000000000107550	
588.520000	-0.000000000756162	
588.720000	-0.000000000039969	
588.920000	0.000000000062368	
589.120000	0.000000000109975	
589.320000	0.000000000110105	
589.520000	0.000000000062144	
589.720000	0.000000000051571	
589.920000	0.000000000056964	
590.120000	0.000000000077540	
590.320000	0.000000000119588	
590.520000	0.000000000100518	
590.720000	0.000000000047676	
590.920000	0.000000000029084	
591.120000	0.000000000015776	
611.120000	-0.000000000000199	
619.240000	-0.000000000000164	
619.440000	-0.000000000000164	
619.640000	-0.000000000000163	
619.840000	-0.000000000000163	
620.040000	-0.000000000000162	
620.240000	-0.000000000000162	
620.440000	-0.000000000000161	
620.640000	-0.000000000000161	
620.840000	-0.000000000000160	
621.040000	-0.000000000000160	
621.240000	-0.000000000000160	
621.440000	-0.000000000000159	
621.640000	-0.000000000000159	
621.840000	-0.000000000000159	
622.040000	-0.000000000000159	
622.240000	-0.000000000000158	
622.440000	-0.000000000000158	
622.640000	-0.000000000000158	
622.840000	-0.000000000000158	
623.040000	-0.000000000000158	
623.240000	-0.000000000000158	
623.440000	-0.000000000000158	
623.640000	-0.000000000000158	
623.840000	-0.000000000000158	
624.040000	-0.000000000000158	
624.240000	-0.000000000000158	
624.440000	-0.000000000000159	
624.640000	-0.000000000000159	
624.840000	-0.000000000000159	
625.040000	-0.000000000000160	
625.240000	-0.000000000000160	
625.440000	-0.000000000000161	
625.640000	-0.000000000000161	
625.840000	-0.000000000000162	
626.040000	-0.000000000000163	
626.240000	-0.000000000000163	
626.440000	-0.000000000000164	
626.640000	-0.000000000000165	
626.840000	-0.000000000000167	
627.040000	-0.000000000000168	
627.240000	-0.000000000000169	
627.440000	-0.000000000000171	
627.640000	-0.000000000000172	
627.840000	-0.000000000000174	
628.040000	-0.000000000000176	
628.240000	-0.000000000000178	
628.440000	-0.000000000000180	
628.640000	-0.000000000000183	
628.840000	-0.000000000000186	
629.040000	-0.000000000000189	
629.240000	-0.000000000000193	
629.440000	-0.000000000000196	
629.640000	-0.000000000000201	
629.840000	-0.000000000000205	
630.040000	-0.000000000000211	
630.240000	-0.000000000000217	
630.440000	-0.000000000000224	
630.640000	-0.000000000000231	
630.840000	-0.000000000000240	
631.040000	-0.000000000000250	
631.240000	-0.000000000000261	
631.440000	-0.000000000000275	
631.640000	-0.000000000000290	
631.840000	-0.000000000000309	
632.040000	-0.000000000000331	
632.240000	-0.000000000000358	
632.440000	-0.000000000000392	
632.640000	-0.000000000000436	
632.840000	-0.000000000000492	
633.040000	-0.000000000000569	
633.240000	-0.000000000000678	
633.440000	-0.000000000000843	
633.640000	-0.000000000001120	
633.840000	-0.000000000001664	
634.040000	-0.000000000003139	
634.240000	-0.000000000014910	
634.440000	-0.000000000088652	
634.640000	-0.000000000211517	
634.840000	-0.000000000311250	
635.040000	0.000000000006956	
635.240000	0.000000000092252	
635.440000	0.000000000120911	
635.640000	0.000000000092290	
635.840000	0.000000000057555	
636.040000	0.000000000052441	
636.240000	0.000000000061284	
636.440000	0.000000000085030	
636.640000	0.000000000120878	
636.840000	0.000000000073063	
637.040000	0.000000000039689	
637.240000	0.000000000025315	
637.440000	0.000000000014223	
657.440000	-0.000000000000216	
658.480000	-0.000000000000210	
658.680000	-0.000000000000209	
658.880000	-0.000000000000208	
659.080000	-0.000000000000207	
659.280000	-0.000000000000206	
659.480000	-0.000000000000205	
659.680000	-0.000000000000204	
659.880000	-0.000000000000203	
660.080000	-0.000000000000202	
660.280000	-0.000000000000201	
660.480000	-0.000000000000200	
660.680000	-0.000000000000199	
660.880000	-0.000000000000198	
661.080000	-0.000000000000197	
661.280000	-0.000000000000197	
661.480000	-0.000000000000196	
661.680000	-0.000000000000195	
661.880000	-0.000000000000194	
662.080000	-0.000000000000193	
662.280000	-0.000000000000192	
662.480000	-0.000000000000192	
662.680000	-0.000000000000191	
662.880000	-0.000000000000190	
663.080000	-0.000000000000190	
663.280000	-0.000000000000189	
663.480000	-0.000000000000188	
663.680000	-0.000000000000188	
663.880000	-0.000000000000187	
664.080000	-0.000000000000187	
664.280000	-0.000000000000186	
664.480000	-0.000000000000186	
664.680000	-0.000000000000185	
664.880000	-0.000000000000185	
665.080000	-0.000000000000184	
665.280000	-0.000000000000184	
665.480000	-0.000000000000184	
665.680000	-0.000000000000183	
665.880000	-0.000000000000183	
666.080000	-0.000000000000183	
666.280000	-0.000000000000183	
666.480000	-0.000000000000183	
666.680000	-0.000000000000183	
666.880000	-0.000000000000183	
667.080000	-0.000000000000183	
667.280000	-0.000000000000183	
667.480000	-0.000000000000183	
667.680000	-0.000000000000183	
667.880000	-0.000000000000183	
668.080000	-0.000000000000184	
668.280000	-0.000000000000184	
668.480000	-0.000000000000184	
668.680000	-0.000000000000185	
668.880000	-0.000000000000186	
669.080000	-0.000000000000186	
669.280000	-0.000000000000187	
669.480000	-0.000000000000188	
669.680000	-0.000000000000189	
669.880000	-0.000000000000190	
670.080000	-0.000000000000192	
670.280000	-0.000000000000193	
670.480000	-0.000000000000195	
670.680000	-0.000000000000196	
670.880000	-0.000000000000198	
671.080000	-0.000000000000200	
671.280000	-0.000000000000203	
671.480000	-0.000000000000205	
671.680000	-0.000000000000208	
671.880000	-0.000000000000211	
672.080000	-0.000000000000215	
672.280000	-0.000000000000219	
672.480000	-0.000000000000223	
672.680000	-0.000000000000228	
672.880000	-0.000000000000233	
673.080000	-0.000000000000239	
673.280000	-0.000000000000246	
673.480000	-0.000000000000253	
673.680000	-0.000000000000262	
673.880000	-0.000000000000271	
674.080000	-0.000000000000282	
674.280000	-0.000000000000295	
674.480000	-0.000000000000310	
674.680000	-0.000000000000327	
674.880000	-0.000000000000348	
675.080000	-0.000000000000372	
675.280000	-0.000000000000402	
675.480000	-0.000000000000439	
675.680000	-0.000000000000486	
675.880000	-0.000000000000548	
676.080000	-0.000000000000630	
676.280000	-0.000000000000747	
676.480000	-0.000000000000923	
676.680000	-0.000000000001214	
676.880000	-0.000000000001778	
677.080000	-0.000000000003272	
677.280000	-0.000000000014356	
677.480000	-0.000000000094534	
677.680000	-0.000000000272819	
677.880000	-0.000000000204234	
678.080000	0.000000000015692	
678.280000	0.000000000098146	
678.480000	0.000000000125534	
678.680000	0.000000000092902	
678.880000	0.000000000058687	
679.080000	0.000000000053063	
679.280000	0.000000000061403	
679.480000	0.000000000083906	
679.680000	0.000000000114159	
679.880000	0.000000000068835	
680.080000	0.000000000038898	
680.280000	0.000000000025587	
680.480000	0.000000000014846	
680.680000	0.000000000008539	
699.480000	-0.000000000000231	
699.680000	-0.000000000000230	
699.880000	-0.000000000000229	
700.080000	-0.000000000000227	
700.280000	-0.000000000000226	
700.480000	-0.000000000000225	
700.680000	-0.000000000000224	
700.880000	-0.000000000000222	
701.080000	-0.000000000000221	
701.280000	-0.000000000000220	
701.480000	-0.000000000000219	
701.680000	-0.000000000000218	
701.880000	-0.000000000000216	
702.080000	-0.000000000000215	
702.280000	-0.000000000000214	
702.480000	-0.000000000000213	
702.680000	-0.000000000000212	
702.880000	-0.000000000000211	
703.080000	-0.000000000000209	
703.280000	-0.000000000000208	
703.480000	-0.000000000000207	
703.680000	-0.000000000000206	
703.880000	-0.000000000000205	
704.080000	-0.000000000000204	
704.280000	-0.000000000000203	
704.480000	-0.000000000000202	
704.680000	-0.000000000000201	
704.880000	-0.000000000000200	
705.080000	-0.000000000000199	
705.280000	-0.000000000000198	
705.480000	-0.000000000000197	
705.680000	-0.000000000000196	
705.880000	-0.000000000000195	
706.080000	-0.000000000000194	
706.280000	-0.000000000000193	
706.480000	-0.000000000000193	
706.680000	-0.000000000000192	
706.880000	-0.000000000000191	
707.080000	-0.000000000000190	
707.280000	-0.000000000000189	
707.480000	-0.000000000000189	
707.680000	-0.000000000000188	
707.880000	-0.000000000000187	
708.080000	-0.000000000000187	
708.280000	-0.000000000000186	
708.480000	-0.000000000000186	
708.680000	-0.000000000000185	
708.880000	-0.000000000000184	
709.080000	-0.000000000000184	
709.280000	-0.000000000000183	
709.480000	-0.000000000000183	
709.680000	-0.000000000000183	
709.880000	-0.000000000000182	
710.080000	-0.000000000000182	
710.280000	-0.000000000000182	
710.480000	-0.000000000000181	
710.680000	-0.000000000000181	
710.880000	-0.000000000000181	
711.080000	-0.000000000000181	
711.280000	-0.000000000000181	
711.480000	-0.000000000000181	
711.680000	-0.000000000000181	
711.880000	-0.000000000000181	
712.080000	-0.000000000000181	
712.280000	-0.000000000000181	
712.480000	-0.000000000000182	
712.680000	-0.000000000000182	
712.880000	-0.000000000000182	
713.080000	-0.000000000000183	
713.280000	-0.000000000000183	
713.480000	-0.000000000000184	
713.680000	-0.000000000000185	
713.880000	-0.000000000000186	
714.080000	-0.000000000000187	
714.280000	-0.000000000000188	
714.480000	-0.000000000000189	
714.680000	-0.000000000000190	
714.880000	-0.000000000000192	
715.080000	-0.000000000000194	
715.280000	-0.000000000000195	
715.480000	-0.000000000000197	
715.680000	-0.000000000000200	
715.880000	-0.000000000000202	
716.080000	-0.000000000000205	
716.280000	-0.000000000000208	
716.480000	-0.000000000000211	
716.680000	-0.000000000000215	
716.880000	-0.000000000000218	
717.080000	-0.000000000000223	
717.280000	-0.000000000000228	
717.480000	-0.000000000000233	
717.680000	-0.000000000000239	
717.880000	-0.000000000000246	
718.080000	-0.000000000000254	
718.280000	-0.000000000000262	
718.480000	-0.000000000000272	
718.680000	-0.000000000000283	
718.880000	-0.000000000000296	
719.080000	-0.000000000000310	
719.280000	-0.000000000000327	
719.480000	-0.000000000000347	
719.680000	-0.000000000000370	
719.880000	-0.000000000000399	
720.080000	-0.000000000000434	
720.280000	-0.000000000000477	
720.480000	-0.000000000000532	
720.680000	-0.000000000000603	
720.880000	-0.000000000000701	
721.080000	-0.000000000000841	
721.280000	-0.000000000001056	
721.480000	-0.000000000001422	
721.680000	-0.000000000002174	
721.880000	-0.000000000004501	
722.080000	-0.000000000045723	
722.280000	-0.000000000114073	
722.480000	-0.000000000752140	
722.680000	-0.000000000069379	
722.880000	0.000000000054096	
723.080000	0.000000000115948	
723.280000	0.000000000129380	
723.480000	0.000000000079044	
723.680000	0.000000000056305	
723.880000	0.000000000054973	
724.080000	0.000000000066893	
724.280000	0.000000000093985	
724.480000	0.000000000101354	
724.680000	0.000000000052944	
724.880000	0.000000000034415	
725.080000	0.000000000021773	
725.280000	0.000000000012863	
725.480000	0.000000000007694	
745.060000	-0.000000000000226	
745.260000	-0.000000000000225	
745.460000	-0.000000000000223	
745.660000	-0.000000000000222	
745.860000	-0.000000000000221	
746.060000	-0.000000000000219	
746.260000	-0.000000000000218	
746.460000	-0.000000000000216	
746.660000	-0.000000000000215	
746.860000	-0.000000000000213	
747.060000	-0.000000000000212	
747.260000	-0.000000000000210	
747.460000	-0.000000000000209	
747.660000	-0.000000000000207	
747.860000	-0.000000000000206	
748.060000	-0.000000000000205	
748.260000	-0.000000000000203	
748.460000	-0.000000000000202	
748.660000	-0.000000000000200	
748.860000	-0.000000000000199	
749.060000	-0.000000000000198	
749.260000	-0.000000000000196	
749.460000	-0.000000000000195	
749.660000	-0.000000000000194	
749.860000	-0.000000000000192	
750.060000	-0.000000000000191	
750.260000	-0.000000000000190	
750.460000	-0.000000000000188	
750.660000	-0.000000000000187	
750.860000	-0.000000000000186	
751.060000	-0.000000000000184	
751.260000	-0.000000000000183	
751.460000	-0.000000000000182	
751.660000	-0.000000000000181	
751.860000	-0.000000000000179	
752.060000	-0.000000000000178	
752.260000	-0.000000000000177	
752.460000	-0.000000000000176	
752.660000	-0.000000000000174	
752.860000	-0.000000000000173	
753.060000	-0.000000000000172	
753.260000	-0.000000000000171	
753.460000	-0.000000000000170	
753.660000	-0.000000000000169	
753.860000	-0.000000000000168	
754.060000	-0.000000000000167	
754.260000	-0.000000000000165	
754.460000	-0.000000000000164	
754.660000	-0.000000000000163	
754.860000	-0.000000000000162	
755.060000	-0.000000000000161	
755.260000	-0.000000000000160	
755.460000	-0.000000000000159	
755.660000	-0.000000000000158	
755.860000	-0.000000000000157	
756.060000	-0.000000000000156	
756.260000	-0.000000000000155	
756.460000	-0.000000000000154	
756.660000	-0.000000000000153	
756.860000	-0.000000000000153	
757.060000	-0.000000000000152	
757.260000	-0.000000000000151	
757.460000	-0.000000000000150	
757.660000	-0.000000000000149	
757.860000	-0.000000000000148	
758.060000	-0.000000000000148	
758.260000	-0.000000000000147	
758.460000	-0.000000000000146	
758.660000	-0.000000000000145	
758.860000	-0.000000000000144	
759.060000	-0.000000000000144	
759.260000	-0.000000000000143	
759.460000	-0.000000000000142	
759.660000	-0.000000000000142	
759.860000	-0.000000000000141	
760.060000	-0.000000000000140	
760.260000	-0.000000000000140	
760.460000	-0.000000000000139	
760.660000	-0.000000000000139	
760.860000	-0.000000000000138	
761.060000	-0.000000000000138	
761.260000	-0.000000000000137	
761.460000	-0.000000000000137	
761.660000	-0.000000000000136	
761.860000	-0.000000000000136	
762.060000	-0.000000000000135	
762.260000	-0.000000000000135	
762.460000	-0.000000000000135	
762.660000	-0.000000000000134	
762.860000	-0.000000000000134	
763.060000	-0.000000000000134	
763.260000	-0.000000000000134	
763.460000	-0.000000000000133	
763.660000	-0.000000000000133	
763.860000	-0.000000000000133	
764.060000	-0.000000000000133	
764.260000	-0.000000000000133	
764.460000	-0.000000000000133	
764.660000	-0.000000000000133	
764.860000	-0.000000000000133	
765.060000	-0.000000000000133	
765.260000	-0.000000000000133	
765.460000	-0.000000000000134	
765.660000	-0.000000000000134	
765.860000	-0.000000000000134	
766.060000	-0.000000000000134	
766.260000	-0.000000000000135	
766.460000	-0.000000000000135	
766.660000	-0.000000000000136	
766.860000	-0.000000000000136	
767.060000	-0.000000000000137	
767.260000	-0.000000000000138	
767.460000	-0.000000000000139	
767.660000	-0.000000000000140	
767.860000	-0.000000000000141	
768.060000	-0.000000000000142	
768.260000	-0.000000000000143	
768.460000	-0.000000000000145	
768.660000	-0.000000000000146	
768.860000	-0.000000000000148	
769.060000	-0.000000000000150	
769.260000	-0.000000000000151	
769.460000	-0.000000000000154	
769.660000	-0.000000000000156	
769.860000	-0.000000000000159	
770.060000	-0.000000000000161	
770.260000	-0.000000000000164	
770.460000	-0.000000000000168	
770.660000	-0.000000000000172	
770.860000	-0.000000000000176	
771.060000	-0.000000000000180	
771.260000	-0.000000000000185	
771.460000	-0.000000000000191	
771.660000	-0.000000000000197	
771.860000	-0.000000000000203	
772.060000	-0.000000000000211	
772.260000	-0.000000000000219	
772.460000	-0.000000000000229	
772.660000	-0.000000000000240	
772.860000	-0.000000000000252	
773.060000	-0.000000000000266	
773.260000	-0.000000000000283	
773.460000	-0.000000000000302	
773.660000	-0.000000000000324	
773.860000	-0.000000000000350	
774.060000	-0.000000000000383	
774.260000	-0.000000000000422	
774.460000	-0.000000000000471	
774.660000	-0.000000000000534	
774.860000	-0.000000000000617	
775.060000	-0.000000000000730	
775.260000	-0.000000000000895	
775.460000	-0.000000000001152	
775.660000	-0.000000000001606	
775.860000	-0.000000000002601	
776.060000	-0.000000000006355	
776.260000	-0.000000000096852	
776.460000	-0.000000000166830	
776.660000	-0.000000000633402	
776.860000	-0.000000000028113	
777.060000	0.000000000078767	
777.260000	0.000000000128104	
777.460000	0.000000000127725	
777.660000	0.000000000072860	
777.860000	0.000000000055798	
778.060000	0.000000000057811	
778.260000	0.000000000073358	
778.460000	0.000000000102005	
778.660000	0.000000000082056	
778.860000	0.000000000045011	
779.060000	0.000000000030435	
779.260000	0.000000000018512	
779.460000	0.000000000011245	
779.660000	0.000000000007035	
799.660000	-0.000000000000214	
804.320000	-0.000000000000173	
804.520000	-0.000000000000172	
804.720000	-0.000000000000170	
804.920000	-0.000000000000168	
805.120000	-0.000000000000167	
805.320000	-0.000000000000165	
805.520000	-0.000000000000163	
805.720000	-0.000000000000162	
805.920000	-0.000000000000160	
806.120000	-0.000000000000158	
806.320000	-0.000000000000157	
806.520000	-0.000000000000155	
806.720000	-0.000000000000153	
806.920000	-0.000000000000152	
807.120000	-0.000000000000150	
807.320000	-0.000000000000149	
807.520000	-0.000000000000147	
807.720000	-0.000000000000145	
807.920000	-0.000000000000144	
808.120000	-0.000000000000142	
808.320000	-0.000000000000141	
808.520000	-0.000000000000139	
808.720000	-0.000000000000138	
808.920000	-0.000000000000136	
809.120000	-0.000000000000134	
809.320000	-0.000000000000133	
809.520000	-0.000000000000131	
809.720000	-0.000000000000130	
809.920000	-0.000000000000128	
810.120000	-0.000000000000127	
810.320000	-0.000000000000125	
810.520000	-0.000000000000124	
810.720000	-0.000000000000122	
810.920000	-0.000000000000121	
811.120000	-0.000000000000119	
811.320000	-0.000000000000118	
811.520000	-0.000000000000116	
811.720000	-0.000000000000115	
811.920000	-0.000000000000114	
812.120000	-0.000000000000112	
812.320000	-0.000000000000111	
812.520000	-0.000000000000109	
812.720000	-0.000000000000108	
812.920000	-0.000000000000107	
813.120000	-0.000000000000105	
813.320000	-0.000000000000104	
813.520000	-0.000000000000102	
813.720000	-0.000000000000101	
813.920000	-0.000000000000100	
814.120000	-0.000000000000098	
814.320000	-0.000000000000097	
814.520000	-0.000000000000096	
814.720000	-0.000000000000094	
814.920000	-0.000000000000093	
815.120000	-0.000000000000092	
815.320000	-0.000000000000090	
815.520000	-0.000000000000089	
815.720000	-0.000000000000088	
815.920000	-0.000000000000086	
816.120000	-0.000000000000085	
816.320000	-0.000000000000084	
816.520000	-0.000000000000083	
816.720000	-0.000000000000081	
816.920000	-0.000000000000080	
817.120000	-0.000000000000079	
817.320000	-0.000000000000078	
817.520000	-0.000000000000076	
817.720000	-0.000000000000075	
817.920000	-0.000000000000074	
818.120000	-0.000000000000073	
818.320000	-0.000000000000072	
818.520000	-0.000000000000070	
818.720000	-0.000000000000069	
818.920000	-0.000000000000068	
819.120000	-0.000000000000067	
819.320000	-0.000000000000066	
819.520000	-0.000000000000064	
819.720000	-0.000000000000063	
819.920000	-0.000000000000062	
820.120000	-0.000000000000061	
820.320000	-0.000000000000060	
820.520000	-0.000000000000059	
820.720000	-0.000000000000058	
820.920000	-0.000000000000056	
821.120000	-0.000000000000055	
821.320000	-0.000000000000054	
821.520000	-0.000000000000053	
821.720000	-0.000000000000052	
821.920000	-0.000000000000051	
822.120000	-0.000000000000050	
822.320000	-0.000000000000049	
822.520000	-0.000000000000048	
822.720000	-0.000000000000047	
822.920000	-0.000000000000046	
823.120000	-0.000000000000045	
823.320000	-0.000000000000044	
823.520000	-0.000000000000043	
823.720000	-0.000000000000041	
823.920000	-0.000000000000040	
824.120000	-0.000000000000039	
824.320000	-0.000000000000038	
824.520000	-0.000000000000037	
824.720000	-0.000000000000036	
824.920000	-0.000000000000035	
825.120000	-0.000000000000034	
825.320000	-0.000000000000033	
825.520000	-0.000000000000032	
825.720000	-0.000000000000032	
825.920000	-0.000000000000031	
826.120000	-0.000000000000030	
826.320000	-0.000000000000029	
826.520000	-0.000000000000028	
826.720000	-0.000000000000027	
826.920000	-0.000000000000026	
827.120000	-0.000000000000025	
827.320000	-0.000000000000024	
827.520000	-0.000000000000023	
827.720000	-0.000000000000022	
827.920000	-0.000000000000021	
828.120000	-0.000000000000020	
828.320000	-0.000000000000019	
828.520000	-0.000000000000019	
828.720000	-0.000000000000018	
828.920000	-0.000000000000017	
829.120000	-0.000000000000016	
829.320000	-0.000000000000015	
829.520000	-0.000000000000014	
829.720000	-0.000000000000013	
829.920000	-0.000000000000013	
830.120000	-0.000000000000012	
830.320000	-0.000000000000011	
830.520000	-0.000000000000010	
830.720000	-0.000000000000009	
830.920000	-0.000000000000009	
831.120000	-0.000000000000008	
831.320000	-0.000000000000007	
831.520000	-0.000000000000006	
831.720000	-0.000000000000005	
831.920000	-0.000000000000005	
832.120000	-0.000000000000004	
832.320000	-0.000000000000003	
832.520000	-0.000000000000002	
832.720000	-0.000000000000002	
832.920000	-0.000000000000001	
833.120000	-0.000000000000000	
833.320000	0.000000000000000	
833.520000	0.000000000000001	
833.720000	0.000000000000002	
833.920000	0.000000000000003	
834.120000	0.000000000000003	
834.320000	0.000000000000004	
834.520000	0.000000000000005	
834.720000	0.000000000000005	
834.920000	0.000000000000006	
835.120000	0.000000000000007	
835.320000	0.000000000000007	
835.520000	0.000000000000008	
835.720000	0.000000000000008	
835.920000	0.000000000000009	
836.120000	0.000000000000010	
836.320000	0.000000000000010	
836.520000	0.000000000000011	
836.720000	0.000000000000012	
836.920000	0.000000000000012	
837.120000	0.000000000000013	
837.320000	0.000000000000013	
837.520000	0.000000000000014	
837.720000	0.000000000000014	
837.920000	0.000000000000015	
838.120000	0.000000000000015	
838.320000	0.000000000000016	
838.520000	0.000000000000017	
838.720000	0.000000000000017	
838.920000	0.000000000000018	
839.120000	0.000000000000018	
839.320000	0.000000000000019	
839.520000	0.000000000000019	
839.720000	0.000000000000020	
839.920000	0.000000000000020	
840.120000	0.000000000000021	
840.320000	0.000000000000021	
840.520000	0.000000000000021	
840.720000	0.000000000000022	
840.920000	0.000000000000022	
841.120000	0.000000000000023	
841.320000	0.000000000000023	
841.520000	0.000000000000024	
841.720000	0.000000000000024	
841.920000	0.000000000000024	
842.120000	0.000000000000025	
842.320000	0.000000000000025	
842.520000	0.000000000000026	
842.720000	0.000000000000026	
842.920000	0.000000000000026	
843.120000	0.000000000000027	
843.320000	0.000000000000027	
843.520000	0.000000000000028	
843.720000	0.000000000000028	
843.920000	0.000000000000028	
844.120000	0.000000000000029	
844.320000	0.000000000000029	
844.520000	0.000000000000029	
844.720000	0.000000000000030	
844.920000	0.000000000000030	
845.120000	0.000000000000030	
845.320000	0.000000000000031	
845.520000	0.000000000000031	
845.720000	0.000000000000031	
845.920000	0.000000000000031	
846.120000	0.000000000000032	
846.320000	0.000000000000032	
846.520000	0.000000000000032	
846.720000	0.000000000000033	
846.920000	0.000000000000033	
847.120000	0.000000000000033	
847.320000	0.000000000000033	
847.520000	0.000000000000034	
847.720000	0.000000000000034	
847.920000	0.000000000000034	
848.120000	0.000000000000034	
848.320000	0.000000000000035	
848.520000	0.000000000000035	
848.720000	0.000000000000035	
848.920000	0.000000000000035	
849.120000	0.000000000000035	
849.320000	0.000000000000036	
849.520000	0.000000000000036	
849.720000	0.000000000000036	
849.920000	0.000000000000036	
850.120000	0.000000000000036	
850.320000	0.000000000000037	
850.520000	0.000000000000037	
850.720000	0.000000000000037	
850.920000	0.000000000000037	
851.120000	0.000000000000037	
851.320000	0.000000000000037	
851.520000	0.000000000000038	
851.720000	0.000000000000038	
851.920000	0.000000000000038	
852.120000	0.000000000000038	
852.320000	0.000000000000038	
852.520000	0.000000000000038	
852.720000	0.000000000000039	
852.920000	0.000000000000039	
853.120000	0.000000000000039	
853.320000	0.000000000000039	
853.520000	0.000000000000039	
853.720000	0.000000000000039	
853.920000	0.000000000000039	
854.120000	0.000000000000039	
854.320000	0.000000000000040	
854.520000	0.000000000000040	
854.720000	0.000000000000040	
854.920000	0.000000000000040	
855.120000	0.000000000000040	
855.320000	0.000000000000040	
855.520000	0.000000000000040	
855.720000	0.000000000000040	
855.920000	0.000000000000040	
856.120000	0.000000000000041	
856.320000	0.000000000000041	
856.520000	0.000000000000041	
856.720000	0.000000000000041	
856.920000	0.000000000000041	
857.120000	0.000000000000041	
857.320000	0.000000000000041	
857.520000	0.000000000000041	
857.720000	0.000000000000041	
857.920000	0.000000000000041	
858.120000	0.000000000000041	
858.320000	0.000000000000041	
858.520000	0.000000000000041	
858.720000	0.000000000000042	
858.920000	0.000000000000042	
859.120000	0.000000000000042	
859.320000	0.000000000000042	
859.520000	0.000000000000042	
859.720000	0.000000000000042	
859.920000	0.000000000000042	
860.120000	0.000000000000042	
860.320000	0.000000000000042	
860.520000	0.000000000000042	
860.720000	0.000000000000042	
860.920000	0.000000000000042	
861.120000	0.000000000000042	
861.320000	0.000000000000042	
861.520000	0.000000000000042	
861.720000	0.000000000000042	
861.920000	0.000000000000042	
862.120000	0.000000000000042	
862.320000	0.000000000000042	
862.520000	0.000000000000043	
862.720000	0.000000000000043	
862.920000	0.000000000000043	
863.120000	0.000000000000043	
863.320000	0.000000000000043	
863.520000	0.000000000000043	
863.720000	0.000000000000043	
863.920000	0.000000000000043	
864.120000	0.000000000000043	
864.320000	0.000000000000043	
864.520000	0.000000000000043	
864.720000	0.000000000000043	
864.920000	0.000000000000043	
865.120000	0.000000000000043	
865.320000	0.000000000000043	
865.520000	0.000000000000043	
865.720000	0.000000000000043	
865.920000	0.000000000000043	
866.120000	0.000000000000043	
866.320000	0.000000000000043	
866.520000	0.000000000000043	
866.720000	0.000000000000043	
866.920000	0.000000000000043	
867.120000	0.000000000000043	
867.320000	0.000000000000043	
867.520000	0.000000000000043	
867.720000	0.000000000000043	
867.920000	0.000000000000043	
868.120000	0.000000000000043	
868.320000	0.000000000000043	
868.520000	0.000000000000043	
868.720000	0.000000000000043	
868.920000	0.000000000000043	
869.120000	0.000000000000043	
869.320000	0.000000000000043	
869.520000	0.000000000000043	
869.720000	0.000000000000043	
869.920000	0.000000000000043	
870.120000	0.000000000000043	
870.320000	0.000000000000043	
870.520000	0.000000000000043	
870.720000	0.000000000000043	
870.920000	0.000000000000043	
871.120000	0.000000000000043	
871.320000	0.000000000000043	
871.520000	0.000000000000043	
871.720000	0.000000000000043	
871.920000	0.000000000000043	
872.120000	0.000000000000043	
872.320000	0.000000000000043	
872.520000	0.000000000000043	
872.720000	0.000000000000043	
872.920000	0.000000000000043	
873.120000	0.000000000000043	
873.320000	0.000000000000043	
873.520000	0.000000000000044	
873.720000	0.000000000000044	
873.920000	0.000000000000044	
874.120000	0.000000000000044	
874.320000	0.000000000000044	
874.520000	0.000000000000044	
874.720000	0.000000000000044	
874.920000	0.000000000000044	
875.120000	0.000000000000044	
875.320000	0.000000000000044	
875.520000	0.000000000000044	
875.720000	0.000000000000044	
875.920000	0.000000000000044	
876.120000	0.000000000000044	
876.320000	0.000000000000044	
876.520000	0.000000000000044	
876.720000	0.000000000000044	
876.920000	0.000000000000044	
877.120000	0.000000000000044	
877.320000	0.000000000000044	
877.520000	0.000000000000044	
877.720000	0.000000000000044	
877.920000	0.000000000000044	
878.120000	0.000000000000044	
878.320000	0.000000000000044	
878.520000	0.000000000000044	
878.720000	0.000000000000044	
878.920000	0.000000000000044	
879.120000	0.000000000000044	
879.320000	0.000000000000044	
879.520000	0.000000000000044	
879.720000	0.000000000000044	
879.920000	0.000000000000044	
880.120000	0.000000000000044	
880.320000	0.000000000000044	
880.520000	0.000000000000044	
880.720000	0.000000000000044	
880.920000	0.000000000000044	
881.120000	0.000000000000044	
881.320000	0.000000000000044	
881.520000	0.000000000000044	
881.720000	0.000000000000044	
881.920000	0.000000000000044	
882.120000	0.000000000000044	
882.320000	0.000000000000044	
882.520000	0.000000000000044	
882.720000	0.000000000000044	
882.920000	0.000000000000044	
883.120000	0.000000000000044	
883.320000	0.000000000000044	
883.520000	0.000000000000044	
883.720000	0.000000000000044	
883.920000	0.000000000000044	
884.120000	0.000000000000044	
884.320000	0.000000000000044	
884.520000	0.000000000000044	
884.720000	0.000000000000044	
884.920000	0.000000000000044	
885.120000	0.000000000000044	
885.320000	0.000000000000044	
885.520000	0.000000000000044	
885.720000	0.000000000000044	
885.920000	0.000000000000044	
886.120000	0.000000000000044	
886.320000	0.000000000000044	
886.520000	0.000000000000044	
886.720000	0.000000000000044	
886.920000	0.000000000000044	
887.120000	0.000000000000044	
887.320000	0.000000000000044	
887.520000	0.000000000000044	
887.720000	0.000000000000044	
887.920000	0.000000000000044	
888.120000	0.000000000000044	
888.320000	0.000000000000044	
888.520000	0.000000000000044	
888.720000	0.000000000000044	
908.720000	0.000000000000044	
928.720000	0.000000000000044	
948.720000	0.000000000000044	
968.720000	0.000000000000044	
988.720000	0.000000000000044	
1008.720000	0.000000000000043	
1028.720000	0.000000000000042	
1048.720000	0.000000000000041	
1068.720000	0.000000000000040	
1088.720000	0.000000000000039	
1108.720000	0.000000000000037	
1128.720000	0.000000000000036	
1148.720000	0.000000000000034	
1168.720000	0.000000000000032	
1188.720000	0.000000000000031	
1208.720000	0.000000000000029	
1228.720000	0.000000000000027	
1248.720000	0.000000000000025	
1268.720000	0.000000000000023	
1288.720000	0.000000000000021	
1308.720000	0.000000000000020	
1328.720000	0.000000000000018	
1348.720000	0.000000000000016	
1368.720000	0.000000000000015	
1388.720000	0.000000000000013	
1408.720000	0.000000000000012	
1428.720000	0.000000000000011	
1448.720000	0.000000000000009	
1468.720000	0.000000000000008	
1488.720000	0.000000000000007	
1508.720000	0.000000000000007	
1528.720000	0.000000000000006	
1548.720000	0.000000000000005	
1568.720000	0.000000000000004	
1588.720000	0.000000000000004	
1608.720000	0.000000000000003	
1628.720000	0.000000000000003	
1648.720000	0.000000000000002	
1668.720000	0.000000000000002	
1688.720000	0.000000000000002	
1708.720000	0.000000000000002	
1728.720000	0.000000000000001	
1748.720000	0.000000000000001	
1768.720000	0.000000000000001	
1788.720000	0.000000000000001	
1808.720000	0.000000000000001	
1828.720000	0.000000000000001	
1848.720000	0.000000000000000	
1868.720000	0.000000000000000	
1888.720000	0.000000000000000	
1908.720000	0.000000000000000	
1928.720000	0.000000000000000	
1948.720000	0.000000000000000	
1968.720000	0.000000000000000	
1988.720000	0.000000000000000	
2008.720000	0.000000000000000	
2028.720000	0.000000000000000	
2048.720000	0.000000000000000	
2068.720000	0.000000000000000	
2088.720000	0.000000000000000	
2108.720000	0.000000000000000	
2128.720000	0.000000000000000	
2148.720000	0.000000000000000	
2168.720000	0.000000000000000	
2188.720000	0.000000000000000	
2208.720000	0.000000000000000	
2228.720000	0.000000000000000	
2248.720000	0.000000000000000	
2268.720000	0.000000000000000	
2288.720000	0.000000000000000	
2308.720000	0.000000000000000	
2328.720000	0.000000000000000	
2348.720000	0.000000000000000	
2368.720000	0.000000000000000	
2388.720000	0.000000000000000	
2408.720000	0.000000000000000	
2428.720000	0.000000000000000	
2448.720000	0.000000000000000	
2468.720000	0.000000000000000	
2488.720000	0.000000000000000	
