0.000000	3.000000000000	
20.000000	3.000266353773	
40.000000	3.000319263717	
60.000000	3.000323645645	
80.000000	3.000325019771	
100.000000	3.000329337953	
120.000000	3.001457962391	
140.000000	3.012203809321	
160.000000	3.032793960387	
180.000000	3.056890306200	
200.000000	3.082516160271	
220.000000	3.108910039316	
240.000000	3.135771661153	
260.000000	3.162957990951	
280.000000	3.190381518376	
300.000000	3.217977487590	
320.000000	3.245693072445	
340.000000	3.273401092838	
360.000000	3.300949941501	
380.000000	3.328393699485	
400.000000	3.355765148832	
420.000000	3.383066809173	
440.000000	3.410288583594	
460.000000	3.437417265371	
480.000000	3.464440175446	
500.000000	3.491346745531	
520.000000	3.517741518040	
540.000000	3.542305462300	
560.000000	3.564828503467	
580.000000	3.585495617280	
580.720000	3.586211313401	
580.920000	3.586409882186	
581.120000	3.586608354984	
581.320000	3.586806735659	
581.520000	3.587005028340	
581.720000	3.587203237458	
581.920000	3.587401367771	
582.120000	3.587599424408	
582.320000	3.587797412907	
582.520000	3.587995339264	
582.720000	3.588193209995	
582.920000	3.588391032198	
583.120000	3.588588813635	
583.320000	3.588786562820	
583.520000	3.588984289135	
583.720000	3.589182002956	
583.920000	3.589379715813	
584.120000	3.589577440583	
584.320000	3.589775191725	
584.520000	3.589972985570	
584.720000	3.590170840686	
584.920000	3.590368778342	
585.120000	3.590566823094	
585.320000	3.590765003559	
585.520000	3.590963353434	
585.720000	3.591161912873	
585.920000	3.591360730384	
586.120000	3.591559865523	
586.320000	3.591759392821	
586.520000	3.591959407734	
586.720000	3.592160036068	
586.920000	3.592361449781	
587.120000	3.592563895470	
587.320000	3.592767751152	
587.520000	3.592973657121	
587.720000	3.593182898824	
587.920000	3.593399276398	
588.120000	3.593672462384	
588.320000	3.594142642598	
588.520000	3.594969265619	
588.720000	3.598751041800	
588.920000	3.611872399220	
589.120000	3.638786006367	
589.320000	3.677906701405	
589.520000	3.723850410991	
589.720000	3.771758577620	
589.920000	3.817323954609	
590.120000	3.856702612116	
590.320000	3.887108356957	
590.520000	3.907077921296	
590.720000	3.918611042478	
590.920000	3.925101585896	
591.120000	3.928397435124	
611.120000	3.713457151133	
619.240000	3.679658010446	
619.440000	3.679079417810	
619.640000	3.678510941658	
619.840000	3.677952451890	
620.040000	3.677403819892	
620.240000	3.676864918530	
620.440000	3.676335622138	
620.640000	3.675815806508	
620.840000	3.675305348883	
621.040000	3.674804127946	
621.240000	3.674312023808	
621.440000	3.673828918004	
621.640000	3.673354693481	
621.840000	3.672889234586	
622.040000	3.672432427062	
622.240000	3.671984158037	
622.440000	3.671544316013	
622.640000	3.671112790861	
622.840000	3.670689473811	
623.040000	3.670274257444	
623.240000	3.669867035683	
623.440000	3.669467703789	
623.640000	3.669076158347	
623.840000	3.668692297268	
624.040000	3.668316019776	
624.240000	3.667947226402	
624.440000	3.667585818982	
624.640000	3.667231700649	
624.840000	3.666884775831	
625.040000	3.666544950243	
625.240000	3.666212130888	
625.440000	3.665886226054	
625.640000	3.665567145310	
625.840000	3.665254799508	
626.040000	3.664949100783	
626.240000	3.664649962556	
626.440000	3.664357299536	
626.640000	3.664071027726	
626.840000	3.663791064430	
627.040000	3.663517328263	
627.240000	3.663249739161	
627.440000	3.662988218397	
627.640000	3.662732688600	
627.840000	3.662483073771	
628.040000	3.662239299316	
628.240000	3.662001292073	
628.440000	3.661768980351	
628.640000	3.661542293973	
628.840000	3.661321164328	
629.040000	3.661105524437	
629.240000	3.660895309023	
629.440000	3.660690454607	
629.640000	3.660490899609	
629.840000	3.660296584483	
630.040000	3.660107451868	
630.240000	3.659923446784	
630.440000	3.659744516862	
630.640000	3.659570612632	
630.840000	3.659401687883	
631.040000	3.659237700112	
631.240000	3.659078611095	
631.440000	3.658924387630	
631.640000	3.658775002491	
631.840000	3.658630435713	
632.040000	3.658490676321	
632.240000	3.658355724723	
632.440000	3.658225596118	
632.640000	3.658100325492	
632.840000	3.657979975218	
633.040000	3.657864647199	
633.240000	3.657754503423	
633.440000	3.657649803585	
633.640000	3.657550981784	
633.840000	3.657458830029	
634.040000	3.657375075918	
634.240000	3.657305941935	
634.440000	3.657341522089	
634.640000	3.657633463713	
634.840000	3.658960664075	
635.040000	3.666288605328	
635.240000	3.686297620118	
635.440000	3.720799791649	
635.640000	3.765576438253	
635.840000	3.814611979837	
636.040000	3.863283939606	
636.240000	3.907540914849	
636.440000	3.944185390495	
636.640000	3.971192109446	
636.840000	3.988116772027	
637.040000	3.997905765356	
637.240000	4.003284940092	
637.440000	4.005774258145	
657.440000	3.763054085787	
658.480000	3.756678654507	
658.680000	3.755507680051	
658.880000	3.754353962744	
659.080000	3.753217295220	
659.280000	3.752097472080	
659.480000	3.750994289891	
659.680000	3.749907547183	
659.880000	3.748837044442	
660.080000	3.747782584109	
660.280000	3.746743970575	
660.480000	3.745721010176	
660.680000	3.744713511184	
660.880000	3.743721283807	
661.080000	3.742744140176	
661.280000	3.741781894346	
661.480000	3.740834362281	
661.680000	3.739901361853	
661.880000	3.738982712831	
662.080000	3.738078236874	
662.280000	3.737187757523	
662.480000	3.736311100193	
662.680000	3.735448092164	
662.880000	3.734598562572	
663.080000	3.733762342402	
663.280000	3.732939264477	
663.480000	3.732129163449	
663.680000	3.731331875790	
663.880000	3.730547239784	
664.080000	3.729775095516	
664.280000	3.729015284864	
664.480000	3.728267651487	
664.680000	3.727532040819	
664.880000	3.726808300057	
665.080000	3.726096278154	
665.280000	3.725395825805	
665.480000	3.724706795446	
665.680000	3.724029041235	
665.880000	3.723362419051	
666.080000	3.722706786483	
666.280000	3.722062002818	
666.480000	3.721427929038	
666.680000	3.720804427809	
666.880000	3.720191363475	
667.080000	3.719588602048	
667.280000	3.718996011205	
667.480000	3.718413460277	
667.680000	3.717840820249	
667.880000	3.717277963750	
668.080000	3.716724765052	
668.280000	3.716181100063	
668.480000	3.715646846326	
668.680000	3.715121883019	
668.880000	3.714606090951	
669.080000	3.714099352565	
669.280000	3.713601551940	
669.480000	3.713112574792	
669.680000	3.712632308484	
669.880000	3.712160642029	
670.080000	3.711697466106	
670.280000	3.711242673065	
670.480000	3.710796156950	
670.680000	3.710357813517	
670.880000	3.709927540255	
671.080000	3.709505236418	
671.280000	3.709090803060	
671.480000	3.708684143075	
671.680000	3.708285161245	
671.880000	3.707893764305	
672.080000	3.707509861006	
672.280000	3.707133362205	
672.480000	3.706764180961	
672.680000	3.706402232658	
672.880000	3.706047435151	
673.080000	3.705699708938	
673.280000	3.705358977375	
673.480000	3.705025166937	
673.680000	3.704698207536	
673.880000	3.704378032924	
674.080000	3.704064581194	
674.280000	3.703757795410	
674.480000	3.703457624426	
674.680000	3.703164023952	
674.880000	3.702876957956	
675.080000	3.702596400566	
675.280000	3.702322338695	
675.480000	3.702054775747	
675.680000	3.701793737045	
675.880000	3.701539278050	
676.080000	3.701291497410	
676.280000	3.701050558932	
676.480000	3.700816731526	
676.680000	3.700590469929	
676.880000	3.700372605777	
677.080000	3.700164939318	
677.280000	3.699973742306	
677.480000	3.699889086913	
677.680000	3.700088272690	
677.880000	3.701673346656	
678.080000	3.710241501593	
678.280000	3.732599208752	
678.480000	3.769838707057	
678.680000	3.816938336795	
678.880000	3.867519380845	
679.080000	3.916912245691	
679.280000	3.961230344747	
679.480000	3.997580682912	
679.680000	4.024218828268	
679.880000	4.040971361803	
680.080000	4.050739567450	
680.280000	4.056098194475	
680.480000	4.058527761219	
680.680000	4.059009358799	
699.480000	3.806779462470	
699.680000	3.805321957846	
699.880000	3.803884960126	
700.080000	3.802468228361	
700.280000	3.801071523710	
700.480000	3.799694609452	
700.680000	3.798337250984	
700.880000	3.796999215825	
701.080000	3.795680273613	
701.280000	3.794380196114	
701.480000	3.793098757210	
701.680000	3.791835732909	
701.880000	3.790590901333	
702.080000	3.789364042723	
702.280000	3.788154939429	
702.480000	3.786963375913	
702.680000	3.785789138737	
702.880000	3.784632016564	
703.080000	3.783491800149	
703.280000	3.782368282335	
703.480000	3.781261258041	
703.680000	3.780170524265	
703.880000	3.779095880064	
704.080000	3.778037126558	
704.280000	3.776994066913	
704.480000	3.775966506337	
704.680000	3.774954252070	
704.880000	3.773957113372	
705.080000	3.772974901520	
705.280000	3.772007429791	
705.480000	3.771054513457	
705.680000	3.770115969771	
705.880000	3.769191617962	
706.080000	3.768281279216	
706.280000	3.767384776674	
706.480000	3.766501935414	
706.680000	3.765632582446	
706.880000	3.764776546695	
707.080000	3.763933658993	
707.280000	3.763103752066	
707.480000	3.762286660527	
707.680000	3.761482220855	
707.880000	3.760690271394	
708.080000	3.759910652333	
708.280000	3.759143205702	
708.480000	3.758387775352	
708.680000	3.757644206949	
708.880000	3.756912347964	
709.080000	3.756192047654	
709.280000	3.755483157059	
709.480000	3.754785528985	
709.680000	3.754099017997	
709.880000	3.753423480402	
710.080000	3.752758774246	
710.280000	3.752104759297	
710.480000	3.751461297039	
710.680000	3.750828250658	
710.880000	3.750205485036	
711.080000	3.749592866737	
711.280000	3.748990264003	
711.480000	3.748397546742	
711.680000	3.747814586518	
711.880000	3.747241256549	
712.080000	3.746677431693	
712.280000	3.746122988448	
712.480000	3.745577804939	
712.680000	3.745041760920	
712.880000	3.744514737763	
713.080000	3.743996618459	
713.280000	3.743487287615	
713.480000	3.742986631450	
713.680000	3.742494537799	
713.880000	3.742010896113	
714.080000	3.741535597460	
714.280000	3.741068534534	
714.480000	3.740609601660	
714.680000	3.740158694804	
714.880000	3.739715711588	
715.080000	3.739280551300	
715.280000	3.738853114920	
715.480000	3.738433305138	
715.680000	3.738021026387	
715.880000	3.737616184874	
716.080000	3.737218688620	
716.280000	3.736828447513	
716.480000	3.736445373361	
716.680000	3.736069379962	
716.880000	3.735700383185	
717.080000	3.735338301069	
717.280000	3.734983053936	
717.480000	3.734634564530	
717.680000	3.734292758185	
717.880000	3.733957563027	
718.080000	3.733628910216	
718.280000	3.733306734248	
718.480000	3.732990973322	
718.680000	3.732681569805	
718.880000	3.732378470799	
719.080000	3.732081628885	
719.280000	3.731791003058	
719.480000	3.731506559963	
719.680000	3.731228275529	
719.880000	3.730956137188	
720.080000	3.730690146946	
720.280000	3.730430325761	
720.480000	3.730176719978	
720.680000	3.729929411177	
720.880000	3.729688532005	
721.080000	3.729454293256	
721.280000	3.729227034245	
721.480000	3.729007328200	
721.680000	3.728796246349	
721.880000	3.728596276710	
722.080000	3.728420112207	
722.280000	3.728413514992	
722.480000	3.728813898447	
722.680000	3.732314064343	
722.880000	3.746070074687	
723.080000	3.775695561874	
723.280000	3.819367891822	
723.480000	3.870361086738	
723.680000	3.922521481451	
723.880000	3.971465784671	
724.080000	4.013750629187	
724.280000	4.047097839605	
724.480000	4.070318714339	
724.680000	4.084463430174	
724.880000	4.092670235613	
725.080000	4.096981545828	
725.280000	4.098690856098	
725.480000	4.098647612887	
745.060000	3.830001742557	
745.260000	3.828565499156	
745.460000	3.827149363237	
745.660000	3.825753093391	
745.860000	3.824376450454	
746.060000	3.823019197505	
746.260000	3.821681099861	
746.460000	3.820361925080	
746.660000	3.819061442949	
746.860000	3.817779425486	
747.060000	3.816515646932	
747.260000	3.815269883744	
747.460000	3.814041914592	
747.660000	3.812831520348	
747.860000	3.811638484080	
748.060000	3.810462591045	
748.260000	3.809303628677	
748.460000	3.808161386583	
748.660000	3.807035656529	
748.860000	3.805926232432	
749.060000	3.804832910350	
749.260000	3.803755488471	
749.460000	3.802693767100	
749.660000	3.801647548650	
749.860000	3.800616637633	
750.060000	3.799600840639	
750.260000	3.798599966336	
750.460000	3.797613825447	
750.660000	3.796642230742	
750.860000	3.795684997027	
751.060000	3.794741941126	
751.260000	3.793812881871	
751.460000	3.792897640090	
751.660000	3.791996038587	
751.860000	3.791107902137	
752.060000	3.790233057463	
752.260000	3.789371333229	
752.460000	3.788522560024	
752.660000	3.787686570344	
752.860000	3.786863198583	
753.060000	3.786052281015	
753.260000	3.785253655781	
753.460000	3.784467162873	
753.660000	3.783692644122	
753.860000	3.782929943178	
754.060000	3.782178905504	
754.260000	3.781439378351	
754.460000	3.780711210751	
754.660000	3.779994253499	
754.860000	3.779288359136	
755.060000	3.778593381940	
755.260000	3.777909177906	
755.460000	3.777235604731	
755.660000	3.776572521805	
755.860000	3.775919790189	
756.060000	3.775277272604	
756.260000	3.774644833416	
756.460000	3.774022338621	
756.660000	3.773409655829	
756.860000	3.772806654251	
757.060000	3.772213204686	
757.260000	3.771629179500	
757.460000	3.771054452620	
757.660000	3.770488899513	
757.860000	3.769932397175	
758.060000	3.769384824117	
758.260000	3.768846060347	
758.460000	3.768315987360	
758.660000	3.767794488124	
758.860000	3.767281447062	
759.060000	3.766776750044	
759.260000	3.766280284366	
759.460000	3.765791938745	
759.660000	3.765311603297	
759.860000	3.764839169532	
760.060000	3.764374530333	
760.260000	3.763917579948	
760.460000	3.763468213975	
760.660000	3.763026329349	
760.860000	3.762591824331	
761.060000	3.762164598493	
761.260000	3.761744552709	
761.460000	3.761331589137	
761.660000	3.760925611215	
761.860000	3.760526523641	
762.060000	3.760134232369	
762.260000	3.759748644589	
762.460000	3.759369668724	
762.660000	3.758997214412	
762.860000	3.758631192503	
763.060000	3.758271515038	
763.260000	3.757918095249	
763.460000	3.757570847542	
763.660000	3.757229687488	
763.860000	3.756894531819	
764.060000	3.756565298410	
764.260000	3.756241906278	
764.460000	3.755924275567	
764.660000	3.755612327546	
764.860000	3.755305984596	
765.060000	3.755005170205	
765.260000	3.754709808960	
765.460000	3.754419826543	
765.660000	3.754135149720	
765.860000	3.753855706344	
766.060000	3.753581425339	
766.260000	3.753312236707	
766.460000	3.753048071518	
766.660000	3.752788861909	
766.860000	3.752534541081	
767.060000	3.752285043304	
767.260000	3.752040303910	
767.460000	3.751800259298	
767.660000	3.751564846938	
767.860000	3.751334005374	
768.060000	3.751107674229	
768.260000	3.750885794216	
768.460000	3.750668307143	
768.660000	3.750455155931	
768.860000	3.750246284625	
769.060000	3.750041638413	
769.260000	3.749841163648	
769.460000	3.749644807873	
769.660000	3.749452519850	
769.860000	3.749264249599	
770.060000	3.749079948433	
770.260000	3.748899569013	
770.460000	3.748723065402	
770.660000	3.748550393131	
770.860000	3.748381509282	
771.060000	3.748216372576	
771.260000	3.748054943487	
771.460000	3.747897184369	
771.660000	3.747743059617	
771.860000	3.747592535846	
772.060000	3.747445582123	
772.260000	3.747302170233	
772.460000	3.747162275018	
772.660000	3.747025874780	
772.860000	3.746892951794	
773.060000	3.746763492947	
773.260000	3.746637490550	
773.460000	3.746514943386	
773.660000	3.746395858079	
773.860000	3.746280250919	
774.060000	3.746168150339	
774.260000	3.746059600369	
774.460000	3.745954665567	
774.660000	3.745853438339	
774.860000	3.745756050213	
775.060000	3.745662690182	
775.260000	3.745573636564	
775.460000	3.745489317605	
775.660000	3.745410442654	
775.860000	3.745338350934	
776.060000	3.745276399892	
776.260000	3.745253527012	
776.460000	3.745447934945	
776.660000	3.746380570775	
776.860000	3.752568273151	
777.060000	3.772021734869	
777.260000	3.808521586555	
777.460000	3.857810168869	
777.660000	3.912093359363	
777.860000	3.965518233361	
778.060000	4.013974193850	
778.260000	4.054468593126	
778.460000	4.085223506245	
778.660000	4.105668625614	
778.860000	4.117944704110	
779.060000	4.124954765291	
779.260000	4.128454619011	
779.460000	4.129612703685	
779.660000	4.129173165492	
799.660000	3.850694420847	
804.320000	3.822132494958	
804.520000	3.821107211990	
804.720000	3.820096708695	
804.920000	3.819100794659	
805.120000	3.818119281568	
805.320000	3.817151983197	
805.520000	3.816198715392	
805.720000	3.815259296057	
805.920000	3.814333545133	
806.120000	3.813421284592	
806.320000	3.812522338411	
806.520000	3.811636532565	
806.720000	3.810763695005	
806.920000	3.809903655645	
807.120000	3.809056246345	
807.320000	3.808221300896	
807.520000	3.807398655002	
807.720000	3.806588146267	
807.920000	3.805789614175	
808.120000	3.805002900076	
808.320000	3.804227847168	
808.520000	3.803464300485	
808.720000	3.802712106874	
808.920000	3.801971114984	
809.120000	3.801241175249	
809.320000	3.800522139868	
809.520000	3.799813862795	
809.720000	3.799116199716	
809.920000	3.798429008037	
810.120000	3.797752146866	
810.320000	3.797085477000	
810.520000	3.796428860903	
810.720000	3.795782162694	
810.920000	3.795145248133	
811.120000	3.794517984600	
811.320000	3.793900241080	
811.520000	3.793291888150	
811.720000	3.792692797963	
811.920000	3.792102844228	
812.120000	3.791521902198	
812.320000	3.790949848654	
812.520000	3.790386561889	
812.720000	3.789831921692	
812.920000	3.789285809334	
813.120000	3.788748107550	
813.320000	3.788218700527	
813.520000	3.787697473888	
813.720000	3.787184314673	
813.920000	3.786679111332	
814.120000	3.786181753703	
814.320000	3.785692132999	
814.520000	3.785210141796	
814.720000	3.784735674016	
814.920000	3.784268624911	
815.120000	3.783808891054	
815.320000	3.783356370318	
815.520000	3.782910961868	
815.720000	3.782472566142	
815.920000	3.782041084840	
816.120000	3.781616420908	
816.320000	3.781198478528	
816.520000	3.780787163098	
816.720000	3.780382381226	
816.920000	3.779984040710	
817.120000	3.779592050528	
817.320000	3.779206320825	
817.520000	3.778826762898	
817.720000	3.778453289185	
817.920000	3.778085813249	
818.120000	3.777724249770	
818.320000	3.777368514528	
818.520000	3.777018524391	
818.720000	3.776674197306	
818.920000	3.776335452283	
819.120000	3.776002209382	
819.320000	3.775674389706	
819.520000	3.775351915384	
819.720000	3.775034709560	
819.920000	3.774722696384	
820.120000	3.774415800996	
820.320000	3.774113949520	
820.520000	3.773817069045	
820.720000	3.773525087621	
820.920000	3.773237934243	
821.120000	3.772955538842	
821.320000	3.772677832275	
821.520000	3.772404746308	
821.720000	3.772136213615	
821.920000	3.771872167758	
822.120000	3.771612543182	
822.320000	3.771357275202	
822.520000	3.771106299994	
822.720000	3.770859554585	
822.920000	3.770616976839	
823.120000	3.770378505454	
823.320000	3.770144079943	
823.520000	3.769913640633	
823.720000	3.769687128650	
823.920000	3.769464485909	
824.120000	3.769245655108	
824.320000	3.769030579716	
824.520000	3.768819203963	
824.720000	3.768611472834	
824.920000	3.768407332056	
825.120000	3.768206728091	
825.320000	3.768009608127	
825.520000	3.767815920069	
825.720000	3.767625612529	
825.920000	3.767438634820	
826.120000	3.767254936944	
826.320000	3.767074469587	
826.520000	3.766897184108	
826.720000	3.766723032531	
826.920000	3.766551967538	
827.120000	3.766383942462	
827.320000	3.766218911274	
827.520000	3.766056828580	
827.720000	3.765897649612	
827.920000	3.765741330219	
828.120000	3.765587826860	
828.320000	3.765437096596	
828.520000	3.765289097085	
828.720000	3.765143786569	
828.920000	3.765001123873	
829.120000	3.764861068394	
829.320000	3.764723580095	
829.520000	3.764588619498	
829.720000	3.764456147675	
829.920000	3.764326126244	
830.120000	3.764198517361	
830.320000	3.764073283714	
830.520000	3.763950388512	
830.720000	3.763829795486	
830.920000	3.763711468875	
831.120000	3.763595373426	
831.320000	3.763481474381	
831.520000	3.763369737475	
831.720000	3.763260128931	
831.920000	3.763152615450	
832.120000	3.763047164206	
832.320000	3.762943742841	
832.520000	3.762842319459	
832.720000	3.762742862619	
832.920000	3.762645341331	
833.120000	3.762549725048	
833.320000	3.762455983660	
833.520000	3.762364087494	
833.720000	3.762274007299	
833.920000	3.762185714249	
834.120000	3.762099179933	
834.320000	3.762014376351	
834.520000	3.761931275909	
834.720000	3.761849851413	
834.920000	3.761770076062	
835.120000	3.761691923448	
835.320000	3.761615367547	
835.520000	3.761540382713	
835.720000	3.761466943677	
835.920000	3.761395025538	
836.120000	3.761324603761	
836.320000	3.761255654173	
836.520000	3.761188152952	
836.720000	3.761122076632	
836.920000	3.761057402090	
837.120000	3.760994106544	
837.320000	3.760932167552	
837.520000	3.760871563002	
837.720000	3.760812271112	
837.920000	3.760754270422	
838.120000	3.760697539792	
838.320000	3.760642058398	
838.520000	3.760587805726	
838.720000	3.760534761569	
838.920000	3.760482906023	
839.120000	3.760432219482	
839.320000	3.760382682635	
839.520000	3.760334276460	
839.720000	3.760286982223	
839.920000	3.760240781472	
840.120000	3.760195656035	
840.320000	3.760151588013	
840.520000	3.760108559779	
840.720000	3.760066553974	
840.920000	3.760025553501	
841.120000	3.759985541526	
841.320000	3.759946501468	
841.520000	3.759908417002	
841.720000	3.759871272050	
841.920000	3.759835050783	
842.120000	3.759799737610	
842.320000	3.759765317184	
842.520000	3.759731774390	
842.720000	3.759699094348	
842.920000	3.759667262405	
843.120000	3.759636264136	
843.320000	3.759606085336	
843.520000	3.759576712023	
843.720000	3.759548130429	
843.920000	3.759520327000	
844.120000	3.759493288393	
844.320000	3.759467001470	
844.520000	3.759441453300	
844.720000	3.759416631153	
844.920000	3.759392522495	
845.120000	3.759369114990	
845.320000	3.759346396494	
845.520000	3.759324355054	
845.720000	3.759302978901	
845.920000	3.759282256455	
846.120000	3.759262176314	
846.320000	3.759242727256	
846.520000	3.759223898237	
846.720000	3.759205678386	
846.920000	3.759188057002	
847.120000	3.759171023554	
847.320000	3.759154567677	
847.520000	3.759138679171	
847.720000	3.759123347996	
847.920000	3.759108564270	
848.120000	3.759094318269	
848.320000	3.759080600424	
848.520000	3.759067401316	
848.720000	3.759054711676	
848.920000	3.759042522385	
849.120000	3.759030824466	
849.320000	3.759019609085	
849.520000	3.759008867551	
849.720000	3.758998591310	
849.920000	3.758988771945	
850.120000	3.758979401174	
850.320000	3.758970470847	
850.520000	3.758961972943	
850.720000	3.758953899572	
850.920000	3.758946242969	
851.120000	3.758938995494	
851.320000	3.758932149627	
851.520000	3.758925697974	
851.720000	3.758919633254	
851.920000	3.758913948308	
852.120000	3.758908636088	
852.320000	3.758903689662	
852.520000	3.758899102209	
852.720000	3.758894867017	
852.920000	3.758890977484	
853.120000	3.758887427112	
853.320000	3.758884209511	
853.520000	3.758881318390	
853.720000	3.758878747564	
853.920000	3.758876490945	
854.120000	3.758874542544	
854.320000	3.758872896470	
854.520000	3.758871546926	
854.720000	3.758870488210	
854.920000	3.758869714710	
855.120000	3.758869220907	
855.320000	3.758869001372	
855.520000	3.758869050763	
855.720000	3.758869363823	
855.920000	3.758869935383	
856.120000	3.758870760356	
856.320000	3.758871833740	
856.520000	3.758873150611	
856.720000	3.758874706127	
856.920000	3.758876495524	
857.120000	3.758878514116	
857.320000	3.758880757292	
857.520000	3.758883220518	
857.720000	3.758885899332	
857.920000	3.758888789344	
858.120000	3.758891886239	
858.320000	3.758895185768	
858.520000	3.758898683753	
858.720000	3.758902376085	
858.920000	3.758906258720	
859.120000	3.758910327681	
859.320000	3.758914579057	
859.520000	3.758919008997	
859.720000	3.758923613717	
859.920000	3.758928389493	
860.120000	3.758933332660	
860.320000	3.758938439615	
860.520000	3.758943706814	
860.720000	3.758949130769	
860.920000	3.758954708051	
861.120000	3.758960435284	
861.320000	3.758966309150	
861.520000	3.758972326384	
861.720000	3.758978483774	
861.920000	3.758984778161	
862.120000	3.758991206438	
862.320000	3.758997765548	
862.520000	3.759004452484	
862.720000	3.759011264288	
862.920000	3.759018198050	
863.120000	3.759025250909	
863.320000	3.759032420049	
863.520000	3.759039702703	
863.720000	3.759047096144	
863.920000	3.759054597695	
864.120000	3.759062204720	
864.320000	3.759069914626	
864.520000	3.759077724863	
864.720000	3.759085632923	
864.920000	3.759093636339	
865.120000	3.759101732683	
865.320000	3.759109919569	
865.520000	3.759118194648	
865.720000	3.759126555611	
865.920000	3.759135000185	
866.120000	3.759143526136	
866.320000	3.759152131266	
866.520000	3.759160813412	
866.720000	3.759169570448	
866.920000	3.759178400282	
867.120000	3.759187300855	
867.320000	3.759196270145	
867.520000	3.759205306160	
867.720000	3.759214406941	
867.920000	3.759223570564	
868.120000	3.759232795133	
868.320000	3.759242078784	
868.520000	3.759251419686	
868.720000	3.759260816034	
868.920000	3.759270266056	
869.120000	3.759279768008	
869.320000	3.759289320173	
869.520000	3.759298920864	
869.720000	3.759308568422	
869.920000	3.759318261214	
870.120000	3.759327997635	
870.320000	3.759337776104	
870.520000	3.759347595068	
870.720000	3.759357453000	
870.920000	3.759367348397	
871.120000	3.759377279781	
871.320000	3.759387245697	
871.520000	3.759397244716	
871.720000	3.759407275432	
871.920000	3.759417336462	
872.120000	3.759427426444	
872.320000	3.759437544042	
872.520000	3.759447687938	
872.720000	3.759457856838	
872.920000	3.759468049471	
873.120000	3.759478264582	
873.320000	3.759488500942	
873.520000	3.759498757339	
873.720000	3.759509032582	
873.920000	3.759519325499	
874.120000	3.759529634938	
874.320000	3.759539959767	
874.520000	3.759550298871	
874.720000	3.759560651154	
874.920000	3.759571015538	
875.120000	3.759581390964	
875.320000	3.759591776388	
875.520000	3.759602170787	
875.720000	3.759612573151	
875.920000	3.759622982489	
876.120000	3.759633397827	
876.320000	3.759643818205	
876.520000	3.759654242681	
876.720000	3.759664670327	
876.920000	3.759675100231	
877.120000	3.759685531498	
877.320000	3.759695963245	
877.520000	3.759706394605	
877.720000	3.759716824725	
877.920000	3.759727252768	
878.120000	3.759737677909	
878.320000	3.759748099337	
878.520000	3.759758516255	
878.720000	3.759768927880	
878.920000	3.759779333440	
879.120000	3.759789732179	
879.320000	3.759800123350	
879.520000	3.759810506223	
879.720000	3.759820880075	
879.920000	3.759831244200	
880.120000	3.759841597901	
880.320000	3.759851940494	
880.520000	3.759862271305	
880.720000	3.759872589673	
880.920000	3.759882894947	
881.120000	3.759893186488	
881.320000	3.759903463668	
881.520000	3.759913725868	
881.720000	3.759923972481	
881.920000	3.759934202909	
882.120000	3.759944416565	
882.320000	3.759954612873	
882.520000	3.759964791265	
882.720000	3.759974951183	
882.920000	3.759985092079	
883.120000	3.759995213414	
883.320000	3.760005314659	
883.520000	3.760015395293	
883.720000	3.760025454806	
883.920000	3.760035492692	
884.120000	3.760045508460	
884.320000	3.760055501623	
884.520000	3.760065471703	
884.720000	3.760075418232	
884.920000	3.760085340749	
885.120000	3.760095238801	
885.320000	3.760105111942	
885.520000	3.760114959735	
885.720000	3.760124781751	
885.920000	3.760134577566	
886.120000	3.760144346767	
886.320000	3.760154088945	
886.520000	3.760163803701	
886.720000	3.760173490639	
886.920000	3.760183149374	
887.120000	3.760192779526	
887.320000	3.760202380721	
887.520000	3.760211952594	
887.720000	3.760221494784	
887.920000	3.760231006937	
888.120000	3.760240488706	
888.320000	3.760249939750	
888.520000	3.760259359733	
888.720000	3.760268748327	
908.720000	3.761012233882	
928.720000	3.761311658874	
948.720000	3.761166745208	
968.720000	3.760612423653	
988.720000	3.759688198723	
1008.720000	3.758431578075	
1028.720000	3.756876797468	
1048.720000	3.755054757139	
1068.720000	3.752993241271	
1088.720000	3.750717193124	
1108.720000	3.748248994755	
1128.720000	3.745608783538	
1148.720000	3.742814439825	
1168.720000	3.739881986586	
1188.720000	3.736825760218	
1208.720000	3.733658534564	
1228.720000	3.730391657249	
1248.720000	3.727035181527	
1268.720000	3.723597988583	
1288.720000	3.720087902579	
1308.720000	3.716511800063	
1328.720000	3.712875714134	
1348.720000	3.709184933417	
1368.720000	3.705444095440	
1388.720000	3.701657273805	
1408.720000	3.697828058514	
1428.720000	3.693959628901	
1448.720000	3.690054818832	
1468.720000	3.686116174077	
1488.720000	3.682146002005	
1508.720000	3.678146413968	
1528.720000	3.674119360922	
1548.720000	3.670066662929	
1568.720000	3.665990033263	
1588.720000	3.661891097835	
1608.720000	3.657771410653	
1628.720000	3.653632465943	
1648.720000	3.649475707544	
1668.720000	3.645302536065	
1688.720000	3.641114314257	
1708.720000	3.636912370970	
1728.720000	3.632698003999	
1748.720000	3.628472482074	
1768.720000	3.624237046198	
1788.720000	3.619992910507	
1808.720000	3.615741262760	
1828.720000	3.611483264595	
1848.720000	3.607220051604	
1868.720000	3.602952733297	
1888.720000	3.598682393020	
1908.720000	3.594410087830	
1928.720000	3.590136848385	
1948.720000	3.585863678847	
1968.720000	3.581591556819	
1988.720000	3.577321433328	
2008.720000	3.573054232846	
2028.720000	3.568790853367	
2048.720000	3.564532166527	
2068.720000	3.560279017775	
2088.720000	3.556032226586	
2108.720000	3.551792586718	
2128.720000	3.547560866505	
2148.720000	3.543337809184	
2168.720000	3.539124133260	
2188.720000	3.534920532884	
2208.720000	3.530727678267	
2228.720000	3.526546216110	
2248.720000	3.522376770043	
2268.720000	3.518219941088	
2288.720000	3.514076308126	
2308.720000	3.509946428370	
2328.720000	3.505830837851	
2348.720000	3.501730051899	
2368.720000	3.497644565628	
2388.720000	3.493574854426	
2408.720000	3.489521374434	
2428.720000	3.485484563028	
2448.720000	3.481464839296	
2468.720000	3.477462604508	
2488.720000	3.473478242583	
