0.000000	0.016224966276	
20.000000	0.016200065690	
40.000000	0.016179544128	
60.000000	0.016163644964	
80.000000	0.016151160462	
100.000000	0.016141171780	
120.000000	0.016267876926	
140.000000	0.016360264251	
160.000000	0.016462385588	
180.000000	0.016570218761	
200.000000	0.016672882269	
220.000000	0.016754775025	
240.000000	0.016797515469	
260.000000	0.016782441508	
280.000000	0.016693638251	
300.000000	0.016521152406	
320.000000	0.016263618338	
340.000000	0.015923079961	
360.000000	0.015521848245	
380.000000	0.015086700904	
400.000000	0.014641792443	
420.000000	0.014205822681	
440.000000	0.013790361078	
460.000000	0.013399972889	
480.000000	0.013033863609	
500.000000	0.012688138847	
520.000000	0.012222691023	
540.000000	0.011704584118	
560.000000	0.011196263668	
580.000000	0.010679484635	
580.720000	0.010658793137	
580.920000	0.010652970099	
581.120000	0.010647110973	
581.320000	0.010641213757	
581.520000	0.010635276285	
581.720000	0.010629296214	
581.920000	0.010623270993	
582.120000	0.010617197846	
582.320000	0.010611073741	
582.520000	0.010604895355	
582.720000	0.010598659037	
582.920000	0.010592360760	
583.120000	0.010585996070	
583.320000	0.010579560016	
583.520000	0.010573047077	
583.720000	0.010566451066	
583.920000	0.010559765013	
584.120000	0.010552981031	
584.320000	0.010546090135	
584.520000	0.010539082026	
584.720000	0.010531944817	
584.920000	0.010524664674	
585.120000	0.010517225360	
585.320000	0.010509607619	
585.520000	0.010501788359	
585.720000	0.010493739524	
585.920000	0.010485426508	
586.120000	0.010476805866	
586.320000	0.010467821899	
586.520000	0.010458401339	
586.720000	0.010448444722	
586.920000	0.010437811449	
587.120000	0.010426291858	
587.320000	0.010413549093	
587.520000	0.010398977526	
587.720000	0.010381255581	
587.920000	0.010355836482	
588.120000	0.010162948479	
588.320000	0.007335691603	
588.520000	0.000064072542	
588.720000	0.000000000086	
588.920000	0.000000000035	
589.120000	0.000000000495	
589.320000	0.000000019580	
589.520000	0.000000302455	
589.720000	0.000001630646	
589.920000	0.000007148885	
590.120000	0.000035212511	
590.320000	0.000197433279	
590.520000	0.000564185334	
590.720000	0.000882494259	
590.920000	0.001162757432	
591.120000	0.001398101262	
611.120000	0.005439163863	
619.240000	0.005663022042	
619.440000	0.005664967335	
619.640000	0.005666783167	
619.840000	0.005668472162	
620.040000	0.005670036899	
620.240000	0.005671479915	
620.440000	0.005672803707	
620.640000	0.005674010723	
620.840000	0.005675103371	
621.040000	0.005676084008	
621.240000	0.005676954948	
621.440000	0.005677718456	
621.640000	0.005678376746	
621.840000	0.005678931986	
622.040000	0.005679386290	
622.240000	0.005679741722	
622.440000	0.005680000292	
622.640000	0.005680163959	
622.840000	0.005680234624	
623.040000	0.005680214134	
623.240000	0.005680104276	
623.440000	0.005679906782	
623.640000	0.005679623320	
623.840000	0.005679255501	
624.040000	0.005678804869	
624.240000	0.005678272905	
624.440000	0.005677661023	
624.640000	0.005676970568	
624.840000	0.005676202814	
625.040000	0.005675358961	
625.240000	0.005674440135	
625.440000	0.005673447380	
625.640000	0.005672381659	
625.840000	0.005671243848	
626.040000	0.005670034734	
626.240000	0.005668755009	
626.440000	0.005667405263	
626.640000	0.005665985982	
626.840000	0.005664497540	
627.040000	0.005662940192	
627.240000	0.005661314063	
627.440000	0.005659619142	
627.640000	0.005657855271	
627.840000	0.005656022130	
628.040000	0.005654119227	
628.240000	0.005652145875	
628.440000	0.005650101184	
628.640000	0.005647984026	
628.840000	0.005645793022	
629.040000	0.005643526502	
629.240000	0.005641182476	
629.440000	0.005638758590	
629.640000	0.005636252075	
629.840000	0.005633659690	
630.040000	0.005630977645	
630.240000	0.005628201517	
630.440000	0.005625326138	
630.640000	0.005622345460	
630.840000	0.005619252387	
631.040000	0.005616038558	
631.240000	0.005612694071	
631.440000	0.005609207120	
631.640000	0.005605563519	
631.840000	0.005601746055	
632.040000	0.005597733598	
632.240000	0.005593499841	
632.440000	0.005589011477	
632.640000	0.005584225455	
632.840000	0.005579084678	
633.040000	0.005573510942	
633.240000	0.005567392538	
633.440000	0.005560560608	
633.640000	0.005552738513	
633.840000	0.005543412772	
634.040000	0.005531388453	
634.240000	0.005511472493	
634.440000	0.005208723489	
634.640000	0.001858343023	
634.840000	0.000000001628	
635.040000	0.000000000009	
635.240000	0.000000000027	
635.440000	0.000000000880	
635.640000	0.000000036936	
635.840000	0.000000361052	
636.040000	0.000001739712	
636.240000	0.000007536706	
636.440000	0.000036386188	
636.640000	0.000171797356	
636.840000	0.000371744840	
637.040000	0.000563023453	
637.240000	0.000731956129	
637.440000	0.000876497874	
657.440000	0.003416869261	
658.480000	0.003445156001	
658.680000	0.003450138979	
658.880000	0.003454980432	
659.080000	0.003459682779	
659.280000	0.003464248432	
659.480000	0.003468679797	
659.680000	0.003472979267	
659.880000	0.003477149229	
660.080000	0.003481192055	
660.280000	0.003485110104	
660.480000	0.003488905722	
660.680000	0.003492581237	
660.880000	0.003496138963	
661.080000	0.003499581192	
661.280000	0.003502910198	
661.480000	0.003506128235	
661.680000	0.003509237532	
661.880000	0.003512240299	
662.080000	0.003515138718	
662.280000	0.003517934946	
662.480000	0.003520631114	
662.680000	0.003523229326	
662.880000	0.003525731656	
663.080000	0.003528140147	
663.280000	0.003530456814	
663.480000	0.003532683636	
663.680000	0.003534822564	
663.880000	0.003536875510	
664.080000	0.003538844354	
664.280000	0.003540730940	
664.480000	0.003542537074	
664.680000	0.003544264524	
664.880000	0.003545915021	
665.080000	0.003547490253	
665.280000	0.003548991871	
665.480000	0.003550421480	
665.680000	0.003551780646	
665.880000	0.003553070888	
666.080000	0.003554293683	
666.280000	0.003555450458	
666.480000	0.003556542597	
666.680000	0.003557571432	
666.880000	0.003558538246	
667.080000	0.003559444273	
667.280000	0.003560290690	
667.480000	0.003561078624	
667.680000	0.003561809143	
667.880000	0.003562483259	
668.080000	0.003563101922	
668.280000	0.003563666022	
668.480000	0.003564176382	
668.680000	0.003564633761	
668.880000	0.003565038845	
669.080000	0.003565392247	
669.280000	0.003565694503	
669.480000	0.003565946070	
669.680000	0.003566147315	
669.880000	0.003566298517	
670.080000	0.003566399857	
670.280000	0.003566451414	
670.480000	0.003566453155	
670.680000	0.003566404928	
670.880000	0.003566306451	
671.080000	0.003566157303	
671.280000	0.003565956909	
671.480000	0.003565704528	
671.680000	0.003565399232	
671.880000	0.003565039887	
672.080000	0.003564625132	
672.280000	0.003564153347	
672.480000	0.003563622623	
672.680000	0.003563030723	
672.880000	0.003562375030	
673.080000	0.003561652495	
673.280000	0.003560859565	
673.480000	0.003559992097	
673.680000	0.003559045250	
673.880000	0.003558013356	
674.080000	0.003556889745	
674.280000	0.003555666532	
674.480000	0.003554334331	
674.680000	0.003552881879	
674.880000	0.003551295532	
675.080000	0.003549558569	
675.280000	0.003547650208	
675.480000	0.003545544180	
675.680000	0.003543206599	
675.880000	0.003540592619	
676.080000	0.003537640966	
676.280000	0.003534264359	
676.480000	0.003530331335	
676.680000	0.003525627491	
676.880000	0.003519757428	
677.080000	0.003511811030	
677.280000	0.003497967058	
677.480000	0.003277798338	
677.680000	0.000798197150	
677.880000	0.000000000228	
678.080000	0.000000000004	
678.280000	0.000000000015	
678.480000	0.000000000605	
678.680000	0.000000028053	
678.880000	0.000000280303	
679.080000	0.000001361257	
679.280000	0.000005813680	
679.480000	0.000026859130	
679.680000	0.000118502384	
679.880000	0.000257177146	
680.080000	0.000396910113	
680.280000	0.000522852780	
680.480000	0.000631787873	
680.680000	0.000727177587	
699.480000	0.002545055788	
699.680000	0.002550468516	
699.880000	0.002555761457	
700.080000	0.002560936434	
700.280000	0.002565995274	
700.480000	0.002570939812	
700.680000	0.002575771885	
700.880000	0.002580493336	
701.080000	0.002585106009	
701.280000	0.002589611750	
701.480000	0.002594012404	
701.680000	0.002598309817	
701.880000	0.002602505830	
702.080000	0.002606602283	
702.280000	0.002610601011	
702.480000	0.002614503844	
702.680000	0.002618312604	
702.880000	0.002622029107	
703.080000	0.002625655157	
703.280000	0.002629192553	
703.480000	0.002632643078	
703.680000	0.002636008505	
703.880000	0.002639290596	
704.080000	0.002642491094	
704.280000	0.002645611731	
704.480000	0.002648654222	
704.680000	0.002651620265	
704.880000	0.002654511537	
705.080000	0.002657329702	
705.280000	0.002660076398	
705.480000	0.002662753249	
705.680000	0.002665361851	
705.880000	0.002667903783	
706.080000	0.002670380598	
706.280000	0.002672793827	
706.480000	0.002675144976	
706.680000	0.002677435525	
706.880000	0.002679666931	
707.080000	0.002681840622	
707.280000	0.002683957999	
707.480000	0.002686020436	
707.680000	0.002688029279	
707.880000	0.002689985845	
708.080000	0.002691891420	
708.280000	0.002693747262	
708.480000	0.002695554598	
708.680000	0.002697314623	
708.880000	0.002699028500	
709.080000	0.002700697360	
709.280000	0.002702322303	
709.480000	0.002703904393	
709.680000	0.002705444660	
709.880000	0.002706944102	
710.080000	0.002708403679	
710.280000	0.002709824317	
710.480000	0.002711206905	
710.680000	0.002712552294	
710.880000	0.002713861298	
711.080000	0.002715134691	
711.280000	0.002716373210	
711.480000	0.002717577549	
711.680000	0.002718748361	
711.880000	0.002719886258	
712.080000	0.002720991806	
712.280000	0.002722065527	
712.480000	0.002723107898	
712.680000	0.002724119346	
712.880000	0.002725100249	
713.080000	0.002726050935	
713.280000	0.002726971675	
713.480000	0.002727862686	
713.680000	0.002728724127	
713.880000	0.002729556094	
714.080000	0.002730358618	
714.280000	0.002731131663	
714.480000	0.002731875118	
714.680000	0.002732588794	
714.880000	0.002733272422	
715.080000	0.002733925640	
715.280000	0.002734547992	
715.480000	0.002735138918	
715.680000	0.002735697743	
715.880000	0.002736223670	
716.080000	0.002736715762	
716.280000	0.002737172937	
716.480000	0.002737593942	
716.680000	0.002737977340	
716.880000	0.002738321484	
717.080000	0.002738624493	
717.280000	0.002738884218	
717.480000	0.002739098204	
717.680000	0.002739263646	
717.880000	0.002739377334	
718.080000	0.002739435581	
718.280000	0.002739434144	
718.480000	0.002739368120	
718.680000	0.002739231811	
718.880000	0.002739018563	
719.080000	0.002738720550	
719.280000	0.002738328491	
719.480000	0.002737831281	
719.680000	0.002737215483	
719.880000	0.002736464631	
720.080000	0.002735558231	
720.280000	0.002734470311	
720.480000	0.002733167216	
720.680000	0.002731604124	
720.880000	0.002729719233	
721.080000	0.002727423392	
721.280000	0.002724579822	
721.480000	0.002720959089	
721.680000	0.002716117216	
721.880000	0.002708920418	
722.080000	0.002691113989	
722.280000	0.002193965657	
722.480000	0.000022992228	
722.680000	0.000000000010	
722.880000	0.000000000002	
723.080000	0.000000000027	
723.280000	0.000000001683	
723.480000	0.000000057429	
723.680000	0.000000431639	
723.880000	0.000001958275	
724.080000	0.000008390790	
724.280000	0.000038716158	
724.480000	0.000135504273	
724.680000	0.000252779283	
724.880000	0.000370425732	
725.080000	0.000475218155	
725.280000	0.000566533899	
725.480000	0.000647167007	
745.060000	0.002251082767	
745.260000	0.002256012222	
745.460000	0.002260847247	
745.660000	0.002265589319	
745.860000	0.002270239923	
746.060000	0.002274800551	
746.260000	0.002279272700	
746.460000	0.002283657873	
746.660000	0.002287957577	
746.860000	0.002292173321	
747.060000	0.002296306618	
747.260000	0.002300358980	
747.460000	0.002304331921	
747.660000	0.002308226953	
747.860000	0.002312045586	
748.060000	0.002315789328	
748.260000	0.002319459683	
748.460000	0.002323058151	
748.660000	0.002326586224	
748.860000	0.002330045392	
749.060000	0.002333437132	
749.260000	0.002336762919	
749.460000	0.002340024214	
749.660000	0.002343222470	
749.860000	0.002346359130	
750.060000	0.002349435626	
750.260000	0.002352453377	
750.460000	0.002355413788	
750.660000	0.002358318254	
750.860000	0.002361168153	
751.060000	0.002363964849	
751.260000	0.002366709691	
751.460000	0.002369404013	
751.660000	0.002372049131	
751.860000	0.002374646345	
752.060000	0.002377196938	
752.260000	0.002379702175	
752.460000	0.002382163301	
752.660000	0.002384581545	
752.860000	0.002386958115	
753.060000	0.002389294202	
753.260000	0.002391590974	
753.460000	0.002393849581	
753.660000	0.002396071153	
753.860000	0.002398256799	
754.060000	0.002400407608	
754.260000	0.002402524647	
754.460000	0.002404608961	
754.660000	0.002406661577	
754.860000	0.002408683499	
755.060000	0.002410675708	
755.260000	0.002412639165	
755.460000	0.002414574809	
755.660000	0.002416483559	
755.860000	0.002418366309	
756.060000	0.002420223934	
756.260000	0.002422057286	
756.460000	0.002423867195	
756.660000	0.002425654470	
756.860000	0.002427419899	
757.060000	0.002429164247	
757.260000	0.002430888257	
757.460000	0.002432592652	
757.660000	0.002434278133	
757.860000	0.002435945380	
758.060000	0.002437595050	
758.260000	0.002439227782	
758.460000	0.002440844192	
758.660000	0.002442444874	
758.860000	0.002444030403	
759.060000	0.002445601333	
759.260000	0.002447158196	
759.460000	0.002448701507	
759.660000	0.002450231756	
759.860000	0.002451749416	
760.060000	0.002453254940	
760.260000	0.002454748758	
760.460000	0.002456231283	
760.660000	0.002457702908	
760.860000	0.002459164004	
761.060000	0.002460614924	
761.260000	0.002462056002	
761.460000	0.002463487552	
761.660000	0.002464909868	
761.860000	0.002466323224	
762.060000	0.002467727875	
762.260000	0.002469124059	
762.460000	0.002470511991	
762.660000	0.002471891868	
762.860000	0.002473263868	
763.060000	0.002474628148	
763.260000	0.002475984846	
763.460000	0.002477334080	
763.660000	0.002478675947	
763.860000	0.002480010524	
764.060000	0.002481337869	
764.260000	0.002482658016	
764.460000	0.002483970979	
764.660000	0.002485276751	
764.860000	0.002486575300	
765.060000	0.002487866575	
765.260000	0.002489150498	
765.460000	0.002490426968	
765.660000	0.002491695858	
765.860000	0.002492957017	
766.060000	0.002494210264	
766.260000	0.002495455393	
766.460000	0.002496692167	
766.660000	0.002497920316	
766.860000	0.002499139540	
767.060000	0.002500349505	
767.260000	0.002501549837	
767.460000	0.002502740128	
767.660000	0.002503919925	
767.860000	0.002505088732	
768.060000	0.002506246007	
768.260000	0.002507391154	
768.460000	0.002508523526	
768.660000	0.002509642412	
768.860000	0.002510747039	
769.060000	0.002511836562	
769.260000	0.002512910060	
769.460000	0.002513966524	
769.660000	0.002515004855	
769.860000	0.002516023846	
770.060000	0.002517022177	
770.260000	0.002517998399	
770.460000	0.002518950918	
770.660000	0.002519877977	
770.860000	0.002520777637	
771.060000	0.002521647752	
771.260000	0.002522485934	
771.460000	0.002523289527	
771.660000	0.002524055559	
771.860000	0.002524780694	
772.060000	0.002525461170	
772.260000	0.002526092724	
772.460000	0.002526670503	
772.660000	0.002527188942	
772.860000	0.002527641625	
773.060000	0.002528021097	
773.260000	0.002528318622	
773.460000	0.002528523872	
773.660000	0.002528624499	
773.860000	0.002528605566	
774.060000	0.002528448748	
774.260000	0.002528131178	
774.460000	0.002527623773	
774.660000	0.002526888636	
774.860000	0.002525874936	
775.060000	0.002524511893	
775.260000	0.002522696032	
775.460000	0.002520265546	
775.660000	0.002516940942	
775.860000	0.002512152645	
776.060000	0.002504252228	
776.260000	0.002463590985	
776.460000	0.001420101778	
776.660000	0.000000010081	
776.860000	0.000000000002	
777.060000	0.000000000002	
777.260000	0.000000000055	
777.460000	0.000000004351	
777.660000	0.000000107213	
777.860000	0.000000696870	
778.060000	0.000003074961	
778.260000	0.000013368672	
778.460000	0.000059959607	
778.660000	0.000163278334	
778.860000	0.000278869222	
779.060000	0.000390632877	
779.260000	0.000489180457	
779.460000	0.000575506318	
779.660000	0.000652147028	
799.660000	0.002220902317	
804.320000	0.002327489672	
804.520000	0.002331247895	
804.720000	0.002334949438	
804.920000	0.002338595545	
805.120000	0.002342187455	
805.320000	0.002345726405	
805.520000	0.002349213622	
805.720000	0.002352650329	
805.920000	0.002356037742	
806.120000	0.002359377067	
806.320000	0.002362669504	
806.520000	0.002365916244	
806.720000	0.002369118467	
806.920000	0.002372277346	
807.120000	0.002375394039	
807.320000	0.002378469698	
807.520000	0.002381505461	
807.720000	0.002384502455	
807.920000	0.002387461794	
808.120000	0.002390384580	
808.320000	0.002393271902	
808.520000	0.002396124838	
808.720000	0.002398944448	
808.920000	0.002401731782	
809.120000	0.002404487874	
809.320000	0.002407213745	
809.520000	0.002409910400	
809.720000	0.002412578829	
809.920000	0.002415220010	
810.120000	0.002417834902	
810.320000	0.002420424452	
810.520000	0.002422989588	
810.720000	0.002425531227	
810.920000	0.002428050267	
811.120000	0.002430547591	
811.320000	0.002433024067	
811.520000	0.002435480546	
811.720000	0.002437917866	
811.920000	0.002440336845	
812.120000	0.002442738289	
812.320000	0.002445122986	
812.520000	0.002447491710	
812.720000	0.002449845216	
812.920000	0.002452184246	
813.120000	0.002454509527	
813.320000	0.002456821769	
813.520000	0.002459121667	
813.720000	0.002461409900	
813.920000	0.002463687133	
814.120000	0.002465954015	
814.320000	0.002468211181	
814.520000	0.002470459249	
814.720000	0.002472698825	
814.920000	0.002474930500	
815.120000	0.002477154848	
815.320000	0.002479372431	
815.520000	0.002481583798	
815.720000	0.002483789482	
815.920000	0.002485990003	
816.120000	0.002488185867	
816.320000	0.002490377568	
816.520000	0.002492565585	
816.720000	0.002494750387	
816.920000	0.002496932427	
817.120000	0.002499112147	
817.320000	0.002501289976	
817.520000	0.002503466333	
817.720000	0.002505641622	
817.920000	0.002507816237	
818.120000	0.002509990560	
818.320000	0.002512164963	
818.520000	0.002514339805	
818.720000	0.002516515434	
818.920000	0.002518692190	
819.120000	0.002520870400	
819.320000	0.002523050381	
819.520000	0.002525232441	
819.720000	0.002527416877	
819.920000	0.002529603978	
820.120000	0.002531794021	
820.320000	0.002533987277	
820.520000	0.002536184005	
820.720000	0.002538384457	
820.920000	0.002540588875	
821.120000	0.002542797493	
821.320000	0.002545010539	
821.520000	0.002547228229	
821.720000	0.002549450773	
821.920000	0.002551678375	
822.120000	0.002553911228	
822.320000	0.002556149520	
822.520000	0.002558393432	
822.720000	0.002560643136	
822.920000	0.002562898800	
823.120000	0.002565160583	
823.320000	0.002567428638	
823.520000	0.002569703112	
823.720000	0.002571984146	
823.920000	0.002574271876	
824.120000	0.002576566429	
824.320000	0.002578867929	
824.520000	0.002581176493	
824.720000	0.002583492234	
824.920000	0.002585815259	
825.120000	0.002588145669	
825.320000	0.002590483561	
825.520000	0.002592829026	
825.720000	0.002595182152	
825.920000	0.002597543021	
826.120000	0.002599911711	
826.320000	0.002602288295	
826.520000	0.002604672843	
826.720000	0.002607065419	
826.920000	0.002609466083	
827.120000	0.002611874894	
827.320000	0.002614291904	
827.520000	0.002616717162	
827.720000	0.002619150714	
827.920000	0.002621592602	
828.120000	0.002624042864	
828.320000	0.002626501536	
828.520000	0.002628968649	
828.720000	0.002631444232	
828.920000	0.002633928311	
829.120000	0.002636420908	
829.320000	0.002638922043	
829.520000	0.002641431732	
829.720000	0.002643949989	
829.920000	0.002646476824	
830.120000	0.002649012248	
830.320000	0.002651556265	
830.520000	0.002654108878	
830.720000	0.002656670088	
830.920000	0.002659239895	
831.120000	0.002661818293	
831.320000	0.002664405276	
831.520000	0.002667000837	
831.720000	0.002669604965	
831.920000	0.002672217646	
832.120000	0.002674838866	
832.320000	0.002677468608	
832.520000	0.002680106855	
832.720000	0.002682753584	
832.920000	0.002685408773	
833.120000	0.002688072399	
833.320000	0.002690744436	
833.520000	0.002693424855	
833.720000	0.002696113627	
833.920000	0.002698810722	
834.120000	0.002701516107	
834.320000	0.002704229748	
834.520000	0.002706951609	
834.720000	0.002709681654	
834.920000	0.002712419844	
835.120000	0.002715166139	
835.320000	0.002717920499	
835.520000	0.002720682882	
835.720000	0.002723453243	
835.920000	0.002726231538	
836.120000	0.002729017721	
836.320000	0.002731811746	
836.520000	0.002734613563	
836.720000	0.002737423125	
836.920000	0.002740240381	
837.120000	0.002743065279	
837.320000	0.002745897768	
837.520000	0.002748737794	
837.720000	0.002751585305	
837.920000	0.002754440244	
838.120000	0.002757302557	
838.320000	0.002760172186	
838.520000	0.002763049076	
838.720000	0.002765933168	
838.920000	0.002768824404	
839.120000	0.002771722724	
839.320000	0.002774628069	
839.520000	0.002777540378	
839.720000	0.002780459590	
839.920000	0.002783385644	
840.120000	0.002786318478	
840.320000	0.002789258029	
840.520000	0.002792204235	
840.720000	0.002795157031	
840.920000	0.002798116354	
841.120000	0.002801082140	
841.320000	0.002804054325	
841.520000	0.002807032842	
841.720000	0.002810017629	
841.920000	0.002813008618	
842.120000	0.002816005744	
842.320000	0.002819008942	
842.520000	0.002822018145	
842.720000	0.002825033287	
842.920000	0.002828054302	
843.120000	0.002831081123	
843.320000	0.002834113684	
843.520000	0.002837151917	
843.720000	0.002840195757	
843.920000	0.002843245136	
844.120000	0.002846299988	
844.320000	0.002849360246	
844.520000	0.002852425843	
844.720000	0.002855496712	
844.920000	0.002858572788	
845.120000	0.002861654003	
845.320000	0.002864740291	
845.520000	0.002867831586	
845.720000	0.002870927821	
845.920000	0.002874028932	
846.120000	0.002877134851	
846.320000	0.002880245515	
846.520000	0.002883360856	
846.720000	0.002886480811	
846.920000	0.002889605314	
847.120000	0.002892734301	
847.320000	0.002895867708	
847.520000	0.002899005470	
847.720000	0.002902147525	
847.920000	0.002905293808	
848.120000	0.002908444257	
848.320000	0.002911598809	
848.520000	0.002914757402	
848.720000	0.002917919974	
848.920000	0.002921086463	
849.120000	0.002924256810	
849.320000	0.002927430952	
849.520000	0.002930608829	
849.720000	0.002933790383	
849.920000	0.002936975553	
850.120000	0.002940164281	
850.320000	0.002943356508	
850.520000	0.002946552176	
850.720000	0.002949751228	
850.920000	0.002952953606	
851.120000	0.002956159255	
851.320000	0.002959368119	
851.520000	0.002962580141	
851.720000	0.002965795266	
851.920000	0.002969013442	
852.120000	0.002972234612	
852.320000	0.002975458725	
852.520000	0.002978685727	
852.720000	0.002981915566	
852.920000	0.002985148189	
853.120000	0.002988383547	
853.320000	0.002991621588	
853.520000	0.002994862262	
853.720000	0.002998105519	
853.920000	0.003001351311	
854.120000	0.003004599588	
854.320000	0.003007850304	
854.520000	0.003011103411	
854.720000	0.003014358861	
854.920000	0.003017616609	
855.120000	0.003020876610	
855.320000	0.003024138817	
855.520000	0.003027403187	
855.720000	0.003030669676	
855.920000	0.003033938240	
856.120000	0.003037208836	
856.320000	0.003040481423	
856.520000	0.003043755958	
856.720000	0.003047032401	
856.920000	0.003050310710	
857.120000	0.003053590847	
857.320000	0.003056872770	
857.520000	0.003060156443	
857.720000	0.003063441826	
857.920000	0.003066728881	
858.120000	0.003070017571	
858.320000	0.003073307860	
858.520000	0.003076599712	
858.720000	0.003079893090	
858.920000	0.003083187960	
859.120000	0.003086484287	
859.320000	0.003089782037	
859.520000	0.003093081178	
859.720000	0.003096381675	
859.920000	0.003099683496	
860.120000	0.003102986610	
860.320000	0.003106290985	
860.520000	0.003109596590	
860.720000	0.003112903394	
860.920000	0.003116211369	
861.120000	0.003119520484	
861.320000	0.003122830710	
861.520000	0.003126142019	
861.720000	0.003129454384	
861.920000	0.003132767776	
862.120000	0.003136082169	
862.320000	0.003139397535	
862.520000	0.003142713850	
862.720000	0.003146031087	
862.920000	0.003149349221	
863.120000	0.003152668227	
863.320000	0.003155988082	
863.520000	0.003159308760	
863.720000	0.003162630240	
863.920000	0.003165952497	
864.120000	0.003169275509	
864.320000	0.003172599255	
864.520000	0.003175923712	
864.720000	0.003179248858	
864.920000	0.003182574674	
865.120000	0.003185901138	
865.320000	0.003189228230	
865.520000	0.003192555930	
865.720000	0.003195884220	
865.920000	0.003199213079	
866.120000	0.003202542490	
866.320000	0.003205872434	
866.520000	0.003209202893	
866.720000	0.003212533849	
866.920000	0.003215865286	
867.120000	0.003219197186	
867.320000	0.003222529533	
867.520000	0.003225862310	
867.720000	0.003229195502	
867.920000	0.003232529093	
868.120000	0.003235863068	
868.320000	0.003239197411	
868.520000	0.003242532109	
868.720000	0.003245867147	
868.920000	0.003249202511	
869.120000	0.003252538187	
869.320000	0.003255874161	
869.520000	0.003259210421	
869.720000	0.003262546954	
869.920000	0.003265883747	
870.120000	0.003269220787	
870.320000	0.003272558063	
870.520000	0.003275895563	
870.720000	0.003279233275	
870.920000	0.003282571188	
871.120000	0.003285909292	
871.320000	0.003289247574	
871.520000	0.003292586025	
871.720000	0.003295924634	
871.920000	0.003299263391	
872.120000	0.003302602287	
872.320000	0.003305941311	
872.520000	0.003309280454	
872.720000	0.003312619708	
872.920000	0.003315959062	
873.120000	0.003319298509	
873.320000	0.003322638039	
873.520000	0.003325977645	
873.720000	0.003329317318	
873.920000	0.003332657050	
874.120000	0.003335996833	
874.320000	0.003339336660	
874.520000	0.003342676523	
874.720000	0.003346016416	
874.920000	0.003349356330	
875.120000	0.003352696259	
875.320000	0.003356036196	
875.520000	0.003359376135	
875.720000	0.003362716070	
875.920000	0.003366055993	
876.120000	0.003369395900	
876.320000	0.003372735783	
876.520000	0.003376075638	
876.720000	0.003379415458	
876.920000	0.003382755238	
877.120000	0.003386094973	
877.320000	0.003389434657	
877.520000	0.003392774286	
877.720000	0.003396113854	
877.920000	0.003399453356	
878.120000	0.003402792789	
878.320000	0.003406132146	
878.520000	0.003409471425	
878.720000	0.003412810620	
878.920000	0.003416149727	
879.120000	0.003419488742	
879.320000	0.003422827662	
879.520000	0.003426166481	
879.720000	0.003429505197	
879.920000	0.003432843806	
880.120000	0.003436182304	
880.320000	0.003439520688	
880.520000	0.003442858954	
880.720000	0.003446197099	
880.920000	0.003449535120	
881.120000	0.003452873014	
881.320000	0.003456210777	
881.520000	0.003459548408	
881.720000	0.003462885902	
881.920000	0.003466223257	
882.120000	0.003469560471	
882.320000	0.003472897541	
882.520000	0.003476234464	
882.720000	0.003479571238	
882.920000	0.003482907860	
883.120000	0.003486244329	
883.320000	0.003489580642	
883.520000	0.003492916797	
883.720000	0.003496252792	
883.920000	0.003499588624	
884.120000	0.003502924293	
884.320000	0.003506259795	
884.520000	0.003509595129	
884.720000	0.003512930294	
884.920000	0.003516265287	
885.120000	0.003519600107	
885.320000	0.003522934752	
885.520000	0.003526269221	
885.720000	0.003529603512	
885.920000	0.003532937624	
886.120000	0.003536271555	
886.320000	0.003539605305	
886.520000	0.003542938871	
886.720000	0.003546272252	
886.920000	0.003549605448	
887.120000	0.003552938457	
887.320000	0.003556271278	
887.520000	0.003559603910	
887.720000	0.003562936351	
887.920000	0.003566268601	
888.120000	0.003569600659	
888.320000	0.003572932524	
888.520000	0.003576264196	
888.720000	0.003579595672	
908.720000	0.003911705287	
928.720000	0.004241775595	
948.720000	0.004569767050	
968.720000	0.004895380221	
988.720000	0.005218119596	
1008.720000	0.005537378126	
1028.720000	0.005852499658	
1048.720000	0.006162824947	
1068.720000	0.006467725690	
1088.720000	0.006766629148	
1108.720000	0.007059034821	
1128.720000	0.007344524545	
1148.720000	0.007622766412	
1168.720000	0.007893514752	
1188.720000	0.008156605951	
1208.720000	0.008411951931	
1228.720000	0.008659531639	
1248.720000	0.008899381300	
1268.720000	0.009131584369	
1288.720000	0.009356261753	
1308.720000	0.009573562740	
1328.720000	0.009783656936	
1348.720000	0.009986727399	
1368.720000	0.010182965027	
1388.720000	0.010372564185	
1408.720000	0.010555719467	
1428.720000	0.010732623452	
1448.720000	0.010903465307	
1468.720000	0.011068430036	
1488.720000	0.011227698241	
1508.720000	0.011381446211	
1528.720000	0.011529846233	
1548.720000	0.011673067008	
1568.720000	0.011811274086	
1588.720000	0.011944630270	
1608.720000	0.012073295934	
1628.720000	0.012197429254	
1648.720000	0.012317186320	
1668.720000	0.012432721150	
1688.720000	0.012544185611	
1708.720000	0.012651729255	
1728.720000	0.012755499099	
1748.720000	0.012855639363	
1768.720000	0.012952291186	
1788.720000	0.013045592331	
1808.720000	0.013135676911	
1828.720000	0.013222675121	
1848.720000	0.013306713013	
1868.720000	0.013387912305	
1888.720000	0.013466390228	
1908.720000	0.013542259421	
1928.720000	0.013615627871	
1948.720000	0.013686598886	
1968.720000	0.013755271119	
1988.720000	0.013821738618	
2008.720000	0.013886090914	
2028.720000	0.013948413131	
2048.720000	0.014008786126	
2068.720000	0.014067286633	
2088.720000	0.014123987438	
2108.720000	0.014178957551	
2128.720000	0.014232262390	
2148.720000	0.014283963964	
2168.720000	0.014334121065	
2188.720000	0.014382789448	
2208.720000	0.014430022011	
2228.720000	0.014475868975	
2248.720000	0.014520378048	
2268.720000	0.014563594589	
2288.720000	0.014605561763	
2308.720000	0.014646320683	
2328.720000	0.014685910549	
2348.720000	0.014724368775	
2368.720000	0.014761731110	
2388.720000	0.014798031749	
2408.720000	0.014833303434	
2428.720000	0.014867577554	
2448.720000	0.014900884227	
2468.720000	0.014933252390	
2488.720000	0.014964709865	
