0.000000	0.025042539273	
20.000000	0.025044694176	
40.000000	0.025045102618	
60.000000	0.025045113637	
80.000000	0.025045099972	
100.000000	0.025045110252	
120.000000	0.025028593299	
140.000000	0.025069297935	
160.000000	0.025178604757	
180.000000	0.025309010200	
200.000000	0.025447256203	
220.000000	0.025588293998	
240.000000	0.025730223197	
260.000000	0.025872199164	
280.000000	0.026013736690	
300.000000	0.026154491125	
320.000000	0.026294189128	
340.000000	0.026432579012	
360.000000	0.026568414608	
380.000000	0.026701992676	
400.000000	0.026833572709	
420.000000	0.026963224841	
440.000000	0.027090935780	
460.000000	0.027216670309	
480.000000	0.027340394486	
500.000000	0.027462085515	
520.000000	0.027583688353	
540.000000	0.027697021815	
560.000000	0.027800343814	
580.000000	0.027894731516	
580.720000	0.027898002479	
580.920000	0.027898910252	
581.120000	0.027899817709	
581.320000	0.027900724874	
581.520000	0.027901631776	
581.720000	0.027902538442	
581.920000	0.027903444906	
582.120000	0.027904351200	
582.320000	0.027905257362	
582.520000	0.027906163431	
582.720000	0.027907069451	
582.920000	0.027907975468	
583.120000	0.027908881535	
583.320000	0.027909787708	
583.520000	0.027910694050	
583.720000	0.027911600629	
583.920000	0.027912507522	
584.120000	0.027913414816	
584.320000	0.027914322606	
584.520000	0.027915231002	
584.720000	0.027916140127	
584.920000	0.027917050124	
585.120000	0.027917961155	
585.320000	0.027918873413	
585.520000	0.027919787120	
585.720000	0.027920702547	
585.920000	0.027921620014	
586.120000	0.027922539920	
586.320000	0.027923462758	
586.520000	0.027924389164	
586.720000	0.027925319969	
586.920000	0.027926256310	
587.120000	0.027927199807	
587.320000	0.027928152928	
587.520000	0.027929119807	
587.720000	0.027930108575	
587.920000	0.027931141880	
588.120000	0.027932483829	
588.320000	0.027935124408	
588.520000	0.027939912626	
588.720000	0.027962572993	
588.920000	0.028050390796	
589.120000	0.028240979212	
589.320000	0.028526744018	
589.520000	0.028868171885	
589.720000	0.029227522908	
589.920000	0.029572143524	
590.120000	0.029872640843	
590.320000	0.030107255245	
590.520000	0.030263853436	
590.720000	0.030354396039	
590.920000	0.030405221235	
591.120000	0.030431017168	
611.120000	0.028749509173	
619.240000	0.028472381064	
619.440000	0.028467490606	
619.640000	0.028462677321	
619.840000	0.028457940219	
620.040000	0.028453278323	
620.240000	0.028448690667	
620.440000	0.028444176296	
620.640000	0.028439734266	
620.840000	0.028435363644	
621.040000	0.028431063508	
621.240000	0.028426832947	
621.440000	0.028422671059	
621.640000	0.028418576956	
621.840000	0.028414549758	
622.040000	0.028410588596	
622.240000	0.028406692611	
622.440000	0.028402860957	
622.640000	0.028399092795	
622.840000	0.028395387299	
623.040000	0.028391743650	
623.240000	0.028388161043	
623.440000	0.028384638681	
623.640000	0.028381175775	
623.840000	0.028377771551	
624.040000	0.028374425240	
624.240000	0.028371136086	
624.440000	0.028367903342	
624.640000	0.028364726269	
624.840000	0.028361604141	
625.040000	0.028358536239	
625.240000	0.028355521855	
625.440000	0.028352560290	
625.640000	0.028349650854	
625.840000	0.028346792870	
626.040000	0.028343985666	
626.240000	0.028341228582	
626.440000	0.028338520968	
626.640000	0.028335862183	
626.840000	0.028333251596	
627.040000	0.028330688585	
627.240000	0.028328172538	
627.440000	0.028325702854	
627.640000	0.028323278941	
627.840000	0.028320900218	
628.040000	0.028318566113	
628.240000	0.028316276066	
628.440000	0.028314029527	
628.640000	0.028311825958	
628.840000	0.028309664830	
629.040000	0.028307545629	
629.240000	0.028305467851	
629.440000	0.028303431007	
629.640000	0.028301434620	
629.840000	0.028299478228	
630.040000	0.028297561386	
630.240000	0.028295683663	
630.440000	0.028293844649	
630.640000	0.028292043954	
630.840000	0.028290281211	
631.040000	0.028288556077	
631.240000	0.028286868241	
631.440000	0.028285217426	
631.640000	0.028283603397	
631.840000	0.028282025968	
632.040000	0.028280485015	
632.240000	0.028278980491	
632.440000	0.028277512451	
632.640000	0.028276081083	
632.840000	0.028274686761	
633.040000	0.028273330122	
633.240000	0.028272012206	
633.440000	0.028270734699	
633.640000	0.028269500433	
633.840000	0.028268314544	
634.040000	0.028267188018	
634.240000	0.028266157159	
634.440000	0.028265740889	
634.640000	0.028267041560	
634.840000	0.028274173705	
635.040000	0.028320722509	
635.240000	0.028458188773	
635.440000	0.028705491034	
635.640000	0.029034272801	
635.840000	0.029398811437	
636.040000	0.029763603576	
636.240000	0.030097911366	
636.440000	0.030377118394	
636.640000	0.030585411832	
636.840000	0.030717662773	
637.040000	0.030794022149	
637.240000	0.030836040566	
637.440000	0.030855595019	
657.440000	0.028984935550	
658.480000	0.028934684790	
658.680000	0.028925437756	
658.880000	0.028916321276	
659.080000	0.028907333788	
659.280000	0.028898473742	
659.480000	0.028889739605	
659.680000	0.028881129858	
659.880000	0.028872642998	
660.080000	0.028864277533	
660.280000	0.028856031989	
660.480000	0.028847904906	
660.680000	0.028839894837	
660.880000	0.028832000351	
661.080000	0.028824220031	
661.280000	0.028816552475	
661.480000	0.028808996293	
661.680000	0.028801550112	
661.880000	0.028794212573	
662.080000	0.028786982329	
662.280000	0.028779858049	
662.480000	0.028772838416	
662.680000	0.028765922126	
662.880000	0.028759107890	
663.080000	0.028752394433	
663.280000	0.028745780491	
663.480000	0.028739264818	
663.680000	0.028732846178	
663.880000	0.028726523352	
664.080000	0.028720295131	
664.280000	0.028714160321	
664.480000	0.028708117743	
664.680000	0.028702166230	
664.880000	0.028696304626	
665.080000	0.028690531791	
665.280000	0.028684846599	
665.480000	0.028679247933	
665.680000	0.028673734693	
665.880000	0.028668305789	
666.080000	0.028662960146	
666.280000	0.028657696700	
666.480000	0.028652514401	
666.680000	0.028647412211	
666.880000	0.028642389105	
667.080000	0.028637444069	
667.280000	0.028632576104	
667.480000	0.028627784222	
667.680000	0.028623067446	
667.880000	0.028618424814	
668.080000	0.028613855375	
668.280000	0.028609358190	
668.480000	0.028604932333	
668.680000	0.028600576889	
668.880000	0.028596290956	
669.080000	0.028592073645	
669.280000	0.028587924077	
669.480000	0.028583841387	
669.680000	0.028579824722	
669.880000	0.028575873242	
670.080000	0.028571986116	
670.280000	0.028568162530	
670.480000	0.028564401679	
670.680000	0.028560702773	
670.880000	0.028557065034	
671.080000	0.028553487696	
671.280000	0.028549970008	
671.480000	0.028546511231	
671.680000	0.028543110640	
671.880000	0.028539767527	
672.080000	0.028536481194	
672.280000	0.028533250963	
672.480000	0.028530076169	
672.680000	0.028526956164	
672.880000	0.028523890320	
673.080000	0.028520878025	
673.280000	0.028517918691	
673.480000	0.028515011748	
673.680000	0.028512156655	
673.880000	0.028509352894	
674.080000	0.028506599980	
674.280000	0.028503897464	
674.480000	0.028501244935	
674.680000	0.028498642031	
674.880000	0.028496088448	
675.080000	0.028493583951	
675.280000	0.028491128395	
675.480000	0.028488721746	
675.680000	0.028486364124	
675.880000	0.028484055851	
676.080000	0.028481797543	
676.280000	0.028479590257	
676.480000	0.028477435754	
676.680000	0.028475337027	
676.880000	0.028473299525	
677.080000	0.028471334829	
677.280000	0.028469480132	
677.480000	0.028468255180	
677.680000	0.028468925145	
677.880000	0.028477553308	
678.080000	0.028532534190	
678.280000	0.028686577333	
678.480000	0.028953485813	
678.680000	0.029298842719	
678.880000	0.029674062866	
679.080000	0.030043320643	
679.280000	0.030377121668	
679.480000	0.030653177571	
679.680000	0.030857889545	
679.880000	0.030988181947	
680.080000	0.031064094524	
680.280000	0.031105874749	
680.480000	0.031125008931	
680.680000	0.031129105416	
699.480000	0.029205410262	
699.680000	0.029194129730	
699.880000	0.029183003496	
700.080000	0.029172029754	
700.280000	0.029161206715	
700.480000	0.029150532603	
700.680000	0.029140005660	
700.880000	0.029129624145	
701.080000	0.029119386328	
701.280000	0.029109290500	
701.480000	0.029099334965	
701.680000	0.029089518043	
701.880000	0.029079838071	
702.080000	0.029070293400	
702.280000	0.029060882397	
702.480000	0.029051603447	
702.680000	0.029042454947	
702.880000	0.029033435313	
703.080000	0.029024542975	
703.280000	0.029015776378	
703.480000	0.029007133984	
703.680000	0.028998614269	
703.880000	0.028990215726	
704.080000	0.028981936861	
704.280000	0.028973776198	
704.480000	0.028965732275	
704.680000	0.028957803644	
704.880000	0.028949988874	
705.080000	0.028942286547	
705.280000	0.028934695263	
705.480000	0.028927213635	
705.680000	0.028919840289	
705.880000	0.028912573868	
706.080000	0.028905413031	
706.280000	0.028898356448	
706.480000	0.028891402806	
706.680000	0.028884550806	
706.880000	0.028877799162	
707.080000	0.028871146604	
707.280000	0.028864591876	
707.480000	0.028858133734	
707.680000	0.028851770950	
707.880000	0.028845502310	
708.080000	0.028839326613	
708.280000	0.028833242671	
708.480000	0.028827249312	
708.680000	0.028821345375	
708.880000	0.028815529714	
709.080000	0.028809801196	
709.280000	0.028804158701	
709.480000	0.028798601123	
709.680000	0.028793127368	
709.880000	0.028787736356	
710.080000	0.028782427020	
710.280000	0.028777198304	
710.480000	0.028772049168	
710.680000	0.028766978583	
710.880000	0.028761985531	
711.080000	0.028757069010	
711.280000	0.028752228028	
711.480000	0.028747461606	
711.680000	0.028742768779	
711.880000	0.028738148591	
712.080000	0.028733600101	
712.280000	0.028729122380	
712.480000	0.028724714510	
712.680000	0.028720375586	
712.880000	0.028716104714	
713.080000	0.028711901014	
713.280000	0.028707763616	
713.480000	0.028703691663	
713.680000	0.028699684309	
713.880000	0.028695740723	
714.080000	0.028691860082	
714.280000	0.028688041577	
714.480000	0.028684284412	
714.680000	0.028680587802	
714.880000	0.028676950974	
715.080000	0.028673373169	
715.280000	0.028669853637	
715.480000	0.028666391645	
715.680000	0.028662986470	
715.880000	0.028659637402	
716.080000	0.028656343747	
716.280000	0.028653104821	
716.480000	0.028649919956	
716.680000	0.028646788499	
716.880000	0.028643709812	
717.080000	0.028640683270	
717.280000	0.028637708269	
717.480000	0.028634784219	
717.680000	0.028631910551	
717.880000	0.028629086714	
718.080000	0.028626312179	
718.280000	0.028623586443	
718.480000	0.028620909028	
718.680000	0.028618279484	
718.880000	0.028615697397	
719.080000	0.028613162390	
719.280000	0.028610674132	
719.480000	0.028608232345	
719.680000	0.028605836817	
719.880000	0.028603487414	
720.080000	0.028601184105	
720.280000	0.028598926989	
720.480000	0.028596716340	
720.680000	0.028594552674	
720.880000	0.028592436857	
721.080000	0.028590370283	
721.280000	0.028588355212	
721.480000	0.028586395461	
721.680000	0.028584498097	
721.880000	0.028582679079	
722.080000	0.028581007489	
722.280000	0.028580391578	
722.480000	0.028582353123	
722.680000	0.028603129646	
722.880000	0.028694202232	
723.080000	0.028901510237	
723.280000	0.029216885903	
723.480000	0.029591977592	
723.680000	0.029979186923	
723.880000	0.030345152839	
724.080000	0.030663650270	
724.280000	0.030917024745	
724.480000	0.031095782956	
724.680000	0.031205425118	
724.880000	0.031269055561	
725.080000	0.031302712251	
725.280000	0.031316335912	
725.480000	0.031316499494	
745.060000	0.029283465242	
745.260000	0.029272460198	
745.460000	0.029261605854	
745.660000	0.029250900407	
745.860000	0.029240342074	
746.060000	0.029229929084	
746.260000	0.029219659686	
746.460000	0.029209532144	
746.660000	0.029199544740	
746.860000	0.029189695770	
747.060000	0.029179983550	
747.260000	0.029170406409	
747.460000	0.029160962694	
747.660000	0.029151650768	
747.860000	0.029142469012	
748.060000	0.029133415820	
748.260000	0.029124489604	
748.460000	0.029115688793	
748.660000	0.029107011831	
748.860000	0.029098457178	
749.060000	0.029090023309	
749.260000	0.029081708716	
749.460000	0.029073511908	
749.660000	0.029065431406	
749.860000	0.029057465751	
750.060000	0.029049613495	
750.260000	0.029041873209	
750.460000	0.029034243478	
750.660000	0.029026722901	
750.860000	0.029019310095	
751.060000	0.029012003689	
751.260000	0.029004802329	
751.460000	0.028997704675	
751.660000	0.028990709402	
751.860000	0.028983815199	
752.060000	0.028977020770	
752.260000	0.028970324835	
752.460000	0.028963726125	
752.660000	0.028957223387	
752.860000	0.028950815384	
753.060000	0.028944500889	
753.260000	0.028938278693	
753.460000	0.028932147598	
753.660000	0.028926106420	
753.860000	0.028920153991	
754.060000	0.028914289152	
754.260000	0.028908510762	
754.460000	0.028902817691	
754.660000	0.028897208822	
754.860000	0.028891683051	
755.060000	0.028886239288	
755.260000	0.028880876456	
755.460000	0.028875593488	
755.660000	0.028870389333	
755.860000	0.028865262951	
756.060000	0.028860213313	
756.260000	0.028855239405	
756.460000	0.028850340224	
756.660000	0.028845514778	
756.860000	0.028840762087	
757.060000	0.028836081186	
757.260000	0.028831471117	
757.460000	0.028826930938	
757.660000	0.028822459715	
757.860000	0.028818056528	
758.060000	0.028813720466	
758.260000	0.028809450631	
758.460000	0.028805246136	
758.660000	0.028801106104	
758.860000	0.028797029670	
759.060000	0.028793015978	
759.260000	0.028789064185	
759.460000	0.028785173457	
759.660000	0.028781342970	
759.860000	0.028777571912	
760.060000	0.028773859481	
760.260000	0.028770204885	
760.460000	0.028766607340	
760.660000	0.028763066075	
760.860000	0.028759580328	
761.060000	0.028756149346	
761.260000	0.028752772386	
761.460000	0.028749448716	
761.660000	0.028746177610	
761.860000	0.028742958356	
762.060000	0.028739790249	
762.260000	0.028736672592	
762.460000	0.028733604699	
762.660000	0.028730585893	
762.860000	0.028727615505	
763.060000	0.028724692877	
763.260000	0.028721817357	
763.460000	0.028718988304	
763.660000	0.028716205085	
763.860000	0.028713467075	
764.060000	0.028710773658	
764.260000	0.028708124228	
764.460000	0.028705518184	
764.660000	0.028702954937	
764.860000	0.028700433904	
765.060000	0.028697954510	
765.260000	0.028695516191	
765.460000	0.028693118388	
765.660000	0.028690760552	
765.860000	0.028688442141	
766.060000	0.028686162622	
766.260000	0.028683921469	
766.460000	0.028681718164	
766.660000	0.028679552197	
766.860000	0.028677423068	
767.060000	0.028675330281	
767.260000	0.028673273351	
767.460000	0.028671251800	
767.660000	0.028669265157	
767.860000	0.028667312961	
768.060000	0.028665394757	
768.260000	0.028663510099	
768.460000	0.028661658549	
768.660000	0.028659839677	
768.860000	0.028658053061	
769.060000	0.028656298288	
769.260000	0.028654574953	
769.460000	0.028652882661	
769.660000	0.028651221024	
769.860000	0.028649589665	
770.060000	0.028647988215	
770.260000	0.028646416316	
770.460000	0.028644873619	
770.660000	0.028643359786	
770.860000	0.028641874491	
771.060000	0.028640417420	
771.260000	0.028638988270	
771.460000	0.028637586753	
771.660000	0.028636212595	
771.860000	0.028634865538	
772.060000	0.028633545342	
772.260000	0.028632251785	
772.460000	0.028630984668	
772.660000	0.028629743817	
772.860000	0.028628529085	
773.060000	0.028627340356	
773.260000	0.028626177557	
773.460000	0.028625040656	
773.660000	0.028623929677	
773.860000	0.028622844713	
774.060000	0.028621785941	
774.260000	0.028620753646	
774.460000	0.028619748256	
774.660000	0.028618770392	
774.860000	0.028617820943	
775.060000	0.028616901195	
775.260000	0.028616013040	
775.460000	0.028615159383	
775.660000	0.028614345007	
775.860000	0.028613578800	
776.060000	0.028612882153	
776.260000	0.028612405337	
776.460000	0.028613346752	
776.660000	0.028618538806	
776.860000	0.028657233725	
777.060000	0.028788584067	
777.260000	0.029046483090	
777.460000	0.029404148336	
777.660000	0.029804093924	
777.860000	0.030200851292	
778.060000	0.030563193473	
778.260000	0.030868242651	
778.460000	0.031102171320	
778.660000	0.031259680972	
778.860000	0.031354541761	
779.060000	0.031408886406	
779.260000	0.031436292635	
779.460000	0.031445743521	
779.660000	0.031442979854	
799.660000	0.029350908304	
804.320000	0.029133743955	
804.520000	0.029125922356	
804.720000	0.029118211256	
804.920000	0.029110609239	
805.120000	0.029103114902	
805.320000	0.029095726856	
805.520000	0.029088443732	
805.720000	0.029081264171	
805.920000	0.029074186833	
806.120000	0.029067210391	
806.320000	0.029060333534	
806.520000	0.029053554965	
806.720000	0.029046873402	
806.920000	0.029040287578	
807.120000	0.029033796240	
807.320000	0.029027398149	
807.520000	0.029021092080	
807.720000	0.029014876824	
807.920000	0.029008751184	
808.120000	0.029002713977	
808.320000	0.028996764035	
808.520000	0.028990900202	
808.720000	0.028985121338	
808.920000	0.028979426313	
809.120000	0.028973814012	
809.320000	0.028968283335	
809.520000	0.028962833191	
809.720000	0.028957462505	
809.920000	0.028952170215	
810.120000	0.028946955268	
810.320000	0.028941816628	
810.520000	0.028936753268	
810.720000	0.028931764176	
810.920000	0.028926848350	
811.120000	0.028922004802	
811.320000	0.028917232554	
811.520000	0.028912530642	
811.720000	0.028907898111	
811.920000	0.028903334020	
812.120000	0.028898837438	
812.320000	0.028894407447	
812.520000	0.028890043139	
812.720000	0.028885743616	
812.920000	0.028881507994	
813.120000	0.028877335397	
813.320000	0.028873224963	
813.520000	0.028869175837	
813.720000	0.028865187176	
813.920000	0.028861258150	
814.120000	0.028857387935	
814.320000	0.028853575721	
814.520000	0.028849820706	
814.720000	0.028846122098	
814.920000	0.028842479116	
815.120000	0.028838890989	
815.320000	0.028835356954	
815.520000	0.028831876259	
815.720000	0.028828448162	
815.920000	0.028825071928	
816.120000	0.028821746834	
816.320000	0.028818472165	
816.520000	0.028815247215	
816.720000	0.028812071287	
816.920000	0.028808943692	
817.120000	0.028805863753	
817.320000	0.028802830797	
817.520000	0.028799844164	
817.720000	0.028796903200	
817.920000	0.028794007260	
818.120000	0.028791155708	
818.320000	0.028788347914	
818.520000	0.028785583258	
818.720000	0.028782861128	
818.920000	0.028780180920	
819.120000	0.028777542038	
819.320000	0.028774943891	
819.520000	0.028772385900	
819.720000	0.028769867490	
819.920000	0.028767388095	
820.120000	0.028764947158	
820.320000	0.028762544126	
820.520000	0.028760178455	
820.720000	0.028757849608	
820.920000	0.028755557056	
821.120000	0.028753300275	
821.320000	0.028751078750	
821.520000	0.028748891971	
821.720000	0.028746739435	
821.920000	0.028744620647	
822.120000	0.028742535118	
822.320000	0.028740482364	
822.520000	0.028738461910	
822.720000	0.028736473285	
822.920000	0.028734516025	
823.120000	0.028732589674	
823.320000	0.028730693779	
823.520000	0.028728827895	
823.720000	0.028726991583	
823.920000	0.028725184409	
824.120000	0.028723405946	
824.320000	0.028721655771	
824.520000	0.028719933468	
824.720000	0.028718238627	
824.920000	0.028716570843	
825.120000	0.028714929715	
825.320000	0.028713314851	
825.520000	0.028711725860	
825.720000	0.028710162359	
825.920000	0.028708623970	
826.120000	0.028707110320	
826.320000	0.028705621041	
826.520000	0.028704155769	
826.720000	0.028702714147	
826.920000	0.028701295822	
827.120000	0.028699900444	
827.320000	0.028698527670	
827.520000	0.028697177162	
827.720000	0.028695848586	
827.920000	0.028694541611	
828.120000	0.028693255913	
828.320000	0.028691991172	
828.520000	0.028690747071	
828.720000	0.028689523298	
828.920000	0.028688319546	
829.120000	0.028687135513	
829.320000	0.028685970898	
829.520000	0.028684825409	
829.720000	0.028683698753	
829.920000	0.028682590645	
830.120000	0.028681500801	
830.320000	0.028680428944	
830.520000	0.028679374799	
830.720000	0.028678338095	
830.920000	0.028677318565	
831.120000	0.028676315946	
831.320000	0.028675329979	
831.520000	0.028674360407	
831.720000	0.028673406978	
831.920000	0.028672469445	
832.120000	0.028671547561	
832.320000	0.028670641086	
832.520000	0.028669749781	
832.720000	0.028668873412	
832.920000	0.028668011746	
833.120000	0.028667164557	
833.320000	0.028666331619	
833.520000	0.028665512711	
833.720000	0.028664707614	
833.920000	0.028663916113	
834.120000	0.028663137997	
834.320000	0.028662373055	
834.520000	0.028661621083	
834.720000	0.028660881876	
834.920000	0.028660155236	
835.120000	0.028659440964	
835.320000	0.028658738866	
835.520000	0.028658048751	
835.720000	0.028657370431	
835.920000	0.028656703719	
836.120000	0.028656048431	
836.320000	0.028655404389	
836.520000	0.028654771413	
836.720000	0.028654149329	
836.920000	0.028653537963	
837.120000	0.028652937146	
837.320000	0.028652346711	
837.520000	0.028651766491	
837.720000	0.028651196324	
837.920000	0.028650636051	
838.120000	0.028650085512	
838.320000	0.028649544554	
838.520000	0.028649013021	
838.720000	0.028648490765	
838.920000	0.028647977634	
839.120000	0.028647473485	
839.320000	0.028646978171	
839.520000	0.028646491552	
839.720000	0.028646013486	
839.920000	0.028645543837	
840.120000	0.028645082468	
840.320000	0.028644629246	
840.520000	0.028644184040	
840.720000	0.028643746718	
840.920000	0.028643317155	
841.120000	0.028642895223	
841.320000	0.028642480799	
841.520000	0.028642073761	
841.720000	0.028641673989	
841.920000	0.028641281365	
842.120000	0.028640895772	
842.320000	0.028640517095	
842.520000	0.028640145222	
842.720000	0.028639780041	
842.920000	0.028639421442	
843.120000	0.028639069319	
843.320000	0.028638723564	
843.520000	0.028638384074	
843.720000	0.028638050744	
843.920000	0.028637723475	
844.120000	0.028637402166	
844.320000	0.028637086719	
844.520000	0.028636777037	
844.720000	0.028636473026	
844.920000	0.028636174590	
845.120000	0.028635881639	
845.320000	0.028635594081	
845.520000	0.028635311828	
845.720000	0.028635034790	
845.920000	0.028634762881	
846.120000	0.028634496017	
846.320000	0.028634234112	
846.520000	0.028633977085	
846.720000	0.028633724854	
846.920000	0.028633477339	
847.120000	0.028633234462	
847.320000	0.028632996144	
847.520000	0.028632762310	
847.720000	0.028632532884	
847.920000	0.028632307792	
848.120000	0.028632086962	
848.320000	0.028631870321	
848.520000	0.028631657800	
848.720000	0.028631449329	
848.920000	0.028631244840	
849.120000	0.028631044265	
849.320000	0.028630847539	
849.520000	0.028630654596	
849.720000	0.028630465372	
849.920000	0.028630279805	
850.120000	0.028630097831	
850.320000	0.028629919391	
850.520000	0.028629744424	
850.720000	0.028629572871	
850.920000	0.028629404673	
851.120000	0.028629239774	
851.320000	0.028629078118	
851.520000	0.028628919648	
851.720000	0.028628764310	
851.920000	0.028628612050	
852.120000	0.028628462817	
852.320000	0.028628316557	
852.520000	0.028628173219	
852.720000	0.028628032754	
852.920000	0.028627895112	
853.120000	0.028627760243	
853.320000	0.028627628101	
853.520000	0.028627498637	
853.720000	0.028627371807	
853.920000	0.028627247562	
854.120000	0.028627125860	
854.320000	0.028627006655	
854.520000	0.028626889905	
854.720000	0.028626775566	
854.920000	0.028626663596	
855.120000	0.028626553954	
855.320000	0.028626446599	
855.520000	0.028626341491	
855.720000	0.028626238590	
855.920000	0.028626137858	
856.120000	0.028626039256	
856.320000	0.028625942747	
856.520000	0.028625848294	
856.720000	0.028625755860	
856.920000	0.028625665410	
857.120000	0.028625576908	
857.320000	0.028625490321	
857.520000	0.028625405612	
857.720000	0.028625322750	
857.920000	0.028625241701	
858.120000	0.028625162433	
858.320000	0.028625084913	
858.520000	0.028625009110	
858.720000	0.028624934994	
858.920000	0.028624862534	
859.120000	0.028624791699	
859.320000	0.028624722461	
859.520000	0.028624654791	
859.720000	0.028624588659	
859.920000	0.028624524039	
860.120000	0.028624460902	
860.320000	0.028624399221	
860.520000	0.028624338969	
860.720000	0.028624280121	
860.920000	0.028624222650	
861.120000	0.028624166531	
861.320000	0.028624111739	
861.520000	0.028624058250	
861.720000	0.028624006038	
861.920000	0.028623955081	
862.120000	0.028623905354	
862.320000	0.028623856835	
862.520000	0.028623809501	
862.720000	0.028623763330	
862.920000	0.028623718299	
863.120000	0.028623674388	
863.320000	0.028623631574	
863.520000	0.028623589838	
863.720000	0.028623549157	
863.920000	0.028623509513	
864.120000	0.028623470885	
864.320000	0.028623433254	
864.520000	0.028623396599	
864.720000	0.028623360903	
864.920000	0.028623326147	
865.120000	0.028623292312	
865.320000	0.028623259380	
865.520000	0.028623227334	
865.720000	0.028623196155	
865.920000	0.028623165827	
866.120000	0.028623136333	
866.320000	0.028623107656	
866.520000	0.028623079780	
866.720000	0.028623052689	
866.920000	0.028623026366	
867.120000	0.028623000796	
867.320000	0.028622975964	
867.520000	0.028622951855	
867.720000	0.028622928454	
867.920000	0.028622905746	
868.120000	0.028622883716	
868.320000	0.028622862352	
868.520000	0.028622841637	
868.720000	0.028622821560	
868.920000	0.028622802107	
869.120000	0.028622783264	
869.320000	0.028622765018	
869.520000	0.028622747356	
869.720000	0.028622730266	
869.920000	0.028622713736	
870.120000	0.028622697752	
870.320000	0.028622682303	
870.520000	0.028622667378	
870.720000	0.028622652964	
870.920000	0.028622639051	
871.120000	0.028622625626	
871.320000	0.028622612679	
871.520000	0.028622600198	
871.720000	0.028622588174	
871.920000	0.028622576595	
872.120000	0.028622565451	
872.320000	0.028622554732	
872.520000	0.028622544428	
872.720000	0.028622534529	
872.920000	0.028622525025	
873.120000	0.028622515907	
873.320000	0.028622507165	
873.520000	0.028622498789	
873.720000	0.028622490771	
873.920000	0.028622483103	
874.120000	0.028622475773	
874.320000	0.028622468776	
874.520000	0.028622462101	
874.720000	0.028622455740	
874.920000	0.028622449685	
875.120000	0.028622443928	
875.320000	0.028622438460	
875.520000	0.028622433275	
875.720000	0.028622428364	
875.920000	0.028622423719	
876.120000	0.028622419333	
876.320000	0.028622415199	
876.520000	0.028622411309	
876.720000	0.028622407656	
876.920000	0.028622404234	
877.120000	0.028622401035	
877.320000	0.028622398052	
877.520000	0.028622395279	
877.720000	0.028622392709	
877.920000	0.028622390335	
878.120000	0.028622388152	
878.320000	0.028622386153	
878.520000	0.028622384331	
878.720000	0.028622382682	
878.920000	0.028622381198	
879.120000	0.028622379873	
879.320000	0.028622378703	
879.520000	0.028622377681	
879.720000	0.028622376802	
879.920000	0.028622376061	
880.120000	0.028622375450	
880.320000	0.028622374967	
880.520000	0.028622374605	
880.720000	0.028622374358	
880.920000	0.028622374223	
881.120000	0.028622374194	
881.320000	0.028622374265	
881.520000	0.028622374433	
881.720000	0.028622374693	
881.920000	0.028622375039	
882.120000	0.028622375467	
882.320000	0.028622375973	
882.520000	0.028622376552	
882.720000	0.028622377200	
882.920000	0.028622377913	
883.120000	0.028622378685	
883.320000	0.028622379514	
883.520000	0.028622380395	
883.720000	0.028622381324	
883.920000	0.028622382296	
884.120000	0.028622383309	
884.320000	0.028622384358	
884.520000	0.028622385439	
884.720000	0.028622386549	
884.920000	0.028622387684	
885.120000	0.028622388841	
885.320000	0.028622390015	
885.520000	0.028622391204	
885.720000	0.028622392404	
885.920000	0.028622393612	
886.120000	0.028622394824	
886.320000	0.028622396036	
886.520000	0.028622397247	
886.720000	0.028622398453	
886.920000	0.028622399650	
887.120000	0.028622400835	
887.320000	0.028622402006	
887.520000	0.028622403160	
887.720000	0.028622404294	
887.920000	0.028622405404	
888.120000	0.028622406489	
888.320000	0.028622407544	
888.520000	0.028622408569	
888.720000	0.028622409559	
908.720000	0.028622026574	
928.720000	0.028620136473	
948.720000	0.028616567474	
968.720000	0.028611430094	
988.720000	0.028604884772	
1008.720000	0.028597090460	
1028.720000	0.028588193427	
1048.720000	0.028578325473	
1068.720000	0.028567604472	
1088.720000	0.028556135477	
1108.720000	0.028544011964	
1128.720000	0.028531317440	
1148.720000	0.028518124686	
1168.720000	0.028504498127	
1188.720000	0.028490494553	
1208.720000	0.028476163553	
1228.720000	0.028461548090	
1248.720000	0.028446685081	
1268.720000	0.028431605956	
1288.720000	0.028416337185	
1308.720000	0.028400900814	
1328.720000	0.028385314969	
1348.720000	0.028369594371	
1368.720000	0.028353750811	
1388.720000	0.028337793619	
1408.720000	0.028321730091	
1428.720000	0.028305565879	
1448.720000	0.028289305345	
1468.720000	0.028272951868	
1488.720000	0.028256508103	
1508.720000	0.028239976204	
1528.720000	0.028223358005	
1548.720000	0.028206655159	
1568.720000	0.028189869254	
1588.720000	0.028173001898	
1608.720000	0.028156054776	
1628.720000	0.028139029695	
1648.720000	0.028121928611	
1668.720000	0.028104753642	
1688.720000	0.028087507077	
1708.720000	0.028070191370	
1728.720000	0.028052809134	
1748.720000	0.028035363134	
1768.720000	0.028017856269	
1788.720000	0.028000291562	
1808.720000	0.027982672141	
1828.720000	0.027965001225	
1848.720000	0.027947282108	
1868.720000	0.027929518146	
1888.720000	0.027911712740	
1908.720000	0.027893869326	
1928.720000	0.027875991358	
1948.720000	0.027858082303	
1968.720000	0.027840145623	
1988.720000	0.027822184774	
2008.720000	0.027804203189	
2028.720000	0.027786204278	
2048.720000	0.027768191416	
2068.720000	0.027750167941	
2088.720000	0.027732137145	
2108.720000	0.027714102274	
2128.720000	0.027696066521	
2148.720000	0.027678033022	
2168.720000	0.027660004860	
2188.720000	0.027641985053	
2208.720000	0.027623976559	
2228.720000	0.027605982275	
2248.720000	0.027588005032	
2268.720000	0.027570047595	
2288.720000	0.027552112666	
2308.720000	0.027534202881	
2328.720000	0.027516320808	
2348.720000	0.027498468953	
2368.720000	0.027480649754	
2388.720000	0.027462865586	
2408.720000	0.027445118758	
2428.720000	0.027427411518	
2448.720000	0.027409746049	
2468.720000	0.027392124472	
2488.720000	0.027374548847	
