0.000000	0.355386676164	
20.000000	0.641811224612	
40.000000	0.642857863466	
60.000000	0.643015924135	
80.000000	0.643107668500	
100.000000	0.643153540115	
120.000000	0.775735021887	
140.000000	0.766471713148	
160.000000	0.748168467741	
180.000000	0.729136465495	
200.000000	0.710485387585	
220.000000	0.692714858508	
240.000000	0.675875047638	
260.000000	0.659903321544	
280.000000	0.644722182796	
300.000000	0.630262116522	
320.000000	0.616463238573	
340.000000	0.602685172535	
360.000000	0.589979345916	
380.000000	0.577996811520	
400.000000	0.566554741173	
420.000000	0.555562286805	
440.000000	0.544962998223	
460.000000	0.534712584721	
480.000000	0.524769661053	
500.000000	0.515090799279	
520.000000	0.498361637894	
540.000000	0.482526925900	
560.000000	0.467379578966	
580.000000	0.451255287448	
580.720000	0.450552109631	
580.920000	0.450352319716	
581.120000	0.450150379921	
581.320000	0.449946162287	
581.520000	0.449739527662	
581.720000	0.449530324359	
581.920000	0.449318386607	
582.120000	0.449103532762	
582.320000	0.448885563213	
582.520000	0.448664257942	
582.720000	0.448439373656	
582.920000	0.448210640387	
583.120000	0.447977757461	
583.320000	0.447740388670	
583.520000	0.447498156459	
583.720000	0.447250634874	
583.920000	0.446997340934	
584.120000	0.446737724003	
584.320000	0.446471152544	
584.520000	0.446196897475	
584.720000	0.445914110992	
584.920000	0.445621799294	
585.120000	0.445318786967	
585.320000	0.445003669737	
585.520000	0.444674750678	
585.720000	0.444329952333	
585.920000	0.443966692819	
586.120000	0.443581706361	
586.320000	0.443170774953	
586.520000	0.442728311448	
586.720000	0.442246680806	
586.920000	0.441715027955	
587.120000	0.441117092528	
587.320000	0.440426686226	
587.520000	0.439596787852	
587.720000	0.438525708233	
587.920000	0.436874860877	
588.120000	0.428021877653	
588.320000	0.380990201766	
588.520000	0.150472276754	
588.720000	0.000000229354	
588.920000	0.000000105678	
589.120000	0.000000578863	
589.320000	0.000006816368	
589.520000	0.000057615384	
589.720000	0.000238779752	
589.920000	0.000820466625	
590.120000	0.002873698155	
590.320000	0.009696347667	
590.520000	0.018726115755	
590.720000	0.022877359651	
590.920000	0.027252791743	
591.120000	0.032072765422	
611.120000	0.433033358564	
619.240000	0.440494258379	
619.440000	0.440444080552	
619.640000	0.440387089161	
619.840000	0.440323483758	
620.040000	0.440253456011	
620.240000	0.440177189900	
620.440000	0.440094861894	
620.640000	0.440006641115	
620.840000	0.439912689505	
621.040000	0.439813161966	
621.240000	0.439708206501	
621.440000	0.439597964341	
621.640000	0.439482570057	
621.840000	0.439362151665	
622.040000	0.439236830722	
622.240000	0.439106722399	
622.440000	0.438971935559	
622.640000	0.438832572803	
622.840000	0.438688730520	
623.040000	0.438540498906	
623.240000	0.438387961988	
623.440000	0.438231197612	
623.640000	0.438070277428	
623.840000	0.437905266853	
624.040000	0.437736225012	
624.240000	0.437563204661	
624.440000	0.437386252089	
624.640000	0.437205406986	
624.840000	0.437020702301	
625.040000	0.436832164049	
625.240000	0.436639811099	
625.440000	0.436443654924	
625.640000	0.436243699301	
625.840000	0.436039939976	
626.040000	0.435832364266	
626.240000	0.435620950613	
626.440000	0.435405668060	
626.640000	0.435186475661	
626.840000	0.434963321794	
627.040000	0.434736143386	
627.240000	0.434504865008	
627.440000	0.434269397847	
627.640000	0.434029638515	
627.840000	0.433785467683	
628.040000	0.433536748487	
628.240000	0.433283324694	
628.440000	0.433025018560	
628.640000	0.432761628321	
628.840000	0.432492925266	
629.040000	0.432218650268	
629.240000	0.431938509695	
629.440000	0.431652170525	
629.640000	0.431359254504	
629.840000	0.431059331101	
630.040000	0.430751908949	
630.240000	0.430436425384	
630.440000	0.430112233521	
630.640000	0.429778586171	
630.840000	0.429434615585	
631.040000	0.429079307686	
631.240000	0.428711468844	
631.440000	0.428329682433	
631.640000	0.427932251123	
631.840000	0.427517118818	
632.040000	0.427081762852	
632.240000	0.426623041532	
632.440000	0.426136972415	
632.640000	0.425618399027	
632.840000	0.425060469499	
633.040000	0.424453779904	
633.240000	0.423784876231	
633.440000	0.423033411626	
633.640000	0.422166105834	
633.840000	0.421121543416	
634.040000	0.419758957926	
634.240000	0.417498296268	
634.440000	0.401140792723	
634.640000	0.322310669439	
634.840000	0.000322029501	
635.040000	0.000000068019	
635.240000	0.000000122306	
635.440000	0.000001204302	
635.640000	0.000016399778	
635.840000	0.000105516368	
636.040000	0.000399043346	
636.240000	0.001333004580	
636.440000	0.004422650428	
636.640000	0.012466172521	
636.840000	0.018775554978	
637.040000	0.022672692224	
637.240000	0.026985693750	
637.440000	0.031733147022	
657.440000	0.419479717314	
658.480000	0.421792806425	
658.680000	0.422167486736	
658.880000	0.422521262537	
659.080000	0.422854803806	
659.280000	0.423168758425	
659.480000	0.423463752825	
659.680000	0.423740392607	
659.880000	0.423999263156	
660.080000	0.424240930230	
660.280000	0.424465940540	
660.480000	0.424674822300	
660.680000	0.424868085776	
660.880000	0.425046223809	
661.080000	0.425209712321	
661.280000	0.425359010807	
661.480000	0.425494562807	
661.680000	0.425616796373	
661.880000	0.425726124500	
662.080000	0.425822945563	
662.280000	0.425907643719	
662.480000	0.425980589311	
662.680000	0.426042139237	
662.880000	0.426092637323	
663.080000	0.426132414665	
663.280000	0.426161789971	
663.480000	0.426181069868	
663.680000	0.426190549213	
663.880000	0.426190511381	
664.080000	0.426181228532	
664.280000	0.426162961873	
664.480000	0.426135961902	
664.680000	0.426100468628	
664.880000	0.426056711788	
665.080000	0.426004911041	
665.280000	0.425945276143	
665.480000	0.425878007113	
665.680000	0.425803294377	
665.880000	0.425721318892	
666.080000	0.425632252258	
666.280000	0.425536256806	
666.480000	0.425433485667	
666.680000	0.425324082816	
666.880000	0.425208183103	
667.080000	0.425085912249	
667.280000	0.424957386823	
667.480000	0.424822714186	
667.680000	0.424681992411	
667.880000	0.424535310168	
668.080000	0.424382746565	
668.280000	0.424224370965	
668.480000	0.424060242746	
668.680000	0.423890411017	
668.880000	0.423714914287	
669.080000	0.423533780059	
669.280000	0.423347024372	
669.480000	0.423154651254	
669.680000	0.422956652097	
669.880000	0.422753004923	
670.080000	0.422543673544	
670.280000	0.422328606593	
670.480000	0.422107736391	
670.680000	0.421880977650	
670.880000	0.421648225966	
671.080000	0.421409356070	
671.280000	0.421164219797	
671.480000	0.420912643712	
671.680000	0.420654426341	
671.880000	0.420389334915	
672.080000	0.420117101529	
672.280000	0.419837418597	
672.480000	0.419549933441	
672.680000	0.419254241801	
672.880000	0.418949880033	
673.080000	0.418636315625	
673.280000	0.418312935614	
673.480000	0.417979032307	
673.680000	0.417633785510	
673.880000	0.417276240207	
674.080000	0.416905278181	
674.280000	0.416519581503	
674.480000	0.416117584877	
674.680000	0.415697412462	
674.880000	0.415256792600	
675.080000	0.414792940347	
675.280000	0.414302391756	
675.480000	0.413780763583	
675.680000	0.413222393198	
675.880000	0.412619777251	
676.080000	0.411962652930	
676.280000	0.411236398578	
676.480000	0.410419014594	
676.680000	0.409474749832	
676.880000	0.408338200141	
677.080000	0.406861458489	
677.280000	0.404456411209	
677.480000	0.387711976821	
677.680000	0.297191273249	
677.880000	0.000018343935	
678.080000	0.000000046016	
678.280000	0.000000105498	
678.480000	0.000001204497	
678.680000	0.000017881708	
678.880000	0.000117339309	
679.080000	0.000446056744	
679.280000	0.001466272820	
679.480000	0.004649948316	
679.680000	0.012233377610	
679.880000	0.017944900920	
680.080000	0.021707606946	
680.280000	0.025888954697	
680.480000	0.030502642504	
680.680000	0.035525507060	
699.480000	0.411580683162	
699.680000	0.412200516499	
699.880000	0.412791253268	
700.080000	0.413353838535	
700.280000	0.413889187610	
700.480000	0.414398186853	
700.680000	0.414881694456	
700.880000	0.415340541216	
701.080000	0.415775531300	
701.280000	0.416187442992	
701.480000	0.416577029427	
701.680000	0.416945019310	
701.880000	0.417292117618	
702.080000	0.417619006289	
702.280000	0.417926344889	
702.480000	0.418214771277	
702.680000	0.418484902232	
702.880000	0.418737334082	
703.080000	0.418972643310	
703.280000	0.419191387138	
703.480000	0.419394104105	
703.680000	0.419581314620	
703.880000	0.419753521501	
704.080000	0.419911210502	
704.280000	0.420054850820	
704.480000	0.420184895583	
704.680000	0.420301782330	
704.880000	0.420405933468	
705.080000	0.420497756724	
705.280000	0.420577645566	
705.480000	0.420645979624	
705.680000	0.420703125090	
705.880000	0.420749435104	
706.080000	0.420785250124	
706.280000	0.420810898284	
706.480000	0.420826695743	
706.680000	0.420832947004	
706.880000	0.420829945242	
707.080000	0.420817972601	
707.280000	0.420797300482	
707.480000	0.420768189825	
707.680000	0.420730891366	
707.880000	0.420685645893	
708.080000	0.420632684477	
708.280000	0.420572228701	
708.480000	0.420504490868	
708.680000	0.420429674198	
708.880000	0.420347973013	
709.080000	0.420259572908	
709.280000	0.420164650911	
709.480000	0.420063375619	
709.680000	0.419955907332	
709.880000	0.419842398167	
710.080000	0.419722992154	
710.280000	0.419597825324	
710.480000	0.419467025769	
710.680000	0.419330713700	
710.880000	0.419189001471	
711.080000	0.419041993597	
711.280000	0.418889786745	
711.480000	0.418732469702	
711.680000	0.418570123330	
711.880000	0.418402820481	
712.080000	0.418230625897	
712.280000	0.418053596077	
712.480000	0.417871779111	
712.680000	0.417685214476	
712.880000	0.417493932805	
713.080000	0.417297955594	
713.280000	0.417097294882	
713.480000	0.416891952861	
713.680000	0.416681921437	
713.880000	0.416467181717	
714.080000	0.416247703425	
714.280000	0.416023444230	
714.480000	0.415794348972	
714.680000	0.415560348783	
714.880000	0.415321360072	
715.080000	0.415077283363	
715.280000	0.414828001962	
715.480000	0.414573380419	
715.680000	0.414313262759	
715.880000	0.414047470426	
716.080000	0.413775799915	
716.280000	0.413498020002	
716.480000	0.413213868509	
716.680000	0.412923048524	
716.880000	0.412625223929	
717.080000	0.412320014115	
717.280000	0.412006987690	
717.480000	0.411685654936	
717.680000	0.411355458723	
717.880000	0.411015763470	
718.080000	0.410665841638	
718.280000	0.410304857058	
718.480000	0.409931844159	
718.680000	0.409545681810	
718.880000	0.409145060004	
719.080000	0.408728436868	
719.280000	0.408293982391	
719.480000	0.407839503548	
719.680000	0.407362342818	
719.880000	0.406859237670	
720.080000	0.406326121185	
720.280000	0.405757830827	
720.480000	0.405147668176	
720.680000	0.404486704932	
720.880000	0.403762630758	
721.080000	0.402957709259	
721.280000	0.402044817111	
721.480000	0.400978752070	
721.680000	0.399673123892	
721.880000	0.397912938528	
722.080000	0.394315392863	
722.280000	0.362826551871	
722.480000	0.156081301404	
722.680000	0.000000115618	
722.880000	0.000000033729	
723.080000	0.000000175586	
723.280000	0.000002727666	
723.480000	0.000037259382	
723.680000	0.000199387949	
723.880000	0.000710666192	
724.080000	0.002272374113	
724.280000	0.006765080808	
724.480000	0.014336714973	
724.680000	0.018487449855	
724.880000	0.022264143196	
725.080000	0.026491585396	
725.280000	0.031140182303	
725.480000	0.036189889592	
745.060000	0.415812368811	
745.260000	0.416323186646	
745.460000	0.416808516635	
745.660000	0.417269217767	
745.860000	0.417706121792	
746.060000	0.418120033997	
746.260000	0.418511733953	
746.460000	0.418881976257	
746.660000	0.419231491256	
746.860000	0.419560985764	
747.060000	0.419871143751	
747.260000	0.420162627027	
747.460000	0.420436075906	
747.660000	0.420692109857	
747.860000	0.420931328135	
748.060000	0.421154310401	
748.260000	0.421361617322	
748.460000	0.421553791154	
748.660000	0.421731356318	
748.860000	0.421894819953	
749.060000	0.422044672452	
749.260000	0.422181387990	
749.460000	0.422305425031	
749.660000	0.422417226823	
749.860000	0.422517221880	
750.060000	0.422605824444	
750.260000	0.422683434939	
750.460000	0.422750440411	
750.660000	0.422807214945	
750.860000	0.422854120088	
751.060000	0.422891505241	
751.260000	0.422919708044	
751.460000	0.422939054754	
751.660000	0.422949860604	
751.860000	0.422952430157	
752.060000	0.422947057641	
752.260000	0.422934027282	
752.460000	0.422913613616	
752.660000	0.422886081802	
752.860000	0.422851687913	
753.060000	0.422810679225	
753.260000	0.422763294497	
753.460000	0.422709764238	
753.660000	0.422650310959	
753.860000	0.422585149433	
754.060000	0.422514486933	
754.260000	0.422438523459	
754.460000	0.422357451972	
754.660000	0.422271458607	
754.860000	0.422180722879	
755.060000	0.422085417889	
755.260000	0.421985710521	
755.460000	0.421881761623	
755.660000	0.421773726192	
755.860000	0.421661753548	
756.060000	0.421545987499	
756.260000	0.421426566504	
756.460000	0.421303623830	
756.660000	0.421177287695	
756.860000	0.421047681420	
757.060000	0.420914923557	
757.260000	0.420779128027	
757.460000	0.420640404244	
757.660000	0.420498857238	
757.860000	0.420354587767	
758.060000	0.420207692432	
758.260000	0.420058263778	
758.460000	0.419906390397	
758.660000	0.419752157026	
758.860000	0.419595644630	
759.060000	0.419436930497	
759.260000	0.419276088312	
759.460000	0.419113188238	
759.660000	0.418948296984	
759.860000	0.418781477877	
760.060000	0.418612790917	
760.260000	0.418442292841	
760.460000	0.418270037172	
760.660000	0.418096074269	
760.860000	0.417920451369	
761.060000	0.417743212625	
761.260000	0.417564399140	
761.460000	0.417384048994	
761.660000	0.417202197265	
761.860000	0.417018876051	
762.060000	0.416834114477	
762.260000	0.416647938703	
762.460000	0.416460371922	
762.660000	0.416271434354	
762.860000	0.416081143234	
763.060000	0.415889512787	
763.260000	0.415696554205	
763.460000	0.415502275607	
763.660000	0.415306681999	
763.860000	0.415109775215	
764.060000	0.414911553859	
764.260000	0.414712013227	
764.460000	0.414511145227	
764.660000	0.414308938279	
764.860000	0.414105377207	
765.060000	0.413900443113	
765.260000	0.413694113239	
765.460000	0.413486360806	
765.660000	0.413277154844	
765.860000	0.413066459993	
766.060000	0.412854236281	
766.260000	0.412640438883	
766.460000	0.412425017846	
766.660000	0.412207917785	
766.860000	0.411989077547	
767.060000	0.411768429827	
767.260000	0.411545900752	
767.460000	0.411321409405	
767.660000	0.411094867299	
767.860000	0.410866177790	
768.060000	0.410635235408	
768.260000	0.410401925118	
768.460000	0.410166121483	
768.660000	0.409927687715	
768.860000	0.409686474610	
769.060000	0.409442319338	
769.260000	0.409195044067	
769.460000	0.408944454395	
769.660000	0.408690337556	
769.860000	0.408432460367	
770.060000	0.408170566862	
770.260000	0.407904375552	
770.460000	0.407633576259	
770.660000	0.407357826409	
770.860000	0.407076746709	
771.060000	0.406789916046	
771.260000	0.406496865455	
771.460000	0.406197070940	
771.660000	0.405889944876	
771.860000	0.405574825630	
772.060000	0.405250964963	
772.260000	0.404917512580	
772.460000	0.404573497047	
772.660000	0.404217801967	
772.860000	0.403849135925	
773.060000	0.403465994125	
773.260000	0.403066608753	
773.460000	0.402648883805	
773.660000	0.402210308080	
773.860000	0.401747836754	
774.060000	0.401257726647	
774.260000	0.400735301129	
774.460000	0.400174604387	
774.660000	0.399567874360	
774.860000	0.398904703143	
775.060000	0.398170624078	
775.260000	0.397344559219	
775.460000	0.396393745125	
775.660000	0.395262158774	
775.860000	0.393837634731	
776.060000	0.391807163335	
776.260000	0.385218623695	
776.460000	0.332919621588	
776.660000	0.005973327633	
776.860000	0.000000036236	
777.060000	0.000000032231	
777.260000	0.000000281788	
777.460000	0.000005341099	
777.660000	0.000063519226	
777.860000	0.000304834456	
778.060000	0.001048303970	
778.260000	0.003274734821	
778.460000	0.008997138402	
778.660000	0.015412689439	
778.860000	0.019003414349	
779.060000	0.022843516960	
779.260000	0.027126297144	
779.460000	0.031824387851	
779.660000	0.036919963456	
799.660000	0.427603579503	
804.320000	0.433889086932	
804.520000	0.433986487657	
804.720000	0.434073910580	
804.920000	0.434151750731	
805.120000	0.434220390016	
805.320000	0.434280197651	
805.520000	0.434331530568	
805.720000	0.434374733823	
805.920000	0.434410140981	
806.120000	0.434438074499	
806.320000	0.434458846084	
806.520000	0.434472757053	
806.720000	0.434480098673	
806.920000	0.434481152492	
807.120000	0.434476190660	
807.320000	0.434465476243	
807.520000	0.434449263520	
807.720000	0.434427798277	
807.920000	0.434401318085	
808.120000	0.434370052576	
808.320000	0.434334223705	
808.520000	0.434294046005	
808.720000	0.434249726832	
808.920000	0.434201466606	
809.120000	0.434149459038	
809.320000	0.434093891356	
809.520000	0.434034944520	
809.720000	0.433972793427	
809.920000	0.433907607114	
810.120000	0.433839548956	
810.320000	0.433768776848	
810.520000	0.433695443391	
810.720000	0.433619696066	
810.920000	0.433541677403	
811.120000	0.433461525149	
811.320000	0.433379372419	
811.520000	0.433295347856	
811.720000	0.433209575777	
811.920000	0.433122176315	
812.120000	0.433033265557	
812.320000	0.432942955678	
812.520000	0.432851355072	
812.720000	0.432758568473	
812.920000	0.432664697077	
813.120000	0.432569838659	
813.320000	0.432474087684	
813.520000	0.432377535417	
813.720000	0.432280270025	
813.920000	0.432182376684	
814.120000	0.432083937670	
814.320000	0.431985032457	
814.520000	0.431885737807	
814.720000	0.431786127861	
814.920000	0.431686274220	
815.120000	0.431586246032	
815.320000	0.431486110064	
815.520000	0.431385930788	
815.720000	0.431285770448	
815.920000	0.431185689133	
816.120000	0.431085744850	
816.320000	0.430985993584	
816.520000	0.430886489370	
816.720000	0.430787284346	
816.920000	0.430688428823	
817.120000	0.430589971337	
817.320000	0.430491958703	
817.520000	0.430394436077	
817.720000	0.430297446999	
817.920000	0.430201033450	
818.120000	0.430105235897	
818.320000	0.430010093342	
818.520000	0.429915643366	
818.720000	0.429821922173	
818.920000	0.429728964632	
819.120000	0.429636804318	
819.320000	0.429545473552	
819.520000	0.429455003436	
819.720000	0.429365423893	
819.920000	0.429276763701	
820.120000	0.429189050526	
820.320000	0.429102310957	
820.520000	0.429016570534	
820.720000	0.428931853783	
820.920000	0.428848184242	
821.120000	0.428765584492	
821.320000	0.428684076183	
821.520000	0.428603680059	
821.720000	0.428524415987	
821.920000	0.428446302978	
822.120000	0.428369359215	
822.320000	0.428293602070	
822.520000	0.428219048131	
822.720000	0.428145713223	
822.920000	0.428073612424	
823.120000	0.428002760090	
823.320000	0.427933169872	
823.520000	0.427864854733	
823.720000	0.427797826969	
823.920000	0.427732098224	
824.120000	0.427667679506	
824.320000	0.427604581203	
824.520000	0.427542813101	
824.720000	0.427482384397	
824.920000	0.427423303712	
825.120000	0.427365579108	
825.320000	0.427309218099	
825.520000	0.427254227663	
825.720000	0.427200614259	
825.920000	0.427148383834	
826.120000	0.427097541838	
826.320000	0.427048093233	
826.520000	0.427000042508	
826.720000	0.426953393683	
826.920000	0.426908150325	
827.120000	0.426864315556	
827.320000	0.426821892064	
827.520000	0.426780882107	
827.720000	0.426741287530	
827.920000	0.426703109768	
828.120000	0.426666349857	
828.320000	0.426631008444	
828.520000	0.426597085789	
828.720000	0.426564581780	
828.920000	0.426533495937	
829.120000	0.426503827421	
829.320000	0.426475575040	
829.520000	0.426448737258	
829.720000	0.426423312199	
829.920000	0.426399297659	
830.120000	0.426376691108	
830.320000	0.426355489698	
830.520000	0.426335690273	
830.720000	0.426317289370	
830.920000	0.426300283229	
831.120000	0.426284667798	
831.320000	0.426270438740	
831.520000	0.426257591437	
831.720000	0.426246121000	
831.920000	0.426236022272	
832.120000	0.426227289833	
832.320000	0.426219918008	
832.520000	0.426213900875	
832.720000	0.426209232263	
832.920000	0.426205905768	
833.120000	0.426203914749	
833.320000	0.426203252341	
833.520000	0.426203911457	
833.720000	0.426205884793	
833.920000	0.426209164837	
834.120000	0.426213743872	
834.320000	0.426219613981	
834.520000	0.426226767053	
834.720000	0.426235194792	
834.920000	0.426244888717	
835.120000	0.426255840171	
835.320000	0.426268040325	
835.520000	0.426281480185	
835.720000	0.426296150594	
835.920000	0.426312042243	
836.120000	0.426329145671	
836.320000	0.426347451273	
836.520000	0.426366949307	
836.720000	0.426387629893	
836.920000	0.426409483028	
837.120000	0.426432498582	
837.320000	0.426456666311	
837.520000	0.426481975854	
837.720000	0.426508416749	
837.920000	0.426535978426	
838.120000	0.426564650225	
838.320000	0.426594421389	
838.520000	0.426625281079	
838.720000	0.426657218373	
838.920000	0.426690222274	
839.120000	0.426724281714	
839.320000	0.426759385560	
839.520000	0.426795522619	
839.720000	0.426832681640	
839.920000	0.426870851324	
840.120000	0.426910020325	
840.320000	0.426950177257	
840.520000	0.426991310698	
840.720000	0.427033409192	
840.920000	0.427076461260	
841.120000	0.427120455398	
841.320000	0.427165380089	
841.520000	0.427211223797	
841.720000	0.427257974983	
841.920000	0.427305622102	
842.120000	0.427354153607	
842.320000	0.427403557959	
842.520000	0.427453823627	
842.720000	0.427504939091	
842.920000	0.427556892850	
843.120000	0.427609673422	
843.320000	0.427663269351	
843.520000	0.427717669209	
843.720000	0.427772861601	
843.920000	0.427828835166	
844.120000	0.427885578585	
844.320000	0.427943080578	
844.520000	0.428001329916	
844.720000	0.428060315416	
844.920000	0.428120025948	
845.120000	0.428180450440	
845.320000	0.428241577876	
845.520000	0.428303397304	
845.720000	0.428365897836	
845.920000	0.428429068650	
846.120000	0.428492898995	
846.320000	0.428557378193	
846.520000	0.428622495640	
846.720000	0.428688240811	
846.920000	0.428754603257	
847.120000	0.428821572615	
847.320000	0.428889138604	
847.520000	0.428957291029	
847.720000	0.429026019782	
847.920000	0.429095314847	
848.120000	0.429165166297	
848.320000	0.429235564299	
848.520000	0.429306499115	
848.720000	0.429377961102	
848.920000	0.429449940715	
849.120000	0.429522428509	
849.320000	0.429595415137	
849.520000	0.429668891353	
849.720000	0.429742848015	
849.920000	0.429817276082	
850.120000	0.429892166619	
850.320000	0.429967510795	
850.520000	0.430043299883	
850.720000	0.430119525265	
850.920000	0.430196178426	
851.120000	0.430273250962	
851.320000	0.430350734575	
851.520000	0.430428621076	
851.720000	0.430506902382	
851.920000	0.430585570521	
852.120000	0.430664617629	
852.320000	0.430744035950	
852.520000	0.430823817840	
852.720000	0.430903955759	
852.920000	0.430984442281	
853.120000	0.431065270085	
853.320000	0.431146431961	
853.520000	0.431227920805	
853.720000	0.431309729623	
853.920000	0.431391851527	
854.120000	0.431474279739	
854.320000	0.431557007585	
854.520000	0.431640028500	
854.720000	0.431723336022	
854.920000	0.431806923797	
855.120000	0.431890785575	
855.320000	0.431974915210	
855.520000	0.432059306659	
855.720000	0.432143953982	
855.920000	0.432228851343	
856.120000	0.432313993004	
856.320000	0.432399373330	
856.520000	0.432484986785	
856.720000	0.432570827932	
856.920000	0.432656891432	
857.120000	0.432743172042	
857.320000	0.432829664617	
857.520000	0.432916364106	
857.720000	0.433003265553	
857.920000	0.433090364095	
858.120000	0.433177654961	
858.320000	0.433265133471	
858.520000	0.433352795037	
858.720000	0.433440635159	
858.920000	0.433528649426	
859.120000	0.433616833512	
859.320000	0.433705183180	
859.520000	0.433793694275	
859.720000	0.433882362730	
859.920000	0.433971184556	
860.120000	0.434060155850	
860.320000	0.434149272787	
860.520000	0.434238531622	
860.720000	0.434327928689	
860.920000	0.434417460399	
861.120000	0.434507123239	
861.320000	0.434596913771	
861.520000	0.434686828632	
861.720000	0.434776864530	
861.920000	0.434867018247	
862.120000	0.434957286633	
862.320000	0.435047666609	
862.520000	0.435138155166	
862.720000	0.435228749358	
862.920000	0.435319446310	
863.120000	0.435410243208	
863.320000	0.435501137305	
863.520000	0.435592125915	
863.720000	0.435683206416	
863.920000	0.435774376244	
864.120000	0.435865632897	
864.320000	0.435956973930	
864.520000	0.436048396957	
864.720000	0.436139899649	
864.920000	0.436231479731	
865.120000	0.436323134982	
865.320000	0.436414863238	
865.520000	0.436506662384	
865.720000	0.436598530358	
865.920000	0.436690465150	
866.120000	0.436782464796	
866.320000	0.436874527384	
866.520000	0.436966651048	
866.720000	0.437058833970	
866.920000	0.437151074376	
867.120000	0.437243370540	
867.320000	0.437335720777	
867.520000	0.437428123446	
867.720000	0.437520576950	
867.920000	0.437613079731	
868.120000	0.437705630272	
868.320000	0.437798227097	
868.520000	0.437890868769	
868.720000	0.437983553887	
868.920000	0.438076281090	
869.120000	0.438169049050	
869.320000	0.438261856477	
869.520000	0.438354702117	
869.720000	0.438447584748	
869.920000	0.438540503181	
870.120000	0.438633456262	
870.320000	0.438726442868	
870.520000	0.438819461905	
870.720000	0.438912512313	
870.920000	0.439005593061	
871.120000	0.439098703144	
871.320000	0.439191841589	
871.520000	0.439285007451	
871.720000	0.439378199809	
871.920000	0.439471417772	
872.120000	0.439564660472	
872.320000	0.439657927069	
872.520000	0.439751216746	
872.720000	0.439844528711	
872.920000	0.439937862195	
873.120000	0.440031216452	
873.320000	0.440124590758	
873.520000	0.440217984413	
873.720000	0.440311396735	
873.920000	0.440404827067	
874.120000	0.440498274769	
874.320000	0.440591739221	
874.520000	0.440685219825	
874.720000	0.440778715999	
874.920000	0.440872227180	
875.120000	0.440965752825	
875.320000	0.441059292405	
875.520000	0.441152845411	
875.720000	0.441246411349	
875.920000	0.441339989741	
876.120000	0.441433580126	
876.320000	0.441527182058	
876.520000	0.441620795104	
876.720000	0.441714418848	
876.920000	0.441808052887	
877.120000	0.441901696833	
877.320000	0.441995350308	
877.520000	0.442089012951	
877.720000	0.442182684412	
877.920000	0.442276364353	
878.120000	0.442370052448	
878.320000	0.442463748384	
878.520000	0.442557451857	
878.720000	0.442651162576	
878.920000	0.442744880261	
879.120000	0.442838604641	
879.320000	0.442932335455	
879.520000	0.443026072454	
879.720000	0.443119815396	
879.920000	0.443213564049	
880.120000	0.443307318192	
880.320000	0.443401077610	
880.520000	0.443494842099	
880.720000	0.443588611460	
880.920000	0.443682385506	
881.120000	0.443776164055	
881.320000	0.443869946933	
881.520000	0.443963733975	
881.720000	0.444057525020	
881.920000	0.444151319917	
882.120000	0.444245118520	
882.320000	0.444338920690	
882.520000	0.444432726294	
882.720000	0.444526535205	
882.920000	0.444620347303	
883.120000	0.444714162473	
883.320000	0.444807980604	
883.520000	0.444901801594	
883.720000	0.444995625341	
883.920000	0.445089451754	
884.120000	0.445183280742	
884.320000	0.445277112222	
884.520000	0.445370946112	
884.720000	0.445464782338	
884.920000	0.445558620829	
885.120000	0.445652461517	
885.320000	0.445746304340	
885.520000	0.445840149237	
885.720000	0.445933996153	
885.920000	0.446027845037	
886.120000	0.446121695839	
886.320000	0.446215548514	
886.520000	0.446309403021	
886.720000	0.446403259319	
886.920000	0.446497117374	
887.120000	0.446590977152	
887.320000	0.446684838623	
887.520000	0.446778701759	
887.720000	0.446872566535	
887.920000	0.446966432928	
888.120000	0.447060300918	
888.320000	0.447154170488	
888.520000	0.447248041620	
888.720000	0.447341914302	
908.720000	0.456738856634	
928.720000	0.466162243515	
948.720000	0.475600026200	
968.720000	0.485016629729	
988.720000	0.494366472717	
1008.720000	0.503601353983	
1028.720000	0.512673989071	
1048.720000	0.521539813836	
1068.720000	0.530157953953	
1088.720000	0.538491790201	
1108.720000	0.546509277339	
1128.720000	0.554183172554	
1148.720000	0.561491065406	
1168.720000	0.568415517624	
1188.720000	0.574943990991	
1208.720000	0.581068826402	
1228.720000	0.586787061300	
1248.720000	0.592100142587	
1268.720000	0.597013593066	
1288.720000	0.601536600716	
1308.720000	0.605681551238	
1328.720000	0.609463521715	
1348.720000	0.612899754815	
1368.720000	0.616009133966	
1388.720000	0.618811678456	
1408.720000	0.621328074464	
1428.720000	0.623579254149	
1448.720000	0.625586030632	
1468.720000	0.627368792604	
1488.720000	0.628947258614	
1508.720000	0.630340288225	
1528.720000	0.631565745102	
1548.720000	0.632640405884	
1568.720000	0.633579908066	
1588.720000	0.634398730113	
1608.720000	0.635110197384	
1628.720000	0.635726508063	
1648.720000	0.636258774025	
1668.720000	0.636717072331	
1688.720000	0.637110503826	
1708.720000	0.637447255959	
1728.720000	0.637734667582	
1748.720000	0.637979293980	
1768.720000	0.638186970829	
1788.720000	0.638362876119	
1808.720000	0.638511589359	
1828.720000	0.638637147634	
1848.720000	0.638743098208	
1868.720000	0.638832547560	
1888.720000	0.638908206802	
1908.720000	0.638972433520	
1928.720000	0.639027270142	
1948.720000	0.639074478963	
1968.720000	0.639115574001	
1988.720000	0.639151849865	
2008.720000	0.639184407818	
2028.720000	0.639214179251	
2048.720000	0.639241946749	
2068.720000	0.639268362948	
2088.720000	0.639293967364	
2108.720000	0.639319201387	
2128.720000	0.639344421579	
2148.720000	0.639369911466	
2168.720000	0.639395891946	
2188.720000	0.639422530471	
2208.720000	0.639449949104	
2228.720000	0.639478231595	
2248.720000	0.639507429557	
2268.720000	0.639537567858	
2288.720000	0.639568649301	
2308.720000	0.639600658685	
2328.720000	0.639633566312	
2348.720000	0.639667330995	
2368.720000	0.639701902652	
2388.720000	0.639737224511	
2408.720000	0.639773234979	
2428.720000	0.639809869231	
2448.720000	0.639847060539	
2468.720000	0.639884741376	
2488.720000	0.639922844339	
