0.000000	-65.999999999999729994	
20.000000	-65.768719583882315760	
40.000000	-65.773899659356231950	
60.000000	-65.781005197336000379	
80.000000	-65.784932227630690704	
100.000000	-65.786872232590511089	
120.000000	-73.152856794671706098	
140.000000	-72.157791372584910050	
160.000000	-71.057140812530946050	
180.000000	-69.986178585043788303	
200.000000	-68.985366827515193222	
220.000000	-68.065095969355354555	
240.000000	-67.217697791209062075	
260.000000	-66.433090258306719988	
280.000000	-65.702404276650710813	
300.000000	-65.018438570192188308	
320.000000	-64.375247295848453177	
340.000000	-63.741568986442153744	
360.000000	-63.164273947017186117	
380.000000	-62.624038399759037077	
400.000000	-62.111723746637068189	
420.000000	-61.622438573191097078	
440.000000	-61.152952497634089468	
460.000000	-60.700694508408659544	
480.000000	-60.263320045749438236	
500.000000	-59.838467965354098510	
520.000000	-59.105375708345100350	
540.000000	-58.418016448390069684	
560.000000	-57.757567751420445745	
580.000000	-57.033428312800758420	
580.720000	-56.999672071508186377	
580.920000	-56.989992231181616944	
581.120000	-56.980164206555862449	
581.320000	-56.970177799356264359	
581.520000	-56.960021783566752163	
581.720000	-56.949683765779958833	
581.920000	-56.939150021418960534	
582.120000	-56.928405301738351341	
582.320000	-56.917432605197397777	
582.520000	-56.906212905116788647	
582.720000	-56.894724823351566556	
582.920000	-56.882944236777639446	
583.120000	-56.870843799533737695	
583.320000	-56.858392358724216820	
583.520000	-56.845554234192498200	
583.720000	-56.832288323107185590	
583.920000	-56.818546976432763529	
584.120000	-56.804274574869680237	
584.320000	-56.789405703872233744	
584.520000	-56.773862786362492727	
584.720000	-56.757552970666083070	
584.920000	-56.740363978177917659	
585.120000	-56.722158470482774817	
585.320000	-56.702766264363120285	
585.520000	-56.681973343064164794	
585.720000	-56.659505966931831722	
585.920000	-56.635007049540362800	
586.120000	-56.607999873886797104	
586.320000	-56.577830176179688237	
586.520000	-56.543569308211047542	
586.720000	-56.503842802373313248	
586.920000	-56.456504137042230695	
587.120000	-56.397952271225022969	
587.320000	-56.321505002582931354	
587.520000	-56.212691479005108874	
587.720000	-56.030288840960416508	
587.920000	-55.538003883513752612	
588.120000	-49.990416354285713396	
588.320000	-42.236871011907801687	
588.520000	-15.723961241044541737	
588.720000	15.270660720974818858	
588.920000	15.476307090789873655	
589.120000	7.699484958708717741	
589.320000	-2.306902529718474426	
589.520000	-9.766168731784983237	
589.720000	-14.977707962297797550	
589.920000	-20.037613493166588796	
590.120000	-26.109664224844046032	
590.320000	-34.507047550257631485	
590.520000	-44.966555193312203187	
590.720000	-51.037212295465558043	
590.920000	-54.544746033080798497	
591.120000	-56.557197151957417702	
611.120000	-57.662932997011502323	
619.240000	-56.999897143897094054	
619.440000	-56.985016587422570922	
619.640000	-56.970183822263479101	
619.840000	-56.955396922042972108	
620.040000	-56.940653911583282820	
620.240000	-56.925952764157841557	
620.440000	-56.911291398494725513	
620.640000	-56.896667675531581665	
620.840000	-56.882079394890212143	
621.040000	-56.867524291044553308	
621.240000	-56.853000029171852248	
621.440000	-56.838504200629621721	
621.640000	-56.824034318053442405	
621.840000	-56.809587809996671126	
622.040000	-56.795162015133641376	
622.240000	-56.780754175912335313	
622.440000	-56.766361431650139480	
622.640000	-56.751980810987021187	
622.840000	-56.737609223638727940	
623.040000	-56.723243451379616431	
623.240000	-56.708880138155045358	
623.440000	-56.694515779238749076	
623.640000	-56.680146709316097997	
623.840000	-56.665769089371359257	
624.040000	-56.651378892222531647	
624.240000	-56.636971886573633128	
624.440000	-56.622543619364805068	
624.640000	-56.608089396196923815	
624.840000	-56.593604259626829389	
625.040000	-56.579082965006577410	
625.240000	-56.564519953528154872	
625.440000	-56.549909322116910459	
625.640000	-56.535244789702502999	
625.840000	-56.520519659339171881	
626.040000	-56.505726775553171137	
626.240000	-56.490858476192393312	
626.440000	-56.475906537900854687	
626.640000	-56.460862114209092510	
626.840000	-56.445715664979736914	
627.040000	-56.430456875782944337	
627.240000	-56.415074565397098638	
627.440000	-56.399556579310562654	
627.640000	-56.383889666644286365	
627.840000	-56.368059337271951392	
628.040000	-56.352049695304565091	
628.240000	-56.335843244045157974	
628.440000	-56.319420656468331288	
628.640000	-56.302760503653310309	
628.840000	-56.285838931737082191	
629.040000	-56.268629275250667376	
629.240000	-56.251101591411575953	
629.440000	-56.233222095318424749	
629.640000	-56.214952469887492725	
629.840000	-56.196249016030797918	
630.040000	-56.177061596981289426	
630.240000	-56.157332314575775456	
630.440000	-56.136993832373732971	
630.640000	-56.115967227453367627	
630.840000	-56.094159204319161915	
631.040000	-56.071458431971166192	
631.240000	-56.047730654738820988	
631.440000	-56.022812055013474719	
631.640000	-55.996500069449922421	
631.840000	-55.968540403727637056	
632.040000	-55.938608211681689397	
632.240000	-55.906280022436568800	
632.440000	-55.870990435903273408	
632.640000	-55.831962597439009244	
632.840000	-55.788091038106720987	
633.040000	-55.737732047321784989	
633.240000	-55.678298824179478288	
633.440000	-55.605396367175252692	
633.640000	-55.510691805284189115	
633.840000	-55.375409151723111734	
634.040000	-55.141082088923909055	
634.240000	-54.317418703666568547	
634.440000	-47.140309146029579779	
634.640000	-36.154438620142784089	
634.840000	9.187417333989927215	
635.040000	18.272359279086433759	
635.240000	13.991710334255788695	
635.440000	4.337657312600270210	
635.640000	-5.677748507521485521	
635.840000	-12.141675803534022648	
636.040000	-17.196144765165232826	
636.240000	-22.409087771644323084	
636.440000	-28.799168881065472902	
636.640000	-37.739958470102493493	
636.840000	-46.483395294276576237	
637.040000	-51.242720228693315221	
637.240000	-54.254297183102714541	
637.440000	-56.029554172433364556	
657.440000	-57.100020937489958328	
658.480000	-56.999576041953517347	
658.680000	-56.980562081138231179	
658.880000	-56.961643314851713171	
659.080000	-56.942818656511178688	
659.280000	-56.924086967503910728	
659.480000	-56.905447057930963695	
659.680000	-56.886897687234046828	
659.880000	-56.868437564605066825	
660.080000	-56.850065349319308439	
660.280000	-56.831779650867936482	
660.480000	-56.813579028950584870	
660.680000	-56.795461993344424911	
660.880000	-56.777427003576185882	
661.080000	-56.759472468465702377	
661.280000	-56.741596745516389433	
661.480000	-56.723798140077065000	
661.680000	-56.706074904398533931	
661.880000	-56.688425236483361402	
662.080000	-56.670847278733297969	
662.280000	-56.653339116436235656	
662.480000	-56.635898775993375409	
662.680000	-56.618524222958605208	
662.880000	-56.601213359843185913	
663.080000	-56.583964023670105803	
663.280000	-56.566773983247159663	
663.480000	-56.549640936161196692	
663.680000	-56.532562505481791959	
663.880000	-56.515536236114229496	
664.080000	-56.498559590805811581	
664.280000	-56.481629945758200506	
664.480000	-56.464744585834409918	
664.680000	-56.447900699287416160	
664.880000	-56.431095372018674539	
665.080000	-56.414325581271576482	
665.280000	-56.397588188730495062	
665.480000	-56.380879932962237433	
665.680000	-56.364197421142485211	
665.880000	-56.347537119983755360	
666.080000	-56.330895345764155024	
666.280000	-56.314268253404314635	
666.480000	-56.297651824439633117	
666.680000	-56.281041853808382314	
666.880000	-56.264433935274091425	
667.080000	-56.247823445354754313	
667.280000	-56.231205525549604829	
667.480000	-56.214575062692063057	
667.680000	-56.197926667149943114	
667.880000	-56.181254648630734039	
668.080000	-56.164552989243873071	
668.280000	-56.147815313477394739	
668.480000	-56.131034854661180589	
668.680000	-56.114204417383334089	
668.880000	-56.097316335324620695	
669.080000	-56.080362423799783755	
669.280000	-56.063333926208272828	
669.480000	-56.046221453452368166	
669.680000	-56.029014915165397781	
669.880000	-56.011703441459239627	
670.080000	-55.994275293535110904	
670.280000	-55.976717761248650618	
670.480000	-55.959017045307440696	
670.680000	-55.941158121267307024	
670.880000	-55.923124581836695768	
671.080000	-55.904898453330112318	
671.280000	-55.886459980950441206	
671.480000	-55.867787376465656735	
671.680000	-55.848856520095495171	
671.880000	-55.829640606404758785	
672.080000	-55.810109721155683360	
672.280000	-55.790230332468020435	
672.480000	-55.769964674784432646	
672.680000	-55.749269997559004253	
672.880000	-55.728097641724637867	
673.080000	-55.706391894744761828	
673.280000	-55.684088557873366199	
673.480000	-55.661113135081194514	
673.680000	-55.637378518200840460	
673.880000	-55.612781991826452099	
674.080000	-55.587201305475566926	
674.280000	-55.560489444699172168	
674.480000	-55.532467552509707787	
674.680000	-55.502915164095782075	
674.880000	-55.471556443178648976	
675.080000	-55.438040300634163771	
675.280000	-55.401910848093230300	
675.480000	-55.362562000730903833	
675.680000	-55.319164907101225026	
675.880000	-55.270546241982430047	
676.080000	-55.214971606643018731	
676.280000	-55.149729770498787218	
676.480000	-55.070250641618564202	
676.680000	-54.967953248817472911	
676.880000	-54.823750857488896315	
677.080000	-54.579418223554640122	
677.280000	-53.776753657942414577	
677.480000	-46.526551011120808710	
677.680000	-33.670717973217463737	
677.880000	12.094521398883516738	
678.080000	19.335311837102601373	
678.280000	14.250481308718734752	
678.480000	4.085342960244985555	
678.680000	-6.160509378062989150	
678.880000	-12.707423288005237794	
679.080000	-17.802914613695548951	
679.280000	-22.999536425358854785	
679.480000	-29.288922317785541338	
679.680000	-37.924287422720993845	
679.880000	-46.080442161055813699	
680.080000	-50.653948048572516427	
680.280000	-53.644436352854860672	
680.480000	-55.461468460551714088	
680.680000	-56.516271693072411608	
699.480000	-56.999678003440145346	
699.680000	-56.978786870852843549	
699.880000	-56.958009147867528554	
700.080000	-56.937344652621867169	
700.280000	-56.916793125593876823	
700.480000	-56.896354232794372763	
700.680000	-56.876027568810222590	
700.880000	-56.855812659547069643	
701.080000	-56.835708964822671874	
701.280000	-56.815715880727871934	
701.480000	-56.795832741850702519	
701.680000	-56.776058823283690913	
701.880000	-56.756393342493574039	
702.080000	-56.736835460992303126	
702.280000	-56.717384285926826237	
702.480000	-56.698038871422156149	
702.680000	-56.678798219889451104	
702.880000	-56.659661283091722339	
703.080000	-56.640626963149159678	
703.280000	-56.621694113368747026	
703.480000	-56.602861538975673739	
703.680000	-56.584127997662676535	
703.880000	-56.565492200066678663	
704.080000	-56.546952810081478447	
704.280000	-56.528508445071317112	
704.480000	-56.510157675895477780	
704.680000	-56.491899026879210055	
704.880000	-56.473730975594889969	
705.080000	-56.455651952536499039	
705.280000	-56.437660340627552102	
705.480000	-56.419754474610748218	
705.680000	-56.401932640281344788	
705.880000	-56.384193073561093001	
706.080000	-56.366533959419669486	
706.280000	-56.348953430621079974	
706.480000	-56.331449566311668775	
706.680000	-56.314020390382623305	
706.880000	-56.296663869699564486	
707.080000	-56.279377912078125235	
707.280000	-56.262160364046906125	
707.480000	-56.245009008389807548	
707.680000	-56.227921561432317787	
707.880000	-56.210895670057631435	
708.080000	-56.193928908442210002	
708.280000	-56.177018774469999585	
708.480000	-56.160162685814000838	
708.680000	-56.143357975675897364	
708.880000	-56.126601888099742155	
709.080000	-56.109891572893523914	
709.280000	-56.093224080050234193	
709.480000	-56.076596353694270647	
709.680000	-56.060005225452201216	
709.880000	-56.043447407226139489	
710.080000	-56.026919483289987056	
710.280000	-56.010417901661654128	
710.480000	-55.993938964663890090	
710.680000	-55.977478818584621933	
710.880000	-55.961033442349197742	
711.080000	-55.944598635103339745	
711.280000	-55.928170002545776640	
711.480000	-55.911742941926114270	
711.680000	-55.895312625506846871	
711.880000	-55.878873982332493142	
712.080000	-55.862421678084480448	
712.280000	-55.845950092802382869	
712.480000	-55.829453296181632993	
712.680000	-55.812925020142813537	
712.880000	-55.796358628305497973	
713.080000	-55.779747081966114308	
713.280000	-55.763082902065875146	
713.480000	-55.746358126593456461	
713.680000	-55.729564262765698857	
713.880000	-55.712692233207576464	
714.080000	-55.695732315182141292	
714.280000	-55.678674071850750238	
714.480000	-55.661506274193861543	
714.680000	-55.644216812143618256	
714.880000	-55.626792593029996681	
715.080000	-55.609219425164475581	
715.280000	-55.591481883872148728	
715.480000	-55.573563156751070835	
715.680000	-55.555444864189134080	
715.880000	-55.537106850275485215	
716.080000	-55.518526938103612167	
716.280000	-55.499680641998821784	
716.480000	-55.480540827285992123	
716.680000	-55.461077305838067275	
716.880000	-55.441256352339252089	
717.080000	-55.421040122070174050	
717.280000	-55.400385945293365353	
717.480000	-55.379245465737668042	
717.680000	-55.357563580296059058	
717.880000	-55.335277122677005934	
718.080000	-55.312313213661930433	
718.280000	-55.288587172118141666	
718.480000	-55.263999839692587557	
718.680000	-55.238434111673328175	
718.880000	-55.211750375904792065	
719.080000	-55.183780423158189876	
719.280000	-55.154319175340106085	
719.480000	-55.123113228781775774	
719.680000	-55.089844630866679154	
719.880000	-55.054107314416690144	
720.080000	-55.015371839272646071	
720.280000	-54.972930770245127974	
720.480000	-54.925810460418524883	
720.680000	-54.872621165308409275	
720.880000	-54.811285738000449896	
721.080000	-54.738506866531956518	
721.280000	-54.648599984603585256	
721.480000	-54.530504732029314141	
721.680000	-54.357996898863142121	
721.880000	-54.038152377399761406	
722.080000	-52.004209364179999397	
722.280000	-43.113903025714598982	
722.480000	-16.624950292237567595	
722.680000	17.848901802945768225	
722.880000	19.466193642598227598	
723.080000	11.727968636231175026	
723.280000	0.590108127817223549	
723.480000	-8.841000453822374539	
723.680000	-14.821980393103039830	
723.880000	-19.875726179695551110	
724.080000	-25.303451415046630757	
724.280000	-32.148637024196844436	
724.480000	-41.014666762473666495	
724.680000	-47.507021036626660759	
724.880000	-51.370492462405827894	
725.080000	-53.947027418538702648	
725.280000	-55.501552559227249617	
725.480000	-56.433232506522237770	
745.060000	-56.998764598366598477	
745.260000	-56.978337038094700517	
745.460000	-56.958041776621925578	
745.660000	-56.937878886415596469	
745.860000	-56.917848373394392070	
746.060000	-56.897950180255215002	
746.260000	-56.878184189479782162	
746.460000	-56.858550226352036816	
746.660000	-56.839048061628282937	
746.860000	-56.819677414227712120	
747.060000	-56.800437953655013246	
747.260000	-56.781329302387383962	
747.460000	-56.762351038054617902	
747.660000	-56.743502695550596115	
747.860000	-56.724783769020220348	
748.060000	-56.706193713718676008	
748.260000	-56.687731947813475131	
748.460000	-56.669397854045435281	
748.660000	-56.651190781374772598	
748.860000	-56.633110046431532680	
749.060000	-56.615154934996063218	
749.260000	-56.597324703329086049	
749.460000	-56.579618579465524419	
749.660000	-56.562035764432231133	
749.860000	-56.544575433369828943	
750.060000	-56.527236736628040603	
750.260000	-56.510018800785559279	
750.460000	-56.492920729574329641	
750.660000	-56.475941604838219234	
750.860000	-56.459080487322530928	
751.060000	-56.442336417496022705	
751.260000	-56.425708416279782398	
751.460000	-56.409195485750927901	
751.660000	-56.392796609744671343	
751.860000	-56.376510754504771228	
752.060000	-56.360336869192245501	
752.260000	-56.344273886381849081	
752.460000	-56.328320722555496047	
752.660000	-56.312476278482527903	
752.860000	-56.296739439604053246	
753.060000	-56.281109076378399436	
753.260000	-56.265584044531614438	
753.460000	-56.250163185341840233	
753.660000	-56.234845325831692264	
753.860000	-56.219629278926873894	
754.060000	-56.204513843588664201	
754.260000	-56.189497804901648692	
754.460000	-56.174579934105061341	
754.660000	-56.159758988606938601	
754.860000	-56.145033711944272170	
755.060000	-56.130402833694738263	
755.260000	-56.115865069359657014	
755.460000	-56.101419120192495882	
755.660000	-56.087063673000464803	
755.860000	-56.072797399869863000	
756.060000	-56.058618957878621814	
756.260000	-56.044526988738880391	
756.460000	-56.030520118401689444	
756.660000	-56.016596956608672997	
756.860000	-56.002756096381880013	
757.060000	-55.988996113476815708	
757.260000	-55.975315565760588754	
757.460000	-55.961712992533151123	
757.660000	-55.948186913811980503	
757.860000	-55.934735829503416937	
758.060000	-55.921358218550047070	
758.260000	-55.908052537981269836	
758.460000	-55.894817221893148940	
758.660000	-55.881650680351462768	
758.860000	-55.868551298206234890	
759.060000	-55.855517433807968075	
759.260000	-55.842547417649939234	
759.460000	-55.829639550870226117	
759.660000	-55.816792103688591453	
759.860000	-55.804003313688411936	
760.060000	-55.791271383997319333	
760.260000	-55.778594481321363219	
760.460000	-55.765970733843637674	
760.660000	-55.753398228955830973	
760.860000	-55.740875010845648774	
761.060000	-55.728399077880318657	
761.260000	-55.715968379815038247	
761.460000	-55.703580814778632657	
761.660000	-55.691234226053516920	
761.860000	-55.678926398573374001	
762.060000	-55.666655055191853307	
762.260000	-55.654417852642161790	
762.460000	-55.642212377183241756	
762.660000	-55.630036139912213855	
762.860000	-55.617886571698299747	
763.060000	-55.605761017701034632	
763.260000	-55.593656731460470155	
763.460000	-55.581570868477449210	
763.660000	-55.569500479270509175	
763.860000	-55.557442501838174564	
764.060000	-55.545393753465248210	
764.260000	-55.533350921829701008	
764.460000	-55.521310555296764733	
764.660000	-55.509269052344393458	
764.860000	-55.497222650029435442	
765.060000	-55.485167411361771883	
765.260000	-55.473099211484580451	
765.460000	-55.461013722523588854	
765.660000	-55.448906396944259711	
765.860000	-55.436772449237004423	
766.060000	-55.424606835741428768	
766.260000	-55.412404232363826395	
766.460000	-55.400159009935705967	
766.660000	-55.387865206910774418	
766.860000	-55.375516499027057193	
767.060000	-55.363106165570137307	
767.260000	-55.350627051725652450	
767.460000	-55.338071526507711440	
767.660000	-55.325431435617623777	
767.860000	-55.312698048474203461	
768.060000	-55.299861998574343147	
768.260000	-55.286913216128255044	
768.460000	-55.273840851768177629	
768.660000	-55.260633189875221660	
768.860000	-55.247277549796066864	
769.060000	-55.233760172910770336	
769.260000	-55.220066093025010900	
769.460000	-55.206178987104358669	
769.660000	-55.192081002706018467	
769.860000	-55.177752557596747351	
770.060000	-55.163172106103857573	
770.260000	-55.148315865371984046	
770.460000	-55.133157493080943823	
770.660000	-55.117667705985468274	
770.860000	-55.101813825900229915	
771.060000	-55.085559236030221086	
771.260000	-55.068862725767552035	
771.460000	-55.051677695537087232	
771.660000	-55.033951184566788584	
771.860000	-55.015622672494238543	
772.060000	-54.996622589119091629	
772.260000	-54.976870443451645087	
772.460000	-54.956272450036472321	
772.660000	-54.934718482669147477	
772.860000	-54.912078114987451727	
773.060000	-54.888195401280221120	
773.260000	-54.862881887758447874	
773.460000	-54.835907087761647460	
773.660000	-54.806985238778381131	
773.860000	-54.775756465260677430	
774.060000	-54.741759270710829810	
774.260000	-54.704389117917642693	
774.460000	-54.662833761222017870	
774.660000	-54.615967790970323392	
774.860000	-54.562171238614588731	
775.060000	-54.498995900388145230	
775.260000	-54.422495569728859266	
775.460000	-54.325712030761344806	
775.660000	-54.194605059528008439	
775.860000	-53.993518048735076320	
776.060000	-53.570272899036140757	
776.260000	-49.394102100962868462	
776.460000	-39.108794230787410129	
776.660000	5.092667386018699283	
776.860000	20.949943815166605532	
777.060000	18.915721203097831449	
777.260000	9.478345606177157379	
777.460000	-2.228234502589062416	
777.660000	-10.875877616492850564	
777.860000	-16.602100079987238246	
778.060000	-21.722899731286414493	
778.260000	-27.459127492577565022	
778.460000	-34.943923828465081272	
778.660000	-43.362814953631477977	
778.860000	-48.675547457291436615	
779.060000	-52.126654670893842081	
779.260000	-54.325609879216763431	
779.460000	-55.664420234602431492	
779.660000	-56.497805874285695893	
799.660000	-57.407138602912127112	
804.320000	-56.999052204028870960	
804.520000	-56.983444650337986559	
804.720000	-56.967991631457550739	
804.920000	-56.952692681091541260	
805.120000	-56.937547313494391688	
805.320000	-56.922555024628458398	
805.520000	-56.907715293302295834	
805.720000	-56.893027582205469628	
805.920000	-56.878491338952422041	
806.120000	-56.864105997067589726	
806.320000	-56.849870976882904472	
806.520000	-56.835785686476661738	
806.720000	-56.821849522497934970	
806.920000	-56.808061870987081932	
807.120000	-56.794422108175851349	
807.320000	-56.780929601210921476	
807.520000	-56.767583708892260574	
807.720000	-56.754383782343644782	
807.920000	-56.741329165663977108	
808.120000	-56.728419196565972982	
808.320000	-56.715653206952545418	
808.520000	-56.703030523482127023	
808.720000	-56.690550468118587446	
808.920000	-56.678212358638674573	
809.120000	-56.666015509121436367	
809.320000	-56.653959230419573601	
809.520000	-56.642042830604026449	
809.720000	-56.630265615387386902	
809.920000	-56.618626888525618313	
810.120000	-56.607125952207915986	
810.320000	-56.595762107406571317	
810.520000	-56.584534654238503038	
810.720000	-56.573442892273881455	
810.920000	-56.562486120865308692	
811.120000	-56.551663639425342467	
811.320000	-56.540974747707373638	
811.520000	-56.530418746066523283	
811.720000	-56.519994935698967709	
811.920000	-56.509702618878499436	
812.120000	-56.499541099170450309	
812.320000	-56.489509681633713001	
812.520000	-56.479607673001019919	
812.720000	-56.469834381867940465	
812.920000	-56.460189118841142886	
813.120000	-56.450671196697889798	
813.320000	-56.441279930528153841	
813.520000	-56.432014637849754024	
813.720000	-56.422874638738932163	
813.920000	-56.413859255921302349	
814.120000	-56.404967814868079756	
814.320000	-56.396199643887442221	
814.520000	-56.387554074191612585	
814.720000	-56.379030439964871846	
814.920000	-56.370628078422654994	
815.120000	-56.362346329853366456	
815.320000	-56.354184537659129717	
815.520000	-56.346142048386425927	
815.720000	-56.338218211748333886	
815.920000	-56.330412380635472402	
816.120000	-56.322723911125329721	
816.320000	-56.315152162477502884	
816.520000	-56.307696497130606872	
816.720000	-56.300356280685228683	
816.920000	-56.293130881882113670	
817.120000	-56.286019672574127526	
817.320000	-56.279022027694296071	
817.520000	-56.272137325216810666	
817.720000	-56.265364946106153354	
817.920000	-56.258704274274251134	
818.120000	-56.252154696515539456	
818.320000	-56.245715602454957605	
818.520000	-56.239386384473803560	
818.720000	-56.233166437642047697	
818.920000	-56.227055159643775539	
819.120000	-56.221051950701316002	
819.320000	-56.215156213483588488	
819.520000	-56.209367353028618197	
819.720000	-56.203684776645850718	
819.920000	-56.198107893825167025	
820.120000	-56.192636116142118397	
820.320000	-56.187268857154016644	
820.520000	-56.182005532299527317	
820.720000	-56.176845558794681779	
820.920000	-56.171788355524448377	
821.120000	-56.166833342932150686	
821.320000	-56.161979942909802332	
821.520000	-56.157227578687553660	
821.720000	-56.152575674710170972	
821.920000	-56.148023656535897885	
822.120000	-56.143570950707839984	
822.320000	-56.139216984642018815	
822.520000	-56.134961186508988362	
822.720000	-56.130802985114115700	
822.920000	-56.126741809782409121	
823.120000	-56.122777090235331343	
823.320000	-56.118908256476331076	
823.520000	-56.115134738670121806	
823.720000	-56.111455967029201020	
823.920000	-56.107871371696276697	
824.120000	-56.104380382627290658	
824.320000	-56.100982429480609426	
824.520000	-56.097676941502093939	
824.720000	-56.094463347417111265	
824.920000	-56.091341075317210141	
825.120000	-56.088309552557625182	
825.320000	-56.085368205653672646	
825.520000	-56.082516460176272233	
825.720000	-56.079753740651135274	
825.920000	-56.077079470465172051	
826.120000	-56.074493071769339281	
826.320000	-56.071993965397368243	
826.520000	-56.069581570763084244	
826.720000	-56.067255305793800346	
826.920000	-56.065014586837463639	
827.120000	-56.062858828594066551	
827.320000	-56.060787444041451977	
827.520000	-56.058799844364585852	
827.720000	-56.056895438896027883	
827.920000	-56.055073635054071701	
828.120000	-56.053333838287485946	
828.320000	-56.051675452026643143	
828.520000	-56.050097877637583110	
828.720000	-56.048600514380524373	
828.920000	-56.047182759374138072	
829.120000	-56.045844007565079892	
829.320000	-56.044583651702893690	
829.520000	-56.043401082314751704	
829.720000	-56.042295687696245921	
829.920000	-56.041266853895976396	
830.120000	-56.040313964713057260	
830.320000	-56.039436401698814905	
830.520000	-56.038633544156994049	
830.720000	-56.037904769159588625	
830.920000	-56.037249451561834235	
831.120000	-56.036666964021812021	
831.320000	-56.036156677029140383	
831.520000	-56.035717958937375727	
831.720000	-56.035350176000690681	
831.920000	-56.035052692415888487	
832.120000	-56.034824870371792827	
832.320000	-56.034666070100811908	
832.520000	-56.034575649937032438	
832.720000	-56.034552966380154260	
832.920000	-56.034597374161130290	
833.120000	-56.034708226317583524	
833.320000	-56.034884874267739008	
833.520000	-56.035126667896207664	
833.720000	-56.035432955633609708	
833.920000	-56.035803084556697229	
834.120000	-56.036236400473121932	
834.320000	-56.036732248026133618	
834.520000	-56.037289970795207239	
834.720000	-56.037908911403413015	
834.920000	-56.038588411625305241	
835.120000	-56.039327812502548909	
835.320000	-56.040126454457166005	
835.520000	-56.040983677415262321	
835.720000	-56.041898820926405733	
835.920000	-56.042871224289577015	
836.120000	-56.043900226682353605	
836.320000	-56.044985167286220928	
836.520000	-56.046125385425874299	
836.720000	-56.047320220696015269	
836.920000	-56.048569013102572001	
837.120000	-56.049871103195805233	
837.320000	-56.051225832213724232	
837.520000	-56.052632542217182277	
837.720000	-56.054090576234173682	
837.920000	-56.055599278398055674	
838.120000	-56.057157994094211517	
838.320000	-56.058766070096787359	
838.520000	-56.060422854716570384	
838.720000	-56.062127697941541271	
838.920000	-56.063879951579068006	
839.120000	-56.065678969398376807	
839.320000	-56.067524107269584022	
839.520000	-56.069414723311169269	
839.720000	-56.071350178020416877	
839.920000	-56.073329834421940632	
840.120000	-56.075353058196064637	
840.320000	-56.077419217820967390	
840.520000	-56.079527684706143020	
840.720000	-56.081677833320043192	
840.920000	-56.083869041329045046	
841.120000	-56.086100689720211676	
841.320000	-56.088372162930205889	
841.520000	-56.090682848968626217	
841.720000	-56.093032139540675018	
841.920000	-56.095419430167709152	
842.120000	-56.097844120299214410	
842.320000	-56.100305613432958296	
842.520000	-56.102803317223028046	
842.720000	-56.105336643586483092	
842.920000	-56.107905008811989944	
843.120000	-56.110507833659340804	
843.320000	-56.113144543457693203	
843.520000	-56.115814568204399393	
843.720000	-56.118517342652815216	
843.920000	-56.121252306407413357	
844.120000	-56.124018904002753061	
844.320000	-56.126816584988873160	
844.520000	-56.129644804008584913	
844.720000	-56.132503020874651156	
844.920000	-56.135390700637415762	
845.120000	-56.138307313657300313	
845.320000	-56.141252335665427609	
845.520000	-56.144225247825339409	
845.720000	-56.147225536791317779	
845.920000	-56.150252694760489192	
846.120000	-56.153306219522903575	
846.320000	-56.156385614509083837	
846.520000	-56.159490388830647589	
846.720000	-56.162620057323024980	
846.920000	-56.165774140578456297	
847.120000	-56.168952164978911412	
847.320000	-56.172153662725740730	
847.520000	-56.175378171862774934	
847.720000	-56.178625236304512214	
847.920000	-56.181894405848126439	
848.120000	-56.185185236192296543	
848.320000	-56.188497288949790232	
848.520000	-56.191830131656438141	
848.720000	-56.195183337777173449	
848.920000	-56.198556486707992974	
849.120000	-56.201949163778969876	
849.320000	-56.205360960248654578	
849.520000	-56.208791473300543373	
849.720000	-56.212240306033677939	
849.920000	-56.215707067451447188	
850.120000	-56.219191372449976996	
850.320000	-56.222692841800494534	
850.520000	-56.226211102128829111	
850.720000	-56.229745785896525945	
850.920000	-56.233296531378250904	
851.120000	-56.236862982633645913	
851.320000	-56.240444789481827570	
851.520000	-56.244041607469277722	
851.720000	-56.247653097838821168	
851.920000	-56.251278927497260440	
852.120000	-56.254918768975713306	
852.320000	-56.258572300395833565	
852.520000	-56.262239205428052458	
852.720000	-56.265919173252378016	
852.920000	-56.269611898514412474	
853.120000	-56.273317081281128083	
853.320000	-56.277034426996308980	
853.520000	-56.280763646433094038	
853.720000	-56.284504455646633403	
853.920000	-56.288256575924187075	
854.120000	-56.292019733733518194	
854.320000	-56.295793660673687953	
854.520000	-56.299578093420471703	
854.720000	-56.303372773673309837	
854.920000	-56.307177448100098616	
855.120000	-56.310991868284361317	
855.320000	-56.314815790666536088	
855.520000	-56.318648976489235736	
855.720000	-56.322491191737547922	
855.920000	-56.326342207083818892	
856.120000	-56.330201797828607369	
856.320000	-56.334069743839073396	
856.520000	-56.337945829494003647	
856.720000	-56.341829843620608642	
856.920000	-56.345721579436784054	
857.120000	-56.349620834491659593	
857.320000	-56.353527410600094072	
857.520000	-56.357441113789427334	
857.720000	-56.361361754231062093	
857.920000	-56.365289146189041958	
858.120000	-56.369223107949736118	
858.320000	-56.373163461767767046	
858.520000	-56.377110033802694034	
858.720000	-56.381062654057870986	
858.920000	-56.385021156320974001	
859.120000	-56.388985378105076052	
859.320000	-56.392955160585252372	
859.520000	-56.396930348541246758	
859.720000	-56.400910790297182018	
859.920000	-56.404896337661213579	
860.120000	-56.408886845868970283	
860.320000	-56.412882173520969786	
860.520000	-56.416882182530521561	
860.720000	-56.420886738058108278	
860.920000	-56.424895708460908850	
861.120000	-56.428908965230881734	
861.320000	-56.432926382941282384	
861.520000	-56.436947839187816101	
861.720000	-56.440973214532320412	
861.920000	-56.445002392451563367	
862.120000	-56.449035259277323462	
862.320000	-56.453071704147134824	
862.520000	-56.457111618946441922	
862.720000	-56.461154898259025003	
862.920000	-56.465201439312195930	
863.120000	-56.469251141927038873	
863.320000	-56.473303908466689904	
863.520000	-56.477359643780580711	
863.720000	-56.481418255164243192	
863.920000	-56.485479652301343378	
864.120000	-56.489543747220629655	
864.320000	-56.493610454242194407	
864.520000	-56.497679689935878855	
864.720000	-56.501751373068898943	
864.920000	-56.505825424565124138	
865.120000	-56.509901767454017829	
865.320000	-56.513980326829674539	
865.520000	-56.518061029805494400	
865.720000	-56.522143805469418965	
865.920000	-56.526228584842172609	
866.120000	-56.530315300834921288	
866.320000	-56.534403888207066302	
866.520000	-56.538494283525984940	
866.720000	-56.542586425126167171	
866.920000	-56.546680253068473121	
867.120000	-56.550775709104598832	
867.320000	-56.554872736633868158	
867.520000	-56.558971280669396720	
867.720000	-56.563071287799864706	
867.920000	-56.567172706152994976	
868.120000	-56.571275485357112700	
868.320000	-56.575379576512787594	
868.520000	-56.579484932149661347	
868.720000	-56.583591506199120147	
868.920000	-56.587699253958028578	
869.120000	-56.591808132057714431	
869.320000	-56.595918098429685017	
869.520000	-56.600029112276537546	
869.720000	-56.604141134040233396	
869.920000	-56.608254125370287113	
870.120000	-56.612368049095813660	
870.320000	-56.616482869197739092	
870.520000	-56.620598550774822399	
870.720000	-56.624715060021337365	
870.920000	-56.628832364196441063	
871.120000	-56.632950431596931651	
871.320000	-56.637069231535718927	
871.520000	-56.641188734309665165	
871.720000	-56.645308911180428879	
871.920000	-56.649429734343890175	
872.120000	-56.653551176908308662	
872.320000	-56.657673212871003443	
872.520000	-56.661795817093015160	
872.720000	-56.665918965278294195	
872.920000	-56.670042633949584854	
873.120000	-56.674166800428928070	
873.320000	-56.678291442815130097	
873.520000	-56.682416539963078606	
873.720000	-56.686542071463122738	
873.920000	-56.690668017622236619	
874.120000	-56.694794359443172027	
874.320000	-56.698921078606417723	
874.520000	-56.703048157453793010	
874.720000	-56.707175578965198781	
874.920000	-56.711303326744406661	
875.120000	-56.715431385002894160	
875.320000	-56.719559738537654425	
875.520000	-56.723688372719060169	
875.720000	-56.727817273472666670	
875.920000	-56.731946427263110877	
876.120000	-56.736075821080362402	
876.320000	-56.740205442422386284	
876.520000	-56.744335279282218210	
876.720000	-56.748465320131330714	
876.920000	-56.752595553908740555	
877.120000	-56.756725970004190174	
877.320000	-56.760856558247652970	
877.520000	-56.764987308893452678	
877.720000	-56.769118212608503882	
877.920000	-56.773249260463096277	
878.120000	-56.777380443911958707	
878.320000	-56.781511754789583790	
878.520000	-56.785643185294709667	
878.720000	-56.789774727979519753	
878.920000	-56.793906375740348835	
879.120000	-56.798038121804275136	
879.320000	-56.802169959720949066	
879.520000	-56.806301883352212201	
879.720000	-56.810433886861822828	
879.920000	-56.814565964705550982	
880.120000	-56.818698111622239821	
880.320000	-56.822830322624355404	
880.520000	-56.826962592989055167	
880.720000	-56.831094918250336434	
880.920000	-56.835227294189905933	
881.120000	-56.839359716828887770	
881.320000	-56.843492182418934533	
881.520000	-56.847624687437701141	
881.720000	-56.851757228578556180	
881.920000	-56.855889802745068096	
882.120000	-56.860022407041384440	
882.320000	-56.864155038769055750	
882.520000	-56.868287695413158644	
882.720000	-56.872420374644562457	
882.920000	-56.876553074305661539	
883.120000	-56.880685792407632562	
883.320000	-56.884818527125823096	
883.520000	-56.888951276791154044	
883.720000	-56.893084039884065817	
883.920000	-56.897216815030688508	
884.120000	-56.901349600996987022	
884.320000	-56.905482396682437241	
884.520000	-56.909615201117397021	
884.720000	-56.913748013454117824	
884.920000	-56.917880832966751825	
885.120000	-56.922013659041567735	
885.320000	-56.926146491177064490	
885.520000	-56.930279328975217368	
885.720000	-56.934412172141904307	
885.920000	-56.938545020478620984	
886.120000	-56.942677873880278128	
886.320000	-56.946810732331108795	
886.520000	-56.950943595901954097	
886.720000	-56.955076464744955445	
886.920000	-56.959209339091387392	
887.120000	-56.963342219248062293	
887.320000	-56.967475105591141471	
887.520000	-56.971607998567705522	
887.720000	-56.975740898686765945	
887.920000	-56.979873806519563573	
888.120000	-56.984006722695568214	
888.320000	-56.988139647900084128	
888.520000	-56.992272582869986763	
888.720000	-56.996405528393651707	
908.720000	-57.409956418156227187	
928.720000	-57.824461636086027738	
948.720000	-58.239445490080889556	
968.720000	-58.653452737414198737	
988.720000	-59.064637115387199628	
1008.720000	-59.471052159855588570	
1028.720000	-59.870784795025009828	
1048.720000	-60.262020294037618839	
1068.720000	-60.643075476219088671	
1088.720000	-61.012417794289746098	
1108.720000	-61.368676835130116842	
1128.720000	-61.710653482578848639	
1148.720000	-62.037325303459418535	
1168.720000	-62.347855512816849455	
1188.720000	-62.641596948348350793	
1208.720000	-62.918097761876559559	
1228.720000	-63.177100229385644070	
1248.720000	-63.418535350817478502	
1268.720000	-63.642514799693721272	
1288.720000	-63.849318375954908333	
1308.720000	-64.039377859539769133	
1328.720000	-64.213257862323416703	
1348.720000	-64.371634564065729478	
1368.720000	-64.515273343640544113	
1388.720000	-64.645006317782062411	
1408.720000	-64.761710705621524653	
1428.720000	-64.866288774353279223	
1448.720000	-64.959649919690050979	
1468.720000	-65.042695223788811631	
1488.720000	-65.116304636863034716	
1508.720000	-65.181326763128311086	
1528.720000	-65.238571105201287992	
1548.720000	-65.288802534989741844	
1568.720000	-65.332737709929787684	
1588.720000	-65.371043134642974337	
1608.720000	-65.404334572166490602	
1628.720000	-65.433177528506504927	
1648.720000	-65.458088563094477763	
1668.720000	-65.479537210750606846	
1688.720000	-65.497948334497351652	
1708.720000	-65.513704760620370848	
1728.720000	-65.527150076410478619	
1748.720000	-65.538591496434165151	
1768.720000	-65.548302724798091390	
1788.720000	-65.556526758910862895	
1808.720000	-65.563478594992105286	
1828.720000	-65.569347807516464854	
1848.720000	-65.574300984223398814	
1868.720000	-65.578484005801257695	
1888.720000	-65.582024165086494349	
1908.720000	-65.585032125044151030	
1928.720000	-65.587603718060208280	
1948.720000	-65.589821591510116150	
1968.720000	-65.591756706229006113	
1988.720000	-65.593469695692888877	
2008.720000	-65.595012094387698198	
2028.720000	-65.596427444225369641	
2048.720000	-65.597752287984761210	
2068.720000	-65.599017058626330368	
2088.720000	-65.600246873144840265	
2108.720000	-65.601462239243176100	
2128.720000	-65.602679682721955601	
2148.720000	-65.603912303018688590	
2168.720000	-65.605170263838346045	
2188.720000	-65.606461225350457767	
2208.720000	-65.607790723891739049	
2228.720000	-65.609162504680995198	
2248.720000	-65.610578812549960048	
2268.720000	-65.612040645272699635	
2288.720000	-65.613547973644898548	
2308.720000	-65.615099932077498579	
2328.720000	-65.616694983098739158	
2348.720000	-65.618331058820800195	
2368.720000	-65.620005682119966650	
2388.720000	-65.621716069980749353	
2408.720000	-65.623459221199127001	
2428.720000	-65.625231990417006500	
2448.720000	-65.627031150205894505	
2468.720000	-65.628853442765077375	
2488.720000	-65.630695622593037797	
